118071, 143931
136621, 143931
141159, 143931
147898, 143931
151690, 143931
167599, 143931
168348, 143931
180083, 143931
215701, 143931
222602, 143931
227245, 143931
239118, 143931
243898, 143931
260633, 143931
277303, 143931
126888, 143429
128155, 143429
133092, 143429
133203, 143429
154894, 143429
186055, 143429
201251, 143429
202755, 143429
206368, 143429
209483, 143429
120146, 139125
142301, 139125
146076, 139125
146328, 139125
149946, 139125
153899, 139125
159490, 139125
162591, 139125
165383, 139125
170193, 139125
172305, 139125
177257, 139125
188485, 139125
197770, 139125
200319, 139125
200722, 139125
220784, 139125
231416, 139125
238536, 139125
248691, 139125
252553, 139125
257042, 139125
272262, 139125
275470, 139125
290717, 139125
293874, 139125
136417, 138224
186522, 138224
266775, 138224
91648, 134510
105224, 134510
106966, 134510
108634, 134510
111028, 134510
115672, 134510
118877, 134510
118949, 134510
119086, 134510
130387, 134510
130645, 134510
133447, 134510
133459, 134510
133810, 134510
134208, 134510
134998, 134510
135313, 134510
135364, 134510
135729, 134510
135777, 134510
136254, 134510
136373, 134510
137805, 134510
138153, 134510
138318, 134510
139618, 134510
140570, 134510
140937, 134510
141663, 134510
141837, 134510
142169, 134510
142384, 134510
142560, 134510
142793, 134510
143107, 134510
143188, 134510
143417, 134510
144045, 134510
144049, 134510
144927, 134510
145634, 134510
145686, 134510
145734, 134510
146846, 134510
147429, 134510
148007, 134510
148210, 134510
148847, 134510
149711, 134510
150266, 134510
150452, 134510
151769, 134510
152204, 134510
152407, 134510
152818, 134510
153361, 134510
153593, 134510
154053, 134510
154598, 134510
154810, 134510
155246, 134510
155695, 134510
155827, 134510
157222, 134510
157451, 134510
157553, 134510
157591, 134510
157694, 134510
158099, 134510
159274, 134510
159418, 134510
159668, 134510
159874, 134510
160313, 134510
162179, 134510
163018, 134510
163090, 134510
163330, 134510
163591, 134510
163997, 134510
165449, 134510
165902, 134510
166531, 134510
167933, 134510
167958, 134510
169485, 134510
169976, 134510
170243, 134510
170875, 134510
171785, 134510
172311, 134510
173260, 134510
173572, 134510
174535, 134510
174788, 134510
174979, 134510
177290, 134510
177309, 134510
178106, 134510
178512, 134510
179057, 134510
180703, 134510
181159, 134510
181661, 134510
181867, 134510
182081, 134510
183212, 134510
183225, 134510
185552, 134510
186162, 134510
187138, 134510
187422, 134510
187655, 134510
187955, 134510
188056, 134510
188686, 134510
188850, 134510
190479, 134510
190872, 134510
191230, 134510
192412, 134510
193782, 134510
193917, 134510
194297, 134510
194310, 134510
194417, 134510
194904, 134510
194974, 134510
195294, 134510
195643, 134510
198578, 134510
201191, 134510
201239, 134510
201763, 134510
202010, 134510
202283, 134510
202687, 134510
203266, 134510
203515, 134510
204597, 134510
205771, 134510
206241, 134510
206981, 134510
207194, 134510
207561, 134510
207661, 134510
207838, 134510
208550, 134510
210538, 134510
211883, 134510
211920, 134510
212494, 134510
212603, 134510
213492, 134510
214680, 134510
215497, 134510
215914, 134510
216542, 134510
216774, 134510
216776, 134510
217419, 134510
219014, 134510
219312, 134510
222509, 134510
222648, 134510
223217, 134510
224359, 134510
225080, 134510
225431, 134510
226422, 134510
226438, 134510
226859, 134510
230470, 134510
231482, 134510
232175, 134510
235962, 134510
238497, 134510
240978, 134510
242383, 134510
242974, 134510
243266, 134510
243818, 134510
246421, 134510
247759, 134510
249577, 134510
250265, 134510
250861, 134510
252415, 134510
252466, 134510
254315, 134510
256032, 134510
256169, 134510
256858, 134510
257252, 134510
257448, 134510
258210, 134510
260117, 134510
261237, 134510
264103, 134510
267983, 134510
268056, 134510
269030, 134510
269743, 134510
271239, 134510
274376, 134510
276637, 134510
276792, 134510
278615, 134510
278689, 134510
281156, 134510
282890, 134510
284046, 134510
284449, 134510
285432, 134510
285886, 134510
286083, 134510
288035, 134510
291796, 134510
293513, 134510
293559, 134510
293831, 134510
294876, 134510
130552, 134367
140214, 134367
160492, 134367
222404, 134367
159493, 132769
157062, 132254
244261, 132254
274277, 132254
131461, 131518
177155, 131518
224270, 131518
106026, 128792
251044, 128792
116600, 125520
118315, 125520
139112, 125520
146673, 125520
149105, 125520
149267, 125520
169644, 125520
172762, 125520
225887, 125520
225972, 125520
254643, 125520
255641, 125520
279289, 125520
295636, 125520
101219, 124176
183370, 124176
232516, 124176
111889, 123781
114832, 123781
114852, 123781
114876, 123781
116867, 123781
116887, 123781
121102, 123781
122447, 123781
125021, 123781
125744, 123781
126070, 123781
131255, 123781
131497, 123781
135097, 123781
136241, 123781
136367, 123781
137624, 123781
138271, 123781
141126, 123781
141651, 123781
143080, 123781
143544, 123781
143678, 123781
144139, 123781
144618, 123781
144940, 123781
145502, 123781
146694, 123781
147171, 123781
150224, 123781
150368, 123781
150633, 123781
151408, 123781
152554, 123781
152975, 123781
153929, 123781
154308, 123781
154844, 123781
155665, 123781
156703, 123781
156861, 123781
157249, 123781
160353, 123781
160859, 123781
161972, 123781
162166, 123781
163335, 123781
164659, 123781
164789, 123781
165001, 123781
165965, 123781
166182, 123781
167120, 123781
168096, 123781
168290, 123781
170009, 123781
170235, 123781
171761, 123781
172500, 123781
172667, 123781
172914, 123781
173379, 123781
173829, 123781
175014, 123781
175386, 123781
175430, 123781
176171, 123781
177144, 123781
177311, 123781
177461, 123781
179671, 123781
181135, 123781
182851, 123781
183452, 123781
183607, 123781
183637, 123781
185946, 123781
186571, 123781
186573, 123781
189872, 123781
191147, 123781
191522, 123781
192161, 123781
195423, 123781
196294, 123781
197342, 123781
197430, 123781
199364, 123781
203045, 123781
203751, 123781
204882, 123781
206511, 123781
207984, 123781
208375, 123781
208607, 123781
208805, 123781
209301, 123781
210393, 123781
212334, 123781
212599, 123781
213911, 123781
214759, 123781
215675, 123781
219561, 123781
219996, 123781
222901, 123781
226149, 123781
230020, 123781
230083, 123781
233462, 123781
238323, 123781
238879, 123781
240742, 123781
243205, 123781
243909, 123781
247886, 123781
251442, 123781
254050, 123781
255016, 123781
256092, 123781
263842, 123781
267710, 123781
268678, 123781
269102, 123781
270833, 123781
271882, 123781
276358, 123781
276910, 123781
279583, 123781
286220, 123781
292205, 123781
194817, 122611
176855, 121685
134737, 105437
136907, 105437
137457, 105437
141817, 105437
153611, 105437
180685, 105437
191078, 105437
230117, 105437
231460, 105437
252635, 105437
256022, 105437
271687, 105437
272456, 105437
294901, 105437
94687, 105378
97140, 105378
114294, 105378
127271, 105378
130100, 105378
132340, 105378
133627, 105378
139089, 105378
139532, 105378
140134, 105378
141358, 105378
147879, 105378
147987, 105378
150409, 105378
151949, 105378
151966, 105378
154004, 105378
154199, 105378
160506, 105378
161903, 105378
162065, 105378
162163, 105378
163445, 105378
165520, 105378
168312, 105378
169699, 105378
169973, 105378
170011, 105378
174300, 105378
174558, 105378
177319, 105378
179143, 105378
179416, 105378
181207, 105378
183304, 105378
183988, 105378
186016, 105378
187353, 105378
188261, 105378
190473, 105378
191625, 105378
191916, 105378
192051, 105378
192519, 105378
192718, 105378
193089, 105378
193216, 105378
193558, 105378
193649, 105378
193913, 105378
194308, 105378
194774, 105378
195856, 105378
197030, 105378
198585, 105378
198645, 105378
199607, 105378
200939, 105378
204123, 105378
205909, 105378
205978, 105378
210944, 105378
211822, 105378
213716, 105378
213899, 105378
214057, 105378
215294, 105378
215894, 105378
216040, 105378
217976, 105378
218135, 105378
219558, 105378
220896, 105378
221349, 105378
221401, 105378
222070, 105378
222788, 105378
223249, 105378
226115, 105378
226784, 105378
227917, 105378
228063, 105378
228653, 105378
229836, 105378
229976, 105378
231119, 105378
231613, 105378
231708, 105378
232366, 105378
232774, 105378
234329, 105378
239119, 105378
240505, 105378
240580, 105378
240652, 105378
242468, 105378
243168, 105378
243219, 105378
243583, 105378
243917, 105378
246969, 105378
249347, 105378
249415, 105378
251995, 105378
252468, 105378
254302, 105378
254824, 105378
255478, 105378
255605, 105378
256016, 105378
256337, 105378
256687, 105378
256766, 105378
258130, 105378
260708, 105378
261931, 105378
262035, 105378
262879, 105378
263135, 105378
264177, 105378
264583, 105378
265627, 105378
267472, 105378
269845, 105378
270366, 105378
271498, 105378
272202, 105378
273315, 105378
273322, 105378
277524, 105378
279013, 105378
279428, 105378
281312, 105378
281968, 105378
282675, 105378
285212, 105378
289487, 105378
289801, 105378
290179, 105378
290796, 105378
292978, 105378
294098, 105378
294541, 105378
295367, 105378
295524, 105378
296587, 105378
91504, 104351
103017, 104351
110511, 104351
110530, 104351
112016, 104351
114108, 104351
114423, 104351
114449, 104351
115531, 104351
118547, 104351
120113, 104351
121970, 104351
125822, 104351
126900, 104351
128392, 104351
129861, 104351
130292, 104351
130698, 104351
132501, 104351
133734, 104351
135155, 104351
136163, 104351
136638, 104351
138969, 104351
140504, 104351
140961, 104351
141753, 104351
141960, 104351
142084, 104351
142419, 104351
142661, 104351
143876, 104351
144210, 104351
144369, 104351
145937, 104351
145973, 104351
145980, 104351
146670, 104351
146711, 104351
146713, 104351
147057, 104351
148627, 104351
148952, 104351
149445, 104351
149603, 104351
150014, 104351
150564, 104351
150643, 104351
150717, 104351
150785, 104351
152705, 104351
153227, 104351
154040, 104351
154755, 104351
156569, 104351
156575, 104351
156677, 104351
157505, 104351
157866, 104351
159721, 104351
159722, 104351
160179, 104351
160816, 104351
160977, 104351
162360, 104351
162508, 104351
162631, 104351
163081, 104351
164514, 104351
164727, 104351
164837, 104351
165471, 104351
165569, 104351
166722, 104351
166786, 104351
166993, 104351
168142, 104351
168416, 104351
168765, 104351
169003, 104351
169690, 104351
171266, 104351
172057, 104351
174109, 104351
174186, 104351
174729, 104351
176782, 104351
177149, 104351
178649, 104351
178659, 104351
178996, 104351
179227, 104351
179305, 104351
179332, 104351
179632, 104351
180219, 104351
180589, 104351
181012, 104351
181140, 104351
182008, 104351
182285, 104351
182388, 104351
182638, 104351
183033, 104351
183696, 104351
184089, 104351
184152, 104351
185795, 104351
185917, 104351
186047, 104351
186587, 104351
187614, 104351
188904, 104351
188926, 104351
189464, 104351
190922, 104351
191306, 104351
191635, 104351
192275, 104351
192286, 104351
192484, 104351
192809, 104351
193842, 104351
193948, 104351
194476, 104351
194531, 104351
194627, 104351
196026, 104351
196530, 104351
197572, 104351
198129, 104351
198185, 104351
198918, 104351
199390, 104351
199773, 104351
200359, 104351
200488, 104351
200569, 104351
200947, 104351
200995, 104351
201880, 104351
202625, 104351
202637, 104351
202730, 104351
202815, 104351
202852, 104351
203089, 104351
203610, 104351
204523, 104351
205499, 104351
205842, 104351
206098, 104351
206606, 104351
206634, 104351
206798, 104351
207086, 104351
207103, 104351
207737, 104351
208058, 104351
208184, 104351
208336, 104351
208692, 104351
208948, 104351
209184, 104351
209468, 104351
210139, 104351
210952, 104351
211497, 104351
211548, 104351
211597, 104351
212713, 104351
214377, 104351
214957, 104351
215757, 104351
216498, 104351
216856, 104351
218173, 104351
218820, 104351
219148, 104351
220155, 104351
220156, 104351
220347, 104351
220382, 104351
220684, 104351
221176, 104351
221482, 104351
221609, 104351
222021, 104351
222662, 104351
223151, 104351
223512, 104351
223527, 104351
223624, 104351
224728, 104351
224820, 104351
225230, 104351
225377, 104351
225675, 104351
226057, 104351
226460, 104351
226682, 104351
226755, 104351
227492, 104351
227575, 104351
227712, 104351
227762, 104351
227784, 104351
227795, 104351
228340, 104351
228507, 104351
228849, 104351
228854, 104351
229124, 104351
229311, 104351
229344, 104351
230159, 104351
230191, 104351
230285, 104351
230348, 104351
231088, 104351
231158, 104351
231198, 104351
232100, 104351
232405, 104351
233157, 104351
233323, 104351
233368, 104351
233456, 104351
233651, 104351
233748, 104351
233817, 104351
234156, 104351
234313, 104351
235170, 104351
235683, 104351
236212, 104351
237149, 104351
237424, 104351
238123, 104351
238971, 104351
239065, 104351
239862, 104351
240206, 104351
240439, 104351
241076, 104351
241899, 104351
241980, 104351
242291, 104351
242342, 104351
242370, 104351
242698, 104351
242717, 104351
243072, 104351
243162, 104351
243170, 104351
243830, 104351
243930, 104351
244332, 104351
244650, 104351
244667, 104351
244882, 104351
244957, 104351
245300, 104351
245929, 104351
246087, 104351
246189, 104351
246226, 104351
246821, 104351
247091, 104351
247346, 104351
247480, 104351
248056, 104351
248433, 104351
248740, 104351
248785, 104351
248872, 104351
249371, 104351
249539, 104351
249669, 104351
250003, 104351
250100, 104351
250139, 104351
250197, 104351
250350, 104351
250612, 104351
250699, 104351
250859, 104351
251620, 104351
251894, 104351
252303, 104351
252498, 104351
252686, 104351
252797, 104351
252827, 104351
252875, 104351
253121, 104351
253135, 104351
253314, 104351
253385, 104351
253458, 104351
253542, 104351
253800, 104351
253912, 104351
254118, 104351
254168, 104351
254216, 104351
254462, 104351
254710, 104351
254821, 104351
254941, 104351
255105, 104351
255253, 104351
255875, 104351
256052, 104351
256167, 104351
256259, 104351
256456, 104351
256807, 104351
256818, 104351
257266, 104351
257704, 104351
258058, 104351
258690, 104351
258691, 104351
259040, 104351
259061, 104351
259245, 104351
259316, 104351
259379, 104351
260056, 104351
260401, 104351
260780, 104351
260792, 104351
261496, 104351
261558, 104351
261649, 104351
261777, 104351
261946, 104351
262011, 104351
263238, 104351
264446, 104351
264955, 104351
265161, 104351
265478, 104351
265481, 104351
266207, 104351
266370, 104351
266406, 104351
266833, 104351
266876, 104351
266931, 104351
267134, 104351
267510, 104351
267717, 104351
267780, 104351
268400, 104351
268659, 104351
268780, 104351
269014, 104351
269228, 104351
270361, 104351
270615, 104351
270733, 104351
270839, 104351
271191, 104351
271334, 104351
271964, 104351
272157, 104351
273151, 104351
273193, 104351
273755, 104351
273844, 104351
274211, 104351
274249, 104351
274361, 104351
275371, 104351
276390, 104351
276412, 104351
276611, 104351
277069, 104351
277396, 104351
277539, 104351
278490, 104351
278553, 104351
278596, 104351
278608, 104351
279122, 104351
279646, 104351
279859, 104351
280050, 104351
280077, 104351
280136, 104351
280863, 104351
281020, 104351
281031, 104351
282021, 104351
282168, 104351
283240, 104351
283655, 104351
283672, 104351
284018, 104351
284024, 104351
284394, 104351
284683, 104351
284954, 104351
285182, 104351
285191, 104351
285513, 104351
285679, 104351
286881, 104351
287352, 104351
287450, 104351
288222, 104351
288324, 104351
288374, 104351
288457, 104351
288704, 104351
288917, 104351
289288, 104351
289714, 104351
289949, 104351
290198, 104351
290288, 104351
290299, 104351
290607, 104351
290793, 104351
291401, 104351
291890, 104351
291983, 104351
291996, 104351
292922, 104351
293162, 104351
293371, 104351
293626, 104351
293684, 104351
293794, 104351
294946, 104351
295806, 104351
296019, 104351
121622, 104187
122953, 104187
124130, 104187
128303, 104187
141953, 104187
150063, 104187
152882, 104187
160693, 104187
173621, 104187
173774, 104187
179280, 104187
180449, 104187
194838, 104187
196258, 104187
205215, 104187
214430, 104187
266519, 104187
289405, 104187
149931, 98862
166642, 98862
166874, 98862
179405, 98862
190388, 98862
199600, 98862
214751, 98862
223954, 98862
233796, 98862
239085, 98862
249931, 98862
257733, 98862
260368, 98862
275011, 98862
281022, 98862
282022, 98862
284197, 98862
287835, 98862
295295, 98862
161139, 98188
284488, 98188
96716, 93546
122958, 93546
156671, 93546
159075, 93546
161930, 93546
184967, 93546
192514, 93546
200028, 93546
207444, 93546
211504, 93546
213925, 93546
240761, 93546
242111, 93546
262365, 93546
126365, 93424
150081, 93424
150608, 93424
175896, 93424
217345, 93424
257103, 93424
279325, 93424
285095, 93424
151277, 90622
105871, 89867
142731, 89867
147678, 89867
160939, 89867
183489, 89867
188463, 89867
189424, 89867
244608, 89867
247076, 89867
254325, 89867
257724, 89867
258431, 89867
261933, 89867
272121, 89867
278336, 89867
87580, 89662
91170, 89662
95404, 89662
97678, 89662
100378, 89662
108939, 89662
109792, 89662
113154, 89662
126917, 89662
135270, 89662
143126, 89662
150183, 89662
150740, 89662
152384, 89662
156678, 89662
164234, 89662
174057, 89662
183417, 89662
186628, 89662
189181, 89662
199072, 89662
203010, 89662
204251, 89662
210292, 89662
210484, 89662
212560, 89662
215532, 89662
216255, 89662
218323, 89662
220060, 89662
224848, 89662
228786, 89662
230804, 89662
236670, 89662
239490, 89662
242244, 89662
247215, 89662
247334, 89662
250357, 89662
252962, 89662
254573, 89662
258267, 89662
258585, 89662
261393, 89662
261473, 89662
263236, 89662
269614, 89662
279897, 89662
280176, 89662
282522, 89662
291072, 89662
291384, 89662
196618, 89139
206147, 89139
290116, 89139
122550, 88850
136877, 88850
202638, 88850
231503, 88850
247278, 88850
255331, 88850
264692, 88850
265829, 88850
281275, 88850
284563, 88850
160742, 88649
247690, 88649
278833, 88649
141930, 87109
267743, 87109
286375, 87109
201907, 86161
283370, 86161
148332, 86030
164301, 86030
189623, 86030
199439, 86030
244454, 86030
112037, 84695
209866, 84695
210939, 84695
219641, 84695
222378, 84695
243262, 84695
276996, 84695
283432, 84695
285035, 84695
293880, 84695
99129, 83024
118806, 83024
132962, 83024
134870, 83024
139005, 83024
141213, 83024
147892, 83024
153638, 83024
167963, 83024
198600, 83024
218270, 83024
226287, 83024
229636, 83024
229731, 83024
238717, 83024
240097, 83024
240814, 83024
252295, 83024
256611, 83024
282800, 83024
283346, 83024
285504, 83024
287759, 83024
288150, 83024
288705, 83024
293557, 83024
293833, 83024
294120, 83024
120679, 82342
231076, 82342
272737, 82342
275923, 82342
277987, 82342
120043, 82242
124629, 82242
200990, 82242
202686, 82242
208741, 82242
222272, 82242
255803, 82242
282542, 82242
283691, 82242
131960, 81977
269491, 81977
113482, 81858
125722, 81858
145681, 81858
146998, 81858
148412, 81858
150898, 81858
201736, 81858
208681, 81858
230198, 81858
235784, 81858
255816, 81858
261909, 81858
265724, 81858
266635, 81858
292893, 81858
294310, 81858
136720, 81229
174539, 81229
89706, 80633
127237, 80633
142020, 80633
158414, 80633
162358, 80633
173868, 80633
176249, 80633
188574, 80633
199386, 80633
209158, 80633
216593, 80633
234331, 80633
236734, 80633
237985, 80633
242525, 80633
283698, 80633
284795, 80633
284930, 80633
285845, 80633
286814, 80633
290745, 80633
152845, 80481
240416, 80481
253194, 80481
269807, 80481
292106, 80481
169483, 80458
170686, 80458
231837, 80458
232320, 80458
244651, 80458
259637, 80458
268007, 80458
277203, 80458
149635, 80289
168065, 80289
256583, 80289
195505, 75791
251640, 74177
288337, 73730
233522, 72780
188623, 72720
271075, 72171
79894, 71638
242578, 71471
86895, 70538
89137, 70538
228105, 70538
252489, 70538
294421, 70248
238030, 69864
123048, 69748
206087, 69748
211006, 69748
230596, 69748
286974, 68880
275436, 68761
96495, 68248
114434, 68248
137703, 68248
178330, 68248
278493, 68248
281477, 68248
114228, 67781
136313, 67781
246996, 67781
198341, 67760
81306, 67529
120517, 67113
213814, 67113
282796, 67113
100944, 66848
133119, 66848
135269, 66848
158349, 66848
166905, 66848
196483, 66848
200412, 66848
219151, 66848
264714, 66659
284176, 66659
286791, 66659
291515, 66659
247029, 66371
198354, 65127
211297, 64413
268279, 64401
211661, 64262
234714, 64262
285500, 64262
148012, 63667
181272, 61806
217868, 61806
150033, 61176
249746, 60871
166456, 60866
96084, 60330
168261, 60330
196044, 60330
118207, 60283
135163, 60283
175637, 60283
287978, 60283
288835, 60283
184543, 59442
206675, 59442
220159, 59111
222590, 58571
124782, 57245
130107, 57245
167355, 57245
287751, 57245
130376, 57147
130661, 57147
170123, 57147
280856, 56334
246518, 55948
249736, 55948
180149, 55509
177037, 55476
222395, 53882
210817, 52307
147825, 49845
94137, 49771
186345, 48059
210290, 46571
234152, 46571
128967, 45417
166984, 45417
272271, 44446
206773, 43761
233887, 43761
235670, 43059
174121, 40125
81151, 40075
294214, 40075
11102, 39274
69455, 39274
73266, 39274
88002, 39274
91125, 39274
98323, 39274
98924, 39274
100046, 39274
104014, 39274
105668, 39274
111260, 39274
114402, 39274
124966, 39274
125244, 39274
125915, 38724
26681, 38104
104688, 38104
107162, 38104
159434, 38104
187864, 38104
269264, 38104
269680, 38104
289342, 38104
110450, 37771
28157, 37701
131242, 37542
142915, 37542
229373, 37518
18299, 37303
140823, 36991
17845, 36590
4066, 35912
191817, 35912
202144, 35912
245459, 35912
272875, 35912
113241, 34420
221574, 31254
193407, 30906
93515, 30820
54310, 29900
64524, 29900
67354, 29900
150861, 29900
188186, 29900
206357, 29497
7638, 28564
37944, 28564
115046, 28564
169947, 28564
202892, 28564
248894, 28564
250901, 28564
49907, 28464
138060, 28464
22515, 28411
24526, 28411
41860, 28411
48228, 28411
49601, 28411
64681, 28411
74875, 28411
90742, 28411
92280, 28411
99941, 28411
109071, 28411
114404, 28411
116587, 28411
118533, 28411
124551, 28411
135019, 28411
138429, 28411
155329, 28411
168512, 28411
196160, 28411
200022, 28411
235679, 28411
252973, 28411
262845, 28411
267497, 28411
274461, 28411
281539, 28411
3402, 28408
127960, 28408
35289, 28328
181089, 28328
6218, 28311
8095, 28311
18996, 28311
23043, 28311
31400, 28311
33232, 28311
36818, 28311
41652, 28311
43045, 28311
43807, 28311
44997, 28311
47915, 28311
51549, 28311
54003, 28311
64055, 28311
66097, 28311
66478, 28311
66634, 28311
69739, 28311
78258, 28311
78648, 28311
90833, 28311
95524, 28311
98692, 28311
103935, 28311
104372, 28311
105309, 28311
112522, 28311
113453, 28311
115817, 28311
117464, 28311
119075, 28311
119976, 28311
126896, 28311
128615, 28311
137441, 28311
138577, 28311
144992, 28311
149885, 28311
150829, 28311
152477, 28311
153284, 28311
153738, 28311
177607, 28311
182155, 28311
184952, 28311
185471, 28311
198762, 28311
200062, 28311
200393, 28311
202972, 28311
212197, 28311
212565, 28311
225388, 28311
232823, 28311
236398, 28311
239245, 28311
249099, 28311
252603, 28311
254786, 28311
259311, 28311
264026, 28311
269136, 28311
272850, 28311
274778, 28311
280573, 28311
224190, 28292
6189, 28188
9046, 28188
13172, 28188
15354, 28188
16802, 28188
16804, 28188
24852, 28188
26196, 28188
37729, 28188
47265, 28188
50562, 28188
52025, 28188
52592, 28188
54229, 28188
55117, 28188
62871, 28188
69801, 28188
70201, 28188
70328, 28188
79651, 28188
81813, 28188
83798, 28188
84053, 28188
93676, 28188
102094, 28188
103220, 28188
110022, 28188
110954, 28188
114536, 28188
119527, 28188
119700, 28188
123913, 28188
124234, 28188
124963, 28188
129251, 28188
136515, 28188
140551, 28188
144239, 28188
144263, 28188
144534, 28188
147839, 28188
148462, 28188
151326, 28188
152756, 28188
154367, 28188
155191, 28188
160566, 28188
160874, 28188
163986, 28188
165147, 28188
166058, 28188
166321, 28188
170740, 28188
171595, 28188
173761, 28188
177182, 28188
179959, 28188
184202, 28188
184969, 28188
187813, 28188
188311, 28188
189705, 28188
194615, 28188
195288, 28188
196653, 28188
196677, 28188
198514, 28188
204659, 28188
204884, 28188
207998, 28188
208011, 28188
208959, 28188
209708, 28188
211415, 28188
212416, 28188
213377, 28188
214404, 28188
216539, 28188
218275, 28188
218293, 28188
219929, 28188
223388, 28188
228223, 28188
229014, 28188
232020, 28188
235844, 28188
236378, 28188
238091, 28188
238350, 28188
240091, 28188
240362, 28188
240918, 28188
243751, 28188
243767, 28188
243820, 28188
248213, 28188
248924, 28188
251779, 28188
255463, 28188
255593, 28188
256954, 28188
260568, 28188
261696, 28188
262691, 28188
263266, 28188
264088, 28188
266246, 28188
269007, 28188
269617, 28188
269998, 28188
270151, 28188
271926, 28188
272045, 28188
272187, 28188
272753, 28188
273892, 28188
276055, 28188
280022, 28188
286895, 28188
287446, 28188
287798, 28188
287940, 28188
287964, 28188
289604, 28188
290789, 28188
292037, 28188
294086, 28188
296057, 28188
285505, 28130
54286, 28024
126351, 28024
161459, 28024
245603, 27975
103997, 27955
50116, 27906
65096, 27906
80819, 27906
14892, 27904
20827, 27904
26948, 27904
64457, 27904
101216, 27904
267421, 27722
14234, 27656
24434, 27656
27432, 27656
31035, 27656
34580, 27656
38268, 27656
39990, 27656
40790, 27656
43579, 27656
44938, 27656
49542, 27656
54984, 27656
55739, 27656
59261, 27656
62272, 27656
63948, 27656
68593, 27656
86451, 27656
92698, 27656
105397, 27656
108718, 27656
132161, 27656
164851, 27656
295772, 27656
172865, 27639
68295, 27620
72056, 27620
105842, 27620
107978, 27620
27975, 27603
50862, 27603
83278, 27603
15204, 27407
25671, 27407
32382, 27407
87269, 27407
89117, 27407
92844, 27407
122411, 27407
136796, 27407
154905, 27407
167731, 27407
180992, 27407
185805, 27407
190957, 27407
193741, 27407
205371, 27407
207800, 27407
212840, 27407
221018, 27407
23897, 27239
58243, 27239
66535, 27239
84408, 27239
85523, 27239
111763, 27239
117274, 27239
138149, 27239
148818, 27239
167781, 27239
256425, 27239
271756, 27239
12067, 27211
16129, 27211
28831, 27211
57015, 27211
75076, 27211
81358, 27211
91232, 27211
92270, 27211
112949, 27211
141143, 27209
152546, 27209
8133, 27153
23319, 27035
39778, 27035
47323, 27035
47676, 27035
50087, 27035
52106, 27035
62538, 27035
63836, 27035
64962, 27035
66401, 27035
75998, 27035
85615, 27035
95064, 27035
109122, 27035
148819, 27035
10786, 27021
47517, 27021
53558, 27021
60445, 27021
72296, 27021
129166, 27021
129560, 27021
213020, 27021
237000, 27021
268124, 27021
268978, 27021
127761, 27019
14567, 26965
14755, 26965
15367, 26965
20040, 26965
28627, 26965
28840, 26965
30617, 26965
65082, 26965
86199, 26965
98591, 26965
104958, 26965
113483, 26965
146325, 26924
8264, 26897
11218, 26897
17251, 26897
20829, 26897
24473, 26897
30203, 26897
49856, 26897
62461, 26897
63233, 26897
70773, 26897
74656, 26897
74861, 26897
78200, 26897
79602, 26897
82417, 26897
85463, 26897
86969, 26897
92130, 26897
95040, 26897
96475, 26897
97897, 26897
99769, 26897
104399, 26897
106501, 26897
110863, 26897
112138, 26897
113598, 26897
115924, 26897
123275, 26897
126005, 26897
126898, 26897
127136, 26897
127771, 26897
129331, 26897
134477, 26897
138213, 26897
140052, 26897
142354, 26897
144005, 26897
151330, 26897
158261, 26897
158822, 26897
159307, 26897
159365, 26897
177651, 26897
180274, 26897
183648, 26897
188019, 26897
188391, 26897
194044, 26897
208143, 26897
211954, 26897
213913, 26897
221021, 26897
236529, 26897
238848, 26897
245989, 26897
261334, 26897
277896, 26897
12746, 26722
12809, 26722
13021, 26722
13168, 26722
86815, 26722
102509, 26722
121299, 26722
154358, 26722
155209, 26722
160658, 26722
163303, 26722
166335, 26722
187601, 26722
194962, 26722
196055, 26722
203949, 26722
212298, 26722
223791, 26722
250590, 26722
111652, 26684
197117, 26684
95231, 26654
200162, 26624
245258, 26624
277142, 26624
7698, 26617
72163, 26559
8765, 26535
18671, 26535
46740, 26526
48697, 26526
49108, 26526
54844, 26526
66736, 26526
73431, 26526
93907, 26526
95112, 26526
112534, 26526
113887, 26526
122496, 26526
130430, 26526
18630, 26514
123463, 26514
8836, 26502
12092, 26502
12318, 26502
43368, 26502
46458, 26502
47693, 26502
49234, 26502
88509, 26502
91276, 26502
98132, 26502
98473, 26502
112079, 26502
116595, 26502
119081, 26502
123559, 26502
127130, 26502
128831, 26502
160303, 26502
163720, 26502
194432, 26502
199404, 26502
208907, 26502
236169, 26502
184185, 26468
198022, 26468
222326, 26468
237190, 26468
267246, 26468
285144, 26468
276679, 26440
23697, 26378
259951, 26378
129040, 26307
60436, 26261
139341, 26261
188141, 26261
12469, 26212
117636, 26212
119811, 26212
121204, 26212
121530, 26212
150110, 26212
178558, 26212
208654, 26212
212627, 26212
212995, 26212
243336, 26212
269144, 26212
269392, 26212
212, 26211
14185, 26211
197422, 26211
221139, 26211
5804, 26180
6840, 26180
8012, 26180
16944, 26179
13094, 26046
88294, 25728
259593, 25606
261313, 25526
10013, 25523
178199, 25523
6083, 25520
4305, 25495
5298, 25495
10646, 25495
21806, 25495
30764, 25495
46847, 25495
47458, 25495
54057, 25495
55425, 25495
99508, 25495
112802, 25495
223245, 25369
48154, 25344
54282, 25344
93018, 25344
106840, 25344
127903, 25344
193473, 25344
278931, 25344
118348, 25258
65472, 25230
226647, 25134
13697, 25128
6431, 25106
33657, 25106
20124, 25095
22372, 25095
31148, 25095
63974, 25095
166742, 25095
197180, 25095
203890, 25095
211186, 25095
246924, 25095
257759, 25095
288981, 25095
37640, 25024
193104, 25024
221998, 25024
231342, 25024
273150, 25024
15852, 24989
22778, 24989
35491, 24989
39879, 24989
41085, 24989
43339, 24989
44064, 24989
56939, 24989
58163, 24989
59583, 24989
66696, 24989
71568, 24989
76077, 24989
253375, 24981
206578, 24833
264326, 24833
282566, 24833
8045, 24749
4738, 24740
281125, 24583
294973, 24583
15188, 24187
21559, 24187
23215, 24187
23413, 24187
51397, 24187
69708, 24187
170237, 24187
181798, 24187
222194, 24187
91467, 24165
6226, 24124
37097, 24124
48590, 24124
55033, 24124
69300, 24124
71383, 24124
78125, 24124
81481, 24124
92518, 24124
92793, 24124
134906, 24070
200179, 24070
215930, 24070
247681, 24070
90519, 23942
137315, 23942
152999, 23942
170483, 23942
185964, 23942
211143, 23942
231327, 23942
284616, 23942
2081, 23932
51361, 23883
99464, 23452
101716, 23330
241761, 23330
80124, 23192
163913, 23192
43146, 23187
75042, 23187
120210, 23187
134343, 23187
176022, 23187
176581, 23187
222215, 23187
224044, 23187
224698, 23187
233030, 23187
245648, 23187
287381, 23187
294007, 23187
63528, 23116
26161, 23012
172688, 23012
1591, 22816
60441, 22816
51865, 22509
76448, 22509
79956, 22509
91100, 22509
94720, 22509
97867, 22492
101361, 22492
110593, 22492
116852, 22492
124095, 22492
140467, 22492
173378, 22492
179136, 22492
183999, 22492
208005, 22492
246830, 22492
248758, 22492
256361, 22492
288569, 22492
290689, 22492
159052, 22406
17637, 22387
22723, 22387
24283, 22387
27067, 22387
28068, 22387
31629, 22387
37308, 22387
47454, 22387
82136, 22387
99106, 22387
173843, 22387
204167, 22387
230022, 22387
262615, 22387
139072, 22380
166963, 22380
195927, 22380
215878, 22380
221426, 22380
80452, 22318
99040, 22318
110347, 22318
116685, 22318
133907, 22318
153872, 22318
189304, 22318
206605, 22318
228797, 22318
238550, 22318
242964, 22318
272164, 22318
274131, 22318
277764, 22318
288898, 22318
4026, 22252
124996, 22252
138921, 22252
155621, 22252
173094, 22252
196648, 22252
260815, 22252
278577, 22252
29093, 22165
168805, 22165
51360, 22124
60629, 22124
95405, 22124
111993, 22124
187488, 22124
123057, 21622
42444, 21511
294812, 20622
4587, 20504
33636, 19202
3927, 18838
4409, 18819
4513, 18492
127158, 18195
125300, 17310
2500, 16612
204968, 16440
2655, 16439
113605, 16439
127650, 16439
151439, 16439
182528, 16439
221585, 16439
97487, 16290
107545, 16290
222266, 16290
273854, 16290
293041, 16290
274313, 16241
256915, 16041
70191, 12990
43474, 12001
89221, 12001
269582, 12001
6169, 9523
250245, 7029
796, 4279
95876, 4090
108082, 4090
255801, 3620
280505, 3620
252569, 3282
55396, 2579
210733, 2579
214748, 2579
249308, 2579
263799, 2579
122115, 2574
240729, 2551
145411, 2531
185224, 2494
259321, 2494
278406, 2494
278498, 2494
289456, 2494
65077, 2467
225463, 2404
225693, 2404
278120, 2404
163292, 2333
228058, 2333
62246, 2328
64263, 2328
139494, 2328
220736, 2328
257814, 2328
261278, 2328
140255, 2288
152900, 2288
189205, 2288
197251, 2288
201794, 2288
285, 2273
2594, 2273
52554, 2273
52679, 2273
54331, 2273
61708, 2273
65648, 2273
79592, 2273
82820, 2273
88131, 2273
90141, 2273
90664, 2273
93322, 2273
94685, 2273
99742, 2273
99895, 2273
100222, 2273
100871, 2273
102890, 2273
107250, 2273
112498, 2273
115137, 2273
116090, 2273
116549, 2273
124757, 2273
129820, 2273
135158, 2273
137743, 2273
138639, 2273
139058, 2273
142387, 2273
143756, 2273
147768, 2273
150385, 2273
151726, 2273
160660, 2273
161309, 2273
161452, 2273
161474, 2273
163475, 2273
165165, 2273
169029, 2273
170248, 2273
171418, 2273
173656, 2273
174981, 2273
178197, 2273
179236, 2273
185695, 2273
186937, 2273
189483, 2273
189775, 2273
190135, 2273
193245, 2273
194871, 2273
194906, 2273
196220, 2273
203707, 2273
205484, 2273
208967, 2273
211507, 2273
213756, 2273
217417, 2273
217501, 2273
220598, 2273
220806, 2273
221906, 2273
222939, 2273
223374, 2273
226880, 2273
229252, 2273
234319, 2273
237557, 2273
237637, 2273
238721, 2273
238920, 2273
247897, 2273
258921, 2273
262434, 2273
265440, 2273
265566, 2273
273728, 2273
282290, 2273
283228, 2273
291220, 2273
53408, 2271
84980, 2271
112437, 2271
154741, 2256
240156, 2256
288820, 2256
105601, 2214
119572, 2214
150502, 2214
52454, 2205
71655, 2205
106467, 2205
134715, 2205
142056, 2205
159593, 2205
162674, 2205
190159, 2205
199922, 2205
221645, 2205
230947, 2205
233722, 2205
244265, 2205
256317, 2205
278884, 2205
289737, 2205
659, 2190
714, 2190
3265, 2190
78023, 2190
78081, 2190
122922, 2190
146978, 2190
212473, 2190
47210, 2159
119789, 2159
148381, 2125
99909, 2113
9843, 2096
279819, 2077
194797, 2075
227613, 2075
640, 2064
991, 2064
10192, 2064
130139, 2064
145495, 2064
158737, 2064
172977, 2064
198107, 2064
198858, 2064
200783, 2064
206307, 2064
206910, 2064
210688, 2064
212878, 2064
214629, 2064
215307, 2064
216279, 2064
218952, 2064
222029, 2064
224479, 2064
225383, 2064
229467, 2064
230812, 2064
236719, 2064
237154, 2064
239441, 2064
244445, 2064
245677, 2064
251714, 2064
255258, 2064
256144, 2064
261717, 2064
269660, 2064
273152, 2064
273734, 2064
277059, 2064
279182, 2064
280318, 2064
286516, 2064
292242, 2064
296366, 2064
202589, 2056
205810, 2056
208109, 2056
28, 2029
116677, 1904
83279, 1667
73602, 1578
2893, 1576
169569, 1523
2773, 1112
