63461, 136866
83016, 136866
86900, 136866
87515, 136866
89157, 136866
97323, 136866
117240, 136866
117485, 136866
119209, 136866
127441, 136866
128284, 136866
129065, 136866
132491, 136866
132702, 136866
135610, 136866
136672, 136866
137291, 136866
143425, 136866
161092, 136866
163209, 136866
165123, 136866
166110, 136866
166981, 136866
167047, 136866
168296, 136866
173633, 136866
173806, 136866
175073, 136866
179796, 136866
182753, 136866
189926, 136866
191969, 136866
192661, 136866
192806, 136866
193469, 136866
193874, 136866
197440, 136866
206832, 136866
217897, 136866
222024, 136866
225772, 136866
245147, 136866
245570, 136866
265717, 136866
89039, 135358
118498, 135358
40687, 134980
47153, 134980
73910, 134980
89581, 134980
110504, 134980
181476, 134980
239276, 131771
32008, 130591
32853, 130591
39588, 130591
42325, 130591
43713, 130591
45676, 130591
51571, 130591
56230, 130591
58392, 130591
58843, 130591
59038, 130591
68482, 130591
69586, 130591
86594, 130591
97055, 130591
282185, 130591
158770, 127694
28805, 113610
30679, 113610
278093, 113610
283322, 110090
26654, 73124
240569, 73124
16483, 70167
18228, 70167
61411, 70167
66494, 70167
17135, 68147
45436, 68147
53620, 68147
137841, 68147
158464, 68147
208476, 68147
148774, 66983
19478, 66398
21303, 66398
37899, 66398
48819, 66398
51607, 66398
87799, 66398
198689, 66398
238456, 66398
24510, 66312
738, 66217
839, 66217
23722, 66217
25767, 66217
29131, 66217
32647, 66217
37912, 66217
65207, 66217
69016, 66217
77962, 66217
80069, 66217
85841, 66217
87080, 66217
111524, 66217
202826, 66217
204372, 66217
245086, 66217
31144, 65816
32116, 65816
32539, 65816
35584, 65816
37297, 65816
37988, 65816
47655, 65816
59723, 65816
63643, 65816
66135, 65816
77377, 65816
287812, 65816
213364, 65800
9257, 64812
19733, 64343
79239, 64343
248526, 64343
20166, 62162
277617, 62162
80822, 61464
80302, 18224
204328, 18224
193687, 18012
260711, 18012
207864, 18001
262049, 18001
82892, 17889
90827, 17688
124576, 17688
190323, 17688
271696, 17688
93607, 17638
91207, 17561
106946, 17561
200910, 17561
202857, 17561
206123, 17561
208185, 17561
209726, 17561
249758, 17561
257547, 17561
288722, 17561
196584, 17536
74392, 17493
137377, 17493
180069, 17493
183214, 17493
232485, 17493
285107, 17493
87128, 17413
97675, 17413
147932, 17413
212044, 17413
227482, 17413
231363, 17413
281183, 17413
55329, 17382
74098, 17382
129421, 17382
173368, 17382
174069, 17382
207095, 17382
227860, 17382
240251, 17382
241273, 17382
247468, 17382
271327, 17382
276437, 17366
209999, 17280
65210, 17271
78170, 17271
111385, 17271
199584, 17271
216403, 17271
277509, 17271
63833, 17206
70754, 17206
80659, 17206
84327, 17206
87626, 17206
88310, 17206
92251, 17206
113556, 17206
119528, 17206
132325, 17206
138080, 17206
138822, 17206
144246, 17206
145564, 17206
148790, 17206
148996, 17206
150113, 17206
153252, 17206
153422, 17206
163425, 17206
164932, 17206
167949, 17206
185688, 17206
191909, 17206
196942, 17206
203662, 17206
213143, 17206
217074, 17206
243369, 17206
263706, 17206
268037, 17206
276237, 17206
280613, 17206
289881, 17206
61391, 17204
226293, 17204
262031, 17204
277559, 17204
278103, 17204
63291, 17187
105665, 17187
146687, 17187
193346, 17187
61503, 17186
155060, 17186
264105, 17186
98929, 17132
170895, 17132
200294, 17132
224894, 17132
246710, 17132
247281, 17132
277754, 17132
60975, 17066
121269, 17066
147609, 17066
147947, 17066
153723, 17066
177882, 17066
188495, 17066
198945, 17066
205474, 17066
210844, 17066
219603, 17066
225468, 17066
245774, 17066
256695, 17066
257843, 17066
266797, 17066
275144, 17066
287209, 17066
287479, 17066
291314, 17066
186579, 17051
86502, 17036
128085, 17036
166082, 17036
252315, 17036
263891, 17036
264770, 17036
31659, 17034
40158, 17034
49111, 17034
62575, 17034
75651, 17034
88939, 17034
89205, 17034
96207, 17034
111017, 17034
113794, 17034
121185, 17034
122275, 17034
127682, 17034
129779, 17034
135837, 17034
158567, 17034
164140, 17034
164747, 17034
168003, 17034
176849, 17034
186020, 17034
188024, 17034
228903, 17034
234906, 17034
246214, 17034
247070, 17034
257890, 17034
261050, 17034
268165, 17034
270749, 17034
270964, 17034
273126, 17034
290898, 17034
123963, 17030
235240, 17030
287272, 17030
196167, 17014
244306, 17014
264832, 17014
280343, 17014
289373, 17014
294287, 17008
28516, 16991
70949, 16991
107996, 16991
114282, 16991
129027, 16991
140717, 16991
158882, 16991
161989, 16991
177022, 16991
180123, 16991
188266, 16991
191814, 16991
200256, 16991
211906, 16991
211983, 16991
233315, 16991
233584, 16991
274176, 16991
296113, 16991
97040, 16979
143693, 16979
147743, 16979
164246, 16979
174062, 16979
187565, 16979
196058, 16979
205224, 16979
211841, 16979
239018, 16979
251120, 16979
260217, 16979
263467, 16979
279055, 16979
294153, 16979
8569, 16963
35422, 16963
112582, 16963
92853, 16957
113173, 16957
144991, 16957
174392, 16915
202199, 16915
169915, 16906
181813, 16889
93493, 16879
137687, 16879
204404, 16877
79097, 16808
110993, 16808
66518, 16801
127141, 16801
189858, 16801
193150, 16801
213952, 16801
236032, 16801
250978, 16801
269503, 16801
87967, 16796
111140, 16796
157077, 16796
174011, 16796
175625, 16796
194331, 16796
210489, 16796
217532, 16796
223780, 16796
225854, 16796
278981, 16796
142297, 16766
148623, 16755
64626, 16739
163312, 16739
292450, 16739
250953, 16719
145892, 16700
42592, 16694
52611, 16694
65862, 16694
130723, 16694
151140, 16694
125673, 16693
156322, 16691
205892, 16691
265205, 16691
62109, 16674
121039, 16674
121692, 16633
13691, 16600
194936, 16600
131258, 16593
133600, 16593
166098, 16593
190949, 16593
217754, 16589
41504, 16581
138457, 16581
203227, 16581
64200, 16579
164700, 16579
176134, 16579
206540, 16579
225046, 16579
236268, 16579
263598, 16579
287101, 16579
289473, 16579
114274, 16567
24285, 16513
47160, 16513
163565, 16486
141735, 16477
211593, 16477
279503, 16432
70853, 16417
112908, 16417
259239, 16417
41249, 16415
6362, 16405
58413, 16405
100208, 16405
177147, 16405
196168, 16405
202177, 16405
265789, 16405
281893, 16405
161510, 16393
173523, 16393
178911, 16393
215553, 16393
256354, 16393
293976, 16393
63548, 16382
17708, 16370
55437, 16370
84035, 16370
165156, 16370
205144, 16370
284129, 16370
217966, 16366
78586, 16362
124881, 16362
219825, 16362
265203, 16362
42589, 16319
43268, 16319
86796, 16314
89363, 16314
89528, 16314
125212, 16314
180898, 16314
217456, 16314
219835, 16314
280621, 16314
94512, 16286
95166, 16286
117818, 16286
130518, 16286
131198, 16286
134437, 16286
134760, 16286
142250, 16286
148586, 16286
162008, 16286
172840, 16286
174650, 16286
192727, 16286
210718, 16286
257501, 16286
287387, 16286
14835, 16166
74514, 16166
78795, 16166
82708, 16166
90734, 16166
99743, 16166
102010, 16166
107224, 16166
110555, 16166
127429, 16166
147199, 16166
166505, 16166
194844, 16166
215958, 16166
220336, 16166
253038, 16166
258498, 16166
260212, 16166
110486, 16040
133406, 16040
184602, 16040
192343, 16040
203025, 16040
206872, 16040
219993, 16040
242278, 16040
249380, 16040
254637, 16040
271936, 16040
281378, 16040
108275, 15998
23396, 15973
179308, 15964
78403, 15927
212200, 15927
181321, 15856
244661, 15856
214828, 15773
155691, 15759
223807, 15759
268054, 15759
51696, 15730
76381, 15730
81239, 15730
103354, 15730
138918, 15730
191863, 15730
219966, 15730
250068, 15730
257683, 15730
276743, 15730
287025, 15730
287068, 15730
292392, 15730
195521, 15656
60613, 15408
176728, 15408
221833, 15408
233205, 15408
152203, 15394
179344, 15394
190389, 15394
203618, 15394
266878, 15394
282923, 15394
148725, 15389
71300, 15265
81736, 15265
85754, 15265
89604, 15265
93414, 15265
227174, 15265
273719, 15265
278682, 15265
35169, 15244
43670, 15244
67910, 15244
166514, 15244
217370, 15244
289596, 15244
65196, 15080
161170, 15076
198277, 14986
95086, 14902
132964, 14856
258105, 14856
49079, 14680
107491, 14566
186551, 14566
10701, 14523
286469, 14523
244227, 14520
265904, 14506
56528, 14404
175558, 14194
228396, 14072
15189, 13960
24088, 13960
158393, 13960
196349, 13960
203637, 13960
207004, 13902
218517, 13902
165637, 13843
140724, 13841
164966, 13581
172527, 13561
225699, 13561
90696, 13520
235871, 13520
286482, 13520
47474, 13369
143875, 13369
153946, 13247
247567, 13247
249268, 13247
60539, 13143
176472, 13050
81360, 12978
191724, 12978
117094, 12739
148066, 12739
290532, 12739
124918, 12688
49760, 12545
220257, 12545
101938, 12494
141907, 12488
181844, 12488
185602, 12488
86434, 12419
281810, 12280
262628, 12075
287520, 11984
160433, 11886
232243, 11881
212493, 11576
154858, 11314
171284, 11314
207320, 11306
85165, 11304
134918, 11304
202837, 11224
24969, 11033
114810, 11033
220397, 11012
7038, 10987
58224, 10987
91858, 10987
163577, 10821
155696, 10809
253723, 10809
35960, 10801
145224, 10625
254123, 10625
269239, 10625
33396, 10610
75113, 10610
183605, 10564
285673, 10524
20329, 10436
185969, 10436
260220, 10436
274163, 10436
8996, 10397
112831, 10397
3934, 10395
6376, 10361
12935, 10361
15987, 10348
21054, 10348
31198, 10348
140863, 10296
103108, 10287
252936, 10259
4272, 10232
11587, 10232
201512, 10213
33822, 10096
6191, 10027
65279, 10027
84011, 10027
107558, 10027
108058, 10027
217961, 10027
280361, 10027
158296, 10017
160528, 10017
228875, 10017
121950, 10005
202316, 10002
3555, 9953
4934, 9953
148731, 9953
264844, 9953
136696, 9914
177599, 9873
68966, 9870
207134, 9828
3908, 9802
65532, 9802
137608, 9802
150982, 9802
162384, 9802
22966, 9768
37211, 9768
163454, 9768
119022, 9753
205581, 9753
221641, 9753
249358, 9753
28412, 9704
220348, 9686
16933, 9583
4520, 9575
165234, 9560
62734, 9551
207854, 9551
226066, 9539
7510, 9528
30329, 9528
80005, 9502
60956, 9381
75038, 9381
120485, 9381
154459, 9381
101297, 9286
278922, 9137
285835, 9137
203855, 9116
231787, 9116
104837, 9114
244494, 9087
281141, 8981
5911, 8924
252203, 8924
293231, 8924
38250, 8864
57187, 8803
145425, 8803
276566, 8803
151010, 8759
242821, 8733
280561, 8733
104753, 8720
223049, 8592
140792, 8511
210510, 8511
50950, 8487
111903, 8487
114240, 8487
259391, 8487
217190, 8421
84572, 8411
54027, 8387
135661, 8387
255323, 8387
204605, 8354
292166, 8345
37158, 8341
293079, 8341
132872, 8302
17575, 8292
185519, 8275
79333, 8256
183415, 8248
104254, 8242
118309, 8230
285396, 8230
186591, 8172
18240, 8122
26045, 8037
183864, 8037
208965, 8037
116537, 8008
276244, 7898
92225, 7890
11294, 7654
16411, 7654
5064, 7640
158040, 7592
227225, 7590
45908, 7484
24364, 7438
11307, 7370
54851, 7356
293143, 7343
74408, 7321
14527, 7290
47005, 7290
49176, 7290
192913, 7204
71651, 7156
44727, 7080
134745, 7031
262516, 7031
287312, 6967
130459, 6856
155501, 6792
75691, 6723
73574, 6624
3452, 6537
63728, 6416
18346, 6364
76130, 6364
95658, 6364
65735, 6353
251650, 6308
296459, 6295
138143, 6268
127828, 6254
246844, 6242
118032, 6208
132944, 6208
155216, 6208
166320, 6208
217039, 6208
293095, 6208
50079, 6084
152877, 6084
27933, 6078
139673, 6078
296121, 6006
270727, 5949
12820, 5937
221654, 5864
211991, 5813
86857, 5794
254074, 5744
275217, 5744
281385, 5741
113487, 5698
177987, 5698
227470, 5698
51710, 5670
72492, 5670
72764, 5670
91174, 5670
108758, 5670
116989, 5670
131606, 5670
131769, 5670
134495, 5670
151975, 5670
164967, 5670
169527, 5670
176908, 5670
184014, 5670
197748, 5584
72457, 5555
121052, 5546
143209, 5546
164236, 5546
294437, 5546
135284, 5482
213104, 5482
147074, 5433
55166, 5431
92863, 5431
276686, 5420
110361, 5277
16497, 5262
73094, 5251
111531, 5251
246252, 5251
112925, 5248
243694, 5233
280990, 5233
42005, 5221
59612, 5221
243172, 5173
213704, 5172
88837, 5162
172483, 5162
78827, 5105
205295, 5105
168987, 5097
226004, 5072
258168, 5072
184435, 5065
256319, 5044
207010, 5026
282694, 5012
101036, 4994
271311, 4949
194717, 4867
226227, 4862
283584, 4862
248013, 4831
19120, 4813
100399, 4798
284635, 4798
271881, 4781
44165, 4758
65211, 4758
250578, 4736
248658, 4735
139908, 4729
190861, 4729
195417, 4729
190573, 4709
255855, 4709
127560, 4700
257024, 4651
69354, 4599
76535, 4599
149942, 4599
153585, 4557
68219, 4543
104896, 4543
252393, 4543
27557, 4540
56278, 4540
236943, 4540
128552, 4537
219648, 4533
69915, 4524
257250, 4524
246615, 4522
143121, 4520
203839, 4520
293383, 4520
53690, 4495
61626, 4495
136434, 4495
178850, 4495
184362, 4495
193432, 4487
235574, 4487
240893, 4487
249883, 4487
272229, 4487
23639, 4477
85089, 4477
21219, 4472
50542, 4472
5249, 4465
37440, 4459
37810, 4459
109331, 4459
173685, 4459
194170, 4459
226113, 4459
238035, 4459
186541, 4451
130616, 4450
134348, 4450
152521, 4450
22488, 4400
57398, 4400
204934, 4400
207130, 4400
222631, 4400
266976, 4400
279810, 4400
203115, 4391
172753, 4387
250949, 4387
11137, 4380
130817, 4380
291340, 4380
172435, 4374
252585, 4370
140416, 4345
14327, 4341
242872, 4336
113438, 4322
10642, 4312
190570, 4312
55733, 4310
68427, 4310
76116, 4310
103289, 4310
115400, 4310
127570, 4310
164019, 4310
168678, 4310
198626, 4310
207402, 4310
234242, 4310
64729, 4307
144240, 4307
228020, 4307
236582, 4307
285453, 4293
267702, 4283
60410, 4278
92221, 4278
97910, 4278
127206, 4278
160757, 4278
168663, 4278
255730, 4278
210469, 4263
251731, 4232
283044, 4223
171608, 4219
109558, 4213
41675, 4211
16598, 4210
285233, 4210
37794, 4191
48211, 4191
90249, 4191
111341, 4191
171217, 4191
203654, 4191
252432, 4188
46906, 4176
58035, 4176
65733, 4176
66908, 4176
78495, 4176
96610, 4176
170446, 4176
224128, 4176
139249, 4173
194150, 4173
282978, 4173
57365, 4163
69293, 4163
116229, 4135
115449, 4128
187750, 4110
207625, 4110
117124, 4078
274124, 4075
61977, 4073
178228, 4059
142017, 4045
175449, 4032
140274, 4026
254140, 4024
278732, 4021
9945, 4019
187515, 4019
72981, 4017
284470, 4000
224395, 3989
151913, 3970
271527, 3952
22512, 3948
3864, 3945
176241, 3938
239671, 3936
257873, 3915
178723, 3914
31775, 3912
33828, 3912
40815, 3912
58179, 3912
70911, 3912
84382, 3912
90881, 3912
128050, 3912
128228, 3912
134215, 3912
134915, 3912
162232, 3912
170922, 3912
181118, 3912
202953, 3912
210169, 3912
210995, 3912
217067, 3912
222932, 3912
232317, 3912
235492, 3912
267970, 3912
271847, 3912
275251, 3912
280643, 3912
282034, 3912
294056, 3912
296326, 3912
109779, 3910
153575, 3905
168051, 3892
283463, 3886
65244, 3875
183065, 3872
70013, 3871
75000, 3871
76524, 3871
84398, 3871
97806, 3871
136650, 3871
150489, 3871
152398, 3871
154502, 3871
259199, 3871
250666, 3870
253498, 3870
262360, 3863
107440, 3849
74027, 3829
28175, 3818
49550, 3806
153314, 3806
158960, 3806
134207, 3801
185350, 3795
120083, 3789
148917, 3789
63151, 3780
256499, 3775
153426, 3769
224688, 3769
233991, 3769
258957, 3769
138041, 3768
157621, 3729
105614, 3726
64514, 3723
120225, 3723
173217, 3721
237293, 3721
118134, 3714
178500, 3714
207411, 3708
27071, 3697
218014, 3690
238499, 3687
248416, 3671
224427, 3658
157636, 3655
136121, 3638
197384, 3622
209229, 3622
234615, 3622
271888, 3622
285733, 3614
132294, 3607
225009, 3607
193865, 3601
253782, 3601
271768, 3601
189403, 3599
193660, 3597
85385, 3596
84526, 3589
107045, 3585
266741, 3585
136861, 3584
158842, 3584
231643, 3584
233988, 3584
218461, 3582
261470, 3582
296148, 3582
44606, 3580
114418, 3555
252877, 3555
179101, 3542
288645, 3542
266121, 3540
285609, 3540
291915, 3540
282907, 3523
41362, 3521
51113, 3517
180285, 3512
252270, 3512
100099, 3511
114138, 3496
37589, 3484
285701, 3480
63909, 3472
192267, 3472
96830, 3456
120398, 3456
197108, 3456
174726, 3439
228623, 3438
167245, 3436
259133, 3435
66510, 3430
126023, 3430
171065, 3430
205701, 3430
237643, 3430
71192, 3428
191044, 3428
212020, 3428
233699, 3428
262860, 3428
292909, 3428
133587, 3426
78738, 3420
125764, 3420
243556, 3409
279832, 3409
110040, 3394
235685, 3394
242573, 3387
149273, 3385
127813, 3379
239415, 3379
21793, 3377
57530, 3377
138268, 3377
161115, 3377
161128, 3377
167877, 3377
169595, 3377
177686, 3377
180043, 3377
190003, 3377
191075, 3377
204879, 3377
210763, 3377
218657, 3377
218716, 3377
225767, 3377
233343, 3377
243308, 3377
243595, 3377
248993, 3377
254178, 3377
256924, 3377
258232, 3377
260030, 3377
262307, 3377
273327, 3377
279462, 3377
289707, 3377
292201, 3377
233504, 3370
276030, 3370
281017, 3370
70776, 3363
75582, 3361
96171, 3361
156565, 3361
160537, 3361
182738, 3361
51550, 3356
97066, 3356
127295, 3356
132957, 3356
166014, 3356
218176, 3356
253334, 3356
283189, 3356
294207, 3355
38084, 3353
162079, 3343
245492, 3343
270108, 3343
289873, 3334
156116, 3333
273014, 3332
180905, 3331
245667, 3331
278527, 3331
75625, 3326
63932, 3318
74529, 3318
90674, 3318
124621, 3318
147284, 3318
160543, 3318
234276, 3318
174584, 3316
58971, 3314
76487, 3314
195760, 3314
265188, 3314
139168, 3312
254290, 3312
73215, 3306
108827, 3306
145571, 3306
155676, 3306
176383, 3306
208472, 3306
226862, 3306
240891, 3306
250626, 3305
273454, 3305
220001, 3303
289270, 3303
59257, 3298
81574, 3298
98001, 3298
273716, 3298
116114, 3297
210142, 3297
287165, 3295
144982, 3291
184013, 3291
214741, 3291
161708, 3283
8448, 3278
161374, 3278
191272, 3278
239991, 3278
252351, 3278
267534, 3277
257229, 3275
172958, 3274
49819, 3268
76433, 3268
90771, 3268
99695, 3268
103384, 3268
131739, 3268
132685, 3268
140619, 3268
144036, 3268
146211, 3268
147533, 3268
151254, 3268
151682, 3268
160458, 3268
163047, 3268
164788, 3268
170493, 3268
170988, 3268
177565, 3268
190501, 3268
202567, 3268
203239, 3268
212944, 3268
219242, 3268
235044, 3268
271715, 3268
295203, 3266
175162, 3265
240461, 3265
245135, 3265
153859, 3259
244618, 3259
152187, 3258
155938, 3257
182367, 3256
176909, 3253
186415, 3253
74188, 3251
152137, 3251
96510, 3250
290460, 3247
66370, 3239
126892, 3228
203210, 3219
235216, 3215
64372, 3205
133522, 3205
285177, 3205
42829, 3204
96091, 3203
108921, 3203
294328, 3203
255832, 3189
197865, 3184
242666, 3184
215023, 3182
207780, 3173
159351, 3170
131053, 3168
239354, 3168
112304, 3162
63881, 3160
114544, 3160
206470, 3160
278968, 3160
87406, 3145
90348, 3145
160788, 3145
189862, 3145
213235, 3145
236891, 3145
281941, 3144
17692, 3143
74855, 3143
277443, 3140
150760, 3138
18148, 3128
181373, 3128
264960, 3128
142861, 3120
57729, 3117
123207, 3114
177448, 3110
294251, 3107
14578, 3102
174962, 3102
231237, 3102
248118, 3102
81758, 3094
230437, 3089
81152, 3083
98377, 3083
158740, 3076
97452, 3071
39568, 3070
68610, 3070
191562, 3070
223724, 3070
253494, 3070
281844, 3061
201912, 3059
228040, 3058
66537, 3056
216367, 3056
251026, 3056
263989, 3045
260851, 3042
103734, 3039
24275, 3034
33819, 3034
41458, 3031
59642, 3031
59674, 3031
67188, 3031
70436, 3031
81037, 3031
103851, 3031
145487, 3031
213915, 3031
269862, 3031
271860, 3029
207311, 3011
252058, 3011
58583, 3010
117166, 3010
222306, 3009
179314, 3002
244504, 3002
138222, 2999
116808, 2997
146217, 2997
228977, 2995
86471, 2993
233680, 2984
228350, 2980
17321, 2972
211160, 2972
233715, 2972
267215, 2966
107170, 2965
193308, 2965
221148, 2965
157624, 2964
36970, 2950
84280, 2950
163544, 2950
189638, 2950
245661, 2950
95232, 2940
101773, 2930
148601, 2930
279759, 2915
49293, 2913
135067, 2910
178792, 2910
193975, 2910
240288, 2910
5366, 2900
259420, 2900
153240, 2896
212102, 2896
100553, 2885
98850, 2880
162765, 2880
288832, 2877
131205, 2876
74193, 2874
79101, 2874
113885, 2874
54193, 2870
86805, 2870
97174, 2870
147518, 2870
269248, 2868
287502, 2868
249197, 2858
67626, 2856
53801, 2839
86400, 2839
198200, 2839
284858, 2839
22992, 2834
113090, 2834
183774, 2834
99725, 2832
176315, 2832
111664, 2831
241132, 2831
138349, 2828
52662, 2826
285204, 2826
290616, 2826
50648, 2819
65411, 2819
70527, 2819
90520, 2808
237413, 2804
124487, 2803
196514, 2802
52472, 2795
227230, 2795
126438, 2785
132095, 2785
182094, 2785
51938, 2777
180269, 2777
281471, 2777
76625, 2761
115228, 2761
219899, 2761
85818, 2756
248295, 2754
203382, 2744
264308, 2744
199959, 2736
295501, 2736
73827, 2732
171224, 2730
181899, 2730
235790, 2730
128088, 2728
219422, 2721
210715, 2720
47494, 2717
71642, 2706
260757, 2705
114758, 2701
183060, 2701
228215, 2701
233336, 2701
233603, 2701
237353, 2701
246241, 2701
268454, 2701
196236, 2691
82987, 2690
85908, 2690
149396, 2690
166139, 2690
179648, 2690
216284, 2690
242428, 2690
250107, 2690
253064, 2690
290019, 2690
32666, 2680
80297, 2680
9922, 2679
240973, 2679
286864, 2679
240571, 2678
87462, 2677
157837, 2677
162405, 2677
169196, 2677
179618, 2677
290098, 2677
79733, 2675
90127, 2674
253808, 2674
293892, 2674
284173, 2670
26660, 2666
270082, 2663
262541, 2661
221110, 2657
232004, 2648
93914, 2643
160542, 2643
195305, 2643
253737, 2643
170364, 2634
269269, 2630
132331, 2626
233688, 2626
241371, 2626
267860, 2626
204819, 2623
211950, 2623
23403, 2622
273229, 2622
123448, 2619
88326, 2618
123996, 2618
197988, 2616
175019, 2615
149930, 2610
256273, 2605
290293, 2603
166186, 2599
271797, 2599
48702, 2598
49473, 2598
261817, 2598
294720, 2598
255664, 2597
89239, 2595
196769, 2595
32146, 2593
254251, 2593
273178, 2593
47219, 2592
68230, 2592
84584, 2592
87776, 2592
88400, 2592
88460, 2592
98736, 2592
123561, 2592
148570, 2592
169316, 2592
185335, 2592
202032, 2592
205523, 2592
213727, 2592
222454, 2592
235407, 2592
265470, 2592
294998, 2592
163467, 2588
103698, 2583
290785, 2580
98890, 2576
234330, 2565
32839, 2563
264118, 2563
157611, 2562
199157, 2562
246433, 2562
147217, 2561
103992, 2557
222102, 2557
123326, 2556
144739, 2555
195765, 2555
206033, 2555
236654, 2555
293017, 2555
170855, 2552
212215, 2552
221975, 2552
251728, 2552
278273, 2552
112734, 2550
243286, 2550
187516, 2547
16918, 2542
156371, 2542
134175, 2537
82482, 2534
127168, 2534
88916, 2530
267555, 2530
32720, 2529
41367, 2529
101139, 2529
153291, 2529
144926, 2528
295852, 2528
247280, 2524
124880, 2523
266772, 2522
170691, 2520
229915, 2518
42942, 2515
108500, 2513
173425, 2513
187843, 2513
265691, 2513
176998, 2508
109112, 2503
122177, 2503
202800, 2503
124035, 2502
163733, 2502
245454, 2502
198389, 2501
145976, 2500
190746, 2500
92635, 2498
230782, 2497
271659, 2497
139282, 2495
52235, 2492
262397, 2491
33363, 2487
230834, 2487
153660, 2485
253091, 2485
273036, 2485
131721, 2484
94668, 2483
177495, 2482
87493, 2471
139400, 2471
230599, 2471
126732, 2469
188648, 2469
23390, 2468
32810, 2468
36885, 2468
59941, 2468
63817, 2468
68251, 2468
137100, 2468
189219, 2468
235783, 2468
250044, 2468
21959, 2467
38605, 2467
50091, 2467
52120, 2467
62691, 2467
96058, 2467
131655, 2467
147968, 2467
150041, 2467
153960, 2467
165529, 2467
193030, 2467
215754, 2467
230249, 2467
244236, 2467
244711, 2467
258494, 2467
273230, 2467
279070, 2467
198574, 2461
295855, 2460
46195, 2458
74792, 2458
85291, 2458
128347, 2458
193408, 2458
195269, 2458
207772, 2458
226264, 2458
258415, 2458
283767, 2458
268823, 2457
274708, 2456
28653, 2455
148544, 2455
189657, 2455
219863, 2455
137141, 2447
86474, 2445
230170, 2444
243099, 2444
170375, 2439
125118, 2437
145223, 2436
162377, 2436
230065, 2436
235981, 2436
295599, 2436
56797, 2435
76000, 2435
104583, 2435
158523, 2435
182458, 2435
214498, 2435
250844, 2435
183538, 2431
29456, 2429
57757, 2429
76742, 2429
95898, 2429
96717, 2429
104318, 2429
125147, 2429
131983, 2429
140469, 2429
148738, 2429
156172, 2429
180743, 2429
196750, 2429
199104, 2429
258378, 2429
70781, 2428
100170, 2428
102521, 2428
108217, 2428
110950, 2428
139810, 2428
146765, 2428
147919, 2428
156396, 2428
200682, 2428
211363, 2428
222996, 2428
243578, 2428
259670, 2428
259936, 2428
263837, 2428
273641, 2428
280027, 2428
286490, 2428
295545, 2428
204238, 2426
165822, 2419
4504, 2416
43752, 2416
53916, 2416
58110, 2416
79766, 2416
180878, 2416
58049, 2414
78045, 2414
218841, 2414
89574, 2411
285776, 2410
7436, 2409
292328, 2408
274076, 2405
43643, 2403
20588, 2399
277846, 2399
240607, 2396
235901, 2395
265101, 2395
123477, 2390
205984, 2390
155438, 2389
219099, 2387
76597, 2385
100094, 2385
111735, 2385
140799, 2385
165067, 2385
170567, 2385
178401, 2385
180735, 2385
182581, 2385
207929, 2385
217483, 2385
238092, 2385
263626, 2385
268622, 2385
106809, 2384
292848, 2377
221917, 2376
231968, 2376
69705, 2375
119173, 2375
112211, 2369
215612, 2369
41447, 2367
52474, 2367
56657, 2367
231517, 2367
274386, 2367
30012, 2366
59263, 2366
79499, 2366
83273, 2366
94180, 2366
118323, 2366
119531, 2366
123371, 2366
139442, 2366
143095, 2366
157091, 2366
185055, 2366
197562, 2366
215227, 2366
226664, 2366
242537, 2366
258663, 2366
283269, 2366
217797, 2361
87836, 2359
206877, 2359
41257, 2358
127315, 2358
73340, 2357
85346, 2357
280781, 2357
17235, 2356
35029, 2355
95135, 2355
128031, 2355
218663, 2355
115644, 2354
134917, 2354
159953, 2354
184230, 2354
203337, 2354
206050, 2354
246332, 2354
289392, 2354
113967, 2350
153788, 2347
28807, 2336
114327, 2335
174231, 2330
256170, 2330
262917, 2330
272122, 2330
89825, 2324
91193, 2324
115784, 2324
127186, 2324
141249, 2324
252838, 2324
268786, 2324
128112, 2322
213214, 2322
215604, 2322
256203, 2322
279758, 2322
293130, 2322
207886, 2320
239990, 2318
74655, 2317
87009, 2317
106186, 2317
132280, 2317
141529, 2317
145331, 2317
152124, 2317
161292, 2317
201370, 2317
275397, 2317
61692, 2316
92893, 2316
105343, 2316
107428, 2316
110809, 2316
112875, 2316
115816, 2316
120753, 2316
126330, 2316
131326, 2316
161023, 2316
162363, 2316
164272, 2316
176007, 2316
218691, 2316
220125, 2316
239302, 2316
241015, 2316
242404, 2316
258138, 2316
265075, 2316
274726, 2316
103856, 2315
113784, 2315
154182, 2315
163296, 2315
195648, 2315
252170, 2315
288246, 2315
238243, 2300
281640, 2297
233700, 2296
271394, 2289
190971, 2283
209132, 2282
230023, 2282
117100, 2276
189236, 2276
221165, 2276
252395, 2276
288383, 2276
107577, 2275
125207, 2275
139713, 2275
180322, 2275
259905, 2275
290185, 2275
237631, 2274
117840, 2270
132195, 2270
161258, 2270
179469, 2270
188455, 2270
261326, 2270
283631, 2270
58675, 2269
62333, 2269
80972, 2269
91449, 2269
107546, 2269
163112, 2269
200958, 2269
231285, 2269
233716, 2268
122460, 2267
169889, 2267
141760, 2266
220783, 2262
45035, 2261
150360, 2261
204089, 2261
218605, 2261
54384, 2259
150678, 2259
248039, 2257
60249, 2250
162419, 2250
241425, 2250
4777, 2248
229543, 2246
245379, 2244
94291, 2242
186757, 2242
189208, 2242
256862, 2242
75784, 2238
209472, 2238
222450, 2238
210494, 2236
185218, 2234
120217, 2230
189027, 2230
275938, 2230
100760, 2229
282217, 2224
198385, 2214
231320, 2213
188539, 2212
243097, 2212
261261, 2212
281846, 2212
293953, 2210
38631, 2209
102745, 2209
214809, 2209
233686, 2209
139394, 2198
77794, 2197
136760, 2197
165920, 2197
206937, 2197
256293, 2197
271024, 2197
184465, 2195
195958, 2195
260971, 2195
13899, 2192
109146, 2192
136000, 2192
136323, 2192
153802, 2192
159930, 2192
165885, 2192
167718, 2192
208774, 2192
214352, 2192
216373, 2192
247481, 2192
253171, 2192
79390, 2191
113176, 2191
137495, 2191
141149, 2191
144710, 2191
198805, 2191
250398, 2191
289862, 2191
272912, 2190
72864, 2189
74644, 2189
101481, 2189
118581, 2189
130161, 2189
134150, 2189
156709, 2189
244246, 2189
147477, 2180
73303, 2177
178563, 2177
244877, 2177
192703, 2172
120381, 2170
188637, 2170
207788, 2170
284442, 2170
53330, 2167
119213, 2167
118700, 2162
161998, 2162
188452, 2162
215745, 2162
272942, 2162
170135, 2160
176500, 2160
159174, 2156
22034, 2151
237084, 2150
144694, 2149
229524, 2149
64596, 2148
109537, 2148
149625, 2148
158479, 2148
179051, 2148
203482, 2148
217900, 2148
219673, 2148
289639, 2148
139462, 2146
266748, 2146
121781, 2141
230830, 2141
291533, 2141
28859, 2138
232308, 2138
48529, 2136
48851, 2136
131275, 2136
155682, 2136
231302, 2136
259846, 2136
109034, 2135
123637, 2135
222195, 2135
229441, 2135
289356, 2135
27334, 2133
88817, 2133
130992, 2133
191351, 2133
247753, 2133
161672, 2128
212869, 2128
88235, 2124
104799, 2124
129726, 2124
138343, 2124
192930, 2124
108570, 2122
129680, 2115
153454, 2115
221992, 2115
149690, 2112
158446, 2112
284519, 2112
65917, 2111
96548, 2111
244005, 2111
244579, 2111
163092, 2108
287140, 2108
139377, 2105
274026, 2105
14696, 2104
140843, 2104
178857, 2104
191872, 2104
192839, 2104
251236, 2104
117098, 2102
127214, 2102
126886, 2101
164216, 2101
223761, 2101
106216, 2098
179972, 2098
215863, 2098
257338, 2098
236760, 2097
153728, 2095
27898, 2085
55779, 2085
87538, 2085
129205, 2085
156735, 2085
161066, 2085
196135, 2085
215248, 2085
260696, 2085
72717, 2083
224996, 2083
236176, 2083
249749, 2078
71133, 2077
74175, 2077
56957, 2076
99311, 2076
106899, 2076
107720, 2076
118400, 2076
120700, 2076
180197, 2076
205721, 2076
274327, 2076
54611, 2074
38300, 2063
189456, 2063
212058, 2063
268442, 2061
244660, 2057
61246, 2049
295231, 2046
291987, 2043
74826, 2041
201077, 2041
147906, 2039
282957, 2039
204565, 2037
200377, 2032
22742, 2031
29830, 2031
40429, 2031
42946, 2031
78090, 2031
170106, 2031
229721, 2031
258669, 2031
279108, 2031
215869, 2030
32968, 2028
68567, 2028
74136, 2028
86306, 2028
102055, 2028
110035, 2028
121846, 2028
123669, 2028
124724, 2028
156738, 2028
157127, 2028
186648, 2028
196465, 2028
203735, 2028
231137, 2028
231709, 2028
234082, 2028
235213, 2028
237756, 2028
250217, 2028
284256, 2028
289030, 2028
145289, 2027
244148, 2020
73236, 2016
61264, 2015
139505, 2015
184884, 2015
192776, 2015
263399, 2015
278813, 2015
64211, 2009
156253, 2009
178192, 2009
185785, 2009
224663, 2009
233233, 2009
285013, 2009
36606, 2006
38459, 2006
46546, 2006
71492, 2006
120138, 2006
129902, 2006
134315, 2006
173792, 2006
181898, 2006
194784, 2006
180611, 2003
293425, 2003
56422, 2002
163790, 2000
198921, 2000
127559, 1999
100143, 1998
239481, 1993
288473, 1993
193662, 1991
292058, 1991
212968, 1990
269515, 1986
137064, 1985
210905, 1985
246154, 1985
249505, 1985
211191, 1984
155664, 1982
276709, 1982
208425, 1977
267084, 1970
114708, 1968
153346, 1968
85604, 1965
257503, 1963
51749, 1962
88918, 1962
259574, 1962
260366, 1962
274212, 1955
67026, 1954
124773, 1954
267756, 1954
146331, 1953
104716, 1950
118000, 1950
160491, 1950
135546, 1949
11926, 1943
74342, 1943
112088, 1942
244922, 1941
198089, 1939
186684, 1938
40724, 1935
162422, 1934
58316, 1933
113226, 1933
235490, 1933
91543, 1932
197014, 1932
283694, 1932
252364, 1931
31122, 1930
166639, 1930
168413, 1930
214794, 1930
229494, 1930
283600, 1930
184903, 1929
193208, 1929
280719, 1927
280594, 1926
70196, 1923
45973, 1919
108471, 1919
122264, 1919
214827, 1919
214897, 1919
236179, 1919
285530, 1919
53861, 1917
154654, 1917
212025, 1917
263310, 1917
86639, 1916
146111, 1916
144026, 1912
97154, 1910
158254, 1910
227326, 1910
229132, 1910
257454, 1910
270734, 1910
217789, 1909
254194, 1907
239588, 1905
66109, 1900
72671, 1900
102793, 1900
106693, 1900
135558, 1900
137680, 1900
144850, 1900
156013, 1900
162819, 1900
174402, 1900
175039, 1900
189550, 1900
229050, 1900
233970, 1900
234332, 1900
247874, 1900
198612, 1897
52110, 1896
183166, 1893
243118, 1893
259462, 1892
260520, 1888
271827, 1888
272979, 1888
265108, 1886
143645, 1882
139238, 1881
291858, 1881
167620, 1879
208657, 1879
111475, 1877
120438, 1877
196179, 1877
232930, 1877
34824, 1876
209664, 1876
220644, 1876
66055, 1875
84730, 1875
86195, 1875
100135, 1875
191082, 1875
206387, 1875
234377, 1875
271519, 1875
260296, 1874
175532, 1872
98318, 1871
234795, 1871
28720, 1870
30448, 1870
133439, 1870
196685, 1868
245018, 1868
72928, 1866
60616, 1865
74265, 1865
120308, 1865
146807, 1865
158378, 1865
279312, 1864
158048, 1863
203584, 1862
111093, 1861
274531, 1861
290151, 1861
81484, 1860
139177, 1860
182153, 1860
244547, 1860
288749, 1860
109294, 1854
253732, 1854
290821, 1854
81012, 1852
169763, 1849
90633, 1848
177143, 1848
231477, 1848
47505, 1847
196952, 1846
227938, 1846
286356, 1846
292855, 1846
53770, 1843
87202, 1843
89682, 1843
122842, 1843
143066, 1843
158340, 1843
161532, 1843
201078, 1843
280727, 1843
234410, 1838
168769, 1837
199743, 1837
233733, 1837
272614, 1837
208293, 1833
227018, 1833
249832, 1830
144786, 1829
204079, 1829
210534, 1829
219497, 1829
93236, 1828
273475, 1827
46911, 1824
149170, 1824
202395, 1824
32468, 1823
27109, 1822
157088, 1822
159678, 1822
172704, 1822
193750, 1822
202559, 1822
233081, 1822
262264, 1822
276196, 1822
269315, 1821
264756, 1820
282227, 1818
51266, 1816
173288, 1816
200272, 1816
210970, 1816
260222, 1816
294762, 1816
263798, 1813
98077, 1811
140719, 1811
151886, 1810
283986, 1810
79312, 1806
87757, 1806
187421, 1806
273523, 1806
287737, 1806
133475, 1805
161759, 1804
62992, 1802
73482, 1802
93001, 1802
102747, 1802
118375, 1802
161952, 1802
170698, 1802
190467, 1802
260783, 1802
181361, 1800
200798, 1800
189943, 1798
76936, 1796
138633, 1796
269709, 1793
101650, 1792
61253, 1791
110810, 1791
293270, 1791
284158, 1790
243614, 1788
178176, 1786
204861, 1786
261952, 1786
269445, 1786
279302, 1786
216955, 1784
235472, 1783
198273, 1782
216274, 1782
220823, 1780
56677, 1778
83068, 1778
178043, 1778
191448, 1778
51401, 1777
191828, 1777
196018, 1777
241992, 1777
247664, 1777
269719, 1777
234771, 1776
74829, 1773
139105, 1773
199316, 1773
49080, 1772
216758, 1771
105617, 1770
130548, 1770
167135, 1770
229614, 1770
294205, 1770
112372, 1769
272033, 1767
122373, 1766
256328, 1765
103439, 1764
200369, 1764
200983, 1764
268110, 1764
209291, 1762
245261, 1761
263802, 1761
199360, 1759
188469, 1757
225886, 1757
238872, 1756
120516, 1755
218315, 1755
70193, 1754
226792, 1754
258215, 1754
283265, 1754
223619, 1750
272791, 1748
32122, 1743
163254, 1743
60734, 1742
190692, 1742
19223, 1739
263589, 1739
154967, 1736
172400, 1735
232345, 1734
170197, 1733
48915, 1731
280738, 1731
64185, 1728
94664, 1728
115559, 1728
182496, 1728
203923, 1728
241125, 1728
24952, 1727
46500, 1727
47740, 1727
110046, 1727
139724, 1727
142722, 1727
233121, 1727
269827, 1727
123330, 1726
169813, 1726
182654, 1726
41937, 1725
63568, 1725
208453, 1724
208850, 1724
165479, 1721
167322, 1721
256968, 1721
107401, 1720
196570, 1720
129163, 1718
270031, 1715
83051, 1714
97374, 1714
116102, 1714
172847, 1714
191207, 1714
274499, 1714
138850, 1713
111115, 1710
262149, 1709
203722, 1708
259789, 1706
258693, 1705
152433, 1703
232028, 1703
80119, 1698
124646, 1698
168997, 1698
29655, 1697
114360, 1697
214676, 1697
238322, 1697
125913, 1695
193003, 1695
217382, 1695
247404, 1695
130667, 1694
270399, 1692
113629, 1691
123579, 1691
252573, 1690
99288, 1688
125750, 1688
199718, 1688
283358, 1686
215451, 1685
286626, 1684
48607, 1682
185268, 1682
250184, 1682
285129, 1682
98923, 1681
226298, 1681
246754, 1681
84865, 1680
98723, 1680
139426, 1680
161075, 1680
162617, 1680
59890, 1672
250013, 1672
117005, 1671
120367, 1671
178888, 1671
281225, 1670
154760, 1669
187223, 1669
93946, 1667
94680, 1667
116958, 1667
124242, 1667
132471, 1667
212860, 1666
233793, 1666
230655, 1662
283227, 1660
129900, 1659
256149, 1659
268397, 1659
262844, 1658
198350, 1655
261157, 1654
195970, 1652
204716, 1652
264224, 1652
267925, 1650
48107, 1647
221783, 1647
58892, 1645
127914, 1645
274704, 1644
115445, 1642
140669, 1642
189983, 1642
194111, 1642
235968, 1642
215917, 1636
104593, 1635
112553, 1633
117919, 1633
142273, 1632
151738, 1632
245633, 1632
22743, 1631
132976, 1631
199882, 1621
236799, 1620
81446, 1617
13065, 1610
127634, 1610
139354, 1610
282097, 1609
193619, 1607
229145, 1607
253880, 1607
50075, 1606
94337, 1603
123667, 1603
134674, 1603
146947, 1603
155439, 1603
156808, 1603
168083, 1603
175379, 1603
179827, 1603
219350, 1603
256925, 1603
260592, 1603
265960, 1603
85435, 1601
231842, 1601
263055, 1601
251657, 1597
29276, 1596
47982, 1596
67210, 1596
78699, 1596
98529, 1596
115858, 1596
140161, 1596
152868, 1596
222905, 1596
238061, 1596
257145, 1596
272400, 1596
296419, 1596
84963, 1593
110152, 1593
222443, 1593
64927, 1591
148119, 1591
260586, 1591
263242, 1591
271194, 1589
104169, 1588
183541, 1588
210243, 1588
255588, 1588
291373, 1588
109396, 1587
86441, 1584
79707, 1583
95498, 1583
160990, 1583
256527, 1583
257213, 1583
274518, 1583
274529, 1583
98609, 1578
147902, 1578
95305, 1577
113181, 1577
127806, 1577
145936, 1577
192541, 1575
217042, 1574
114409, 1570
220839, 1568
242978, 1568
166246, 1567
93407, 1565
159256, 1565
242407, 1565
259422, 1565
44287, 1563
154116, 1563
108568, 1561
134245, 1561
184293, 1561
250196, 1560
47772, 1558
70461, 1558
281715, 1558
293222, 1558
171505, 1557
54440, 1556
276508, 1555
132077, 1553
219577, 1553
254902, 1553
166705, 1549
147251, 1547
64987, 1544
117545, 1542
293876, 1542
202611, 1541
225264, 1541
64981, 1540
251412, 1537
65902, 1532
172643, 1532
244485, 1532
29657, 1529
236144, 1529
74930, 1528
262033, 1527
291051, 1527
250101, 1523
222244, 1521
51069, 1520
130206, 1520
83754, 1519
100101, 1519
164711, 1519
171730, 1519
236491, 1519
85290, 1517
141389, 1517
247323, 1516
32130, 1515
39400, 1515
72879, 1515
219293, 1515
235539, 1515
260922, 1515
168807, 1514
120898, 1513
156397, 1513
165826, 1509
74068, 1508
291905, 1505
36380, 1503
169793, 1502
129890, 1501
177895, 1501
15536, 1500
66584, 1500
84926, 1500
209975, 1498
228224, 1498
151192, 1497
121159, 1494
47370, 1491
186040, 1489
179098, 1488
92733, 1486
146705, 1486
271062, 1486
214972, 1485
66493, 1484
248400, 1484
219630, 1482
262698, 1482
293109, 1478
178302, 1475
184317, 1471
1624, 1470
63217, 1470
89939, 1470
25756, 1466
150307, 1466
132436, 1464
217965, 1463
220358, 1463
224954, 1463
251452, 1462
260254, 1458
282488, 1457
85696, 1455
52701, 1452
156178, 1452
153132, 1451
225843, 1447
135298, 1446
89622, 1444
260931, 1443
110344, 1438
186572, 1438
188639, 1438
275338, 1438
280404, 1438
241747, 1436
177099, 1434
220892, 1434
179866, 1427
295122, 1425
197766, 1424
218617, 1422
226373, 1422
77283, 1421
191211, 1421
173264, 1420
116524, 1417
127060, 1417
195064, 1417
9146, 1414
25377, 1414
290286, 1414
159740, 1412
66145, 1410
98562, 1410
71062, 1408
120912, 1408
177154, 1408
243609, 1408
263052, 1408
276518, 1408
208207, 1407
15336, 1404
172805, 1404
203947, 1404
275627, 1404
153852, 1403
97459, 1401
206780, 1401
99507, 1399
128353, 1399
138333, 1399
163811, 1399
168253, 1399
185714, 1399
192557, 1399
256374, 1399
140313, 1393
290707, 1391
80173, 1388
60589, 1386
147433, 1385
105868, 1383
216995, 1383
228345, 1383
240157, 1383
99587, 1381
252325, 1381
201727, 1377
74537, 1375
151844, 1374
229190, 1374
14058, 1373
98578, 1373
174504, 1372
258289, 1372
256070, 1371
277043, 1371
283722, 1371
199269, 1370
152606, 1367
259260, 1367
71045, 1364
173718, 1360
46340, 1359
85919, 1359
113293, 1359
187916, 1359
235510, 1359
285997, 1359
78677, 1358
189089, 1358
149179, 1357
163510, 1357
175308, 1357
183068, 1357
189082, 1357
229678, 1357
258673, 1357
286133, 1357
56228, 1356
73892, 1356
93583, 1356
291088, 1356
11174, 1349
59524, 1349
172930, 1349
219873, 1349
289610, 1349
166926, 1347
55241, 1344
133155, 1344
60882, 1343
199125, 1343
159115, 1342
107211, 1341
178101, 1341
205508, 1340
249407, 1337
197398, 1336
263291, 1336
66703, 1335
163955, 1334
175472, 1334
258902, 1334
93693, 1333
113858, 1333
122559, 1333
159237, 1333
183306, 1333
109412, 1332
296620, 1332
134030, 1328
67396, 1327
125891, 1327
253157, 1327
236562, 1324
137094, 1323
234652, 1323
85162, 1322
125014, 1322
184016, 1322
141129, 1318
110424, 1314
111433, 1314
139451, 1314
199939, 1314
109737, 1313
180211, 1313
238293, 1313
243053, 1313
48744, 1312
188358, 1310
190874, 1310
247259, 1310
256550, 1310
137126, 1309
184706, 1308
232656, 1306
135375, 1303
183940, 1303
275808, 1303
268607, 1302
113686, 1301
108889, 1296
191680, 1293
34463, 1291
86161, 1291
87688, 1291
133699, 1291
148836, 1291
161197, 1291
178102, 1291
251555, 1291
184255, 1290
241254, 1286
288650, 1286
53642, 1283
90158, 1283
164714, 1283
190124, 1283
196531, 1283
233645, 1282
52766, 1280
225421, 1279
235100, 1279
280471, 1279
151871, 1278
95024, 1277
271586, 1276
82930, 1275
270813, 1274
181264, 1272
51002, 1270
185800, 1270
192040, 1270
197524, 1270
226213, 1269
251896, 1268
284772, 1268
207866, 1267
257969, 1267
239304, 1266
26474, 1265
58424, 1265
83936, 1265
111781, 1265
212506, 1265
49297, 1262
218847, 1262
252261, 1262
135337, 1261
239153, 1261
290459, 1261
90840, 1259
146406, 1258
93737, 1256
51436, 1255
65880, 1255
69005, 1255
69605, 1255
91313, 1255
95714, 1255
110813, 1255
111992, 1255
124237, 1255
124655, 1255
202122, 1255
48239, 1254
254511, 1254
21593, 1253
56707, 1253
66324, 1253
69379, 1253
72955, 1253
107310, 1253
130471, 1253
155650, 1253
212684, 1253
228960, 1253
103713, 1251
150585, 1250
31083, 1247
200712, 1247
133325, 1246
158192, 1246
236958, 1246
242156, 1246
266826, 1246
273227, 1246
29061, 1245
34079, 1244
52316, 1244
73597, 1244
83944, 1244
101966, 1244
144891, 1244
149574, 1244
154850, 1244
163957, 1244
166039, 1244
210413, 1244
212780, 1244
252474, 1244
119205, 1242
155099, 1242
190921, 1242
197051, 1242
36899, 1241
196306, 1241
130828, 1240
254300, 1240
162999, 1239
208063, 1239
219375, 1239
296461, 1239
165210, 1237
233871, 1235
194220, 1234
116176, 1233
145253, 1233
170673, 1233
236213, 1233
294560, 1233
91513, 1229
145666, 1229
45617, 1222
268872, 1222
174793, 1221
21558, 1220
31056, 1220
64621, 1220
88986, 1220
107820, 1220
127600, 1220
130157, 1220
158152, 1220
174054, 1220
175823, 1220
197503, 1220
215138, 1220
223673, 1220
228558, 1220
265709, 1220
220542, 1219
81150, 1217
38424, 1216
52244, 1216
74573, 1216
75654, 1216
118935, 1216
122803, 1216
143291, 1216
157290, 1216
164783, 1216
173194, 1216
182542, 1216
189394, 1216
200302, 1216
201533, 1216
221343, 1216
243328, 1216
258337, 1216
259003, 1216
261283, 1216
276565, 1216
290564, 1216
22136, 1214
223488, 1214
294623, 1214
88740, 1213
263210, 1213
62704, 1212
92901, 1212
136975, 1212
146084, 1212
28365, 1208
26742, 1207
72895, 1207
102630, 1207
134879, 1207
150151, 1207
178910, 1207
181132, 1207
184775, 1207
219811, 1207
228630, 1207
105838, 1206
111287, 1206
244778, 1206
251576, 1206
267144, 1206
270485, 1206
23185, 1205
62004, 1204
140741, 1204
156789, 1204
19805, 1202
28874, 1202
47037, 1202
70984, 1202
92603, 1202
113407, 1202
125545, 1202
133562, 1202
148109, 1202
150589, 1202
155150, 1202
176499, 1202
196031, 1202
258908, 1202
259451, 1202
270465, 1202
43043, 1201
58723, 1201
54752, 1200
64362, 1200
95691, 1200
114674, 1200
135062, 1200
143197, 1200
153504, 1200
181219, 1200
183204, 1200
193288, 1200
204546, 1200
223730, 1200
240258, 1200
260335, 1200
260714, 1200
265837, 1200
271268, 1200
273279, 1200
188832, 1198
277743, 1198
15192, 1197
43021, 1197
79663, 1197
131359, 1197
136399, 1197
141414, 1197
152688, 1197
165197, 1197
191636, 1197
195287, 1197
202982, 1197
203275, 1197
232513, 1197
236680, 1197
247839, 1197
279230, 1197
191184, 1196
275873, 1196
286662, 1196
60588, 1195
286466, 1194
287499, 1193
108162, 1192
119244, 1192
135723, 1192
138874, 1192
159432, 1192
172653, 1192
202907, 1192
228761, 1192
282326, 1192
37936, 1191
96936, 1191
138718, 1191
174991, 1191
216227, 1191
223344, 1191
231749, 1191
259372, 1191
274400, 1191
78897, 1190
201398, 1190
35146, 1188
38518, 1188
276308, 1188
196810, 1187
200869, 1187
40899, 1184
93254, 1182
17558, 1180
36339, 1180
87175, 1180
112368, 1180
115062, 1180
129828, 1180
138033, 1180
179697, 1180
188973, 1180
202187, 1180
206212, 1180
293071, 1180
131709, 1179
139337, 1179
189273, 1179
226071, 1179
241358, 1179
92089, 1178
92584, 1177
106883, 1177
122473, 1177
195050, 1177
239885, 1177
16850, 1176
43570, 1176
169572, 1176
286316, 1176
8140, 1175
61998, 1175
186567, 1174
257781, 1174
20029, 1173
30079, 1173
84793, 1173
179984, 1173
224851, 1173
256720, 1173
114503, 1172
277515, 1172
282858, 1172
98000, 1171
110761, 1170
180945, 1167
224619, 1167
110004, 1165
108084, 1164
8461, 1162
11635, 1162
41313, 1162
144997, 1162
212797, 1162
220685, 1162
42900, 1161
85096, 1161
145552, 1161
167347, 1161
228488, 1161
285613, 1161
294496, 1161
30751, 1160
6420, 1159
19015, 1159
23882, 1159
47129, 1159
53530, 1159
118195, 1159
167911, 1159
220723, 1159
295770, 1158
97662, 1157
200089, 1156
87546, 1155
224003, 1155
135868, 1154
293984, 1154
37803, 1153
40436, 1153
40773, 1153
73688, 1153
81609, 1153
94487, 1153
117022, 1153
125633, 1153
142553, 1153
156104, 1153
158373, 1153
168778, 1153
195148, 1153
197584, 1153
198966, 1153
204777, 1153
235338, 1153
239101, 1153
240802, 1153
242664, 1153
254369, 1153
275373, 1153
282680, 1153
284473, 1153
6754, 1152
268477, 1152
101028, 1150
103159, 1150
135319, 1150
85831, 1149
126252, 1149
130043, 1149
164435, 1149
207177, 1149
227661, 1149
294964, 1148
22150, 1147
188795, 1147
263725, 1147
277319, 1147
294610, 1147
183163, 1145
11255, 1144
51657, 1144
78348, 1144
128510, 1144
139861, 1144
285569, 1144
142832, 1142
17209, 1141
133751, 1141
153420, 1141
236816, 1141
263522, 1141
272665, 1141
288938, 1141
103143, 1140
116063, 1140
168158, 1140
182489, 1140
268653, 1140
288145, 1140
55789, 1139
165119, 1139
211939, 1139
216964, 1139
223093, 1139
224398, 1139
39099, 1138
220391, 1138
224493, 1138
95398, 1137
168795, 1137
77337, 1135
158013, 1135
170636, 1135
191771, 1135
192558, 1135
116420, 1134
187187, 1134
202958, 1134
53216, 1133
75903, 1133
249895, 1133
85270, 1131
89324, 1131
156429, 1131
163375, 1131
168152, 1131
208893, 1131
228573, 1131
234485, 1131
257244, 1131
264431, 1131
275667, 1131
278683, 1131
91798, 1130
112502, 1130
134869, 1130
182739, 1130
73795, 1128
174722, 1128
269735, 1128
283236, 1127
30440, 1125
69950, 1125
111355, 1125
126214, 1125
128445, 1125
133355, 1125
139425, 1125
148631, 1125
148855, 1125
153354, 1125
161544, 1125
163717, 1125
177158, 1125
186220, 1125
186906, 1125
189238, 1125
200202, 1125
201603, 1125
204301, 1125
211096, 1125
211195, 1125
212835, 1125
217696, 1125
221947, 1125
234238, 1125
246291, 1125
250225, 1125
256386, 1125
256654, 1125
257480, 1125
261748, 1125
283160, 1125
285239, 1125
293336, 1125
18052, 1123
46322, 1123
99678, 1123
109280, 1123
152069, 1123
179832, 1123
190096, 1123
230373, 1123
250542, 1123
268990, 1123
115290, 1122
160319, 1122
206849, 1122
237497, 1122
289221, 1122
17441, 1121
196862, 1121
98011, 1120
232042, 1120
259632, 1120
48604, 1119
73997, 1119
94517, 1119
95182, 1119
111696, 1119
124484, 1119
124823, 1119
137745, 1119
137940, 1119
194914, 1119
213664, 1119
216329, 1119
230195, 1119
243859, 1119
243972, 1119
253106, 1119
268121, 1119
276868, 1119
289840, 1119
295403, 1119
102718, 1117
139671, 1117
166105, 1117
233352, 1117
238671, 1117
19879, 1116
22404, 1116
26320, 1116
42964, 1116
92254, 1116
100626, 1116
118530, 1116
123525, 1116
177665, 1116
258609, 1116
279032, 1116
71290, 1115
120451, 1115
170508, 1113
272247, 1113
289374, 1113
93864, 1112
229862, 1111
152596, 1110
257167, 1110
77353, 1108
107623, 1108
184082, 1108
250028, 1108
126697, 1106
57336, 1105
58882, 1105
78636, 1105
79648, 1105
82270, 1105
85534, 1105
93821, 1105
102331, 1105
107351, 1105
110088, 1105
123137, 1105
131046, 1105
145898, 1105
148876, 1105
158902, 1105
169717, 1105
171507, 1105
184843, 1105
197165, 1105
216931, 1105
231466, 1105
233154, 1105
237910, 1105
245943, 1105
249699, 1105
276557, 1105
292439, 1105
215443, 1104
54998, 1103
84715, 1103
126940, 1103
260440, 1103
262587, 1103
162757, 1102
140286, 1101
280670, 1101
123212, 1100
221519, 1100
224838, 1100
225583, 1100
236900, 1100
279049, 1100
85296, 1099
99546, 1099
148765, 1099
158636, 1099
166542, 1099
199775, 1099
239852, 1099
265918, 1099
271678, 1099
278720, 1099
285576, 1099
288653, 1099
291782, 1099
52524, 1098
57206, 1098
82678, 1098
100859, 1098
146550, 1098
146760, 1098
154889, 1098
155964, 1098
164376, 1098
183296, 1098
226571, 1098
231943, 1098
236513, 1098
239562, 1098
240101, 1098
242013, 1098
253991, 1098
273404, 1098
285567, 1098
292870, 1098
295185, 1098
186691, 1096
214535, 1096
157260, 1095
193567, 1095
197757, 1095
206249, 1095
209578, 1095
220092, 1095
250143, 1095
277565, 1095
31125, 1094
217316, 1094
276334, 1094
204859, 1093
215855, 1093
266131, 1093
42315, 1092
191502, 1092
2194, 1091
234762, 1091
110919, 1090
107303, 1088
194687, 1088
150734, 1087
154731, 1087
212155, 1087
31010, 1086
69041, 1086
83276, 1086
114707, 1086
138804, 1086
144023, 1086
153168, 1086
155889, 1086
219859, 1086
259069, 1086
271433, 1086
272431, 1086
276268, 1086
248697, 1083
24643, 1081
133893, 1081
154806, 1081
37259, 1079
118182, 1079
256251, 1079
132536, 1078
244566, 1078
162670, 1077
209718, 1076
111675, 1075
163131, 1075
99596, 1074
135314, 1074
167962, 1074
189357, 1074
232263, 1074
238367, 1074
227203, 1073
266756, 1072
19627, 1070
53462, 1070
55162, 1070
70116, 1070
78790, 1070
95594, 1070
98620, 1070
103539, 1070
152253, 1070
156526, 1070
160085, 1070
194302, 1070
199312, 1070
233140, 1070
234988, 1070
238226, 1070
270772, 1070
283118, 1070
192156, 1068
90171, 1067
105892, 1065
179635, 1065
200555, 1065
279957, 1065
284606, 1065
52769, 1064
245156, 1064
295516, 1064
12381, 1060
55375, 1060
109443, 1060
128811, 1060
146639, 1060
167354, 1060
184913, 1060
267217, 1060
290375, 1060
173955, 1059
257558, 1059
94722, 1058
110394, 1058
136023, 1058
136382, 1058
145129, 1058
201712, 1058
206597, 1058
263685, 1058
284718, 1058
155014, 1057
256314, 1057
85135, 1056
136235, 1056
151145, 1056
183934, 1056
210553, 1056
252739, 1056
265935, 1056
275138, 1056
285990, 1056
44196, 1055
91810, 1055
104006, 1055
162130, 1055
179624, 1055
225763, 1055
246832, 1055
248298, 1055
266629, 1055
283514, 1055
287468, 1055
242469, 1054
85722, 1053
106683, 1053
255114, 1053
294473, 1053
59039, 1051
41644, 1050
105211, 1050
114390, 1050
140987, 1050
163665, 1050
171594, 1050
175699, 1050
230251, 1050
243535, 1050
253621, 1050
256787, 1050
285483, 1050
291393, 1050
296233, 1050
131037, 1049
152620, 1049
296555, 1048
9025, 1047
156273, 1047
178893, 1047
186590, 1047
229755, 1047
280844, 1047
296451, 1047
48905, 1046
59299, 1046
98393, 1046
132333, 1046
173647, 1046
272895, 1046
145540, 1045
261383, 1045
294578, 1044
115183, 1043
120605, 1043
130987, 1043
170900, 1043
203409, 1043
203709, 1043
218437, 1043
227497, 1043
229018, 1043
279518, 1043
8594, 1042
175589, 1042
145195, 1041
170301, 1041
210586, 1041
230321, 1041
236501, 1041
248936, 1041
249246, 1041
34487, 1040
121818, 1040
51862, 1038
155995, 1038
81879, 1037
38751, 1035
49577, 1035
55801, 1035
102535, 1035
146302, 1035
179963, 1035
194142, 1035
198184, 1035
226662, 1035
233228, 1035
34908, 1034
121063, 1034
150969, 1034
243868, 1034
293230, 1032
52936, 1031
119588, 1031
148930, 1031
206447, 1031
252655, 1031
274233, 1030
124799, 1029
181374, 1029
184128, 1029
198942, 1029
199398, 1029
219386, 1029
62393, 1028
90287, 1028
124440, 1028
175178, 1028
214198, 1028
265265, 1028
282212, 1028
292284, 1028
293340, 1028
113951, 1027
4331, 1026
29435, 1026
38975, 1026
81712, 1026
192609, 1026
259882, 1026
268481, 1026
275194, 1026
12392, 1025
111254, 1024
132101, 1024
142733, 1024
154128, 1024
159799, 1024
192184, 1024
195098, 1024
204031, 1024
239331, 1024
103361, 1023
33904, 1022
145284, 1022
161382, 1022
184381, 1022
214027, 1022
60632, 1021
77626, 1021
80600, 1021
117051, 1021
136631, 1021
231730, 1020
90621, 1019
169311, 1019
203163, 1019
217704, 1019
153496, 1018
224676, 1018
220141, 1017
59560, 1016
86867, 1016
93029, 1016
130087, 1016
139585, 1016
141030, 1016
144999, 1016
149525, 1016
151299, 1016
163522, 1016
167512, 1016
180667, 1016
197978, 1016
221669, 1016
226900, 1016
234670, 1016
257748, 1016
260036, 1016
94760, 1013
158034, 1013
17952, 1012
19058, 1012
55981, 1012
119966, 1012
255161, 1012
278816, 1012
285063, 1012
202934, 1010
213930, 1010
108468, 1009
150689, 1009
152963, 1009
182042, 1009
215008, 1009
295741, 1009
77210, 1008
98530, 1008
128198, 1008
164120, 1008
7536, 1007
19098, 1007
49170, 1007
109676, 1007
125734, 1007
138553, 1007
210620, 1007
295743, 1007
66925, 1005
132772, 1004
183295, 1004
275291, 1004
14942, 1003
157929, 1003
243122, 1003
225357, 1002
111710, 1001
146042, 1001
223141, 1001
30287, 1000
