67451, 116033
74703, 116033
80655, 116033
82126, 116033
82375, 116033
82876, 116033
85511, 116033
89325, 116033
90085, 116033
92016, 116033
95549, 116033
100134, 116033
100183, 116033
102013, 116033
104564, 116033
106089, 116033
107536, 116033
108479, 116033
109163, 116033
116693, 116033
119000, 116033
125473, 116033
125716, 116033
127021, 116033
127610, 116033
129109, 116033
130327, 116033
132429, 116033
136783, 116033
138785, 116033
138974, 116033
145316, 116033
155627, 116033
167110, 116033
202717, 116033
233448, 116033
262111, 116033
