1417, 144752
1446, 144752
1481, 144752
1755, 144752
2357, 144752
2457, 144752
3890, 144752
3913, 144752
4537, 144752
4785, 144752
5453, 144752
7215, 144752
7875, 144752
8288, 144752
11333, 144752
12429, 144752
13446, 144752
13923, 144752
14738, 144752
16687, 144752
16851, 144752
17326, 144752
17469, 144752
17535, 144752
18059, 144752
18566, 144752
18650, 144752
19458, 144752
20108, 144752
20131, 144752
20617, 144752
20875, 144752
22338, 144752
24592, 144752
25772, 144752
25957, 144752
26599, 144752
26768, 144752
28083, 144752
28300, 144752
29927, 144752
29974, 144752
32335, 144752
32521, 144752
32585, 144752
37135, 144752
37392, 144752
37898, 144752
39907, 144752
40401, 144752
40671, 144752
40932, 144752
45351, 144752
49211, 144752
50451, 144752
61007, 144752
68448, 144752
68620, 144752
70886, 144752
72081, 144752
72099, 144752
72911, 144752
76974, 144752
80665, 144752
83059, 144752
84372, 144752
84944, 144752
86522, 144752
90185, 144752
93086, 144752
93295, 144752
106278, 144752
111074, 144752
113051, 144752
117541, 144752
119770, 144752
122691, 144752
123886, 144752
136829, 144752
138772, 144752
141116, 144752
144612, 144752
148728, 144752
154887, 144752
159085, 144752
162167, 144752
169176, 144752
178658, 144752
196683, 144752
210598, 144752
211135, 144752
233678, 144752
253247, 144752
256736, 144752
269002, 144752
284053, 144752
287139, 144752
290156, 144752
89377, 144644
211852, 144644
230125, 144644
247989, 144644
248358, 144644
256532, 144644
277688, 138818
170150, 133299
224446, 133299
238120, 133299
246245, 133299
266965, 133299
4367, 130362
41020, 130362
58702, 130362
63224, 130362
69930, 130362
72288, 130362
83569, 130362
142485, 130362
154110, 130362
188500, 130362
5611, 129857
24171, 128197
54376, 128197
2593, 126540
3866, 126540
6497, 126540
6975, 126540
20378, 126540
25719, 126540
30085, 126540
44283, 126540
183488, 126540
238223, 126540
190802, 117853
192307, 110586
294482, 110586
75137, 15069
112164, 15069
128841, 15069
150438, 15069
192322, 15069
214567, 15069
232734, 15012
207214, 14597
23028, 14388
271580, 14388
50443, 14201
60043, 14201
61541, 14201
247686, 14201
257802, 14201
74893, 14154
80971, 14154
92059, 14154
95104, 14154
100194, 14154
106414, 14154
109860, 14154
133222, 14154
136721, 14154
136934, 14154
137216, 14154
140610, 14154
141420, 14154
142225, 14154
142728, 14154
150593, 14154
152524, 14154
152553, 14154
153652, 14154
156020, 14154
159354, 14154
163941, 14154
167558, 14154
171394, 14154
172733, 14154
177722, 14154
185185, 14154
187944, 14154
195678, 14154
202929, 14154
203359, 14154
215985, 14154
225022, 14154
226129, 14154
231715, 14154
233328, 14154
239651, 14154
241436, 14154
248064, 14154
249064, 14154
252763, 14154
255183, 14154
259664, 14154
261502, 14154
262280, 14154
263677, 14154
272325, 14154
275050, 14154
277897, 14154
279052, 14154
289508, 14154
291818, 14154
293101, 14154
77551, 14123
96394, 14123
194337, 14123
197870, 14123
202600, 14123
231799, 14123
244625, 14123
295873, 14123
69347, 13654
191319, 13654
103436, 13644
112352, 13644
128051, 13644
138912, 13644
172245, 13644
178914, 13644
206425, 13644
210138, 13644
225738, 13644
293264, 13644
269190, 12062
250780, 11976
213004, 11703
272736, 11703
140014, 8256
24055, 8116
34316, 8116
37253, 8116
46347, 8116
48613, 8116
72461, 8116
86374, 8116
87442, 8116
149734, 8116
240582, 8058
31520, 8055
38343, 8055
107068, 8055
21577, 8054
40478, 8054
42310, 8054
42810, 8054
60039, 8054
60073, 8054
63003, 8054
85249, 8054
85464, 8054
89819, 8054
91022, 8054
95160, 8054
98216, 8054
98440, 8054
100706, 8054
120066, 8054
126157, 8054
128994, 8054
132110, 8054
135243, 8054
171279, 8054
179641, 8054
206242, 8054
213936, 8054
70622, 7822
76418, 7822
88356, 7822
89648, 7822
108531, 7822
111725, 7822
127975, 7822
128948, 7822
133516, 7822
134450, 7822
137292, 7822
171729, 7822
206507, 7822
230953, 7822
235137, 7822
261051, 7822
262866, 7822
266215, 7822
267342, 7822
173709, 7801
19457, 7797
36299, 7797
81631, 7797
97649, 7797
119277, 7797
122963, 7797
124195, 7797
138923, 7797
149257, 7797
159583, 7797
198956, 7797
249852, 7797
276945, 7797
33320, 7788
65137, 7788
112790, 7788
26280, 7775
38798, 7775
95823, 7775
99188, 7775
141203, 7775
148757, 7775
149941, 7775
163648, 7775
243017, 7775
260774, 7775
267608, 7775
287069, 7775
4721, 7772
10585, 7772
24502, 7772
59637, 7772
62563, 7772
108030, 7772
113106, 7772
115698, 7772
151065, 7772
218435, 7772
257172, 7772
217885, 7748
232073, 7748
209605, 7631
63242, 7624
105907, 7624
124344, 7624
214718, 7624
235156, 7624
284924, 7624
11311, 7498
71964, 7460
114287, 7460
241141, 7460
10479, 7443
95656, 7443
214357, 7443
264766, 7443
63707, 7442
290578, 7442
59852, 7438
98561, 7438
151815, 7438
161236, 7438
163541, 7438
190539, 7438
211151, 7438
216654, 7438
88785, 7426
254274, 7426
15361, 7366
120846, 7339
158286, 7339
33219, 7326
8756, 7283
67413, 7283
145290, 7283
151948, 7283
29132, 7262
74413, 7262
282526, 7246
16282, 7184
30107, 6964
154671, 6964
88901, 6957
122664, 6957
122977, 6957
65690, 6919
67512, 6919
192901, 6738
231796, 6738
94196, 6640
275832, 6510
196488, 6447
49851, 6398
84304, 6389
123233, 6389
155531, 6389
176582, 6389
260645, 6389
276179, 6389
219421, 6382
204997, 6366
239922, 6366
266986, 6366
39276, 6338
77052, 6314
134318, 6314
180080, 6314
185105, 6314
16100, 6295
21672, 6295
47501, 6295
16346, 6280
20508, 6278
16444, 6252
31478, 6252
35215, 6252
6567, 6246
14264, 6216
19254, 6216
71793, 6169
132188, 6169
128826, 6149
190253, 6149
33378, 6130
65559, 6118
157109, 6086
27892, 5901
28686, 5901
77130, 5901
30759, 5868
76518, 5868
142267, 5868
8667, 5817
9911, 5817
13099, 5817
14720, 5817
27002, 5817
27397, 5817
31715, 5817
41715, 5817
44089, 5817
51249, 5817
82237, 5817
107060, 5817
38004, 5809
155092, 5774
94403, 5762
86601, 5740
57771, 5713
87784, 5713
95860, 5713
226506, 5713
249244, 5713
249163, 5696
4967, 5679
132633, 5648
170846, 5631
206379, 5597
125670, 5523
219950, 5479
241841, 5457
200675, 5440
15208, 5413
39747, 5413
52296, 5333
77571, 5250
89248, 5250
185913, 5234
32831, 5205
159167, 5202
163714, 5174
6713, 5170
14923, 5170
72224, 5170
72307, 5170
77955, 5170
87089, 5170
97607, 5170
104041, 5170
108574, 5170
109114, 5170
124955, 5170
125432, 5170
126556, 5170
130178, 5170
138460, 5170
141321, 5170
141515, 5170
142594, 5170
143883, 5170
148935, 5170
157971, 5170
165727, 5170
169835, 5170
170948, 5170
174340, 5170
178883, 5170
181734, 5170
183058, 5170
185808, 5170
202413, 5170
204111, 5170
204382, 5170
214449, 5170
216260, 5170
219096, 5170
221041, 5170
221550, 5170
225039, 5170
227066, 5170
231644, 5170
232523, 5170
232668, 5170
236047, 5170
238729, 5170
249993, 5170
257329, 5170
258201, 5170
259818, 5170
276883, 5170
280355, 5170
281241, 5170
282820, 5170
293789, 5170
44449, 5138
295110, 5128
94008, 5100
282672, 5093
36693, 5075
1615, 5055
79168, 5055
209058, 5055
220493, 5055
34988, 5035
96462, 5035
291159, 5029
48308, 5019
286480, 5010
102017, 5009
230896, 4981
71445, 4978
187889, 4962
291585, 4962
17823, 4926
127754, 4915
218232, 4915
258780, 4915
295503, 4915
257067, 4914
14870, 4900
11374, 4896
199565, 4895
69667, 4887
78083, 4887
14132, 4859
35195, 4859
174458, 4847
143400, 4838
147064, 4838
164243, 4838
184790, 4838
187749, 4838
253039, 4838
125986, 4833
7462, 4794
21095, 4755
80112, 4744
193071, 4742
33900, 4726
61881, 4706
61824, 4646
256831, 4646
1666, 4626
30577, 4626
42360, 4626
84458, 4626
38347, 4587
201379, 4571
153264, 4561
259774, 4561
254890, 4560
59171, 4534
74617, 4534
2776, 4494
3485, 4494
35272, 4494
131778, 4494
6559, 4482
239751, 4469
86123, 4462
9280, 4461
284127, 4460
262215, 4435
118293, 4422
7693, 4399
21123, 4335
95579, 4320
177119, 4320
279753, 4320
179394, 4297
100195, 4277
115867, 4251
148204, 4251
3953, 4183
72949, 4170
81254, 4170
82733, 4170
87939, 4170
99173, 4170
100941, 4170
130978, 4170
156303, 4170
156358, 4170
219883, 4170
249646, 4170
266515, 4170
270507, 4170
278903, 4170
5470, 4162
71740, 4096
112847, 4096
36212, 4089
146824, 4061
99025, 4050
53148, 4049
288020, 4044
23988, 4039
34948, 4039
53688, 4028
62467, 4028
236765, 4025
20832, 4016
180853, 4013
256206, 4013
200954, 4003
226866, 4003
227854, 3973
274785, 3972
171871, 3969
7063, 3959
246230, 3948
9126, 3942
102581, 3936
1283, 3925
163364, 3922
113304, 3921
290248, 3911
240719, 3909
155074, 3888
250522, 3888
256728, 3888
268779, 3888
293042, 3888
21154, 3880
137892, 3880
112978, 3878
68665, 3860
265962, 3860
142065, 3837
195006, 3836
199823, 3836
219043, 3836
272866, 3836
152000, 3814
52515, 3811
244628, 3809
254113, 3793
144682, 3790
3764, 3783
165101, 3783
91764, 3777
26863, 3775
142189, 3773
247714, 3763
107636, 3752
7860, 3728
244918, 3725
64395, 3720
90464, 3720
276405, 3720
179089, 3700
286043, 3700
38115, 3689
4268, 3683
31255, 3680
63958, 3680
91929, 3680
104115, 3680
117984, 3675
128728, 3675
17345, 3673
135377, 3663
91491, 3658
123219, 3658
252958, 3645
82602, 3640
202906, 3640
273889, 3636
113468, 3635
84851, 3631
33604, 3611
123728, 3611
151556, 3611
262597, 3611
260805, 3606
287895, 3606
214071, 3600
253706, 3600
291066, 3596
68555, 3569
52667, 3563
7055, 3562
25340, 3562
32034, 3562
37080, 3562
171388, 3562
198281, 3562
229409, 3562
241207, 3562
267801, 3562
275216, 3562
101808, 3555
105833, 3555
119115, 3555
171722, 3555
179414, 3555
181300, 3555
198823, 3555
203750, 3553
282059, 3553
22858, 3552
23494, 3552
47675, 3552
79620, 3552
99970, 3552
185534, 3552
195286, 3552
277034, 3552
112203, 3547
36669, 3539
212626, 3534
16834, 3532
84332, 3531
249113, 3531
28331, 3527
29884, 3527
69230, 3527
70317, 3527
73286, 3527
158735, 3527
209322, 3509
10857, 3507
121489, 3507
99483, 3504
164306, 3504
212962, 3504
229742, 3504
258050, 3504
262140, 3504
253743, 3494
267432, 3494
113332, 3493
25907, 3482
7024, 3472
216036, 3472
55895, 3470
76421, 3470
272021, 3470
287583, 3470
30799, 3468
68062, 3463
82996, 3463
155033, 3463
123467, 3460
282438, 3459
43259, 3458
27710, 3456
47339, 3453
7551, 3452
108039, 3452
59925, 3449
5553, 3446
9592, 3446
9672, 3446
12984, 3446
23450, 3446
25692, 3446
29164, 3446
32832, 3446
33802, 3446
40080, 3446
40623, 3446
43878, 3446
58220, 3446
58430, 3446
66712, 3446
72984, 3446
74696, 3446
76162, 3446
80075, 3446
83945, 3446
94172, 3446
94540, 3446
105767, 3446
116191, 3446
120807, 3446
120815, 3446
146455, 3446
181970, 3446
182057, 3446
197696, 3446
227291, 3446
232489, 3446
272518, 3446
279842, 3446
12111, 3440
164434, 3440
26882, 3435
42669, 3435
66328, 3435
192360, 3435
87921, 3434
238194, 3429
253248, 3429
263299, 3429
223685, 3423
33000, 3411
46208, 3411
75366, 3411
109252, 3411
238336, 3411
21881, 3407
22450, 3407
23736, 3407
124870, 3407
104664, 3403
217486, 3403
246094, 3403
166365, 3401
217135, 3400
92519, 3396
213531, 3396
56161, 3380
42752, 3379
97477, 3377
110303, 3377
71693, 3372
76222, 3372
242745, 3370
260069, 3370
7203, 3367
13720, 3367
26509, 3367
31040, 3367
33809, 3367
46704, 3367
46784, 3367
46993, 3367
57977, 3367
111787, 3367
160268, 3367
176133, 3367
234992, 3367
238236, 3367
238644, 3367
276655, 3367
281540, 3367
108389, 3364
150767, 3364
167006, 3364
199514, 3364
249814, 3364
21656, 3362
49756, 3362
67203, 3362
68237, 3362
77747, 3362
92332, 3362
94520, 3362
110570, 3362
136976, 3362
167079, 3362
188758, 3362
192549, 3362
193749, 3362
195303, 3362
204249, 3362
208975, 3362
228706, 3362
20728, 3354
39514, 3354
70712, 3349
150329, 3348
143020, 3343
97069, 3341
231682, 3341
42359, 3336
21089, 3331
148483, 3331
120232, 3323
265306, 3323
7595, 3322
30072, 3322
109346, 3322
203088, 3322
278901, 3322
46614, 3320
93739, 3319
153005, 3319
96045, 3318
36864, 3311
47027, 3311
64204, 3311
65653, 3311
192349, 3311
206040, 3311
273284, 3311
9778, 3305
204890, 3296
51615, 3290
56433, 3273
73504, 3273
76304, 3273
81332, 3273
93217, 3273
93949, 3273
98311, 3273
142745, 3273
154926, 3273
192065, 3273
222688, 3273
276989, 3273
287059, 3273
291561, 3273
155081, 3271
62556, 3256
45263, 3253
79797, 3253
137716, 3253
172024, 3253
189580, 3253
224041, 3253
247369, 3253
16154, 3248
25413, 3248
92668, 3248
218546, 3248
243526, 3248
263100, 3248
265477, 3248
236083, 3227
242059, 3222
16578, 3215
141308, 3215
143509, 3215
158081, 3215
208176, 3215
219955, 3215
220695, 3215
296236, 3215
115538, 3214
211598, 3214
215484, 3214
253011, 3214
31169, 3208
112737, 3208
197480, 3208
250509, 3208
273978, 3208
278759, 3208
46737, 3206
20213, 3201
35831, 3201
81540, 3201
88396, 3201
99584, 3201
270631, 3201
27543, 3196
85929, 3195
126473, 3195
14083, 3189
38414, 3189
103208, 3189
98400, 3184
133914, 3184
261572, 3169
65905, 3160
143070, 3160
287039, 3156
100726, 3151
24937, 3150
31685, 3150
62351, 3150
212153, 3142
244404, 3142
254031, 3142
125710, 3141
139234, 3131
90295, 3130
100054, 3130
101349, 3130
124398, 3130
184468, 3130
230318, 3130
31, 3113
5223, 3106
20886, 3106
23533, 3106
46557, 3106
62102, 3106
103281, 3106
125500, 3106
140903, 3106
143207, 3106
248749, 3106
97603, 3102
6000, 3099
61589, 3099
67209, 3099
107239, 3099
69958, 3097
5181, 3094
64534, 3094
85838, 3094
209682, 3094
83024, 3093
101126, 3093
122815, 3093
153278, 3093
188143, 3084
145881, 3076
176748, 3076
54360, 3071
142149, 3071
273180, 3071
156219, 3070
36283, 3067
56933, 3067
82580, 3067
36435, 3063
36136, 3059
72898, 3059
92442, 3058
121509, 3058
134402, 3058
149847, 3058
249641, 3058
256085, 3058
289082, 3058
174328, 3057
202622, 3057
32380, 3056
24483, 3052
21847, 3051
58333, 3051
126826, 3051
138362, 3051
220323, 3051
42042, 3046
10824, 3043
81475, 3043
189116, 3043
284951, 3038
28710, 3037
82700, 3037
164587, 3037
191834, 3033
295991, 3032
4662, 3030
13560, 3030
88158, 3030
259546, 3030
4944, 3026
23618, 3026
135603, 3026
65514, 3016
91964, 3016
104668, 3016
105123, 3016
117000, 3016
120838, 3016
129544, 3016
154651, 3016
211576, 3016
240329, 3016
259775, 3016
285738, 3016
288380, 3016
153643, 3014
171701, 3011
55161, 3002
21037, 2999
40900, 2996
148901, 2990
221982, 2990
46810, 2989
64914, 2989
284667, 2987
26929, 2974
68439, 2970
195618, 2958
20451, 2953
38027, 2953
43649, 2953
134416, 2953
103177, 2939
185064, 2939
213090, 2939
282298, 2939
293329, 2939
196424, 2925
228334, 2915
238736, 2915
269624, 2915
111207, 2914
9143, 2912
106797, 2912
206602, 2912
15709, 2909
142272, 2907
23959, 2901
152285, 2892
16015, 2891
54712, 2889
20380, 2884
21392, 2884
221722, 2880
234843, 2880
176045, 2876
80275, 2872
105110, 2862
162979, 2862
175639, 2862
178457, 2862
94219, 2861
219393, 2861
284393, 2854
125205, 2850
15349, 2849
33308, 2846
61537, 2846
149914, 2846
208061, 2846
287999, 2846
59558, 2837
277320, 2837
154397, 2832
200922, 2832
233213, 2831
240142, 2831
268533, 2825
51981, 2819
71046, 2817
74809, 2817
142955, 2817
151784, 2817
156096, 2817
192329, 2817
217196, 2817
230359, 2817
262802, 2817
270086, 2817
26558, 2813
232780, 2813
113867, 2805
227239, 2805
44145, 2797
139165, 2791
228884, 2791
75357, 2784
264398, 2782
224035, 2779
195172, 2773
242221, 2773
16926, 2772
43623, 2762
281056, 2760
52568, 2759
160157, 2756
224094, 2756
227356, 2756
231966, 2756
240869, 2756
242869, 2756
706, 2755
11417, 2755
73661, 2755
80634, 2755
93465, 2755
179258, 2755
190790, 2755
194428, 2755
208114, 2755
210295, 2755
266396, 2755
295320, 2755
37070, 2743
78224, 2743
122357, 2743
126229, 2743
41064, 2742
6275, 2735
8444, 2735
15680, 2735
18668, 2735
24856, 2735
39966, 2735
47940, 2735
50301, 2735
64248, 2735
76399, 2735
82663, 2735
98778, 2735
145953, 2735
243472, 2735
90126, 2729
102325, 2729
24631, 2728
4250, 2727
37460, 2727
115833, 2727
233910, 2727
252926, 2717
245184, 2714
15437, 2702
92101, 2698
179294, 2698
141964, 2696
196321, 2687
10991, 2681
44330, 2676
48758, 2676
61049, 2676
118081, 2676
161237, 2676
26933, 2657
82019, 2654
114351, 2638
143169, 2638
83410, 2637
95729, 2637
49924, 2636
60198, 2636
162700, 2636
173797, 2636
79907, 2634
112549, 2634
157757, 2634
280861, 2634
52758, 2617
12924, 2615
21797, 2615
23997, 2615
27942, 2615
66605, 2615
80139, 2615
112264, 2615
127801, 2615
150966, 2615
169042, 2615
4188, 2612
109979, 2612
167515, 2612
174812, 2612
37500, 2609
65999, 2608
86691, 2604
98454, 2604
12464, 2603
44597, 2603
49619, 2603
124058, 2603
126815, 2603
131072, 2603
159825, 2603
243861, 2603
64915, 2600
76903, 2600
16889, 2598
84, 2587
122, 2587
124, 2587
140, 2587
146, 2587
218, 2587
43138, 2587
43457, 2587
43975, 2587
51837, 2587
54559, 2587
57249, 2587
73436, 2587
119557, 2584
148993, 2584
176220, 2584
218802, 2584
243460, 2584
248648, 2584
48128, 2579
109360, 2579
224774, 2579
69599, 2576
154608, 2576
7899, 2570
45130, 2570
8570, 2569
31039, 2569
35870, 2569
49009, 2569
54353, 2569
65253, 2569
78916, 2569
121460, 2569
72021, 2565
230168, 2565
235209, 2547
264477, 2546
23339, 2544
28981, 2544
41106, 2544
125895, 2544
191307, 2544
213755, 2544
123566, 2532
162445, 2532
164195, 2532
166774, 2532
191365, 2532
211876, 2532
215346, 2532
217368, 2532
218152, 2532
239408, 2532
241583, 2532
242137, 2532
251692, 2532
255762, 2532
256958, 2532
261987, 2532
265730, 2532
278529, 2532
282921, 2532
292869, 2532
295625, 2532
60236, 2530
78340, 2530
159036, 2530
55014, 2526
113282, 2526
205393, 2526
35144, 2525
200678, 2525
209096, 2525
282231, 2525
37483, 2524
77863, 2524
114154, 2524
178130, 2524
77463, 2520
163597, 2520
195268, 2520
290820, 2520
11523, 2508
50576, 2508
119382, 2508
225030, 2508
33624, 2507
111764, 2501
253, 2500
314, 2500
351, 2500
42424, 2500
44794, 2500
45346, 2500
45809, 2500
54473, 2500
60381, 2500
76419, 2500
83183, 2500
99085, 2500
267781, 2500
133935, 2498
190362, 2498
194917, 2498
198031, 2498
233483, 2498
252424, 2498
269048, 2498
1965, 2496
92769, 2494
96850, 2494
290996, 2494
89268, 2491
72169, 2490
207749, 2490
209295, 2490
17677, 2488
12432, 2486
38190, 2479
285759, 2479
9790, 2477
96488, 2477
123794, 2477
123921, 2477
235681, 2477
23836, 2470
46295, 2470
33625, 2464
43616, 2464
100328, 2464
5829, 2458
11575, 2458
31803, 2458
92296, 2458
95081, 2458
110544, 2458
6019, 2451
145929, 2445
228174, 2445
11451, 2440
104, 2438
117, 2438
168, 2438
223, 2438
1680, 2438
136407, 2438
164578, 2435
187482, 2435
286208, 2435
296147, 2435
240647, 2425
7987, 2423
19519, 2423
233897, 2423
28781, 2419
43655, 2417
36030, 2416
138984, 2410
140427, 2408
94789, 2395
108000, 2395
112463, 2395
133088, 2395
208638, 2395
288269, 2394
79555, 2392
92396, 2389
13952, 2383
11984, 2379
286831, 2379
201682, 2372
203110, 2366
76198, 2353
103276, 2353
135486, 2353
147509, 2353
160585, 2353
150441, 2345
198923, 2345
172626, 2344
54400, 2341
78754, 2341
2984, 2336
65327, 2336
81688, 2336
185851, 2336
225212, 2336
289689, 2336
69106, 2334
196816, 2334
222056, 2334
168213, 2329
139, 2323
143, 2323
142912, 2322
151259, 2322
159884, 2322
196193, 2322
204458, 2322
209183, 2322
214041, 2322
219408, 2322
221425, 2322
240191, 2322
241672, 2322
271147, 2322
281707, 2322
147770, 2318
102166, 2317
65168, 2314
33632, 2311
23828, 2303
114770, 2303
247945, 2302
177356, 2296
65109, 2294
252953, 2294
210739, 2277
95754, 2273
126489, 2273
167208, 2273
206808, 2273
38180, 2272
81837, 2272
94934, 2272
97299, 2270
241368, 2270
58229, 2261
10807, 2260
217817, 2256
2049, 2255
244487, 2255
261609, 2252
15612, 2251
86059, 2251
131019, 2251
138810, 2240
193697, 2240
150531, 2235
262, 2234
32098, 2229
37940, 2229
93720, 2229
103103, 2229
117508, 2229
186598, 2229
213287, 2229
45362, 2226
262277, 2221
123681, 2219
131478, 2219
143864, 2219
186750, 2219
255752, 2219
257499, 2219
261801, 2219
47355, 2217
101278, 2217
113916, 2217
238240, 2217
248265, 2217
148671, 2213
210093, 2213
213119, 2213
293690, 2211
255528, 2208
295637, 2208
10725, 2207
80406, 2199
158017, 2195
226534, 2195
276690, 2195
43936, 2194
94825, 2185
141491, 2181
92949, 2174
117010, 2174
119507, 2174
291021, 2174
196827, 2172
44730, 2155
139012, 2155
209405, 2155
66018, 2151
250761, 2150
163641, 2137
18543, 2134
83675, 2132
255247, 2131
86721, 2125
246055, 2125
218224, 2114
167035, 2111
45267, 2107
108578, 2107
31229, 2106
96811, 2106
184824, 2106
167513, 2105
33789, 2104
53140, 2104
35998, 2103
107661, 2103
157605, 2103
243521, 2103
127509, 2099
21652, 2097
22457, 2097
66834, 2097
75087, 2097
120685, 2097
225565, 2096
230534, 2096
253556, 2096
294233, 2096
65827, 2094
288065, 2094
69249, 2093
62671, 2090
212890, 2088
128722, 2087
147280, 2087
153855, 2087
171173, 2087
186357, 2087
196150, 2087
228726, 2087
231649, 2087
264205, 2087
14592, 2082
240285, 2081
73942, 2077
4658, 2076
34795, 2076
86568, 2076
90060, 2076
91085, 2076
99030, 2076
129308, 2076
133839, 2076
142586, 2076
194286, 2076
220474, 2076
195450, 2066
166534, 2063
161125, 2060
94705, 2059
143537, 2059
268023, 2059
19911, 2057
79260, 2057
89312, 2057
124223, 2057
202802, 2057
12683, 2055
17659, 2055
28672, 2055
61545, 2055
117495, 2055
166300, 2050
52019, 2046
117404, 2046
167270, 2046
207946, 2046
211218, 2046
261187, 2043
278983, 2043
287211, 2043
6575, 2039
38508, 2039
162895, 2039
216983, 2039
45185, 2034
180324, 2034
123243, 2030
160895, 2030
168190, 2028
191678, 2028
212274, 2011
244281, 2009
18150, 2007
12587, 2005
132477, 2005
170292, 2005
139511, 2004
175961, 2004
8621, 2002
36019, 2002
36077, 2002
80530, 2002
107196, 2002
239447, 2002
24011, 2001
19608, 1992
12963, 1987
188127, 1986
45239, 1983
51295, 1983
109593, 1983
212296, 1983
219699, 1983
265621, 1983
293793, 1983
117894, 1981
64978, 1979
213129, 1977
144925, 1975
129442, 1971
23937, 1965
5522, 1963
121744, 1961
97995, 1959
114236, 1959
147516, 1959
147924, 1959
9145, 1958
28086, 1958
116511, 1958
239291, 1958
76169, 1957
259325, 1957
35016, 1955
144938, 1953
156535, 1953
192951, 1953
220745, 1953
263772, 1949
295807, 1947
51870, 1946
153500, 1946
82918, 1942
172786, 1938
162516, 1937
179137, 1936
199217, 1932
206048, 1932
270687, 1932
117971, 1924
236341, 1923
68469, 1918
139997, 1918
34801, 1917
83717, 1917
163799, 1917
167535, 1917
79201, 1915
106544, 1915
111244, 1915
111614, 1915
132393, 1915
143984, 1915
144047, 1915
54699, 1905
112888, 1902
204809, 1902
64241, 1901
215270, 1901
287228, 1901
24258, 1895
244067, 1893
249372, 1893
63189, 1888
82319, 1888
139789, 1888
31784, 1880
36941, 1878
23759, 1877
251560, 1870
283804, 1870
22855, 1869
156478, 1869
164167, 1869
185824, 1869
112194, 1864
295502, 1864
186518, 1860
194198, 1859
242121, 1859
275119, 1859
14299, 1858
42488, 1858
58027, 1858
67015, 1858
124333, 1858
149571, 1858
166057, 1858
186730, 1858
27470, 1856
115327, 1856
170962, 1856
58574, 1855
184461, 1854
122566, 1849
129338, 1849
242340, 1849
276593, 1847
124315, 1843
181288, 1843
197009, 1843
76429, 1840
100425, 1840
120941, 1840
127378, 1840
173225, 1840
248618, 1840
172614, 1839
12354, 1837
15795, 1837
144729, 1837
29531, 1836
68141, 1836
68315, 1836
110325, 1836
355, 1835
18607, 1835
67541, 1835
203423, 1835
49499, 1832
173240, 1832
209652, 1832
256933, 1832
26251, 1829
62471, 1827
62928, 1827
57592, 1823
87899, 1822
124765, 1822
238062, 1822
265004, 1822
57025, 1821
66407, 1821
70005, 1821
73655, 1821
81298, 1821
103292, 1821
104005, 1821
104854, 1821
139796, 1821
191687, 1821
193267, 1821
237195, 1821
267730, 1821
268130, 1821
273210, 1821
130393, 1817
182673, 1817
38334, 1816
82281, 1816
109563, 1816
143475, 1816
180600, 1816
211348, 1816
251799, 1816
288683, 1816
76467, 1814
83104, 1814
97562, 1814
126985, 1814
159698, 1814
171127, 1814
195049, 1814
204221, 1814
281798, 1814
282810, 1814
292367, 1814
20271, 1813
97632, 1813
137435, 1813
160645, 1813
251029, 1813
24804, 1809
79698, 1809
112443, 1809
160186, 1809
33931, 1808
31350, 1807
50896, 1807
51184, 1807
56049, 1807
90986, 1807
186299, 1807
9440, 1806
111064, 1806
115802, 1806
134551, 1806
152249, 1806
178451, 1806
175579, 1805
204823, 1803
248584, 1803
79008, 1802
84907, 1802
254055, 1802
39151, 1800
65422, 1798
84535, 1798
133272, 1798
294970, 1798
76001, 1797
261116, 1797
294818, 1797
148005, 1794
154259, 1794
260976, 1794
40362, 1793
127176, 1793
130148, 1793
229015, 1793
236065, 1793
38861, 1791
76126, 1790
158201, 1790
171324, 1790
171802, 1790
193069, 1790
252517, 1790
284576, 1784
78499, 1779
41958, 1775
39900, 1770
108926, 1770
110680, 1770
114980, 1770
115172, 1770
121066, 1770
135482, 1770
139661, 1770
144450, 1770
146335, 1770
547, 1767
1081, 1767
262825, 1767
28296, 1766
103798, 1766
116704, 1766
256321, 1766
128703, 1764
26076, 1763
75528, 1763
85784, 1763
88668, 1763
90913, 1763
102233, 1763
111502, 1763
117872, 1763
6558, 1762
58955, 1762
205464, 1762
256308, 1762
4063, 1757
127897, 1757
165133, 1757
50011, 1756
7897, 1753
57327, 1753
98150, 1753
101797, 1753
249399, 1753
259578, 1752
43028, 1749
114495, 1749
129233, 1749
271544, 1749
101946, 1748
172283, 1748
183400, 1748
218921, 1748
268403, 1748
218781, 1745
180165, 1740
130035, 1739
46305, 1738
95425, 1738
98350, 1738
172563, 1738
178904, 1738
246296, 1738
247342, 1738
248718, 1738
55628, 1737
83600, 1737
109176, 1737
152362, 1737
258545, 1736
68020, 1735
90765, 1735
185719, 1735
204025, 1735
204326, 1735
206745, 1735
234841, 1735
273317, 1735
283038, 1735
288311, 1731
90959, 1728
6851, 1727
56911, 1727
19372, 1726
49387, 1726
164432, 1726
174107, 1726
203107, 1726
224697, 1726
81311, 1725
220945, 1725
161829, 1722
289817, 1722
294020, 1721
61987, 1718
231220, 1717
70797, 1716
122605, 1716
138425, 1716
174281, 1715
183012, 1715
230178, 1715
219605, 1714
117550, 1710
213483, 1710
232689, 1710
256842, 1710
44119, 1707
123194, 1707
230287, 1707
184876, 1704
230364, 1704
276596, 1704
62736, 1700
29958, 1695
80807, 1695
140600, 1695
24981, 1694
136293, 1694
209053, 1694
172906, 1693
232338, 1691
7432, 1688
132210, 1688
156851, 1688
36914, 1686
14265, 1682
105858, 1682
273440, 1682
112661, 1680
295775, 1680
17379, 1678
47587, 1678
95300, 1678
73050, 1675
108262, 1675
247605, 1675
282979, 1675
206297, 1672
89295, 1671
134285, 1671
167885, 1671
164015, 1670
238949, 1669
148468, 1666
1129, 1665
206524, 1665
108936, 1663
143442, 1663
213300, 1663
224677, 1663
54467, 1662
78463, 1662
245725, 1662
172911, 1659
23057, 1658
80067, 1658
137394, 1658
196802, 1658
187671, 1657
143819, 1656
167649, 1654
246731, 1654
4326, 1653
219038, 1653
269, 1648
7791, 1648
60303, 1648
170298, 1648
66249, 1647
289237, 1647
119945, 1646
120322, 1645
5244, 1643
22689, 1643
42370, 1642
156955, 1642
207659, 1642
228010, 1642
255489, 1642
256365, 1642
282359, 1642
199006, 1638
277894, 1638
12592, 1636
190645, 1636
218741, 1632
228430, 1632
202166, 1631
214727, 1631
28930, 1629
33968, 1629
91753, 1629
14323, 1624
17555, 1624
23153, 1624
27694, 1624
58545, 1623
124100, 1623
142295, 1623
12484, 1622
32813, 1622
36690, 1622
216295, 1622
148034, 1621
153989, 1621
156493, 1621
149448, 1619
55982, 1613
143187, 1613
153176, 1613
174154, 1613
229819, 1613
242841, 1613
272288, 1613
106842, 1611
147907, 1611
188810, 1611
197768, 1611
216339, 1611
219716, 1611
289463, 1611
86317, 1608
107752, 1608
115901, 1608
118578, 1608
194707, 1608
85274, 1604
142600, 1601
2906, 1600
46082, 1597
258203, 1597
287171, 1596
25397, 1591
59231, 1591
125374, 1591
161390, 1591
183341, 1591
233730, 1591
253559, 1591
279107, 1591
284300, 1591
67065, 1589
84710, 1589
262721, 1589
294426, 1589
27077, 1588
34088, 1588
75069, 1588
157944, 1587
178672, 1586
21998, 1582
155959, 1582
166844, 1580
184747, 1580
188528, 1580
201918, 1580
254567, 1580
52274, 1579
90978, 1579
141734, 1579
140968, 1578
156245, 1578
181619, 1577
171554, 1576
223779, 1576
248365, 1576
31968, 1574
51119, 1574
23901, 1573
31029, 1573
55692, 1572
7655, 1570
56734, 1570
85394, 1570
79444, 1569
147221, 1569
120593, 1566
187302, 1565
249634, 1565
10699, 1564
19579, 1564
109573, 1564
179466, 1564
179503, 1564
197105, 1564
295180, 1564
145679, 1563
184546, 1563
45285, 1562
38066, 1561
127017, 1561
233365, 1561
261306, 1561
282135, 1561
211537, 1560
133271, 1557
293403, 1556
1241, 1555
44414, 1555
182343, 1555
187854, 1555
192014, 1555
293419, 1555
27595, 1553
65438, 1553
204357, 1553
216434, 1553
296556, 1553
6404, 1551
57297, 1551
140158, 1551
141182, 1551
179013, 1551
238658, 1551
270487, 1551
276866, 1551
292565, 1551
50631, 1550
86695, 1550
91409, 1550
107949, 1550
111049, 1550
125031, 1550
127780, 1550
129535, 1550
139461, 1550
155550, 1550
173409, 1550
182847, 1550
209428, 1550
213659, 1550
218305, 1550
220575, 1550
228047, 1550
230398, 1550
231295, 1550
235010, 1550
240987, 1550
243052, 1550
245364, 1550
249972, 1550
252034, 1550
260458, 1550
260643, 1550
262169, 1550
284939, 1550
286499, 1550
292028, 1550
151275, 1548
182800, 1548
131524, 1547
277939, 1547
21637, 1546
31832, 1546
92909, 1546
199830, 1546
204057, 1542
21336, 1541
9976, 1540
12383, 1540
12522, 1540
20824, 1540
22109, 1540
98742, 1540
45167, 1539
88284, 1537
221627, 1537
3435, 1536
263932, 1535
84782, 1533
115626, 1533
205029, 1533
60321, 1531
84501, 1531
182469, 1531
220095, 1530
58643, 1529
109644, 1524
282616, 1523
85006, 1522
159622, 1519
174413, 1519
221035, 1519
262504, 1519
106561, 1518
127768, 1518
31334, 1517
713, 1516
24351, 1516
8018, 1515
11867, 1515
42786, 1515
177639, 1515
294800, 1515
70481, 1514
225074, 1512
258034, 1512
561, 1509
575, 1509
577, 1509
614, 1509
94986, 1509
121363, 1509
150817, 1509
160962, 1509
40992, 1508
48015, 1508
61507, 1508
99728, 1508
189211, 1508
261211, 1508
185509, 1507
186840, 1507
60369, 1506
277217, 1506
18778, 1502
287527, 1500
25383, 1499
126668, 1499
2974, 1495
5467, 1494
129028, 1494
176419, 1494
178296, 1494
107084, 1492
147338, 1492
60924, 1490
195464, 1490
235592, 1490
6257, 1489
117998, 1487
3724, 1486
58364, 1486
118538, 1486
109828, 1485
260087, 1484
142908, 1483
63274, 1481
77936, 1481
182162, 1481
237236, 1478
244754, 1477
7765, 1474
65965, 1472
176300, 1472
295839, 1472
109905, 1470
125177, 1469
174124, 1469
60825, 1468
66779, 1468
29558, 1467
41731, 1467
50431, 1467
59240, 1467
63434, 1467
80080, 1467
83561, 1467
93374, 1467
101417, 1467
111961, 1467
120572, 1467
133883, 1467
177940, 1467
188020, 1467
210775, 1467
254016, 1467
265285, 1467
289476, 1467
33061, 1466
268176, 1466
105184, 1465
206182, 1464
211547, 1463
40675, 1462
228314, 1462
105299, 1461
184556, 1460
3677, 1459
35641, 1455
49991, 1455
80546, 1455
128565, 1455
104232, 1453
107624, 1453
3286, 1452
25324, 1452
229963, 1452
275519, 1452
68672, 1451
5303, 1450
43480, 1450
6242, 1449
156803, 1449
545, 1447
78335, 1447
76676, 1446
83622, 1446
260840, 1445
2696, 1443
153809, 1442
174752, 1442
186779, 1442
188367, 1442
200107, 1442
217176, 1442
218732, 1442
220329, 1442
221134, 1442
221361, 1442
236465, 1442
237386, 1442
252230, 1442
256644, 1442
278558, 1442
25733, 1441
246384, 1441
56261, 1436
139706, 1435
193337, 1435
239526, 1435
240827, 1435
448, 1434
119506, 1433
257787, 1433
18932, 1428
26803, 1428
136504, 1428
137138, 1428
178261, 1428
187920, 1428
191704, 1428
193791, 1428
260180, 1428
293766, 1428
243683, 1424
253312, 1417
66354, 1415
253764, 1407
37074, 1406
35389, 1404
55897, 1404
193751, 1402
217496, 1402
152502, 1398
231349, 1398
66677, 1396
128721, 1396
49613, 1393
195003, 1393
206685, 1392
191039, 1390
69033, 1388
621, 1387
96146, 1387
103428, 1387
152484, 1387
213100, 1387
620, 1384
683, 1384
10227, 1384
67313, 1384
69749, 1384
74006, 1384
75358, 1384
78627, 1384
80313, 1384
80486, 1384
108027, 1384
135926, 1383
59949, 1382
75491, 1382
285119, 1381
119595, 1380
99612, 1379
116936, 1379
513, 1378
517, 1378
146408, 1378
123928, 1377
151497, 1377
33989, 1376
72091, 1376
77015, 1376
112834, 1376
116123, 1376
125720, 1376
131045, 1376
161179, 1376
196986, 1376
3548, 1375
19849, 1374
220849, 1374
227509, 1371
79954, 1370
189209, 1370
256509, 1370
9166, 1369
212115, 1369
18126, 1368
246358, 1364
479, 1363
235224, 1363
263436, 1363
271247, 1363
275539, 1363
31915, 1360
97317, 1351
148398, 1351
205030, 1351
14088, 1349
810, 1348
861, 1348
869, 1348
931, 1348
95920, 1348
207857, 1348
81751, 1346
51876, 1342
22655, 1340
81608, 1340
88639, 1340
201750, 1340
262125, 1340
39178, 1339
181440, 1339
225987, 1339
123289, 1333
125708, 1331
145082, 1331
188708, 1330
277306, 1330
20480, 1328
155540, 1328
284093, 1328
286980, 1328
1210, 1327
200414, 1327
286509, 1327
242680, 1325
7977, 1323
98325, 1323
175110, 1323
212300, 1323
219870, 1323
296324, 1323
88020, 1322
143352, 1322
270730, 1322
137392, 1321
238881, 1320
31880, 1316
88034, 1316
131883, 1316
138125, 1314
245180, 1314
257141, 1314
269893, 1314
197063, 1310
59195, 1309
239255, 1309
44102, 1308
53869, 1308
133079, 1308
240257, 1308
250696, 1308
164292, 1307
290705, 1307
21802, 1305
223912, 1305
3196, 1303
254810, 1302
12060, 1301
2084, 1300
10662, 1300
223353, 1299
5407, 1298
131584, 1297
208186, 1297
221295, 1297
15944, 1295
33581, 1295
140430, 1295
149031, 1295
226620, 1295
168429, 1293
205533, 1291
262558, 1291
934, 1290
1001, 1290
206498, 1287
293365, 1287
157268, 1285
84436, 1284
195755, 1284
248448, 1283
30720, 1282
38026, 1282
70333, 1282
89803, 1282
93561, 1282
236463, 1282
268893, 1282
272263, 1282
274570, 1282
92855, 1280
113174, 1279
291205, 1277
13089, 1275
168378, 1275
271269, 1275
48638, 1273
153193, 1271
242500, 1271
190584, 1270
81995, 1268
190416, 1268
276958, 1268
51804, 1267
206857, 1267
90405, 1266
112964, 1266
129412, 1266
287826, 1266
175581, 1264
123136, 1263
33283, 1262
119020, 1262
260029, 1262
72777, 1261
10331, 1260
64957, 1260
33776, 1259
41258, 1259
83836, 1259
91258, 1259
154809, 1259
171845, 1259
91034, 1258
182363, 1258
24721, 1257
40122, 1256
283595, 1256
268620, 1254
267351, 1253
43598, 1252
242081, 1252
285641, 1252
18965, 1251
130384, 1249
242375, 1249
264884, 1249
962, 1247
21153, 1247
180947, 1246
90186, 1245
162454, 1245
33013, 1243
76864, 1243
15109, 1238
55061, 1238
80837, 1238
166358, 1237
217140, 1237
23545, 1236
216840, 1236
115794, 1235
122430, 1235
144295, 1235
196103, 1235
207345, 1235
280504, 1235
10562, 1233
24905, 1233
80858, 1233
89570, 1233
89795, 1233
90107, 1233
121459, 1233
177905, 1233
251541, 1230
221478, 1229
215142, 1228
76183, 1225
114690, 1225
226015, 1225
752, 1224
764, 1224
798, 1224
25256, 1223
103530, 1223
112279, 1223
194603, 1219
57692, 1218
58338, 1218
96166, 1218
111047, 1218
140579, 1218
145847, 1218
151977, 1218
156388, 1218
160082, 1218
167810, 1218
188473, 1218
217776, 1218
221533, 1218
245082, 1218
265651, 1218
273961, 1218
282232, 1218
13747, 1216
20248, 1216
38642, 1216
41409, 1215
3849, 1214
190909, 1214
223278, 1214
113260, 1213
238373, 1212
284970, 1211
969, 1210
1046, 1210
124743, 1210
8998, 1209
125182, 1209
262520, 1209
232594, 1207
966, 1205
1021, 1205
71077, 1205
425, 1203
104119, 1202
11545, 1201
213587, 1201
256441, 1201
286497, 1201
85393, 1200
88554, 1200
109041, 1200
996, 1199
54768, 1198
104990, 1198
28817, 1197
150735, 1196
190712, 1196
223665, 1196
255321, 1196
283824, 1196
25926, 1194
38953, 1194
139776, 1194
156069, 1194
230322, 1194
277390, 1194
281865, 1194
84388, 1193
138560, 1193
196094, 1193
232407, 1193
13208, 1191
54304, 1191
92060, 1191
110545, 1191
115798, 1191
193318, 1191
293750, 1191
31998, 1190
121198, 1190
246410, 1188
261170, 1188
68294, 1187
110509, 1187
129695, 1187
913, 1184
939, 1184
11994, 1184
30196, 1184
58862, 1184
261647, 1183
66711, 1182
827, 1179
903, 1179
959, 1179
97837, 1179
258994, 1178
36488, 1177
10001, 1176
21702, 1176
122947, 1176
176159, 1176
217760, 1176
109423, 1175
125072, 1175
110674, 1173
120528, 1173
292735, 1173
25923, 1171
30131, 1171
81835, 1171
107444, 1171
122088, 1171
165787, 1171
173040, 1171
133144, 1170
1015, 1169
21400, 1169
119685, 1169
139548, 1169
127145, 1166
32126, 1164
58709, 1164
80032, 1164
157886, 1164
1931, 1163
23119, 1163
63535, 1162
272834, 1162
293641, 1162
93016, 1161
96697, 1161
138221, 1161
281256, 1161
1420, 1160
11536, 1160
236576, 1160
145612, 1159
30211, 1157
186218, 1157
1136, 1155
1138, 1155
103757, 1154
131203, 1154
235892, 1154
274256, 1154
93253, 1153
239786, 1153
137695, 1152
43656, 1151
67926, 1151
257709, 1151
8822, 1150
36207, 1150
38783, 1150
89645, 1150
110471, 1150
199117, 1144
156538, 1143
154087, 1141
1444, 1140
98066, 1140
3537, 1138
31295, 1138
36048, 1138
15202, 1137
18614, 1137
74605, 1137
229368, 1137
31391, 1135
99901, 1135
107544, 1135
55808, 1133
56050, 1133
64665, 1133
66300, 1133
241326, 1133
259717, 1133
292881, 1133
236979, 1132
283126, 1132
224717, 1131
26354, 1129
145782, 1129
7737, 1128
180661, 1128
210703, 1128
258779, 1127
32701, 1126
252522, 1126
106169, 1124
18707, 1123
82885, 1123
91226, 1123
182403, 1123
1098, 1122
54028, 1122
55171, 1121
78471, 1121
99860, 1121
102388, 1121
107268, 1121
113706, 1121
123816, 1121
126552, 1121
126951, 1121
136790, 1121
159355, 1121
174055, 1121
177624, 1121
188327, 1121
205553, 1121
223176, 1121
252414, 1121
254431, 1121
261537, 1121
281701, 1121
294599, 1121
73630, 1120
165379, 1120
167679, 1120
228496, 1120
233237, 1119
41421, 1118
92400, 1118
59466, 1117
64486, 1117
29901, 1116
65363, 1116
79356, 1116
116569, 1116
132346, 1116
144219, 1116
166972, 1116
194290, 1116
293522, 1116
93462, 1115
160806, 1114
424, 1113
77634, 1113
144031, 1113
151081, 1113
176437, 1113
185068, 1113
278090, 1113
64899, 1112
77828, 1112
127171, 1112
203145, 1112
1250, 1109
210255, 1109
240898, 1109
243, 1107
30048, 1107
50512, 1107
61578, 1106
13582, 1104
17426, 1104
21337, 1104
60745, 1104
129153, 1103
265932, 1102
81259, 1101
94301, 1101
201921, 1101
23574, 1100
4122, 1099
36258, 1099
60934, 1099
266632, 1099
305, 1098
3242, 1098
23132, 1098
62440, 1098
190079, 1098
146248, 1097
201864, 1097
40492, 1096
142811, 1096
217785, 1096
223630, 1096
13841, 1095
51779, 1095
101504, 1095
634, 1093
24652, 1093
39148, 1093
49522, 1093
107550, 1093
133732, 1093
187632, 1093
158644, 1092
201198, 1090
289215, 1090
6316, 1089
19978, 1088
21553, 1088
2574, 1087
97443, 1087
98989, 1087
9032, 1086
45781, 1086
258540, 1086
133590, 1085
191790, 1085
34027, 1083
113151, 1083
265989, 1082
1267, 1081
115905, 1081
140472, 1081
214854, 1081
215266, 1081
39264, 1079
103171, 1079
139317, 1079
174515, 1079
183865, 1079
206145, 1079
213660, 1079
277826, 1079
42301, 1078
145815, 1078
263641, 1078
69180, 1077
263159, 1077
136639, 1076
157932, 1076
167129, 1076
215498, 1076
246639, 1076
108697, 1075
156068, 1075
293564, 1075
4082, 1074
3232, 1072
9873, 1071
111837, 1071
7673, 1070
25550, 1070
164090, 1070
204611, 1069
244273, 1069
25605, 1068
45720, 1068
68325, 1068
86459, 1068
97125, 1068
100874, 1068
108992, 1068
121274, 1068
138826, 1068
143699, 1068
148979, 1068
180237, 1068
202067, 1068
228186, 1068
233928, 1068
242053, 1068
268991, 1068
270029, 1068
281059, 1068
287200, 1068
291315, 1068
1233, 1067
269905, 1067
263389, 1066
295451, 1066
278873, 1065
130646, 1063
222904, 1063
249537, 1063
254628, 1063
244088, 1062
36423, 1061
248382, 1061
3447, 1060
5715, 1060
37956, 1060
82835, 1060
161983, 1060
171118, 1060
182966, 1060
195300, 1059
188084, 1058
45501, 1057
96675, 1057
102891, 1057
153384, 1057
197174, 1057
212923, 1057
242076, 1057
57490, 1056
57793, 1056
64864, 1056
67012, 1056
88519, 1056
98499, 1056
121232, 1056
121533, 1056
126955, 1056
144096, 1056
144839, 1056
167856, 1056
203276, 1056
210195, 1056
212814, 1056
218273, 1056
247551, 1056
269448, 1056
291897, 1056
8960, 1055
10486, 1055
12892, 1055
68392, 1055
143669, 1055
169034, 1055
277845, 1054
118702, 1053
261998, 1053
65315, 1052
116455, 1052
174928, 1052
1238, 1051
78244, 1051
154212, 1051
1313, 1050
58310, 1050
221510, 1050
26673, 1048
103124, 1048
291103, 1047
14225, 1046
34707, 1046
96233, 1046
124842, 1046
69445, 1045
283515, 1045
19403, 1044
32502, 1044
34324, 1044
77783, 1044
278458, 1044
1357, 1043
1363, 1043
165977, 1043
170164, 1043
183303, 1043
256814, 1043
277606, 1043
283410, 1043
1167, 1042
69125, 1042
73164, 1042
190809, 1042
89878, 1041
1529, 1040
3105, 1040
11318, 1040
17740, 1039
39955, 1039
217445, 1039
2949, 1037
48414, 1035
137948, 1034
186104, 1034
18652, 1033
180369, 1033
210091, 1033
286728, 1033
9446, 1030
10638, 1030
11733, 1030
13274, 1030
13909, 1030
15401, 1030
15644, 1030
51359, 1030
104102, 1030
220297, 1030
247736, 1030
22971, 1029
91381, 1029
132387, 1029
132483, 1029
185372, 1029
370, 1026
34384, 1026
47737, 1026
100991, 1026
140355, 1026
2331, 1025
209843, 1025
242448, 1025
16155, 1024
106970, 1024
188532, 1024
291658, 1024
7799, 1023
25369, 1022
184150, 1022
284370, 1022
75820, 1021
13799, 1018
49656, 1018
248690, 1018
142635, 1017
6477, 1016
21449, 1016
50446, 1016
91130, 1016
107913, 1016
1616, 1015
2728, 1015
29702, 1015
74218, 1015
78956, 1015
156309, 1015
240797, 1015
117436, 1014
8364, 1013
48186, 1012
34606, 1011
59175, 1011
84614, 1011
108415, 1011
163345, 1011
180407, 1011
195502, 1011
209614, 1011
220071, 1011
244450, 1011
246905, 1011
248958, 1011
290346, 1011
77570, 1010
198269, 1010
7585, 1008
20673, 1008
130703, 1008
176429, 1008
182646, 1008
34518, 1007
6628, 1004
5515, 1003
15381, 1003
29882, 1003
65592, 1003
78142, 1003
91531, 1003
112787, 1003
113575, 1003
117903, 1003
119322, 1003
145046, 1003
155457, 1003
176795, 1003
177234, 1003
184315, 1003
185640, 1003
189519, 1003
192620, 1003
198262, 1003
218556, 1003
236091, 1003
237071, 1003
261165, 1003
276329, 1003
21052, 1002
200611, 1002
12651, 1000
65484, 1000
78989, 1000
109265, 1000
234884, 1000
246461, 1000
