6259, 137680
81082, 137680
85186, 137680
140380, 137680
192507, 137680
15491, 133312
1174, 132287
7706, 132287
34107, 132287
53029, 132287
72061, 132287
72527, 132287
91355, 132287
101978, 132287
120691, 132287
190707, 132287
194087, 132287
16909, 132063
36367, 132063
41975, 132063
52919, 132063
53175, 132063
53366, 132063
58155, 132063
76916, 132063
77716, 132063
78395, 132063
86780, 132063
105534, 132063
108549, 132063
138364, 132063
140711, 132063
145985, 132063
149063, 132063
160565, 132063
162352, 132063
163606, 132063
177894, 132063
179110, 132063
188105, 132063
194074, 132063
205814, 132063
217736, 132063
230012, 132063
234748, 132063
249188, 132063
258833, 132063
284095, 132063
145143, 131497
78228, 130699
70953, 129023
90389, 129023
45492, 128066
49810, 128066
66120, 128066
66756, 128066
66946, 128066
74624, 128066
75643, 128066
78588, 128066
103712, 128066
116187, 128066
122643, 128066
122680, 128066
130930, 128066
147324, 128066
148075, 128066
152096, 128066
181641, 128066
226714, 128066
251886, 128066
73375, 127688
189894, 127688
198556, 124877
223572, 124877
236490, 124877
150187, 124276
78276, 123237
249354, 123237
249653, 123237
166135, 121484
235355, 121484
267634, 121484
280065, 113475
85032, 113141
35443, 113008
2082, 112238
3472, 112238
78137, 107103
204677, 106403
115733, 100219
19020, 95006
23121, 95006
3062, 87947
9133, 87947
15121, 87947
15414, 87947
15490, 87947
16014, 87947
170777, 87947
89481, 87121
112982, 87121
187040, 86672
234312, 86672
237171, 86672
243682, 86672
248543, 86672
249140, 86672
259604, 86672
270054, 86672
271480, 86672
277141, 86672
280203, 86672
285549, 86672
287707, 86672
289631, 86672
293539, 86672
29470, 86653
31387, 86653
82880, 86653
126385, 86653
144162, 86653
33379, 86527
33614, 86527
36496, 86527
40433, 86527
42566, 86527
43039, 86527
43818, 86527
55270, 86527
62084, 86527
68941, 86527
69910, 86527
82217, 86527
82718, 86527
83773, 86527
115648, 86527
209738, 86527
256700, 86527
257268, 86527
265446, 86527
266004, 86527
85202, 86505
105978, 86505
107609, 86505
107870, 86505
127568, 86505
132204, 86505
154677, 86505
156380, 86505
246994, 86505
249214, 86505
256102, 86505
269563, 86505
279272, 86505
293076, 86505
37598, 86172
59955, 86172
74427, 86172
44068, 85539
150291, 85539
154734, 85539
162862, 85539
166567, 85539
169223, 85539
171652, 85539
174358, 85539
178841, 85539
183918, 85539
185407, 85539
185904, 85539
189830, 85539
190207, 85539
195657, 85539
195742, 85539
196437, 85539
197416, 85539
202353, 85539
203207, 85539
203991, 85539
204179, 85539
214979, 85539
215837, 85539
217133, 85539
219506, 85539
221095, 85539
223587, 85539
225959, 85539
228372, 85539
232521, 85539
233828, 85539
233930, 85539
239444, 85539
243240, 85539
252106, 85539
254328, 85539
256952, 85539
258554, 85539
267958, 85539
270038, 85539
274038, 85539
278778, 85539
280658, 85539
286803, 85539
289370, 85539
290406, 85539
291146, 85539
291468, 85539
73562, 85374
103564, 85374
112152, 85374
130516, 85374
143603, 85374
146451, 85374
159239, 85374
172388, 85374
181017, 85374
189624, 85374
214085, 85374
268953, 85374
22213, 84826
28494, 84826
81985, 84826
156282, 84602
195374, 84602
210613, 84602
215188, 84602
223351, 84602
223408, 84602
246614, 84602
255234, 84602
255992, 84602
272003, 84602
277798, 84602
279430, 84602
285745, 84602
26954, 84354
34008, 84354
65710, 84354
75853, 84354
79224, 84354
88136, 84354
115253, 84354
160056, 84354
103703, 83974
292520, 83974
108198, 83872
149636, 83872
161244, 83872
166233, 83872
192358, 83872
195798, 83872
206701, 83872
211582, 83872
220886, 83872
110884, 83871
116160, 83871
170799, 83871
184727, 83871
218012, 83871
292393, 83871
85072, 83848
128733, 83848
151808, 83848
210680, 83848
245697, 83848
248421, 83848
266966, 83848
276777, 83848
287063, 83848
76066, 83785
93702, 83785
100686, 83785
116979, 83785
139030, 83785
150008, 83785
232741, 83785
272838, 83785
275530, 83785
285562, 83785
287838, 83785
287854, 83785
292769, 83785
154138, 83340
186783, 83340
197334, 83340
274326, 83340
68769, 83280
78193, 83280
82971, 83280
88715, 83280
90837, 83280
148809, 83280
150306, 83280
166574, 83280
171949, 83280
182333, 83280
182965, 83280
191566, 83280
218372, 83280
24152, 83206
30326, 83206
32662, 83206
33520, 83206
37110, 83206
39327, 83206
39500, 83206
42063, 83206
48343, 83206
52499, 83206
55304, 83206
64810, 83206
65431, 83206
67355, 83206
68628, 83206
68689, 83206
70310, 83206
75859, 83206
77059, 83206
87095, 83206
88602, 83206
96130, 83206
97137, 83206
98360, 83206
98522, 83206
126942, 83206
144011, 83206
159213, 83206
166546, 83206
215763, 83206
219695, 83206
226121, 83206
241758, 83206
257453, 83206
291374, 83206
79204, 83146
120049, 83146
122428, 83146
150150, 83146
176250, 83146
87290, 83046
140665, 83046
144409, 83046
149381, 83046
162010, 83046
178837, 83046
182746, 83046
236584, 82965
238409, 82965
244312, 82965
266918, 82965
194577, 82604
224023, 82604
222951, 82458
27576, 82387
96004, 82056
189974, 82056
90934, 81923
110686, 81923
129458, 81923
137969, 81923
161131, 81923
163277, 81923
163415, 81923
171573, 81923
201404, 81923
224618, 81923
236604, 81923
269781, 81923
5566, 81545
7389, 81545
13586, 81545
19993, 81545
21455, 81545
22258, 81545
22290, 81545
62591, 81545
77890, 81545
12638, 81534
13987, 81534
17420, 81534
20616, 81534
88015, 81534
39037, 81496
115404, 81496
133786, 81496
136537, 81496
150709, 81496
170971, 81496
212812, 81496
217323, 81496
221137, 81496
268157, 81496
285046, 81496
167449, 81423
227318, 81423
229907, 81423
232994, 81423
242128, 81423
263361, 81423
264968, 81423
284187, 81423
284605, 81423
9216, 81422
11452, 81422
22341, 81422
23923, 81422
24907, 81422
49475, 81422
55720, 81422
95788, 81383
150387, 81383
160437, 81383
185292, 81383
225669, 81383
269988, 81383
296445, 81383
199641, 81356
125163, 81328
139696, 81328
140735, 81328
144086, 81328
148546, 81328
157609, 81328
190629, 81328
192698, 81328
202147, 81328
216201, 81328
220375, 81328
238834, 81328
170013, 81082
192923, 81082
202835, 81082
212551, 81082
228000, 81082
231057, 81082
236611, 81082
246702, 81082
247180, 81082
249718, 81082
249911, 81082
254392, 81082
255034, 81082
255485, 81082
261902, 81082
262732, 81082
263438, 81082
265309, 81082
266848, 81082
267026, 81082
267771, 81082
270364, 81082
272991, 81082
273646, 81082
276066, 81082
277619, 81082
278262, 81082
282378, 81082
284327, 81082
289778, 81082
293573, 81082
295844, 81082
287882, 80920
290854, 80920
145903, 80860
181921, 80860
189409, 80860
217705, 80860
231508, 80860
244288, 80860
254884, 80860
281341, 80860
285898, 80860
129297, 80836
136949, 80836
152809, 80836
201138, 80836
219031, 80836
287888, 80587
295572, 80587
49588, 80531
113037, 80531
189998, 80531
204860, 80531
286050, 80531
19481, 80494
51307, 80494
61426, 80494
127705, 80494
129378, 80494
242265, 80494
47795, 79805
57445, 79805
65316, 79805
253784, 79610
107829, 79472
273651, 79472
199233, 79203
216184, 79170
292971, 79170
40156, 79084
100405, 79084
223631, 79084
252897, 79084
113301, 78983
119999, 78983
130593, 78983
132884, 78983
136982, 78983
147867, 78983
159791, 78983
215579, 78983
274871, 78983
285841, 78983
247328, 78797
276535, 78797
283699, 78797
147969, 78574
156406, 78574
163460, 78574
171522, 78574
173017, 78574
184148, 78574
188947, 78574
189839, 78574
198448, 78574
200146, 78574
202171, 78574
211500, 78574
213312, 78574
228149, 78574
243407, 78574
276918, 78574
100939, 77295
73420, 77285
77928, 77285
183813, 77144
61784, 76836
67394, 76836
69537, 76836
77163, 76836
88833, 76836
181271, 76836
217668, 76836
256670, 76836
120059, 76646
185067, 75690
272538, 75690
275584, 75690
282262, 75690
82028, 75596
32387, 75516
78185, 75516
86423, 75516
92920, 75516
102974, 75516
114869, 75516
145819, 75516
182997, 75516
198713, 75516
230545, 75516
251526, 75516
510, 71189
179527, 70522
8189, 68604
56185, 68604
85937, 68604
87402, 68604
146057, 68604
167626, 68604
226332, 68310
240825, 68310
39216, 68257
135681, 68257
162878, 68257
125570, 68098
277349, 67103
129085, 65386
288085, 61929
15369, 59009
119617, 55391
170326, 52284
7113, 51934
33444, 51934
21978, 51782
17377, 51545
117449, 49545
131448, 49172
192464, 47383
83633, 47286
18458, 45751
55219, 45219
50250, 43727
176565, 27028
219194, 26914
19130, 26877
31533, 26877
44752, 26877
55466, 26877
61682, 26877
68478, 26877
89931, 26877
95110, 26877
97015, 26877
118868, 26877
124595, 26877
130428, 26877
135683, 26877
137985, 26877
166977, 26877
172687, 26877
173483, 26877
176629, 26877
184225, 26877
214221, 26877
220801, 26877
258274, 26877
261064, 26877
262682, 26877
282310, 26877
13500, 26859
56204, 26859
64521, 26859
76056, 26859
128059, 26859
184116, 26394
149387, 26341
151492, 26341
255082, 26341
261739, 26341
20649, 26272
29984, 26272
46871, 26272
85078, 26272
228391, 26272
255717, 26272
19036, 25918
25644, 25918
26348, 25918
29025, 25918
30068, 25918
38470, 25918
42690, 25918
43863, 25918
59814, 25918
91093, 25918
98225, 25918
107467, 25918
120818, 25918
128380, 25918
130977, 25918
137253, 25918
139156, 25918
148661, 25918
155518, 25918
167555, 25918
177452, 25918
178127, 25918
183833, 25918
184228, 25918
184570, 25918
215185, 25918
226182, 25918
276413, 25918
292003, 25918
12730, 25814
63387, 25814
112165, 25814
125644, 25686
197708, 25686
13217, 25674
15458, 25674
23627, 25674
39076, 25674
49407, 25674
59461, 25674
81525, 25674
82021, 25674
82760, 25674
88168, 25674
118832, 25674
167574, 25674
168526, 25674
184609, 25674
68948, 25615
133138, 25615
209824, 25595
17583, 25392
31032, 25392
46572, 25392
56132, 25392
65573, 25392
85406, 25392
85653, 25392
86923, 25392
104144, 25392
122067, 25392
127475, 25392
134377, 25392
141489, 25392
155348, 25392
188849, 25392
210125, 25392
218907, 25392
220223, 25392
230299, 25392
246654, 25392
288226, 25392
199080, 25296
20407, 25158
26797, 25158
41551, 25158
41897, 25158
66040, 25158
69232, 25158
124273, 25158
165916, 25158
166749, 25158
185085, 25158
193531, 25158
200585, 25158
204263, 25158
219427, 25158
245710, 25158
251819, 25158
39566, 24694
54233, 24513
294, 24462
196423, 24351
231435, 24351
92393, 24321
24224, 24290
28328, 24290
34559, 24290
36676, 24290
56489, 24290
66169, 24290
81451, 24290
154113, 24290
14643, 24162
27278, 24162
36840, 24162
40525, 24162
43708, 24162
60933, 24162
71825, 24162
96270, 24162
115057, 24162
164498, 24162
173312, 24162
73814, 24069
42980, 24030
244620, 23990
168841, 23702
242182, 23702
66680, 23665
94110, 23665
158944, 23665
203809, 23665
231424, 23665
231426, 23665
235653, 23665
274310, 23665
120724, 23570
122427, 23460
219767, 23460
223563, 23460
18033, 23443
19009, 23443
44877, 23443
50104, 23443
56117, 23443
16138, 23219
27798, 23219
60093, 23219
82528, 23219
100943, 23219
150997, 23219
194937, 23219
293396, 23219
211120, 23203
36975, 23083
94764, 23083
251075, 22912
15063, 22742
16327, 22742
141742, 22742
201555, 22742
241186, 22742
264179, 22742
20275, 22734
627, 22693
166051, 22260
30685, 21926
65306, 21926
71072, 21926
77901, 21926
111282, 21926
140316, 21926
144769, 21926
150106, 21926
153644, 21926
155088, 21926
203543, 21926
205219, 21926
254280, 21926
293246, 21926
69592, 21245
78782, 21245
89210, 21245
96930, 21245
111380, 21245
121760, 21245
138782, 21245
148519, 21245
148970, 21245
158797, 21245
174216, 21245
204164, 21245
204210, 21245
210145, 21245
211696, 21245
213532, 21245
237994, 21245
247802, 21245
255533, 21245
265220, 21245
279525, 21245
279729, 21245
281081, 21245
148742, 21188
52, 21114
251, 21025
10175, 20788
229785, 20737
256964, 20737
262170, 20448
178144, 20429
67804, 20302
30671, 19942
101550, 19891
129759, 19891
134289, 19891
168868, 19891
169733, 19891
174807, 19891
287879, 19891
559, 19855
134767, 19695
52339, 19404
63689, 19404
118723, 19404
129439, 19404
133302, 19099
91370, 18886
138510, 18708
266699, 18708
268299, 18708
280554, 18688
63337, 18597
83769, 18221
109542, 17323
273901, 17323
20348, 17314
279990, 16244
2038, 16027
39492, 15739
45058, 15739
46316, 15739
73975, 15739
101390, 15739
106512, 15739
107749, 15739
122816, 15739
144221, 15739
166277, 15739
174831, 15739
289826, 15739
146208, 15597
197801, 15597
209797, 15597
216424, 15597
267224, 14811
141797, 14265
256706, 13566
71781, 13011
95341, 13011
104937, 13011
110284, 13011
113643, 13011
114967, 13011
117084, 13011
121037, 13011
124204, 13011
127451, 13011
135034, 13011
140576, 13011
141241, 13011
145206, 13011
146007, 13011
149318, 13011
154333, 13011
202234, 13011
216100, 13011
233606, 13011
245509, 13011
265106, 13011
82147, 12958
98005, 12958
102346, 12958
109734, 12958
288378, 12822
181226, 12804
80663, 12303
117581, 12303
153831, 12303
160038, 12227
173087, 12227
229582, 12227
233616, 12227
243738, 12227
278883, 12227
99506, 12184
115630, 12184
122785, 12184
124291, 12184
128179, 12184
134389, 12184
136718, 12184
139412, 12184
143581, 12184
149905, 12184
151114, 12184
153540, 12184
156432, 12184
167673, 12184
191204, 12184
194772, 12184
213101, 12184
217301, 12184
242419, 12184
268485, 12184
281953, 12184
282454, 12184
102531, 12180
130182, 12180
102282, 12152
195256, 12152
199236, 12152
160797, 11914
188142, 11914
195307, 11914
132725, 11760
176872, 11583
248479, 11583
259312, 11583
44077, 11554
156975, 11535
54878, 11454
166312, 11384
203487, 11384
269166, 11384
276564, 11384
276985, 11384
278118, 11384
69702, 11318
69906, 11318
146097, 11318
147573, 11318
147818, 11318
148887, 11318
150018, 11318
151523, 11318
156701, 11318
157339, 11318
159794, 11318
167198, 11318
175357, 11318
181800, 11318
182350, 11318
182864, 11318
186328, 11318
186545, 11318
191170, 11318
193802, 11318
194334, 11318
198938, 11318
199040, 11318
205791, 11318
216639, 11318
222588, 11318
224724, 11318
228424, 11318
233063, 11318
234483, 11318
237556, 11318
241318, 11318
241702, 11318
242989, 11318
245588, 11318
248414, 11318
248994, 11318
254090, 11318
256083, 11318
257694, 11318
260594, 11318
261635, 11318
261693, 11318
261844, 11318
266091, 11318
270006, 11318
274948, 11318
275440, 11318
275502, 11318
276810, 11318
277925, 11318
278423, 11318
283506, 11318
284198, 11318
284759, 11318
286919, 11318
287977, 11318
291852, 11318
293855, 11318
294327, 11318
295244, 11318
111390, 11265
55973, 11148
181042, 11148
264576, 11148
272129, 11148
278150, 11148
143658, 11115
20858, 11112
33402, 11027
54988, 11027
123660, 11000
156843, 11000
157160, 11000
166558, 11000
172651, 11000
178191, 11000
183148, 11000
184367, 11000
187569, 11000
227402, 11000
228444, 11000
237901, 11000
238404, 11000
239120, 11000
241959, 11000
247330, 11000
265128, 11000
270058, 11000
283329, 11000
289585, 11000
65220, 10952
30709, 10937
21583, 10936
31479, 10936
145020, 10924
157338, 10924
239034, 10924
268458, 10924
26890, 10866
52596, 10866
56070, 10866
68794, 10866
75147, 10866
78603, 10866
94389, 10866
100932, 10866
109930, 10866
116087, 10866
124813, 10866
134460, 10866
142153, 10866
143463, 10866
146018, 10866
150494, 10866
155776, 10866
157653, 10866
160215, 10866
170548, 10866
195796, 10866
226164, 10866
226915, 10866
229493, 10866
232064, 10866
242733, 10866
255246, 10866
270702, 10866
289641, 10866
218593, 10856
194450, 10853
25317, 10807
24494, 10794
44554, 10794
44892, 10794
54897, 10794
75954, 10794
87007, 10739
28029, 10732
51106, 10680
273240, 10641
53725, 10604
69600, 10604
86069, 10588
171100, 10494
179956, 10491
239923, 10491
276903, 10491
35637, 10447
64361, 10408
43999, 10341
176387, 10320
200668, 10320
44150, 10282
42087, 10261
44666, 10261
57480, 10261
65740, 10261
89641, 10261
97647, 10261
150148, 10261
151476, 10261
245726, 10261
254500, 10261
282504, 10261
41723, 10171
181500, 10152
199176, 10148
8170, 10014
17334, 10014
17804, 10014
21846, 10014
42333, 10014
47250, 10014
52046, 10014
61960, 10014
71803, 10014
80838, 10014
97708, 10014
109039, 10014
109940, 10014
111371, 10014
123027, 10014
126449, 10014
133087, 10014
135889, 10014
138957, 10014
161227, 10014
164082, 10014
164612, 10014
165264, 10014
174690, 10014
181303, 10014
191194, 10014
202193, 10014
210354, 10014
212008, 10014
218359, 10014
227339, 10014
235911, 10014
244426, 10014
247258, 10014
250771, 10014
252231, 10014
255823, 10014
263111, 10014
269574, 10014
273726, 10014
278376, 10014
288682, 10014
289659, 10014
98481, 9959
154227, 9959
165705, 9959
193618, 9959
40033, 9925
51062, 9925
61991, 9925
70517, 9925
98601, 9925
115103, 9925
140826, 9925
141062, 9925
145724, 9925
177696, 9925
179913, 9925
182555, 9925
189134, 9925
192663, 9925
210609, 9925
213352, 9925
213605, 9925
222678, 9925
224222, 9925
224926, 9925
226006, 9925
236748, 9925
242715, 9925
249748, 9925
254236, 9925
255843, 9925
262006, 9925
262458, 9925
262648, 9925
271134, 9925
275705, 9925
283407, 9925
283735, 9925
166337, 9869
62670, 9857
41343, 9842
33428, 9760
179367, 9715
239742, 9715
12081, 9677
36842, 9666
110461, 9642
129346, 9642
190891, 9642
195011, 9642
35192, 9543
48222, 9543
28542, 9466
44432, 9427
36293, 9344
158150, 9329
178816, 9258
192554, 9258
225555, 9258
261815, 9258
264515, 9258
42041, 9161
50363, 9161
56055, 9161
60440, 9161
172278, 9161
281040, 9161
25351, 9143
26091, 9143
106588, 9064
242848, 9013
280805, 9013
62063, 8932
84906, 8932
109165, 8932
132087, 8932
167501, 8932
221253, 8932
233207, 8932
241479, 8932
248341, 8932
27345, 8856
127969, 8856
98263, 8841
184793, 8806
77150, 8786
199324, 8776
67500, 8763
144677, 8750
237208, 8713
14879, 8683
16870, 8658
26606, 8600
82009, 8561
32526, 8524
10627, 8479
116378, 8387
35672, 8384
88508, 8305
159387, 8162
62325, 8126
22574, 8063
22965, 7996
26927, 7915
5382, 7763
201886, 7763
18298, 7702
201509, 7697
216282, 7697
26169, 7674
210496, 7485
97814, 7396
60500, 7371
70104, 7371
152626, 7371
205225, 7371
241942, 7371
269506, 7371
19390, 7168
28563, 7168
40601, 7168
40652, 7168
43210, 7168
184996, 6482
115275, 6208
242159, 5966
119625, 5711
159372, 5711
190418, 5711
153624, 5669
26646, 5650
231145, 5624
80958, 5333
85418, 5333
154195, 5333
240833, 5333
276580, 5333
293035, 5333
268222, 5330
23916, 5322
29618, 5318
36232, 5318
67119, 5318
88530, 5318
90180, 5318
24562, 5305
127945, 5284
129472, 5284
135370, 5284
170683, 5284
179842, 5284
215601, 5284
33247, 5187
30050, 5136
150833, 5136
96710, 5126
98708, 5119
181827, 5119
189172, 5119
214456, 5119
230361, 5119
32888, 5115
23968, 5090
266463, 5069
240038, 5011
88699, 4990
28873, 4986
120568, 4986
148402, 4986
163489, 4986
197044, 4986
212771, 4986
247718, 4986
251263, 4986
263142, 4986
263280, 4986
277354, 4986
280169, 4986
155608, 4975
218327, 4975
236361, 4975
237478, 4975
182196, 4967
222085, 4967
110142, 4961
11293, 4958
106258, 4958
21720, 4950
69131, 4950
208498, 4914
218522, 4914
130907, 4912
70163, 4900
157820, 4900
24293, 4872
43519, 4872
55307, 4872
68617, 4872
257334, 4869
172680, 4844
221538, 4844
120529, 4836
105616, 4822
222305, 4822
157890, 4812
170097, 4812
183153, 4812
230867, 4803
41459, 4800
95224, 4800
201879, 4800
277775, 4800
280662, 4800
96362, 4776
145053, 4776
153423, 4776
235912, 4776
254760, 4776
264245, 4776
268342, 4776
159528, 4762
145166, 4760
224510, 4760
145622, 4755
75719, 4745
83160, 4745
109731, 4745
109820, 4745
201800, 4745
232035, 4745
247218, 4745
255543, 4745
277404, 4745
280995, 4745
55642, 4734
56641, 4734
112531, 4734
124694, 4734
121416, 4733
177642, 4733
197461, 4733
209555, 4733
221325, 4733
235818, 4733
237322, 4733
251352, 4733
254636, 4733
270001, 4733
270346, 4733
278413, 4733
291200, 4733
208972, 4730
160374, 4715
207381, 4695
99398, 4643
146601, 4643
194032, 4643
196787, 4643
226954, 4643
245095, 4643
245339, 4643
263594, 4643
283035, 4643
287807, 4643
293890, 4643
196030, 4642
66916, 4641
107271, 4641
110638, 4641
190260, 4641
212173, 4641
98415, 4628
118766, 4628
140137, 4628
187315, 4628
214428, 4628
277392, 4628
295692, 4628
75746, 4626
182972, 4626
235416, 4626
281115, 4626
31208, 4614
33435, 4614
46691, 4614
127080, 4610
206896, 4610
243784, 4610
266040, 4610
279715, 4610
93433, 4600
282019, 4600
116092, 4599
231922, 4593
32784, 4574
92564, 4574
130613, 4574
232793, 4574
255013, 4574
291048, 4562
235384, 4555
284423, 4555
113431, 4505
131257, 4505
182942, 4505
55228, 4502
92660, 4502
120464, 4502
202775, 4502
277212, 4498
240227, 4478
9708, 4462
15273, 4462
20458, 4462
69220, 4462
77707, 4462
84822, 4462
107769, 4462
109237, 4462
128226, 4462
168482, 4462
174800, 4462
175911, 4462
177559, 4462
186445, 4462
189274, 4462
202911, 4462
224288, 4462
83231, 4455
225143, 4439
175501, 4432
68311, 4425
153673, 4425
254865, 4419
217954, 4403
227700, 4366
238976, 4366
284036, 4366
71726, 4360
200209, 4346
290893, 4340
130638, 4336
178245, 4336
213580, 4336
26424, 4331
30700, 4331
40853, 4331
54158, 4331
68841, 4331
91561, 4331
205345, 4318
176351, 4312
116022, 4310
156866, 4302
31512, 4291
59650, 4291
77873, 4291
83034, 4291
101598, 4291
265145, 4291
152627, 4271
9014, 4257
17723, 4257
24998, 4257
109760, 4257
131555, 4257
153840, 4257
281997, 4257
26802, 4256
49435, 4256
107240, 4256
111600, 4256
129404, 4256
200773, 4256
210370, 4256
268005, 4256
289228, 4256
99203, 4248
280339, 4246
285824, 4246
169616, 4234
277780, 4234
111792, 4206
232804, 4201
246800, 4201
184966, 4198
194977, 4198
258630, 4198
282375, 4198
290704, 4198
250307, 4193
92789, 4192
179909, 4192
24413, 4163
96818, 4163
209811, 4163
242180, 4163
260927, 4163
281588, 4163
292631, 4163
160078, 4156
164800, 4151
158943, 4145
144170, 4142
40091, 4139
50046, 4139
63920, 4139
175271, 4139
227790, 4139
279826, 4139
46420, 4104
28765, 4102
65199, 4102
17753, 4101
24660, 4101
27912, 4101
28626, 4101
30389, 4101
45583, 4101
49762, 4101
55143, 4101
65687, 4101
87443, 4101
213753, 4097
237751, 4097
243046, 4097
283486, 4097
95764, 4084
279750, 4084
139328, 4083
160800, 4083
184200, 4040
62356, 4033
88083, 4033
115543, 4033
125758, 4033
126925, 4033
176742, 4033
222294, 4033
89272, 4022
106826, 4022
129116, 4022
154450, 4022
270263, 4022
272013, 4022
292211, 4022
194724, 4006
53792, 3995
71899, 3995
129092, 3995
141829, 3995
215424, 3995
284776, 3995
28177, 3982
239216, 3982
2862, 3981
7712, 3981
11181, 3981
18526, 3981
22257, 3981
26614, 3981
29965, 3981
33387, 3981
42949, 3981
47727, 3981
49031, 3981
57486, 3981
58421, 3981
68608, 3981
73478, 3981
77141, 3981
115507, 3981
120821, 3981
135138, 3981
160680, 3981
163010, 3981
163532, 3981
174463, 3981
215744, 3981
224590, 3981
227457, 3981
228891, 3981
246097, 3981
249390, 3981
262172, 3981
275004, 3981
294127, 3981
44494, 3971
159638, 3967
266674, 3967
172473, 3953
279570, 3953
76611, 3951
87226, 3951
136016, 3951
139453, 3951
163524, 3951
167137, 3951
212535, 3951
246919, 3951
294519, 3951
168309, 3948
78216, 3893
126920, 3893
128017, 3893
181542, 3893
85496, 3853
164231, 3853
7508, 3842
259308, 3838
29750, 3835
20556, 3833
92872, 3833
160715, 3833
192400, 3833
211024, 3833
226782, 3833
243674, 3833
119370, 3821
137190, 3821
73360, 3811
90517, 3811
257920, 3811
33818, 3803
54339, 3803
56048, 3803
67380, 3803
133422, 3803
139517, 3803
212060, 3800
110410, 3796
255856, 3796
285937, 3796
195898, 3794
227554, 3794
296598, 3794
283562, 3781
282934, 3764
56572, 3753
136806, 3753
237939, 3725
7719, 3724
18438, 3724
287399, 3710
67971, 3689
234856, 3689
246345, 3689
600, 3679
79593, 3673
80994, 3673
107254, 3673
231655, 3673
54019, 3670
173481, 3670
215045, 3670
61399, 3669
236397, 3660
53200, 3647
55157, 3647
250514, 3647
281902, 3647
154511, 3632
163328, 3632
204880, 3632
222899, 3632
286792, 3632
33295, 3628
70690, 3628
118290, 3628
167040, 3628
171745, 3628
293610, 3624
105507, 3615
118601, 3615
140253, 3615
206858, 3615
227280, 3615
81979, 3608
97420, 3608
254096, 3608
289762, 3608
188852, 3606
296074, 3606
290259, 3604
71345, 3598
87995, 3595
230904, 3595
94275, 3593
19707, 3589
38683, 3589
45734, 3589
58590, 3589
87611, 3589
257527, 3589
271666, 3589
280503, 3589
37228, 3565
115332, 3565
197114, 3565
276470, 3565
45071, 3520
261406, 3520
262080, 3520
287144, 3520
211460, 3512
165633, 3504
185002, 3501
196605, 3501
258490, 3501
133606, 3474
39618, 3468
50929, 3468
86891, 3468
108187, 3468
119193, 3468
139364, 3468
191286, 3468
233590, 3468
244037, 3468
257426, 3468
180319, 3454
59995, 3453
142319, 3453
198814, 3442
186015, 3440
180357, 3432
15778, 3421
113232, 3415
157257, 3415
28378, 3396
36823, 3390
224991, 3375
285213, 3373
188787, 3362
275660, 3362
180098, 3359
271256, 3359
212986, 3354
47734, 3351
53910, 3351
81672, 3351
267249, 3351
111330, 3348
124043, 3348
261532, 3348
14831, 3336
4344, 3335
64921, 3308
115656, 3308
50521, 3292
121803, 3292
265323, 3292
286722, 3292
20695, 3286
91397, 3286
136872, 3286
198059, 3281
13992, 3268
78510, 3257
60549, 3256
94931, 3253
135607, 3253
141665, 3253
141704, 3253
211454, 3253
216028, 3253
227551, 3253
7307, 3243
11729, 3243
41277, 3243
73768, 3240
29373, 3226
52504, 3226
179164, 3226
194140, 3226
227676, 3226
31990, 3221
59286, 3221
81031, 3221
105583, 3207
296080, 3203
33044, 3200
58715, 3200
114122, 3200
138403, 3200
222366, 3200
253636, 3200
283874, 3200
205024, 3198
235827, 3198
288478, 3198
293407, 3198
214066, 3195
55234, 3149
68005, 3149
126912, 3149
170815, 3149
263333, 3147
24629, 3140
59678, 3140
186002, 3140
195987, 3140
270924, 3140
145989, 3128
60252, 3111
238068, 3111
263952, 3111
296417, 3111
189542, 3103
204508, 3103
25300, 3081
91773, 3081
121341, 3081
130939, 3081
277793, 3081
16274, 3057
250838, 3057
39408, 3054
182912, 3049
35808, 3023
39978, 3023
75531, 3023
190026, 3023
18503, 3022
26842, 3022
174926, 3012
146781, 3010
188747, 3010
287300, 3010
289158, 3010
74995, 3006
89024, 2996
94124, 2990
168705, 2979
187887, 2968
87335, 2967
141060, 2967
68365, 2948
121463, 2948
184958, 2948
101740, 2934
78592, 2915
122268, 2915
189190, 2915
185855, 2905
5173, 2898
55652, 2898
99622, 2895
230184, 2878
112054, 2865
124459, 2865
16390, 2856
75645, 2856
46184, 2851
98889, 2851
183498, 2851
184110, 2851
195511, 2851
195787, 2851
229019, 2851
246605, 2851
287997, 2851
285974, 2845
40895, 2844
59367, 2844
154937, 2844
162496, 2844
177729, 2844
198856, 2844
225466, 2844
225734, 2844
257795, 2844
280042, 2844
126547, 2842
159534, 2840
195111, 2840
214706, 2840
226209, 2840
276562, 2840
137415, 2839
283879, 2839
238526, 2836
24987, 2831
50713, 2831
194866, 2831
226158, 2831
262883, 2831
294336, 2831
39750, 2820
74851, 2820
96812, 2811
235373, 2807
246888, 2805
274943, 2805
206920, 2781
151981, 2779
178538, 2779
251210, 2779
280311, 2779
11284, 2778
20027, 2778
56220, 2778
84094, 2778
97720, 2778
121837, 2778
141010, 2778
144389, 2778
226741, 2778
56813, 2777
120889, 2777
237992, 2777
55370, 2763
54638, 2761
58040, 2761
107686, 2759
114005, 2759
163104, 2759
264520, 2759
117702, 2755
273771, 2755
279115, 2755
21572, 2754
168023, 2754
264267, 2754
273875, 2754
65873, 2748
83679, 2748
126613, 2748
213782, 2742
221856, 2742
267337, 2742
173010, 2741
285169, 2723
286610, 2719
142587, 2712
202732, 2712
245273, 2698
167376, 2695
179853, 2695
207847, 2695
234241, 2695
261665, 2695
213904, 2687
165439, 2685
116026, 2684
251195, 2682
168851, 2678
4741, 2670
55313, 2670
273427, 2670
233005, 2656
41642, 2650
222189, 2650
199154, 2643
77399, 2638
11153, 2636
47089, 2636
180576, 2636
195248, 2636
276103, 2636
37834, 2634
44611, 2634
62982, 2634
69796, 2634
83260, 2634
126081, 2634
144352, 2634
239504, 2634
62808, 2631
200800, 2631
241148, 2631
256330, 2631
257519, 2631
273155, 2630
152993, 2627
153479, 2627
187913, 2627
31465, 2624
135132, 2624
161817, 2619
183512, 2619
226450, 2619
261761, 2619
273864, 2619
170382, 2616
77046, 2615
104881, 2615
150169, 2615
106302, 2607
187392, 2600
230632, 2600
13906, 2596
31869, 2585
43073, 2585
49893, 2585
141031, 2585
292380, 2584
9902, 2579
52430, 2579
98221, 2579
93113, 2566
93459, 2566
132319, 2566
165979, 2566
53031, 2563
32777, 2562
84519, 2562
289748, 2562
9489, 2561
113829, 2561
128817, 2561
45582, 2557
53211, 2557
103519, 2557
108136, 2557
115550, 2557
166568, 2557
198908, 2557
202440, 2557
275941, 2557
121020, 2552
218142, 2552
255570, 2548
81671, 2542
158941, 2542
263359, 2542
52823, 2532
57603, 2532
124161, 2531
244724, 2531
259466, 2531
276199, 2531
87325, 2527
106064, 2527
109418, 2527
138134, 2527
243230, 2527
172761, 2517
179973, 2517
190365, 2517
122553, 2516
148370, 2516
176970, 2516
187023, 2516
194240, 2516
284073, 2516
73771, 2507
206788, 2507
56630, 2501
166075, 2501
11510, 2500
68095, 2500
256219, 2500
117066, 2496
177608, 2496
53898, 2494
178442, 2494
190294, 2494
208487, 2494
222448, 2494
159379, 2488
69900, 2480
30566, 2463
72822, 2462
181793, 2462
183000, 2462
194206, 2462
275296, 2462
279218, 2462
292742, 2462
171514, 2456
192240, 2456
204896, 2456
279720, 2456
55592, 2454
66052, 2454
87354, 2454
92540, 2454
100797, 2454
104679, 2454
110963, 2454
117902, 2454
123018, 2454
136378, 2454
146195, 2454
151367, 2454
157323, 2454
157798, 2454
167519, 2454
171313, 2454
176214, 2454
178534, 2454
188554, 2454
190762, 2454
200926, 2454
205798, 2454
211154, 2454
218949, 2454
220384, 2454
227347, 2454
237356, 2454
238315, 2454
240587, 2454
258737, 2454
284734, 2454
93799, 2453
194298, 2450
275017, 2448
118607, 2444
205342, 2444
115435, 2439
188603, 2439
203414, 2436
108506, 2431
69658, 2430
78067, 2430
88296, 2430
108014, 2430
108839, 2430
111584, 2430
120972, 2430
121913, 2430
122320, 2430
133809, 2430
134515, 2430
147984, 2430
152368, 2430
156210, 2430
162600, 2430
181176, 2430
195850, 2430
207286, 2430
245836, 2430
263401, 2430
167151, 2427
194422, 2427
296498, 2427
44339, 2426
94519, 2426
150597, 2426
213072, 2426
267101, 2426
279703, 2420
49981, 2418
69080, 2418
69792, 2418
87519, 2418
101303, 2418
224739, 2418
225406, 2418
287938, 2418
58476, 2417
118998, 2416
223732, 2416
774, 2414
1247, 2414
72152, 2414
226146, 2414
279327, 2414
83759, 2410
129856, 2410
145219, 2410
160877, 2404
285190, 2404
211541, 2401
224151, 2401
283253, 2401
30067, 2400
36277, 2400
58237, 2400
61108, 2400
73315, 2400
74695, 2400
74702, 2400
100906, 2400
109344, 2400
112688, 2400
118426, 2400
129231, 2400
171815, 2400
124481, 2398
228114, 2398
264636, 2398
282990, 2392
130025, 2387
223653, 2381
156805, 2378
180596, 2378
206889, 2378
219610, 2378
286624, 2378
20591, 2375
55192, 2375
142014, 2375
212825, 2375
215940, 2375
33161, 2373
193705, 2373
230788, 2373
36540, 2372
78789, 2372
87810, 2372
94490, 2372
96070, 2372
98233, 2372
101837, 2372
104748, 2372
130027, 2372
140932, 2372
147366, 2372
161848, 2372
178576, 2372
198678, 2372
227360, 2372
283052, 2372
171539, 2366
237405, 2366
240434, 2366
255342, 2366
277864, 2366
55391, 2361
102073, 2359
270740, 2356
59811, 2351
90223, 2351
32819, 2350
180213, 2350
282868, 2350
289365, 2343
242269, 2340
248853, 2340
84540, 2339
130632, 2339
141944, 2339
262175, 2339
272804, 2339
294058, 2339
75449, 2337
77595, 2337
127999, 2337
188498, 2337
196888, 2337
73635, 2332
98045, 2332
13045, 2323
38168, 2323
44191, 2323
56611, 2323
92828, 2323
99163, 2323
117949, 2323
128751, 2323
215318, 2323
260510, 2323
276132, 2323
296139, 2323
73790, 2317
236840, 2317
107445, 2314
51104, 2313
259711, 2313
286253, 2313
295517, 2313
73442, 2312
80932, 2312
104591, 2312
117943, 2312
118945, 2312
125672, 2312
127730, 2312
142294, 2312
160136, 2312
174582, 2312
15243, 2309
48587, 2309
105545, 2309
111411, 2309
122562, 2309
123639, 2309
135525, 2309
141727, 2309
144116, 2309
144205, 2309
146586, 2309
154276, 2309
162953, 2309
176526, 2309
195025, 2309
206576, 2309
243202, 2309
256565, 2309
81718, 2308
92856, 2308
104821, 2308
137365, 2308
199021, 2308
221703, 2308
255254, 2308
171483, 2307
49898, 2306
172766, 2306
68586, 2299
172488, 2299
175667, 2299
212772, 2299
214036, 2299
239193, 2299
239745, 2299
290464, 2299
52450, 2291
64976, 2291
66885, 2291
67421, 2291
96446, 2291
120940, 2291
142705, 2291
144581, 2291
148705, 2291
162668, 2291
168026, 2291
207082, 2291
215860, 2291
230707, 2291
241313, 2291
243325, 2291
255746, 2291
257343, 2291
288287, 2291
288715, 2291
292731, 2291
292989, 2291
174956, 2283
177620, 2283
217160, 2283
232129, 2283
246319, 2282
129090, 2280
167168, 2279
188833, 2279
223023, 2279
106885, 2278
18040, 2277
24872, 2277
31444, 2277
43825, 2277
56430, 2277
61968, 2277
81467, 2277
88439, 2277
103555, 2277
105093, 2277
106667, 2277
116488, 2277
118505, 2277
122077, 2277
122988, 2277
131038, 2277
133133, 2277
134591, 2277
135808, 2277
136509, 2277
138946, 2277
140431, 2277
153331, 2277
154818, 2277
161238, 2277
162574, 2277
163563, 2277
167200, 2277
173648, 2277
196702, 2277
197838, 2277
206968, 2277
208754, 2277
213591, 2277
225982, 2277
227330, 2277
246405, 2277
255876, 2277
256468, 2277
257435, 2277
262727, 2277
268714, 2277
269564, 2277
271038, 2277
275036, 2277
279659, 2277
288238, 2277
168038, 2276
221589, 2276
228066, 2276
29900, 2273
101212, 2272
142691, 2272
148639, 2267
132968, 2264
79576, 2262
34145, 2259
187538, 2259
64694, 2254
177809, 2254
153192, 2252
170120, 2252
187646, 2252
223661, 2252
245906, 2252
291439, 2252
86500, 2251
172444, 2251
235289, 2251
266577, 2251
203033, 2246
76480, 2245
78796, 2245
124897, 2245
172357, 2245
181097, 2245
201000, 2245
236609, 2245
154135, 2244
240094, 2241
126862, 2239
281257, 2239
11470, 2237
226013, 2237
39794, 2236
119788, 2236
147214, 2236
187847, 2236
206266, 2236
245680, 2236
228887, 2233
79780, 2232
91319, 2232
224527, 2229
32134, 2228
147963, 2228
242620, 2228
174398, 2227
185965, 2225
193717, 2225
194981, 2225
210791, 2225
26313, 2224
237979, 2224
62572, 2223
177187, 2223
167181, 2222
63573, 2219
120028, 2219
157172, 2219
249186, 2219
256086, 2219
66134, 2217
107818, 2217
89841, 2214
101868, 2214
176800, 2214
177087, 2214
208635, 2214
256741, 2214
271105, 2213
63458, 2212
141917, 2212
16977, 2211
165554, 2211
252664, 2211
256680, 2211
261483, 2211
278595, 2211
146340, 2210
148497, 2210
190912, 2210
7591, 2209
46608, 2209
96754, 2209
176264, 2209
209392, 2209
229660, 2209
36369, 2206
199812, 2206
59125, 2204
25420, 2203
26931, 2203
71613, 2203
87526, 2203
119915, 2203
134110, 2203
141306, 2203
176044, 2203
184360, 2203
220197, 2203
240148, 2203
267986, 2203
275171, 2203
289767, 2203
7757, 2202
224067, 2202
262325, 2202
264581, 2202
172101, 2201
26851, 2199
83841, 2199
128326, 2199
130252, 2199
151941, 2199
169241, 2199
171367, 2199
220628, 2199
223320, 2199
54714, 2198
93952, 2198
186755, 2198
192203, 2198
228368, 2198
246486, 2198
293802, 2198
190391, 2192
260417, 2192
131121, 2191
134691, 2191
154770, 2191
193737, 2191
205539, 2191
242145, 2191
250031, 2191
258198, 2191
263976, 2191
256758, 2190
90799, 2186
236418, 2186
8564, 2185
46987, 2184
153130, 2184
177195, 2184
219142, 2184
39215, 2182
91151, 2182
29942, 2180
99020, 2180
154631, 2180
193266, 2180
202460, 2180
210674, 2180
50557, 2179
91980, 2179
57150, 2176
118094, 2176
217293, 2176
269186, 2176
91089, 2173
172693, 2171
239215, 2170
258818, 2170
284755, 2170
116297, 2168
178204, 2168
204225, 2167
239035, 2167
267703, 2167
40893, 2166
129844, 2164
160155, 2162
72259, 2160
104803, 2160
119838, 2160
127923, 2158
195320, 2158
203185, 2158
29814, 2156
111702, 2156
124850, 2156
128608, 2156
175559, 2156
228845, 2156
229549, 2156
242811, 2156
257597, 2156
90516, 2152
165777, 2152
185569, 2148
281604, 2148
287582, 2148
285467, 2143
27490, 2142
181571, 2142
292227, 2140
81926, 2138
126459, 2138
221554, 2138
222536, 2138
240102, 2138
95133, 2135
201327, 2135
264434, 2135
287594, 2135
99272, 2134
142208, 2134
224945, 2134
228166, 2134
258646, 2134
64741, 2133
277110, 2133
295750, 2133
12847, 2130
80118, 2130
250915, 2130
49318, 2129
90525, 2129
267148, 2129
249263, 2127
188762, 2126
58389, 2122
26357, 2119
37546, 2119
269272, 2119
234265, 2118
114589, 2117
190599, 2117
237315, 2117
244058, 2117
258784, 2117
15131, 2116
44651, 2116
86825, 2115
237483, 2114
105115, 2109
222332, 2109
237976, 2109
128781, 2107
219600, 2105
252152, 2103
72906, 2100
74395, 2100
45247, 2096
98275, 2093
133518, 2093
30545, 2092
95304, 2091
237347, 2091
193930, 2090
257393, 2090
162109, 2088
172580, 2087
179710, 2087
213919, 2087
283315, 2087
56042, 2084
103178, 2084
116757, 2084
203705, 2084
101458, 2082
21576, 2081
58633, 2080
63945, 2080
147047, 2080
165121, 2080
222127, 2079
252201, 2079
256617, 2079
271018, 2075
94151, 2072
10553, 2070
218265, 2066
231919, 2066
15122, 2064
51595, 2064
150303, 2064
266867, 2064
28540, 2063
268881, 2063
228512, 2060
273492, 2057
33489, 2055
80071, 2055
83159, 2055
89387, 2055
272475, 2055
121050, 2048
131578, 2048
137844, 2048
196781, 2048
217540, 2048
278484, 2048
280450, 2048
294537, 2048
20708, 2045
25607, 2045
71035, 2045
86143, 2045
100165, 2045
112776, 2045
115577, 2045
132947, 2045
183752, 2045
187344, 2045
263941, 2045
272133, 2044
296333, 2044
283379, 2043
29802, 2041
77406, 2041
202168, 2041
88299, 2040
109271, 2037
267669, 2037
29641, 2036
32133, 2036
35748, 2036
38620, 2036
39550, 2036
40842, 2036
41894, 2036
44369, 2036
47761, 2036
49573, 2036
52953, 2036
54410, 2036
54927, 2036
57733, 2036
61131, 2036
61798, 2036
69008, 2036
77687, 2036
89608, 2036
93621, 2036
95258, 2036
111477, 2034
12000, 2033
56045, 2033
111398, 2032
168364, 2032
183553, 2032
186384, 2032
191225, 2032
193910, 2032
195639, 2032
204778, 2032
208762, 2032
266076, 2032
120479, 2030
95922, 2029
119270, 2029
128335, 2025
44195, 2022
130702, 2022
219915, 2020
48241, 2019
221597, 2019
244175, 2019
264327, 2019
267327, 2019
25548, 2018
43913, 2016
76471, 2016
82047, 2016
89739, 2016
98589, 2016
114133, 2016
163120, 2016
171663, 2016
179277, 2016
190369, 2016
203426, 2016
260255, 2016
281089, 2016
204804, 2014
226494, 2014
8311, 2012
88512, 2011
103263, 2010
199471, 2010
226973, 2010
274434, 2010
13387, 2008
59455, 2008
75976, 2008
88865, 2008
107779, 2008
133968, 2008
135585, 2008
141462, 2008
158177, 2008
160327, 2008
184583, 2008
185721, 2008
185861, 2008
207754, 2008
212045, 2008
215199, 2008
220887, 2008
232463, 2008
237091, 2008
242055, 2008
243474, 2008
245157, 2008
246989, 2008
248711, 2008
249595, 2008
252685, 2008
257541, 2008
266879, 2008
273459, 2008
289048, 2008
294226, 2008
63244, 2007
228159, 2007
28136, 2003
38129, 2003
92375, 2003
105854, 2003
112349, 2003
155118, 2003
179191, 2003
196994, 2003
218857, 2003
222569, 2003
229240, 2003
231747, 2003
232452, 2003
239605, 2003
244395, 2003
266962, 2003
271069, 2003
276511, 2003
284469, 2003
285614, 2003
233221, 2001
258461, 2001
178050, 1995
226951, 1995
268725, 1990
34046, 1989
84005, 1989
109476, 1989
132167, 1989
161702, 1989
240487, 1989
58985, 1987
82485, 1987
287394, 1985
3704, 1983
13773, 1983
163441, 1983
176865, 1983
184339, 1983
290942, 1983
98500, 1982
111005, 1979
276993, 1979
279294, 1979
286663, 1979
43528, 1978
284873, 1978
24715, 1976
113792, 1976
160598, 1976
171335, 1976
188564, 1976
207514, 1976
210614, 1976
262142, 1976
267612, 1976
279421, 1976
287098, 1976
33245, 1974
93312, 1974
102915, 1974
118215, 1974
145793, 1974
165192, 1974
165895, 1974
129382, 1968
171521, 1968
174170, 1968
193041, 1968
51759, 1967
101239, 1967
108230, 1967
191166, 1967
47407, 1964
28574, 1963
43515, 1963
146710, 1963
156759, 1963
194762, 1963
195086, 1963
199691, 1963
209729, 1963
211731, 1963
235483, 1963
240620, 1963
247478, 1963
248902, 1963
274108, 1963
278919, 1963
286318, 1963
27402, 1962
293898, 1962
98903, 1961
51765, 1960
159212, 1960
215624, 1960
286879, 1960
63877, 1958
71478, 1958
221469, 1958
242316, 1958
56344, 1957
69664, 1957
219587, 1957
238489, 1957
81519, 1952
288484, 1952
34024, 1949
72273, 1949
7691, 1948
148706, 1948
12862, 1943
28734, 1943
60973, 1943
65287, 1943
71699, 1943
271982, 1943
272995, 1943
184139, 1942
52359, 1941
78084, 1941
105024, 1941
118419, 1941
124201, 1941
125301, 1941
164203, 1941
284164, 1941
23941, 1940
200215, 1940
208276, 1940
261574, 1940
192335, 1939
157235, 1935
256875, 1935
220764, 1934
141025, 1932
27373, 1927
147014, 1927
207147, 1927
249093, 1927
257494, 1927
278391, 1927
125073, 1925
35979, 1923
40227, 1923
113096, 1923
98305, 1922
123010, 1909
183217, 1909
21340, 1905
79834, 1905
146276, 1905
282648, 1905
283368, 1905
284785, 1902
123283, 1899
144163, 1899
153351, 1899
156090, 1899
209721, 1899
210635, 1899
224028, 1899
225355, 1899
156074, 1894
217166, 1894
273573, 1894
105463, 1891
133194, 1891
135295, 1891
225153, 1891
93379, 1890
131341, 1889
149352, 1889
161781, 1888
15756, 1887
42378, 1887
65968, 1887
91924, 1887
92762, 1887
288865, 1887
294448, 1887
127986, 1886
16462, 1882
22678, 1882
147620, 1882
222470, 1882
80518, 1881
91155, 1881
98283, 1881
146651, 1881
164407, 1881
222357, 1881
235066, 1881
263942, 1881
12006, 1880
150972, 1880
189521, 1880
264811, 1880
88990, 1879
92792, 1879
104503, 1879
59500, 1877
97144, 1877
159803, 1877
259351, 1877
276198, 1877
124960, 1876
125434, 1873
208043, 1873
248722, 1873
250727, 1873
270482, 1873
29282, 1872
251298, 1872
59019, 1870
106939, 1870
164139, 1870
171427, 1870
178078, 1870
180610, 1870
203585, 1870
206026, 1870
264194, 1870
132765, 1867
140020, 1867
168754, 1867
173248, 1867
187278, 1867
62056, 1862
71219, 1862
77676, 1862
103446, 1862
250182, 1862
270932, 1862
36880, 1861
76394, 1861
85550, 1861
214869, 1861
250952, 1861
296589, 1861
50061, 1860
246322, 1860
262123, 1860
82184, 1854
129654, 1854
175338, 1854
197085, 1854
212245, 1854
244811, 1851
284740, 1851
182612, 1845
107050, 1844
146130, 1844
293212, 1844
36601, 1840
23678, 1837
165755, 1837
275987, 1837
245334, 1836
12093, 1833
27958, 1833
49426, 1833
216805, 1833
252968, 1833
115650, 1830
104059, 1829
153254, 1829
179348, 1829
211961, 1829
262245, 1829
296162, 1826
264842, 1821
57645, 1820
59974, 1820
73337, 1820
85134, 1820
98992, 1820
112722, 1820
114387, 1820
114463, 1820
127670, 1820
143199, 1820
187268, 1820
205767, 1820
236088, 1820
274432, 1816
79330, 1813
182404, 1812
19764, 1810
44872, 1809
139380, 1809
219167, 1809
271775, 1809
116055, 1806
54644, 1804
56004, 1802
108205, 1802
114393, 1801
185655, 1801
217424, 1801
220190, 1801
234297, 1801
108414, 1800
271042, 1800
113366, 1799
232066, 1793
106062, 1792
124098, 1791
202071, 1791
238132, 1791
266271, 1791
18812, 1789
57528, 1789
280982, 1789
216229, 1788
180067, 1787
187870, 1787
207576, 1787
228643, 1787
17756, 1786
60125, 1786
130737, 1786
160000, 1785
104042, 1784
128715, 1784
166570, 1784
211250, 1784
32886, 1783
78274, 1783
96334, 1783
236668, 1783
50193, 1780
114982, 1780
82449, 1777
180176, 1777
29706, 1776
69032, 1776
82138, 1776
169355, 1774
173263, 1773
82242, 1771
93101, 1771
136687, 1771
157512, 1771
169063, 1771
212330, 1771
58774, 1770
125953, 1770
275252, 1770
283076, 1769
131372, 1765
156931, 1762
290114, 1762
72413, 1761
164862, 1761
218506, 1761
224640, 1761
253202, 1761
276925, 1761
278236, 1761
280438, 1761
15195, 1760
40102, 1760
106117, 1760
130476, 1760
152947, 1760
156834, 1760
167778, 1760
204498, 1760
219416, 1760
219548, 1760
236281, 1760
249689, 1760
274286, 1760
9983, 1758
41783, 1758
73099, 1758
86116, 1758
89064, 1758
111517, 1758
113486, 1758
127930, 1758
140513, 1758
141138, 1758
178481, 1758
187171, 1758
188804, 1758
191220, 1758
203764, 1758
233317, 1758
248701, 1758
251690, 1758
261791, 1758
275900, 1758
280708, 1758
34673, 1757
206531, 1757
241293, 1757
243607, 1757
247975, 1757
289612, 1757
143521, 1752
185397, 1752
214705, 1752
218752, 1752
232033, 1752
277364, 1752
281993, 1752
122498, 1751
163959, 1751
210472, 1751
67496, 1749
101135, 1749
215129, 1749
292426, 1749
103594, 1748
160094, 1748
182625, 1748
233862, 1748
242406, 1748
244885, 1748
288402, 1748
36529, 1746
129046, 1745
129136, 1745
145378, 1745
189442, 1745
235286, 1745
279490, 1745
58297, 1741
76577, 1740
146596, 1740
192935, 1740
200533, 1740
150505, 1737
78780, 1736
182157, 1736
12987, 1735
45206, 1735
121490, 1734
154763, 1734
169859, 1734
287549, 1734
260830, 1732
211372, 1730
83193, 1729
136280, 1729
170124, 1729
295464, 1729
54049, 1723
140208, 1723
37766, 1722
48342, 1722
49019, 1722
49461, 1722
60023, 1722
73904, 1722
75012, 1722
81044, 1722
86104, 1722
88389, 1722
100709, 1722
101078, 1722
103569, 1722
110028, 1722
113975, 1722
122686, 1722
125510, 1722
126161, 1722
143135, 1722
145381, 1722
157521, 1722
157795, 1722
165783, 1722
175071, 1722
184858, 1722
203704, 1722
208639, 1722
212956, 1722
228569, 1722
231360, 1722
236379, 1722
244193, 1722
245737, 1722
247789, 1722
249342, 1722
290677, 1722
107178, 1721
163152, 1721
58760, 1719
93974, 1719
95897, 1719
98614, 1719
110118, 1719
112255, 1719
115701, 1719
158816, 1719
175214, 1719
218075, 1719
219946, 1719
197504, 1718
210333, 1718
73973, 1717
86593, 1717
97602, 1717
128325, 1717
165620, 1717
203309, 1717
214370, 1717
238125, 1717
253563, 1717
295107, 1717
120585, 1714
37458, 1713
55851, 1713
58422, 1713
140772, 1713
25286, 1710
257335, 1710
99629, 1709
132375, 1709
173682, 1709
209171, 1709
222864, 1709
237002, 1709
270893, 1709
286822, 1709
97835, 1708
184688, 1705
215570, 1705
134556, 1704
170286, 1703
137344, 1701
145944, 1701
146783, 1701
163956, 1694
283176, 1694
87812, 1693
90763, 1692
234117, 1692
30264, 1689
51141, 1689
79804, 1689
82715, 1689
86295, 1689
282320, 1688
71363, 1687
192950, 1683
245265, 1683
71202, 1682
200529, 1682
188720, 1679
26317, 1677
29298, 1677
46000, 1677
49800, 1677
59730, 1677
71804, 1677
96702, 1677
99282, 1677
100177, 1677
111256, 1677
115795, 1677
118926, 1677
119956, 1677
123562, 1677
132549, 1677
173986, 1677
192864, 1677
210447, 1677
214489, 1677
215516, 1677
215647, 1677
235047, 1677
237230, 1677
243194, 1677
248661, 1677
250525, 1677
257695, 1677
271077, 1677
276796, 1677
286953, 1677
291420, 1677
296103, 1677
125591, 1676
129879, 1676
140237, 1676
144878, 1676
145450, 1676
149811, 1676
153399, 1676
155994, 1676
158639, 1676
164506, 1676
168531, 1676
168632, 1676
169348, 1676
198292, 1676
205882, 1676
206892, 1676
219770, 1676
223105, 1676
280305, 1676
92648, 1675
37320, 1674
41088, 1674
51554, 1674
51828, 1674
61047, 1674
89740, 1673
93289, 1673
154897, 1673
245232, 1673
250900, 1673
42136, 1672
76567, 1672
228175, 1672
231026, 1672
115938, 1668
238553, 1668
75845, 1667
184551, 1667
213458, 1667
235686, 1667
294413, 1667
204121, 1665
94889, 1664
35947, 1662
74691, 1662
135430, 1662
141437, 1662
144244, 1662
168744, 1662
176744, 1662
182659, 1662
227702, 1662
234381, 1662
238306, 1662
244567, 1662
258425, 1662
264402, 1662
266464, 1662
275141, 1662
276409, 1662
288843, 1662
289601, 1662
77315, 1661
128763, 1661
227813, 1661
272944, 1661
150432, 1660
74825, 1659
265006, 1659
125821, 1657
127199, 1657
145708, 1657
148221, 1657
179795, 1657
227177, 1657
246510, 1657
284812, 1657
76689, 1656
90497, 1656
102606, 1656
104122, 1656
107974, 1656
115906, 1656
120578, 1656
130098, 1656
133909, 1656
140827, 1656
146567, 1656
153916, 1656
155706, 1656
156806, 1656
163766, 1656
179085, 1656
180772, 1656
181231, 1656
192027, 1656
195547, 1656
196276, 1656
197301, 1656
198508, 1656
213673, 1656
223194, 1656
228602, 1656
231047, 1656
231459, 1656
241981, 1656
247318, 1656
247422, 1656
251420, 1656
251581, 1656
253417, 1656
257727, 1656
268516, 1656
270577, 1656
280225, 1656
281393, 1656
282007, 1656
294184, 1656
235713, 1651
66433, 1648
114375, 1648
212674, 1648
28055, 1647
33711, 1647
159515, 1647
262483, 1647
118879, 1645
191565, 1644
54081, 1643
59129, 1643
66611, 1643
82146, 1643
100144, 1643
142754, 1643
162331, 1643
177058, 1643
190339, 1642
5372, 1641
197267, 1641
199544, 1641
235364, 1641
188827, 1640
210205, 1640
250052, 1638
171659, 1636
27311, 1635
38426, 1635
81289, 1635
85894, 1635
91273, 1635
101267, 1635
109992, 1635
113346, 1635
123299, 1635
127854, 1635
133097, 1635
140522, 1635
147407, 1635
147782, 1635
150352, 1635
156832, 1635
158061, 1635
159587, 1635
168370, 1635
175361, 1635
189292, 1635
193991, 1635
204154, 1635
212011, 1635
223897, 1635
230846, 1635
234400, 1635
240860, 1635
247828, 1635
251315, 1635
264014, 1635
283374, 1635
283850, 1635
47364, 1633
97583, 1633
85118, 1631
90377, 1631
128593, 1631
141539, 1631
146607, 1631
195899, 1631
207407, 1631
243890, 1631
253232, 1631
270464, 1631
275340, 1631
282741, 1631
282863, 1631
288562, 1631
148478, 1630
33485, 1626
168210, 1626
216409, 1626
54248, 1624
96132, 1624
122823, 1624
138097, 1624
157857, 1624
242672, 1624
266807, 1624
238794, 1623
36377, 1620
74894, 1620
89730, 1620
133672, 1620
157569, 1620
199453, 1620
249551, 1620
288143, 1620
290767, 1620
83495, 1619
210325, 1619
228017, 1619
254244, 1619
31975, 1617
70236, 1617
79245, 1617
90391, 1617
103552, 1617
104913, 1617
109367, 1617
138021, 1617
167506, 1617
171623, 1617
178286, 1617
182681, 1617
189997, 1617
244171, 1617
244617, 1617
249683, 1617
268361, 1617
272178, 1617
280036, 1617
290025, 1617
295208, 1617
54490, 1616
128674, 1616
158448, 1616
204001, 1616
214082, 1616
219752, 1616
225859, 1616
236193, 1616
272061, 1616
272390, 1616
81616, 1615
140432, 1615
149135, 1615
185489, 1615
202056, 1615
204929, 1615
218677, 1615
222887, 1615
230326, 1615
248857, 1615
252400, 1615
267602, 1615
278293, 1615
204873, 1613
170858, 1612
17818, 1611
43626, 1611
3325, 1610
14082, 1609
32901, 1609
53441, 1609
96919, 1609
285224, 1609
229338, 1608
286809, 1608
12810, 1607
268009, 1607
142417, 1606
201814, 1606
243216, 1606
258927, 1606
291649, 1606
121863, 1605
36883, 1600
44004, 1600
51577, 1600
51810, 1600
61629, 1600
66110, 1600
67868, 1600
70936, 1600
73652, 1600
76192, 1600
78802, 1600
84777, 1600
86322, 1600
86343, 1600
93655, 1600
106451, 1600
109177, 1600
116923, 1600
125611, 1600
133723, 1600
150349, 1600
150947, 1600
152727, 1600
154415, 1600
158874, 1600
183132, 1600
195622, 1600
216272, 1600
243798, 1600
269321, 1600
290160, 1600
168474, 1599
31389, 1598
39172, 1598
69394, 1598
74171, 1598
111011, 1598
117891, 1598
119247, 1598
121221, 1598
148247, 1598
152535, 1598
165230, 1598
183667, 1598
189184, 1598
198416, 1598
261986, 1598
263278, 1598
266281, 1598
294422, 1598
25495, 1597
30288, 1597
69152, 1597
92091, 1597
93364, 1597
113987, 1597
193890, 1597
173941, 1594
278795, 1594
286308, 1594
195675, 1591
72872, 1590
108338, 1590
141555, 1590
168849, 1590
238014, 1590
121083, 1589
194833, 1589
198533, 1589
263666, 1589
282379, 1589
192682, 1587
223876, 1587
35322, 1586
35969, 1586
37492, 1586
132568, 1586
146474, 1586
209878, 1586
267066, 1586
21725, 1584
23076, 1584
26620, 1584
36973, 1584
37374, 1584
53847, 1584
63559, 1584
64663, 1584
66527, 1584
67002, 1584
72695, 1584
79664, 1584
85830, 1584
91566, 1584
96013, 1584
96388, 1584
97369, 1584
97581, 1584
98565, 1584
104278, 1584
104509, 1584
104957, 1584
108018, 1584
109243, 1584
110679, 1584
120655, 1584
140048, 1584
154901, 1584
225166, 1584
247589, 1584
39227, 1583
150794, 1583
171946, 1583
248066, 1583
265418, 1583
268781, 1583
292417, 1583
50639, 1581
148721, 1581
193209, 1581
241897, 1581
252016, 1581
274643, 1581
123176, 1580
252803, 1580
103700, 1579
166500, 1579
131273, 1578
2679, 1577
106334, 1575
138243, 1575
217619, 1575
288465, 1575
290799, 1575
253763, 1574
80957, 1570
128824, 1570
159199, 1570
208023, 1570
241021, 1570
145235, 1569
225440, 1569
2886, 1568
57814, 1568
105207, 1568
118552, 1568
122370, 1568
124763, 1568
125139, 1568
196506, 1568
224615, 1568
238516, 1568
238948, 1568
250925, 1568
251158, 1568
256847, 1568
285125, 1568
292861, 1568
293846, 1568
139803, 1566
142689, 1566
196919, 1566
235541, 1566
259173, 1566
21654, 1565
78319, 1565
103175, 1565
107703, 1565
123985, 1565
143718, 1565
150909, 1565
160795, 1565
167654, 1565
223749, 1565
80678, 1564
85980, 1564
132467, 1562
64616, 1561
129408, 1561
162988, 1561
209961, 1559
7003, 1558
11806, 1558
23671, 1558
36310, 1558
60584, 1558
73958, 1558
81019, 1558
83621, 1558
90876, 1558
92275, 1558
98359, 1558
98891, 1558
104474, 1558
112013, 1558
124439, 1558
133474, 1558
137552, 1558
150146, 1558
150892, 1558
166536, 1558
173460, 1558
176994, 1558
46483, 1555
183878, 1554
186209, 1554
191257, 1554
274805, 1554
281488, 1554
44950, 1553
143035, 1553
190204, 1553
93699, 1552
141290, 1552
175081, 1552
191414, 1552
279643, 1552
282076, 1552
289832, 1552
64236, 1551
117643, 1551
127122, 1551
132285, 1551
211461, 1551
254067, 1551
168835, 1547
63980, 1543
69840, 1543
102475, 1543
188836, 1543
241468, 1543
279968, 1543
32537, 1542
36509, 1542
45337, 1542
104408, 1542
123802, 1542
153936, 1542
180767, 1542
188710, 1542
222227, 1542
51601, 1540
282577, 1540
90533, 1539
58736, 1531
171983, 1531
286338, 1531
76991, 1530
361, 1528
129686, 1523
225464, 1523
257443, 1523
9436, 1520
36946, 1520
48757, 1520
166555, 1520
172149, 1520
181967, 1520
188791, 1520
233684, 1520
261736, 1520
265742, 1520
284020, 1520
286633, 1520
230171, 1518
247573, 1517
273970, 1515
211843, 1513
61179, 1512
129624, 1512
120205, 1511
27800, 1510
32912, 1510
60352, 1510
63752, 1510
66339, 1510
72145, 1510
83659, 1510
85345, 1510
89214, 1510
100000, 1510
113268, 1510
116881, 1510
125942, 1510
144599, 1510
159306, 1510
180960, 1510
183224, 1510
187049, 1510
191084, 1510
210821, 1510
218871, 1510
232051, 1510
254087, 1510
258432, 1510
280604, 1510
7768, 1509
18773, 1509
29002, 1509
31421, 1509
49155, 1509
52300, 1509
57521, 1509
58722, 1509
60622, 1509
72126, 1509
82866, 1509
83676, 1509
88701, 1509
92696, 1509
96152, 1509
109520, 1509
112440, 1509
115843, 1509
121003, 1509
126323, 1509
131934, 1509
139553, 1509
164856, 1509
177772, 1509
187713, 1509
194745, 1509
199260, 1509
206104, 1509
206284, 1509
206801, 1509
220794, 1509
224986, 1509
226497, 1509
238698, 1509
240274, 1509
242732, 1509
242937, 1509
254672, 1509
269658, 1509
269896, 1509
274880, 1509
279925, 1509
279939, 1509
284782, 1509
191940, 1508
93024, 1507
268319, 1507
14687, 1506
31806, 1506
50169, 1506
197823, 1506
209687, 1506
242899, 1506
244129, 1506
249912, 1506
86299, 1502
93061, 1502
153876, 1502
165318, 1502
67420, 1501
117645, 1501
120027, 1501
199999, 1501
235063, 1501
138509, 1500
170591, 1500
181695, 1500
195780, 1500
16737, 1499
36005, 1499
44916, 1499
45700, 1499
46468, 1499
80640, 1499
99566, 1499
102486, 1499
103849, 1499
115888, 1499
122259, 1499
129485, 1499
132848, 1499
134295, 1499
144807, 1499
146254, 1499
161498, 1499
170008, 1499
170282, 1499
182286, 1499
182532, 1499
189669, 1499
199146, 1499
199173, 1499
218507, 1499
219802, 1499
222498, 1499
222761, 1499
227430, 1499
233130, 1499
239678, 1499
241770, 1499
245227, 1499
248085, 1499
256438, 1499
262747, 1499
266458, 1499
270882, 1499
273920, 1499
275342, 1499
296487, 1499
282037, 1497
280417, 1496
80896, 1495
171052, 1495
216834, 1495
251732, 1494
44659, 1493
51909, 1493
96010, 1493
99181, 1493
115705, 1493
143511, 1493
162019, 1493
189127, 1493
219406, 1493
227104, 1493
285113, 1493
174316, 1491
205547, 1490
196004, 1488
291030, 1488
250857, 1487
77113, 1485
85557, 1485
164985, 1485
186244, 1485
196389, 1485
225197, 1485
259649, 1485
294236, 1485
11076, 1484
8055, 1482
50107, 1482
72588, 1482
292068, 1482
19584, 1481
82254, 1481
231660, 1480
236154, 1477
242472, 1475
258087, 1475
283167, 1475
94727, 1473
109220, 1473
136014, 1473
166318, 1473
179897, 1473
238351, 1473
259878, 1473
278416, 1472
31981, 1469
59120, 1469
61645, 1469
63375, 1469
74363, 1469
76479, 1469
86829, 1469
95886, 1469
229644, 1469
42295, 1468
248663, 1468
93637, 1464
201056, 1464
241167, 1463
42059, 1461
175663, 1461
53619, 1460
62130, 1460
79313, 1460
89033, 1460
98505, 1460
100545, 1460
114403, 1460
130285, 1460
133568, 1460
147727, 1460
215698, 1460
244229, 1460
285491, 1460
200826, 1457
293859, 1457
149634, 1456
289901, 1455
12720, 1453
280481, 1453
71799, 1452
247084, 1452
254381, 1452
163431, 1451
257772, 1451
65584, 1450
24993, 1449
37599, 1449
49822, 1449
76962, 1449
92582, 1449
114744, 1449
128631, 1449
132861, 1449
148645, 1449
163996, 1449
164458, 1449
171182, 1449
201437, 1449
211615, 1449
221317, 1449
223711, 1449
230402, 1449
232069, 1449
232683, 1449
243993, 1449
244920, 1449
252941, 1449
257059, 1449
264894, 1449
269475, 1449
272150, 1449
277561, 1449
283319, 1449
288563, 1449
290678, 1449
291376, 1449
293806, 1449
109046, 1444
194180, 1444
195393, 1444
40777, 1443
261854, 1443
42149, 1441
39307, 1440
42133, 1440
110246, 1440
112739, 1440
206860, 1440
208523, 1440
242612, 1440
260848, 1440
119656, 1439
203204, 1439
209859, 1439
248960, 1439
262311, 1439
278185, 1439
286322, 1439
293417, 1439
194529, 1437
216178, 1437
271597, 1437
144030, 1434
162106, 1434
185948, 1434
242295, 1434
15000, 1432
72823, 1432
80982, 1432
22298, 1429
72374, 1429
60578, 1428
118034, 1428
168545, 1428
136768, 1427
183781, 1426
189690, 1426
217204, 1426
270255, 1426
277239, 1426
281260, 1426
222403, 1424
250073, 1424
218405, 1423
271812, 1423
29314, 1420
26105, 1418
32782, 1418
119451, 1418
170528, 1418
231350, 1418
266179, 1418
287524, 1418
146385, 1417
245006, 1417
165761, 1416
198294, 1416
221351, 1416
261143, 1416
25303, 1414
54886, 1412
89590, 1412
108376, 1412
200165, 1412
256442, 1410
262757, 1410
19433, 1409
87148, 1409
87630, 1409
92064, 1409
190048, 1409
136431, 1408
14412, 1406
13353, 1402
55957, 1402
59838, 1402
80598, 1402
124243, 1402
150134, 1402
198376, 1402
290065, 1402
10131, 1395
186972, 1395
233690, 1395
187719, 1393
278497, 1393
143535, 1392
207694, 1392
248809, 1392
122459, 1391
115812, 1389
95769, 1387
172637, 1387
135689, 1385
200777, 1385
176066, 1380
271379, 1380
115671, 1379
229767, 1376
54416, 1371
86596, 1369
258551, 1369
84552, 1365
217489, 1363
124496, 1362
180754, 1362
158335, 1361
177077, 1360
23027, 1354
60147, 1354
85568, 1354
87069, 1352
182515, 1352
230458, 1352
251901, 1352
271083, 1352
277661, 1352
32747, 1349
259139, 1349
262062, 1349
281483, 1349
130810, 1347
231856, 1347
184833, 1341
229346, 1341
24466, 1338
77417, 1338
87376, 1338
9869, 1336
11390, 1336
198499, 1335
33599, 1334
37676, 1334
90068, 1334
125256, 1334
185611, 1334
260639, 1334
287915, 1334
6078, 1331
35561, 1331
68546, 1331
229108, 1331
163844, 1329
157482, 1328
183591, 1326
185672, 1326
187778, 1326
294393, 1326
165489, 1325
213238, 1325
264113, 1325
67382, 1324
209602, 1321
38498, 1320
117220, 1320
158668, 1320
230353, 1320
140142, 1319
185830, 1316
279917, 1315
4274, 1313
60725, 1311
89482, 1311
146417, 1311
151313, 1311
160104, 1311
176041, 1311
194364, 1311
196829, 1311
229422, 1311
242739, 1311
256294, 1311
276096, 1311
185900, 1310
216865, 1310
219874, 1310
232738, 1310
255170, 1310
290800, 1310
142118, 1309
261273, 1309
19434, 1307
53831, 1307
117729, 1307
40050, 1306
8779, 1305
15659, 1305
17042, 1305
29691, 1305
30096, 1305
32320, 1305
47432, 1305
72639, 1305
78653, 1305
84755, 1305
88535, 1305
91349, 1305
92818, 1305
99165, 1305
105218, 1305
120084, 1305
121162, 1305
129167, 1305
130590, 1305
133213, 1305
134838, 1305
135317, 1305
135335, 1305
138987, 1305
139297, 1305
142851, 1305
146590, 1305
148429, 1305
148895, 1305
152746, 1305
177469, 1305
178852, 1305
179891, 1305
183305, 1305
185547, 1305
189295, 1305
193538, 1305
195091, 1305
195562, 1305
198038, 1305
199325, 1305
207745, 1305
219209, 1305
221562, 1305
236423, 1305
237118, 1305
237136, 1305
241844, 1305
244556, 1305
262374, 1305
266718, 1305
269987, 1305
274676, 1305
275722, 1305
278441, 1305
282844, 1305
284849, 1305
17921, 1303
19420, 1303
27683, 1303
45666, 1303
50175, 1303
58064, 1303
62094, 1303
64590, 1303
87104, 1303
100633, 1303
252118, 1303
19646, 1302
133085, 1302
161419, 1302
274955, 1302
114881, 1300
206070, 1300
276802, 1300
284054, 1300
146251, 1299
90903, 1296
157426, 1296
9295, 1295
16704, 1295
97161, 1295
172378, 1293
217161, 1293
67408, 1291
72675, 1291
108398, 1291
291017, 1291
130198, 1290
134092, 1290
167369, 1290
240242, 1290
129026, 1289
59702, 1283
192471, 1282
260223, 1282
260865, 1282
68904, 1280
91847, 1280
99467, 1280
247089, 1277
35217, 1276
51783, 1276
157686, 1276
174113, 1276
210985, 1276
121088, 1274
56874, 1268
165196, 1268
173226, 1268
206568, 1268
223959, 1268
260100, 1268
27587, 1267
35881, 1267
161955, 1267
205256, 1267
166392, 1265
162593, 1264
269571, 1264
43588, 1260
229168, 1260
291303, 1260
52573, 1254
85362, 1254
222581, 1251
249480, 1249
276793, 1249
107031, 1247
112311, 1247
114938, 1247
182235, 1247
244988, 1247
37563, 1244
40041, 1244
110878, 1244
146561, 1244
156132, 1244
157283, 1244
216986, 1244
39079, 1242
48987, 1242
52547, 1242
53389, 1242
54016, 1242
55991, 1242
248674, 1242
268625, 1242
274790, 1242
31605, 1240
32346, 1240
42655, 1240
60151, 1240
70608, 1240
72752, 1240
190947, 1240
288411, 1240
99777, 1239
190619, 1239
292856, 1238
124807, 1237
148983, 1235
164877, 1234
294250, 1234
19082, 1231
22244, 1231
141096, 1231
224498, 1231
267688, 1231
137739, 1230
151482, 1230
167611, 1230
137970, 1226
213653, 1226
265352, 1226
172618, 1225
201627, 1225
69335, 1224
70811, 1224
94188, 1224
108746, 1224
151334, 1224
285811, 1224
262711, 1222
39368, 1218
81230, 1218
73930, 1215
277608, 1211
285751, 1210
7039, 1209
54989, 1208
130841, 1208
152039, 1208
170669, 1208
234460, 1208
251481, 1208
145248, 1207
46475, 1204
51847, 1203
218553, 1200
69361, 1199
71337, 1199
179914, 1199
230945, 1199
255989, 1199
292119, 1199
214696, 1194
285452, 1194
182152, 1192
223012, 1192
257238, 1192
255771, 1190
35119, 1186
46731, 1186
102355, 1186
132858, 1186
195484, 1186
77669, 1184
57838, 1182
279883, 1182
29165, 1181
56305, 1181
53774, 1178
16623, 1177
60545, 1177
279806, 1176
293265, 1175
79187, 1171
14364, 1169
129772, 1169
97617, 1168
249828, 1168
242270, 1161
279469, 1161
32275, 1160
260563, 1160
119068, 1159
9991, 1158
12437, 1158
14748, 1158
126315, 1158
146911, 1158
154973, 1158
230583, 1158
256367, 1158
275158, 1158
284977, 1158
290399, 1158
34511, 1154
81867, 1154
93257, 1154
186497, 1154
204635, 1154
253478, 1154
165233, 1153
190879, 1150
15693, 1149
29296, 1149
29342, 1149
45862, 1149
162523, 1149
63910, 1141
170024, 1141
8258, 1140
30906, 1140
51871, 1140
230260, 1140
231314, 1140
258550, 1140
293457, 1140
90182, 1139
94982, 1139
97210, 1139
32860, 1136
5000, 1134
13134, 1134
14705, 1134
78990, 1134
160044, 1134
164283, 1134
178560, 1134
194623, 1134
205635, 1134
231585, 1134
241470, 1134
244192, 1134
260103, 1134
278366, 1134
288254, 1134
289681, 1134
72624, 1133
38212, 1131
100432, 1130
87807, 1126
267521, 1126
33547, 1125
134465, 1125
137032, 1125
169931, 1125
211289, 1125
220553, 1125
237453, 1124
142968, 1122
190297, 1122
28459, 1121
68731, 1119
216171, 1119
277457, 1119
203700, 1115
102454, 1114
279867, 1113
30642, 1108
234607, 1107
18876, 1099
196902, 1099
28196, 1094
91507, 1093
171199, 1093
179663, 1093
235785, 1093
259836, 1093
66061, 1091
55548, 1090
76927, 1090
158951, 1090
222069, 1089
233074, 1086
161584, 1085
9614, 1084
273208, 1083
134941, 1081
117880, 1080
234056, 1080
2106, 1078
24106, 1078
42165, 1078
82765, 1078
85920, 1078
86797, 1078
90240, 1078
107368, 1078
119663, 1078
131143, 1078
135371, 1078
180341, 1078
189249, 1078
207182, 1078
224662, 1078
229328, 1078
252869, 1078
295440, 1078
105415, 1076
159089, 1075
285506, 1072
98571, 1071
117980, 1071
247345, 1071
149516, 1069
90253, 1068
272669, 1068
101948, 1066
276185, 1066
130630, 1065
224363, 1065
270823, 1064
280439, 1064
79072, 1063
186100, 1063
73125, 1060
142838, 1060
168153, 1060
92333, 1057
20291, 1056
179026, 1056
41986, 1055
73824, 1055
89400, 1055
104061, 1055
112509, 1055
116119, 1055
124556, 1055
176757, 1055
215856, 1055
236300, 1055
241079, 1055
252148, 1055
279820, 1055
292679, 1055
225705, 1049
274019, 1049
49047, 1047
137196, 1047
120147, 1046
14464, 1045
4181, 1044
33254, 1043
157265, 1043
194743, 1043
112631, 1037
125945, 1035
42481, 1034
113848, 1034
15018, 1032
153784, 1032
212099, 1032
47124, 1030
30509, 1028
222764, 1028
228104, 1028
285159, 1028
88709, 1025
108602, 1025
66581, 1024
140700, 1024
68224, 1023
206797, 1023
276058, 1023
13575, 1022
45090, 1022
45963, 1022
52939, 1022
100836, 1022
151652, 1022
228989, 1022
238569, 1022
164308, 1021
147649, 1020
214777, 1020
131921, 1018
199487, 1018
210956, 1017
231322, 1017
274001, 1017
96396, 1013
92181, 1011
22305, 1010
52177, 1010
117555, 1010
15270, 1004
31197, 1004
272022, 1002
