10503, 111999
133687, 111999
145833, 111999
145988, 111999
149194, 111999
158829, 111999
178892, 111999
186842, 111999
187738, 111999
195196, 111999
196723, 111999
201090, 111999
205187, 111999
209204, 111999
230167, 111999
237330, 111999
243525, 111999
247466, 111999
248000, 111999
269753, 111999
275829, 111999
292605, 111999
53156, 4434
53615, 4434
54002, 4434
54429, 4434
54739, 4434
57110, 4434
57655, 4434
58259, 4434
49770, 4401
49860, 4401
49903, 4401
50792, 4401
53588, 4401
48527, 4272
49187, 4272
43744, 4215
46509, 4215
53204, 3557
55874, 3557
57679, 3557
60421, 3557
66837, 3451
68247, 3451
74873, 3451
80348, 3451
62789, 3433
62840, 3433
63806, 3433
64556, 3433
65513, 3433
67601, 3433
68589, 3433
68803, 3433
69081, 3433
72562, 3433
77226, 3433
77981, 3433
78019, 3433
95264, 3370
56902, 3246
58576, 3246
62045, 3246
51229, 3188
53491, 3188
53550, 3188
56587, 3188
59759, 3188
24851, 1637
41387, 1637
41970, 1637
46127, 1637
50090, 1637
52465, 1637
53562, 1637
53608, 1637
55481, 1637
57624, 1637
58072, 1637
58598, 1637
61382, 1637
62948, 1637
64158, 1637
65696, 1637
65785, 1637
65970, 1637
70693, 1637
72429, 1637
74015, 1637
76621, 1637
76673, 1637
77277, 1637
94794, 1637
100505, 1637
141258, 1637
192112, 1637
74676, 1627
75096, 1627
75267, 1627
76681, 1627
77948, 1627
85262, 1627
57888, 1624
76825, 1624
93558, 1624
118444, 1624
68021, 1567
75495, 1567
84051, 1567
85624, 1567
85749, 1567
95093, 1567
96147, 1567
98494, 1567
101008, 1567
105044, 1567
105862, 1567
109829, 1567
113837, 1567
114670, 1567
123130, 1567
124304, 1567
125423, 1567
126425, 1567
126472, 1567
129649, 1567
134554, 1567
143855, 1567
147887, 1567
148521, 1567
160495, 1567
161391, 1567
162992, 1567
164695, 1567
167454, 1567
172392, 1567
175053, 1567
175310, 1567
204054, 1567
241877, 1567
271100, 1567
38281, 1557
41885, 1557
43050, 1557
43140, 1557
43548, 1557
46862, 1557
47944, 1557
55044, 1557
56059, 1557
57794, 1557
58891, 1557
61611, 1557
65915, 1557
67987, 1557
71069, 1557
75336, 1557
75417, 1557
76197, 1557
83868, 1557
91092, 1557
94462, 1557
94857, 1557
101136, 1557
102140, 1557
105766, 1557
107364, 1557
107485, 1557
118584, 1557
137274, 1557
151678, 1557
136969, 1527
158374, 1527
191453, 1527
158758, 1520
187769, 1520
194693, 1520
197388, 1520
203648, 1520
78477, 1499
194921, 1499
286432, 1499
289427, 1499
37059, 1498
52165, 1498
110107, 1498
121447, 1498
126138, 1498
148087, 1498
151660, 1498
155804, 1498
159101, 1498
160330, 1498
169293, 1498
175061, 1498
186758, 1498
188316, 1498
190968, 1498
192925, 1498
193923, 1498
200579, 1498
201310, 1498
214409, 1498
216291, 1498
222393, 1498
228379, 1498
230406, 1498
232138, 1498
232287, 1498
238653, 1498
241219, 1498
246579, 1498
254104, 1498
255502, 1498
255683, 1498
257394, 1498
259956, 1498
260276, 1498
261667, 1498
261873, 1498
262073, 1498
263064, 1498
266351, 1498
268158, 1498
272378, 1498
273711, 1498
275508, 1498
277549, 1498
278035, 1498
287906, 1498
292609, 1498
295446, 1498
65142, 1497
258091, 1497
140251, 1460
186479, 1460
190216, 1460
233850, 1460
244569, 1460
247934, 1460
265377, 1460
132056, 1443
279463, 1443
203077, 1438
197845, 1435
222065, 1435
100937, 1430
125284, 1430
284992, 1430
25470, 1401
96580, 1401
113378, 1401
150846, 1401
197773, 1401
199849, 1401
213261, 1401
256152, 1401
266543, 1401
273843, 1401
289442, 1401
27608, 1398
291179, 1396
77971, 1379
47600, 1362
54420, 1362
61304, 1362
66646, 1355
117695, 1355
139564, 1355
161944, 1355
165913, 1355
174945, 1355
265824, 1355
279719, 1355
75767, 1339
26296, 1335
95756, 1335
142501, 1335
150771, 1335
159411, 1335
274439, 1334
124178, 1333
233755, 1333
221151, 1329
18245, 1328
40768, 1328
44945, 1328
53307, 1328
89915, 1328
104290, 1328
118886, 1328
149549, 1328
159835, 1328
207342, 1328
52646, 1308
140177, 1306
261788, 1306
239859, 1291
50115, 1279
161302, 1279
200341, 1270
14938, 1264
26248, 1264
37431, 1264
38584, 1264
132458, 1264
135082, 1264
152001, 1263
88742, 1251
62578, 1229
281386, 1229
102161, 1216
126101, 1216
159252, 1216
18808, 1213
27053, 1213
29724, 1213
34469, 1213
56106, 1213
71495, 1213
118361, 1213
167323, 1213
218294, 1213
51470, 1195
74710, 1195
154820, 1195
162421, 1191
209741, 1191
238687, 1191
295942, 1191
85194, 1189
63829, 1188
157657, 1185
13921, 1179
49518, 1179
62207, 1179
254473, 1177
116234, 1165
137656, 1165
145788, 1165
158483, 1165
210562, 1165
211051, 1165
211602, 1165
256342, 1165
185166, 1161
120176, 1157
169078, 1157
183144, 1155
72261, 1154
91384, 1154
17438, 1144
20861, 1144
20984, 1144
30052, 1144
33674, 1144
34783, 1144
37042, 1144
49125, 1144
53568, 1144
54460, 1144
70651, 1144
92367, 1144
176234, 1144
71429, 1141
197508, 1141
291235, 1141
13757, 1140
26343, 1140
33021, 1140
40526, 1140
43229, 1140
56365, 1140
59726, 1140
97663, 1140
124631, 1140
53578, 1138
98353, 1138
104796, 1138
196643, 1138
203769, 1138
219694, 1138
284432, 1138
285588, 1138
290912, 1138
30580, 1133
30788, 1133
71066, 1133
82621, 1133
83414, 1133
113697, 1133
128620, 1133
142972, 1133
173088, 1133
180345, 1133
227818, 1133
243538, 1133
260466, 1133
24582, 1124
26487, 1124
30105, 1124
32914, 1124
40953, 1124
41549, 1124
47220, 1124
52269, 1124
82649, 1124
100175, 1124
57575, 1111
11511, 1108
22357, 1108
23147, 1108
33691, 1108
76857, 1108
116842, 1108
159429, 1108
9170, 1103
18200, 1103
18714, 1103
36633, 1103
40341, 1103
95303, 1103
105735, 1103
160036, 1103
160646, 1103
170624, 1103
197626, 1103
251897, 1103
272132, 1103
9362, 1095
13083, 1095
44638, 1095
264427, 1093
269847, 1090
9160, 1089
16588, 1089
24698, 1089
25914, 1089
29179, 1089
34247, 1089
54124, 1089
92896, 1089
151067, 1089
165565, 1089
176986, 1089
190145, 1089
191538, 1089
218926, 1089
241409, 1089
253435, 1089
267646, 1089
269739, 1089
281657, 1089
18000, 1086
168690, 1086
264646, 1086
13664, 1085
38548, 1085
45117, 1085
54379, 1085
84446, 1085
185234, 1085
33869, 1081
111611, 1079
18862, 1071
20741, 1071
24043, 1071
25333, 1071
26118, 1071
30269, 1071
44379, 1071
47127, 1071
48581, 1071
53803, 1071
59751, 1071
66305, 1071
66948, 1071
69435, 1071
70923, 1071
71539, 1071
73101, 1071
73996, 1071
78221, 1071
79885, 1071
79905, 1071
81275, 1071
82837, 1071
88507, 1071
96309, 1071
96798, 1071
97660, 1071
99072, 1071
103924, 1071
111721, 1071
112298, 1071
126821, 1071
127068, 1071
127555, 1071
132763, 1071
144645, 1071
152089, 1071
152879, 1071
155662, 1071
159863, 1071
174171, 1071
178820, 1071
192356, 1071
197055, 1071
198554, 1071
211138, 1071
212745, 1071
215898, 1071
225553, 1071
264004, 1071
279687, 1071
286491, 1071
170290, 1068
260692, 1068
45284, 1065
123909, 1057
11132, 1048
27602, 1048
33207, 1048
35417, 1048
62394, 1048
65190, 1048
111644, 1048
135004, 1048
190533, 1048
204779, 1048
232690, 1048
254266, 1048
265286, 1048
276832, 1048
13109, 1041
29945, 1041
38812, 1041
69619, 1041
75029, 1041
141051, 1041
151743, 1041
227478, 1041
9148, 1040
34933, 1040
50306, 1040
63197, 1040
86861, 1040
127087, 1040
216049, 1040
252818, 1040
68973, 1039
109248, 1038
130609, 1038
185010, 1038
233790, 1038
250618, 1038
11608, 1037
180706, 1037
24261, 1036
37793, 1036
51572, 1036
104856, 1036
136954, 1036
138647, 1036
178091, 1036
204029, 1036
213192, 1036
242255, 1036
257962, 1036
15396, 1035
106481, 1035
13629, 1034
15681, 1034
38118, 1034
41418, 1034
42675, 1034
57680, 1034
75451, 1034
257621, 1034
68206, 1028
183914, 1028
251055, 1028
258444, 1028
49674, 1027
100659, 1025
176852, 1021
145250, 1019
268241, 1019
269334, 1019
65848, 1013
119516, 1013
93600, 1002
22944, 1000
