42128, 126393
67827, 126393
74490, 126393
79455, 126393
84209, 126393
96662, 126393
120658, 126393
129018, 126393
136870, 126393
138600, 126393
140574, 126393
141110, 126393
146482, 126393
150566, 126393
151797, 126393
155937, 126393
167331, 126393
167693, 126393
168006, 126393
179311, 126393
179954, 126393
181696, 126393
184374, 126393
184712, 126393
189496, 126393
192285, 126393
192915, 126393
197605, 126393
202928, 126393
210641, 126393
216789, 126393
220502, 126393
221830, 126393
222270, 126393
222817, 126393
230209, 126393
242601, 126393
243717, 126393
245026, 126393
249279, 126393
250346, 126393
264276, 126393
281144, 126393
288165, 126393
293275, 126393
296580, 126393
158784, 125293
52870, 116623
224399, 116623
290049, 116623
277996, 114357
80482, 113597
106454, 113597
133844, 113597
135575, 113597
159603, 113597
172739, 113597
174820, 113597
211752, 113597
261487, 113597
269695, 113597
280317, 113597
72937, 81743
63267, 79847
223048, 79847
54597, 70966
74739, 70966
100911, 70966
120310, 70966
122540, 70966
134211, 70966
137104, 70966
139801, 70966
152391, 70966
160703, 70966
190898, 70966
191109, 70966
202711, 70966
211176, 70966
259014, 70966
240340, 70880
214880, 70528
38350, 68494
56156, 68494
64025, 68494
73056, 68494
78933, 68494
97322, 68494
107776, 68494
122673, 68494
145241, 68494
145842, 68494
166386, 68494
167105, 68494
175025, 68494
196427, 68494
203255, 68494
203479, 68494
243355, 68494
247467, 68494
254764, 68494
258509, 68494
274241, 68494
274878, 68494
283045, 68494
268783, 67483
117291, 67254
138456, 67254
141265, 67254
211045, 67254
219850, 67254
190744, 66148
241932, 66148
283792, 66148
131689, 65569
208723, 65569
294642, 65569
189870, 65391
231976, 62984
92231, 62220
130070, 62220
140765, 62220
143723, 62220
147391, 62220
160378, 62220
170674, 62220
179245, 62220
205010, 62220
210854, 62220
216628, 62220
229663, 62220
230728, 62220
238870, 62220
285011, 62220
291129, 62220
114961, 59948
191511, 59948
193768, 59948
203280, 59948
207263, 59948
260477, 59948
271616, 59948
271894, 59948
258116, 47975
290257, 45639
63515, 11888
77351, 11888
97070, 11888
102105, 11888
103005, 11888
105621, 11888
109622, 11888
114382, 11888
119981, 11888
144080, 11888
147510, 11888
148152, 11888
150193, 11888
181842, 11888
185167, 11888
200859, 11888
223433, 11888
227051, 11888
233471, 11888
256471, 11888
270514, 11888
272227, 11888
272542, 11888
286206, 11888
294405, 11888
98278, 11821
120718, 11821
136203, 11821
173602, 11821
194635, 11821
200878, 11821
212361, 11821
228913, 11821
230297, 11821
232985, 11821
69791, 11586
97569, 11586
109763, 11586
118467, 11586
131552, 11586
149833, 11586
170112, 11586
170993, 11586
183700, 11586
188856, 11586
217439, 11586
222352, 11586
230036, 11586
236301, 11586
258368, 11586
261795, 11586
111913, 11501
144895, 11501
183155, 11501
214111, 11501
230950, 11501
287346, 11501
59283, 11466
76174, 11466
84629, 11466
89422, 11466
91659, 11466
94399, 11466
106421, 11466
112162, 11466
112456, 11466
121125, 11466
132127, 11466
135204, 11466
144874, 11466
147684, 11466
156833, 11466
173904, 11466
176523, 11466
192101, 11466
193745, 11466
207631, 11466
218999, 11466
228414, 11466
236236, 11466
257810, 11466
258679, 11466
261445, 11466
263972, 11466
269899, 11466
281720, 11466
282116, 11466
287949, 11466
288219, 11466
288592, 11466
291074, 11466
44879, 11465
50983, 11465
61752, 11465
77547, 11465
95866, 11465
101819, 11465
104898, 11465
114703, 11465
114889, 11465
118254, 11465
118411, 11465
126818, 11465
129355, 11465
134137, 11465
139950, 11465
144431, 11465
147208, 11465
149957, 11465
151137, 11465
157891, 11465
176605, 11465
181045, 11465
183786, 11465
191789, 11465
193601, 11465
194500, 11465
204468, 11465
204592, 11465
209793, 11465
218439, 11465
231557, 11465
249517, 11465
253418, 11465
287436, 11465
68914, 11369
109612, 11369
118808, 11369
124835, 11369
184878, 11369
204582, 11369
213409, 11369
217855, 11369
239014, 11369
240076, 11369
295643, 11369
114398, 11352
122684, 11352
130990, 11352
141365, 11352
218170, 11352
232126, 11352
35184, 11334
40181, 11334
42721, 11334
46719, 11334
50866, 11334
54405, 11334
57884, 11334
62824, 11334
64129, 11334
66374, 11334
67102, 11334
73385, 11334
73513, 11334
73660, 11334
75832, 11334
80334, 11334
83158, 11334
83866, 11334
84102, 11334
89226, 11334
96603, 11334
97578, 11334
97670, 11334
98408, 11334
101360, 11334
105156, 11334
106841, 11334
112876, 11334
113806, 11334
114597, 11334
115060, 11334
117672, 11334
119563, 11334
119646, 11334
121153, 11334
121689, 11334
122201, 11334
122531, 11334
127598, 11334
130417, 11334
132143, 11334
132256, 11334
133920, 11334
134276, 11334
135990, 11334
137206, 11334
139580, 11334
140059, 11334
140460, 11334
142308, 11334
143045, 11334
144796, 11334
148511, 11334
150699, 11334
156045, 11334
156312, 11334
157704, 11334
162851, 11334
163722, 11334
165032, 11334
165482, 11334
167216, 11334
170075, 11334
171584, 11334
172122, 11334
174104, 11334
176186, 11334
176288, 11334
177975, 11334
180837, 11334
185286, 11334
187445, 11334
192613, 11334
199293, 11334
200418, 11334
201038, 11334
203334, 11334
207964, 11334
212004, 11334
214719, 11334
226756, 11334
227709, 11334
228111, 11334
229566, 11334
239196, 11334
243822, 11334
248248, 11334
250726, 11334
251039, 11334
252285, 11334
253717, 11334
256768, 11334
260651, 11334
260866, 11334
261755, 11334
261934, 11334
263197, 11334
264121, 11334
265703, 11334
266755, 11334
267326, 11334
268293, 11334
268546, 11334
269671, 11334
273705, 11334
273823, 11334
273980, 11334
274595, 11334
275522, 11334
280395, 11334
282328, 11334
283373, 11334
284649, 11334
286257, 11334
286330, 11334
290246, 11334
292969, 11334
295861, 11334
77993, 11327
79526, 11327
97108, 11327
245897, 11327
77082, 11323
79110, 11323
89228, 11323
92067, 11323
102995, 11323
104060, 11323
143968, 11323
144334, 11323
161020, 11323
166288, 11323
166398, 11323
175405, 11323
178641, 11323
179183, 11323
179342, 11323
183852, 11323
189708, 11323
193272, 11323
201642, 11323
223768, 11323
229450, 11323
243655, 11323
248694, 11323
249530, 11323
277931, 11323
283519, 11323
54550, 11313
76838, 11313
83235, 11313
85108, 11313
98286, 11313
104831, 11313
128891, 11313
131409, 11313
133277, 11313
135941, 11313
141757, 11313
143526, 11313
154114, 11313
157540, 11313
176749, 11313
188416, 11313
190342, 11313
190423, 11313
196700, 11313
205528, 11313
208009, 11313
208914, 11313
211404, 11313
215278, 11313
215896, 11313
221782, 11313
224442, 11313
235330, 11313
271845, 11313
276790, 11313
289424, 11313
294554, 11313
96645, 11209
105183, 11209
105734, 11209
127725, 11209
137109, 11209
139606, 11209
156108, 11209
158759, 11209
168283, 11209
170787, 11209
182018, 11209
194121, 11209
198902, 11209
203331, 11209
203611, 11209
222977, 11209
238770, 11209
278977, 11209
280024, 11209
94697, 11162
97163, 11162
144376, 11162
150208, 11162
161245, 11162
171756, 11162
182040, 11162
255618, 11162
274166, 11162
95284, 11099
133629, 11099
142559, 11099
142878, 11099
151508, 11099
156777, 11099
194568, 11099
293228, 11099
132806, 11070
40719, 11063
75095, 11063
88287, 11063
122832, 11063
129248, 11063
130054, 11063
173446, 11063
180966, 11063
189259, 11063
194953, 11063
209234, 11063
212084, 11063
234548, 11063
237268, 11063
239241, 11063
276046, 11063
284612, 11063
290552, 11063
49884, 11052
103303, 11052
117981, 11052
118947, 11052
119436, 11052
120678, 11052
128042, 11052
134190, 11052
134659, 11052
142090, 11052
143989, 11052
178735, 11052
204994, 11052
206396, 11052
260910, 11052
294115, 11052
185596, 11030
64354, 11010
96030, 11010
190367, 11010
213184, 11010
253033, 11010
267485, 11010
267761, 11010
100018, 10980
101566, 10980
125011, 10980
136338, 10980
145522, 10980
162254, 10980
173694, 10980
181864, 10980
204952, 10980
209057, 10980
209189, 10980
226303, 10980
238087, 10980
239761, 10980
268292, 10980
284792, 10980
45868, 10964
56921, 10964
60314, 10964
64883, 10957
83815, 10957
94640, 10957
97456, 10957
117395, 10957
139437, 10957
146630, 10957
150391, 10957
169453, 10957
181052, 10957
184213, 10957
213497, 10957
249350, 10957
277128, 10957
252033, 10944
58713, 10942
67080, 10942
67892, 10942
68273, 10942
80066, 10942
92411, 10942
118939, 10942
122954, 10942
138739, 10942
140033, 10942
150411, 10942
184167, 10942
204060, 10942
218084, 10942
227942, 10942
240550, 10942
244647, 10942
273286, 10942
276408, 10942
291472, 10942
293715, 10942
29593, 10777
49906, 10777
51790, 10777
91533, 10777
117823, 10777
118268, 10777
200548, 10777
224558, 10777
244641, 10777
245605, 10777
257092, 10777
27398, 10697
166662, 10697
246152, 10697
180169, 10690
183022, 10634
275964, 10634
76019, 10603
79363, 10603
86142, 10603
105686, 10603
173772, 10603
60554, 10600
60558, 10600
125957, 10600
148133, 10600
177897, 10600
219776, 10600
166260, 10538
219174, 10538
249952, 10538
289263, 10538
50039, 10522
128874, 10522
147176, 10522
150372, 10522
264320, 10522
266908, 10522
287823, 10522
170881, 10464
212529, 10464
242810, 10464
34028, 10448
66714, 10448
91007, 10448
50062, 10420
186483, 10420
266126, 10420
79428, 10394
202040, 10394
246158, 10336
41433, 10309
145312, 10309
171257, 10309
182298, 10309
234044, 10279
112106, 10263
183127, 10263
184021, 10263
275069, 10263
80390, 10260
80726, 10260
85389, 10260
101187, 10260
141084, 10260
173181, 10260
202994, 10260
208644, 10260
230257, 10260
230350, 10260
236512, 10260
273129, 10260
83539, 10239
177113, 10239
272592, 10239
280813, 10239
76204, 10186
202678, 10186
170784, 10158
217645, 10158
194985, 10122
238570, 10122
82396, 10095
204531, 10095
81852, 10068
119463, 10068
130584, 10068
205430, 10068
240646, 10068
270376, 10068
292151, 10068
294675, 10068
294939, 10068
63936, 10022
132527, 9999
150921, 9999
257330, 9999
116333, 9992
48725, 9980
230961, 9980
293517, 9935
68584, 9928
90022, 9893
90164, 9893
115018, 9893
259221, 9893
21176, 9849
115524, 9819
86311, 9790
120492, 9781
159034, 9781
190623, 9781
213838, 9781
226404, 9781
27288, 9680
119641, 9680
161621, 9680
190601, 9680
63431, 9634
103728, 9634
290720, 9608
164370, 9580
269040, 9580
293069, 9485
140965, 9459
238925, 9459
122911, 9448
222892, 9448
252638, 9448
272428, 9448
65883, 9391
94160, 9391
120525, 9391
155132, 9391
206611, 9391
129567, 9387
80682, 9381
96762, 9381
131561, 9381
145639, 9381
284845, 9381
127119, 9288
273186, 9288
21268, 9256
85188, 9256
161279, 9256
175326, 9256
200002, 9256
172495, 9214
80391, 9120
172544, 9120
284193, 9120
82090, 9083
107309, 9083
86266, 9053
106871, 9004
166936, 9004
183098, 8987
211374, 8987
223573, 8980
253430, 8980
104809, 8951
197120, 8951
94826, 8950
150035, 8950
250066, 8950
259616, 8950
44771, 8937
124113, 8937
150004, 8937
212924, 8937
198714, 8813
267605, 8813
72968, 8773
74163, 8773
135649, 8773
196382, 8773
296135, 8773
114863, 8697
155956, 8697
157823, 8697
285973, 8697
133713, 8581
75944, 8506
260395, 8506
236528, 8477
158518, 8450
200696, 8450
161046, 8447
177224, 8447
121820, 8419
104237, 8395
132112, 8362
223584, 8234
278645, 8234
56179, 8215
113602, 8215
150212, 8215
154738, 8215
170025, 8215
186179, 8215
287492, 8215
30123, 8205
291087, 8205
124607, 8186
145428, 8186
153478, 8020
230638, 8020
251169, 8020
101392, 7993
108767, 7985
89107, 7860
146695, 7860
159191, 7650
187979, 7588
197060, 7588
219691, 7588
244554, 7588
251337, 7588
255447, 7588
263015, 7588
63676, 7555
218635, 7550
282270, 7550
44141, 7542
69260, 7542
124911, 7542
128438, 7542
255643, 7542
121780, 7531
143823, 7531
48636, 7500
102000, 7500
123539, 7500
171859, 7500
217088, 7500
289812, 7500
232015, 7472
289602, 7472
80564, 7464
136770, 7464
17836, 7402
70626, 7402
144700, 7402
151286, 7402
198599, 7402
224555, 7402
248471, 7402
255694, 7402
264097, 7402
276161, 7402
296569, 7402
37407, 7365
42804, 7365
73924, 7365
91016, 7365
116339, 7365
132347, 7365
142898, 7365
165835, 7365
181717, 7365
191229, 7365
191985, 7365
199128, 7365
202206, 7365
208268, 7365
209055, 7365
222049, 7365
229509, 7365
239527, 7365
278832, 7365
283488, 7365
280367, 7353
61425, 7343
116315, 7343
136197, 7343
162825, 7343
186896, 7343
260203, 7343
269947, 7343
270439, 7343
276571, 7343
276581, 7343
160718, 7328
268609, 7328
174174, 7313
61051, 7295
106201, 7295
172732, 7295
225449, 7295
240949, 7295
242798, 7295
252550, 7295
263124, 7295
281918, 7295
281934, 7295
83630, 7286
134498, 7286
182010, 7273
90244, 7264
129173, 7264
183256, 7264
17347, 7223
51912, 7223
64634, 7223
95457, 7223
101703, 7223
118349, 7223
167247, 7223
197193, 7223
201139, 7223
203120, 7223
203666, 7223
212660, 7223
225095, 7223
231230, 7223
237525, 7223
237860, 7223
247529, 7223
277666, 7223
281780, 7223
13515, 7215
36969, 7215
47894, 7215
48522, 7215
85655, 7215
119743, 7215
140933, 7215
167523, 7215
247819, 7215
195782, 7195
162326, 7130
275461, 7130
114432, 7097
142237, 7097
259214, 7097
284828, 7097
171932, 7068
87984, 7022
185622, 7015
217500, 7015
243954, 7015
296524, 7015
38814, 7011
43538, 7011
70906, 7011
71603, 7011
87094, 7011
93610, 7011
135354, 7011
140223, 7011
143418, 7011
151335, 7011
154012, 7011
172105, 7011
180757, 7011
181750, 7011
182337, 7011
204945, 7011
235006, 7011
236286, 7011
240803, 7011
244234, 7011
252741, 7011
270673, 7011
272887, 7011
275149, 7011
276763, 7011
280489, 7011
291363, 7011
291743, 7011
291775, 7011
292322, 7011
49017, 7005
53291, 7005
229676, 7005
43545, 6960
112686, 6960
127803, 6960
160998, 6960
285142, 6960
62800, 6959
113640, 6959
194677, 6959
242462, 6959
273251, 6959
273806, 6959
142758, 6957
146992, 6957
227063, 6957
279515, 6957
287872, 6957
100670, 6943
127202, 6943
136953, 6943
172129, 6943
206250, 6943
209255, 6943
269008, 6943
34815, 6938
58621, 6938
148428, 6938
158139, 6938
169741, 6938
174273, 6938
214531, 6938
236838, 6938
257028, 6938
264496, 6938
274598, 6938
64001, 6917
68082, 6917
80646, 6917
106669, 6917
158018, 6917
161269, 6917
228001, 6914
274103, 6914
172940, 6905
211187, 6905
227258, 6893
295482, 6893
214874, 6880
155786, 6864
204223, 6864
293523, 6864
74981, 6854
93298, 6837
273572, 6837
40640, 6827
43526, 6827
101525, 6827
108696, 6827
125594, 6827
135488, 6827
271629, 6827
21384, 6825
30094, 6825
65328, 6825
72140, 6825
91904, 6825
92189, 6825
95287, 6825
107208, 6825
113266, 6825
114668, 6825
120948, 6825
123287, 6825
146898, 6825
155315, 6825
172431, 6825
174885, 6825
175263, 6825
182636, 6825
191674, 6825
223201, 6825
226940, 6825
235499, 6825
249923, 6825
282585, 6825
290759, 6825
213521, 6815
222282, 6815
287073, 6805
24932, 6800
49803, 6800
183957, 6800
70685, 6782
123620, 6782
188730, 6782
190765, 6782
228094, 6782
241674, 6782
252153, 6782
39355, 6743
65720, 6743
117435, 6743
138815, 6743
193020, 6743
227907, 6743
257919, 6743
57430, 6724
157666, 6724
177839, 6724
142405, 6717
173230, 6717
184276, 6717
202702, 6717
9136, 6715
39852, 6715
86247, 6715
110779, 6715
132782, 6715
143547, 6715
206923, 6715
249032, 6715
254817, 6686
292069, 6674
91076, 6671
119371, 6671
120597, 6671
205595, 6671
111684, 6610
157856, 6610
183964, 6610
28846, 6602
79198, 6602
232870, 6602
293037, 6602
180632, 6599
218297, 6593
259208, 6593
216412, 6589
238683, 6589
273582, 6589
213776, 6587
109718, 6586
115303, 6586
46055, 6560
154126, 6560
258626, 6560
12282, 6515
128211, 6515
236960, 6515
287794, 6515
289678, 6515
40005, 6494
89512, 6494
106261, 6494
108422, 6494
126185, 6494
167505, 6494
196943, 6494
214787, 6494
171396, 6474
185140, 6474
236810, 6474
160606, 6444
207572, 6444
208819, 6444
252607, 6444
286016, 6444
248907, 6437
167371, 6400
185111, 6400
194483, 6400
222559, 6400
160625, 6367
206394, 6367
249769, 6367
229283, 6366
292170, 6366
119157, 6344
188670, 6344
210057, 6344
212248, 6344
63316, 6336
256788, 6336
42691, 6294
232765, 6294
205938, 6288
122699, 6279
234943, 6275
66388, 6271
127603, 6271
158895, 6271
83899, 6269
149449, 6269
76733, 6258
43165, 6254
247856, 6254
160196, 6250
35986, 6236
85353, 6236
117630, 6236
156986, 6236
169403, 6236
199061, 6236
229099, 6236
231639, 6236
250243, 6236
266836, 6236
95115, 6219
208404, 6214
41523, 6180
53963, 6180
57898, 6180
58853, 6180
61082, 6180
67227, 6180
80244, 6180
88256, 6180
95854, 6180
102702, 6180
104651, 6180
111932, 6180
113761, 6180
119560, 6180
119620, 6180
121084, 6180
129652, 6180
134828, 6180
137661, 6180
140301, 6180
163927, 6180
171391, 6180
173430, 6180
178579, 6180
207449, 6180
216602, 6180
219377, 6180
82562, 6178
82758, 6178
93431, 6178
167109, 6178
40755, 6166
204189, 6166
129110, 6152
250923, 6152
69939, 6142
251250, 6142
265571, 6142
89666, 6118
131509, 6118
172196, 6118
129077, 6101
23531, 6099
24770, 6099
266422, 6099
263273, 6056
272637, 6029
34310, 6024
76276, 6024
202252, 6024
241627, 6024
255798, 6024
48900, 5987
53327, 5987
103415, 5987
114560, 5987
117311, 5987
129834, 5987
186625, 5987
216862, 5987
264299, 5987
81108, 5969
230674, 5969
142166, 5966
235018, 5966
117130, 5965
153820, 5965
120906, 5945
93856, 5900
218043, 5900
153268, 5897
202895, 5897
88784, 5887
108349, 5887
246786, 5855
249841, 5848
270083, 5848
239781, 5846
60673, 5839
71789, 5839
163108, 5839
23326, 5829
72577, 5829
75354, 5829
90434, 5829
107415, 5829
110620, 5829
146083, 5829
226525, 5829
262676, 5829
287704, 5829
293749, 5829
223356, 5804
265635, 5804
294643, 5804
284057, 5790
235032, 5788
41015, 5782
43816, 5782
129622, 5782
268548, 5776
106956, 5760
69044, 5742
81989, 5742
114574, 5737
231022, 5726
209685, 5710
293108, 5710
78984, 5684
87024, 5684
98230, 5684
179687, 5684
222721, 5684
270454, 5684
274584, 5684
59707, 5673
158610, 5673
221032, 5673
223809, 5673
193847, 5672
35301, 5667
46392, 5667
47477, 5667
48874, 5667
58337, 5667
60325, 5667
77770, 5667
81820, 5667
113280, 5667
113534, 5667
139471, 5667
146839, 5667
160425, 5667
162415, 5667
163171, 5667
176975, 5667
191389, 5667
205082, 5667
208096, 5667
228645, 5667
260189, 5667
263435, 5667
266174, 5667
267417, 5667
288005, 5667
287880, 5658
29217, 5637
259045, 5637
263807, 5637
216927, 5631
215931, 5611
261835, 5587
58671, 5586
156785, 5586
286035, 5573
27945, 5551
205206, 5551
122030, 5544
14314, 5535
80570, 5535
152744, 5535
159801, 5535
164744, 5535
236075, 5535
248049, 5535
156050, 5523
108029, 5507
129509, 5507
228458, 5507
262150, 5507
97726, 5505
256756, 5505
217890, 5496
221744, 5496
223855, 5496
38670, 5489
92558, 5489
97392, 5489
135932, 5489
182376, 5489
206527, 5464
177434, 5454
280212, 5454
84511, 5451
118610, 5402
252193, 5396
135077, 5394
128658, 5390
275537, 5388
218637, 5387
57660, 5380
103538, 5380
200417, 5380
212423, 5380
216216, 5380
225365, 5380
244035, 5380
291079, 5380
252461, 5371
290976, 5371
64742, 5341
243167, 5341
14476, 5337
29534, 5337
253065, 5337
253909, 5337
102848, 5325
241204, 5325
115730, 5301
281193, 5299
15779, 5288
42528, 5288
43256, 5288
59611, 5288
65393, 5288
75184, 5288
145785, 5288
164730, 5288
141992, 5282
122002, 5277
135708, 5274
101498, 5265
70295, 5245
275810, 5241
77014, 5240
104423, 5240
284330, 5216
212635, 5203
229972, 5199
254718, 5199
255885, 5191
195380, 5188
223581, 5188
37132, 5183
111917, 5183
212356, 5183
80671, 5178
92754, 5178
157894, 5178
188822, 5178
210917, 5178
213491, 5178
279781, 5178
199614, 5171
213472, 5161
139307, 5160
282709, 5160
177383, 5153
13511, 5147
91829, 5147
119849, 5147
134753, 5147
193182, 5147
271798, 5147
226819, 5144
287292, 5144
286602, 5118
76677, 5114
82775, 5114
163867, 5114
182352, 5114
80442, 5113
97313, 5113
103645, 5113
110529, 5113
120845, 5113
122306, 5113
225814, 5113
239912, 5113
257326, 5113
260447, 5113
282247, 5113
93787, 5106
173081, 5103
169209, 5097
49978, 5089
60210, 5087
115267, 5085
55538, 5074
114738, 5074
131992, 5074
188994, 5074
288182, 5074
53708, 5072
126374, 5072
170116, 5072
170909, 5072
216783, 5072
259398, 5072
124982, 5050
263969, 5050
272934, 5050
292093, 5050
107617, 5030
231771, 5030
235036, 5030
267204, 5027
174483, 5020
280205, 5020
144360, 5018
181888, 5018
274616, 5018
281112, 5018
285999, 5018
291764, 5018
192522, 5017
232023, 5017
267273, 5017
281912, 5017
146777, 5014
248775, 5014
131077, 5010
285796, 5007
179363, 5003
260442, 4998
133929, 4993
242522, 4993
145200, 4990
147936, 4990
189992, 4990
59021, 4982
107645, 4982
230659, 4982
196075, 4979
107849, 4973
53383, 4965
150556, 4965
184327, 4965
131432, 4960
187808, 4960
28218, 4959
64503, 4959
85228, 4958
213267, 4958
232387, 4958
121478, 4957
222146, 4957
23700, 4950
26233, 4950
49652, 4950
50234, 4950
62348, 4950
109397, 4950
113834, 4950
131605, 4950
166317, 4950
257069, 4950
95721, 4948
143533, 4948
238826, 4947
182287, 4943
167869, 4942
46222, 4938
58023, 4938
99339, 4938
139597, 4938
140628, 4938
171705, 4938
176858, 4938
206941, 4938
222994, 4938
224451, 4938
259961, 4938
278707, 4938
40209, 4928
94969, 4928
110958, 4928
113694, 4928
126154, 4928
127591, 4928
131718, 4928
148418, 4928
151029, 4928
151771, 4928
166278, 4928
166348, 4928
210914, 4928
253222, 4928
257013, 4928
264814, 4928
292952, 4928
296191, 4928
34872, 4918
43106, 4918
156864, 4918
177229, 4918
181123, 4918
214726, 4918
218249, 4918
294341, 4918
140414, 4912
151463, 4912
162036, 4912
235230, 4912
238159, 4895
251944, 4895
281816, 4892
122834, 4880
117161, 4877
126290, 4877
141434, 4877
26308, 4862
155222, 4862
153129, 4844
48394, 4843
62523, 4843
63457, 4843
65560, 4843
221439, 4843
286341, 4843
90412, 4841
155895, 4841
160292, 4841
282669, 4841
1362, 4835
27524, 4835
27863, 4835
29221, 4835
35429, 4835
39686, 4835
41370, 4835
53048, 4835
53937, 4835
54208, 4835
57949, 4835
61687, 4835
71975, 4835
72329, 4835
75308, 4835
82743, 4835
83271, 4835
85300, 4835
89203, 4835
89536, 4835
92326, 4835
93960, 4835
100350, 4835
106276, 4835
110516, 4835
110537, 4835
113050, 4835
114882, 4835
115909, 4835
122458, 4835
124736, 4835
127342, 4835
127939, 4835
140307, 4835
140407, 4835
141421, 4835
155225, 4835
162275, 4835
168607, 4835
169425, 4835
173356, 4835
174533, 4835
174716, 4835
178776, 4835
184343, 4835
189060, 4835
190010, 4835
191641, 4835
204244, 4835
210208, 4835
212999, 4835
215591, 4835
218364, 4835
219183, 4835
236217, 4835
237851, 4835
239698, 4835
245934, 4835
250581, 4835
251823, 4835
256666, 4835
257131, 4835
265111, 4835
265616, 4835
286609, 4835
289318, 4835
291660, 4835
294238, 4835
109055, 4815
118750, 4815
232863, 4811
243762, 4811
291134, 4811
130481, 4806
86331, 4804
104791, 4804
9788, 4803
43273, 4802
198569, 4802
158498, 4799
242191, 4799
247228, 4799
218477, 4796
238288, 4794
112919, 4783
116674, 4783
119113, 4783
161060, 4783
206246, 4783
234588, 4783
235757, 4783
247896, 4783
293964, 4783
238005, 4773
68855, 4772
144393, 4772
285220, 4770
76306, 4763
262827, 4759
219326, 4757
265858, 4756
80017, 4752
91589, 4752
246030, 4752
290647, 4752
115147, 4743
120444, 4741
133795, 4741
142503, 4741
279415, 4741
88132, 4739
105889, 4739
110904, 4739
136905, 4739
204081, 4739
215285, 4739
224738, 4739
256123, 4739
273094, 4739
56993, 4736
188892, 4736
296268, 4736
59797, 4729
62629, 4729
68791, 4729
79180, 4729
82962, 4729
86100, 4729
140743, 4729
174422, 4729
181457, 4729
189856, 4729
194796, 4729
211163, 4729
214154, 4729
220177, 4729
226898, 4729
227338, 4729
247743, 4729
250462, 4729
289986, 4729
294441, 4729
237155, 4728
248927, 4707
214848, 4706
227777, 4706
296336, 4706
60005, 4692
152177, 4692
183857, 4692
225111, 4687
209775, 4676
226396, 4676
45737, 4675
184665, 4675
260641, 4675
197057, 4660
237192, 4660
288335, 4660
232115, 4632
151389, 4631
214542, 4630
63338, 4621
86810, 4621
274964, 4613
50762, 4610
211944, 4610
280266, 4602
225663, 4598
148758, 4587
136935, 4583
181023, 4583
205731, 4583
246746, 4583
271525, 4583
285722, 4583
33478, 4582
94695, 4582
99839, 4582
111450, 4582
126083, 4582
179471, 4582
199265, 4582
213837, 4582
213921, 4582
218800, 4582
222033, 4582
235379, 4582
246083, 4582
246860, 4582
251574, 4582
264352, 4582
268936, 4582
294348, 4582
69967, 4573
191435, 4573
274097, 4573
275176, 4573
251984, 4564
114413, 4561
232649, 4555
96569, 4550
125344, 4550
186211, 4550
41226, 4549
138281, 4535
152750, 4535
265236, 4535
229087, 4534
267938, 4528
54664, 4525
67767, 4525
195870, 4525
51974, 4520
80342, 4520
132293, 4520
153632, 4511
207267, 4511
227500, 4511
256325, 4511
284741, 4511
183227, 4505
140634, 4501
63023, 4494
66836, 4494
91739, 4494
116477, 4494
146101, 4494
176139, 4494
190620, 4494
208415, 4494
212810, 4494
219687, 4494
238520, 4494
256963, 4494
264629, 4494
285936, 4494
288584, 4494
31105, 4492
36986, 4492
67639, 4492
75578, 4492
80934, 4492
94042, 4492
96320, 4492
99876, 4492
111267, 4492
119850, 4492
126841, 4492
136591, 4492
146047, 4492
180194, 4492
186582, 4492
193394, 4492
204363, 4492
218450, 4492
255000, 4492
242165, 4490
259734, 4490
87296, 4467
112093, 4467
265322, 4467
31319, 4457
198604, 4457
231930, 4454
82410, 4451
47865, 4450
90408, 4450
93533, 4450
130666, 4450
135831, 4450
196480, 4450
206971, 4450
209521, 4450
269440, 4450
224026, 4445
105132, 4441
248095, 4440
234811, 4439
142214, 4431
158572, 4431
170217, 4431
63166, 4425
16205, 4423
31665, 4423
75759, 4423
114006, 4423
111230, 4420
21710, 4418
111817, 4418
161316, 4418
269770, 4418
286092, 4418
43721, 4413
50018, 4413
133766, 4413
208017, 4413
229989, 4413
289684, 4410
47156, 4408
147344, 4408
147989, 4408
209910, 4408
240535, 4408
276778, 4408
287323, 4408
271887, 4406
273144, 4405
112077, 4401
213339, 4401
233058, 4401
243437, 4401
254229, 4401
272987, 4390
152929, 4389
259731, 4389
171204, 4388
174321, 4388
107763, 4387
179904, 4386
290405, 4386
147266, 4378
150575, 4378
178295, 4378
242617, 4378
278867, 4378
71990, 4375
116189, 4370
251436, 4370
39323, 4366
124444, 4366
201988, 4366
68034, 4364
233816, 4364
95388, 4357
7601, 4356
9493, 4356
11117, 4356
41911, 4356
65009, 4356
149545, 4356
177994, 4356
247562, 4356
129246, 4354
168743, 4354
184017, 4354
230637, 4354
55960, 4351
68962, 4346
97856, 4346
162683, 4346
197351, 4346
264300, 4346
97241, 4345
171822, 4344
173208, 4344
148058, 4342
195127, 4342
80262, 4337
277437, 4336
15474, 4330
75563, 4330
184885, 4330
100037, 4329
222818, 4329
74222, 4325
294605, 4325
230813, 4314
62362, 4312
29596, 4309
33169, 4309
35583, 4309
68710, 4309
83993, 4309
177629, 4309
224571, 4309
282874, 4309
25422, 4298
36334, 4298
175642, 4298
263746, 4298
296510, 4298
86305, 4297
98058, 4297
115583, 4297
144935, 4297
276083, 4297
48494, 4295
86483, 4285
154028, 4285
179435, 4285
166947, 4281
241256, 4277
196341, 4273
212698, 4273
167927, 4269
173736, 4260
176597, 4258
243719, 4258
186688, 4257
197914, 4257
265222, 4256
28049, 4253
49717, 4253
207626, 4253
214813, 4253
91269, 4252
236938, 4252
253562, 4251
38393, 4250
172408, 4250
217798, 4247
274503, 4247
287619, 4247
31842, 4244
48721, 4244
227550, 4244
216071, 4237
269017, 4237
55573, 4226
155502, 4225
269829, 4225
100269, 4218
112997, 4218
121199, 4218
139415, 4218
141646, 4218
169693, 4218
199975, 4218
203307, 4218
232395, 4218
259925, 4218
35104, 4211
293193, 4210
116745, 4209
204282, 4209
281768, 4203
116440, 4200
271315, 4200
14860, 4196
30298, 4196
39733, 4196
42007, 4196
52925, 4196
56501, 4196
73912, 4196
105296, 4196
110514, 4196
204539, 4191
184770, 4180
205627, 4178
223561, 4178
131417, 4172
210374, 4172
218407, 4172
238606, 4172
249258, 4172
277388, 4172
240132, 4171
62248, 4168
202757, 4166
21118, 4159
78918, 4159
89501, 4159
92945, 4159
104487, 4159
115112, 4159
166529, 4159
188063, 4159
193981, 4159
213213, 4159
225656, 4159
292398, 4159
28191, 4153
34326, 4153
74753, 4153
99073, 4153
146206, 4153
165027, 4153
172933, 4153
175675, 4153
190118, 4153
207245, 4153
257645, 4153
291982, 4153
58538, 4152
141955, 4152
153236, 4152
209120, 4152
211125, 4152
227970, 4152
283517, 4152
7714, 4147
120348, 4147
89186, 4145
147166, 4145
118849, 4141
180682, 4141
187981, 4141
225661, 4141
123936, 4139
44689, 4134
294648, 4134
68928, 4127
74182, 4124
136909, 4124
162069, 4124
240799, 4124
180755, 4116
259884, 4116
268452, 4116
47006, 4113
75774, 4113
240831, 4108
211245, 4103
177954, 4102
185208, 4100
83765, 4098
218510, 4098
246801, 4098
226331, 4092
109278, 4087
295909, 4083
53391, 4082
60292, 4082
78459, 4082
81351, 4082
118491, 4082
120024, 4082
138835, 4082
157408, 4081
291349, 4081
134899, 4078
139202, 4078
162216, 4078
182330, 4078
148285, 4075
191288, 4075
235931, 4075
282555, 4075
293931, 4075
211373, 4074
121100, 4073
193989, 4073
295072, 4073
172469, 4072
77174, 4071
109879, 4069
173851, 4069
208417, 4069
227099, 4069
239076, 4069
249979, 4069
274893, 4069
147771, 4057
82614, 4054
275198, 4054
131295, 4053
294760, 4053
114428, 4044
151188, 4038
260148, 4038
260433, 4024
275959, 4024
97805, 4021
277707, 4021
289969, 4021
29377, 4018
107879, 4018
146190, 4018
188187, 4018
253036, 4018
189612, 4016
235947, 4016
34922, 4015
120127, 4015
211417, 4015
56215, 4014
33742, 4012
256143, 4010
114511, 4009
8335, 4007
35027, 4007
61128, 4007
65614, 4007
124826, 4006
161824, 4006
169805, 4006
287065, 4006
290962, 4006
16855, 4005
213849, 4005
183812, 4002
67332, 4001
120592, 3999
207900, 3999
223244, 3999
228936, 3999
264902, 3999
92389, 3994
96854, 3994
105742, 3994
166756, 3994
218780, 3994
250660, 3994
290641, 3994
68144, 3992
70485, 3990
125626, 3988
43657, 3982
149069, 3979
177721, 3979
221387, 3969
285235, 3969
268536, 3967
296108, 3967
206119, 3965
252864, 3963
68515, 3960
72381, 3960
109736, 3960
196481, 3960
199101, 3960
263171, 3960
273665, 3960
279980, 3955
210556, 3952
261075, 3950
199772, 3947
206142, 3946
273835, 3945
74131, 3944
104552, 3944
112113, 3944
169117, 3944
180494, 3944
184337, 3944
206106, 3944
217689, 3944
235042, 3944
241063, 3944
259007, 3944
269549, 3944
271272, 3944
48288, 3943
175962, 3943
122307, 3938
247100, 3938
271246, 3938
222608, 3933
252859, 3929
245415, 3927
266706, 3927
147382, 3926
255946, 3926
162798, 3922
259385, 3922
26215, 3914
148347, 3914
279734, 3914
223349, 3912
244023, 3912
245419, 3912
290904, 3909
170026, 3908
247054, 3908
259246, 3908
269254, 3908
75033, 3907
212026, 3906
155854, 3905
178465, 3905
196033, 3905
292650, 3905
28549, 3902
82625, 3902
82738, 3902
91346, 3902
220506, 3902
250894, 3902
154235, 3897
271307, 3897
280121, 3897
295201, 3897
123834, 3895
66867, 3894
75628, 3891
140270, 3891
156430, 3891
168170, 3891
239156, 3890
253852, 3890
133448, 3889
216336, 3889
246125, 3889
131754, 3887
16127, 3885
167395, 3885
169954, 3885
27865, 3883
294682, 3883
144888, 3880
150392, 3880
228181, 3880
273777, 3880
274023, 3878
285136, 3878
126965, 3877
234972, 3877
269856, 3870
102523, 3868
277081, 3865
250746, 3864
73379, 3862
94621, 3862
191168, 3862
221786, 3862
249565, 3862
266420, 3862
291646, 3862
7964, 3861
182484, 3861
161604, 3859
286485, 3859
77006, 3856
89382, 3856
107669, 3856
159292, 3853
292298, 3853
48110, 3852
57195, 3848
73142, 3848
100597, 3848
101841, 3848
119078, 3848
223014, 3848
242237, 3848
251448, 3848
295024, 3848
118339, 3845
164545, 3845
201005, 3845
39822, 3842
99278, 3839
154808, 3838
245704, 3838
260096, 3837
251359, 3830
243226, 3827
6344, 3825
164492, 3825
169827, 3825
107038, 3824
136797, 3824
156590, 3823
159764, 3823
223091, 3823
233436, 3823
221024, 3822
274438, 3822
285984, 3822
183505, 3820
55094, 3819
65140, 3819
86469, 3819
277758, 3818
112999, 3817
122844, 3817
228070, 3817
293184, 3817
226082, 3814
97756, 3813
125857, 3813
279014, 3805
291127, 3805
237946, 3804
280117, 3804
295827, 3804
88921, 3802
263072, 3802
34101, 3797
182006, 3797
236359, 3793
192972, 3792
253044, 3789
46440, 3787
101295, 3787
107461, 3787
115929, 3787
138953, 3787
145351, 3787
160685, 3787
169167, 3787
191578, 3787
197842, 3787
218215, 3787
202075, 3784
111811, 3783
127012, 3783
131474, 3783
168993, 3783
172372, 3783
215666, 3783
243730, 3783
283692, 3783
288146, 3783
142393, 3773
208873, 3773
26400, 3767
30548, 3767
34163, 3767
63103, 3767
194619, 3767
199753, 3767
267762, 3767
187442, 3766
229191, 3766
43537, 3763
44434, 3763
73571, 3763
88537, 3763
112779, 3763
294110, 3763
276283, 3762
104353, 3756
151127, 3756
165111, 3756
128687, 3751
168021, 3751
157594, 3745
167317, 3745
210274, 3743
228195, 3743
69257, 3734
232402, 3734
49160, 3731
157692, 3726
207842, 3725
37413, 3724
288577, 3724
142213, 3719
69384, 3715
101830, 3715
123927, 3715
170627, 3715
185783, 3715
220075, 3714
89588, 3713
80834, 3712
235645, 3712
5063, 3709
50385, 3707
191658, 3707
276865, 3707
242684, 3705
163818, 3704
70173, 3699
122867, 3699
181349, 3699
207974, 3699
211858, 3699
215939, 3698
62698, 3696
56689, 3694
182319, 3694
200592, 3694
47674, 3683
199102, 3682
228293, 3679
29503, 3674
93355, 3673
135368, 3673
153530, 3673
257812, 3673
194923, 3669
268520, 3669
137165, 3667
143817, 3666
250117, 3666
216269, 3665
217095, 3665
117271, 3664
236652, 3662
98552, 3659
148160, 3657
144229, 3654
244079, 3654
29083, 3652
199110, 3643
286904, 3643
155416, 3637
177376, 3637
229827, 3637
282920, 3637
218686, 3627
258252, 3627
83951, 3625
88047, 3625
93195, 3625
96893, 3625
110265, 3625
275676, 3625
237625, 3622
91899, 3617
255828, 3615
155801, 3614
193620, 3613
257427, 3613
119023, 3612
144609, 3612
171207, 3612
217583, 3612
229316, 3612
104718, 3611
99420, 3609
156665, 3609
201784, 3609
223446, 3609
249984, 3609
265588, 3609
288707, 3609
104861, 3608
110324, 3608
87523, 3604
289379, 3604
246204, 3602
169623, 3601
251834, 3601
39964, 3600
77795, 3600
135125, 3600
137224, 3600
150254, 3600
154374, 3600
168488, 3600
173274, 3600
175573, 3600
201093, 3600
211976, 3600
233132, 3600
270262, 3600
274006, 3600
17275, 3599
19619, 3599
105763, 3599
43522, 3591
50789, 3591
56852, 3591
57957, 3591
58044, 3591
66381, 3591
68921, 3591
71462, 3591
80745, 3591
89660, 3591
93362, 3591
102179, 3591
120015, 3591
125130, 3591
132427, 3591
144541, 3591
192983, 3591
239961, 3591
284089, 3591
205176, 3589
142980, 3587
64767, 3586
87872, 3586
89391, 3586
110166, 3586
241922, 3586
160620, 3582
187998, 3582
111709, 3581
83607, 3577
92910, 3577
130633, 3577
138170, 3577
138819, 3577
140825, 3577
155962, 3577
173828, 3577
191776, 3577
201253, 3577
234138, 3577
265246, 3577
274637, 3577
277585, 3577
291378, 3577
208308, 3569
159627, 3567
235279, 3567
295860, 3567
204038, 3565
131649, 3562
190410, 3562
234179, 3562
244441, 3562
245263, 3562
248938, 3562
289209, 3562
248489, 3561
253665, 3561
291735, 3561
60366, 3560
89646, 3560
151245, 3560
166875, 3560
223399, 3560
272427, 3560
53982, 3558
101620, 3558
103450, 3558
123240, 3558
181313, 3558
137149, 3557
287545, 3557
103435, 3555
77926, 3554
82153, 3554
88120, 3554
94980, 3554
109373, 3554
113229, 3554
155764, 3554
205853, 3554
266857, 3554
276365, 3554
144284, 3551
281693, 3550
183309, 3549
252159, 3548
276086, 3548
72233, 3546
268043, 3545
287374, 3545
54289, 3544
225005, 3542
262196, 3542
265648, 3542
170383, 3540
129119, 3536
130856, 3533
189644, 3533
16210, 3530
42125, 3530
46460, 3530
52980, 3530
57650, 3530
83742, 3530
113704, 3530
136261, 3530
147111, 3530
156183, 3530
213959, 3530
56896, 3521
156476, 3521
209023, 3521
232525, 3521
290518, 3521
220525, 3520
244626, 3520
81812, 3519
94481, 3519
119891, 3519
124632, 3519
165415, 3519
170210, 3519
176968, 3519
235557, 3519
249990, 3519
264204, 3519
289964, 3519
142123, 3517
203296, 3514
47767, 3509
10049, 3508
26638, 3508
46821, 3508
62699, 3508
101887, 3508
124633, 3508
148206, 3508
227627, 3508
227983, 3508
263411, 3508
267993, 3508
181150, 3507
98749, 3505
279295, 3505
35451, 3504
71357, 3504
194887, 3503
272623, 3503
226839, 3501
35642, 3500
45430, 3500
92801, 3500
127836, 3500
239559, 3500
61327, 3498
234237, 3491
280101, 3490
28967, 3489
74626, 3486
75310, 3486
93109, 3486
124990, 3486
146080, 3486
152978, 3486
201224, 3486
162119, 3482
20109, 3478
265568, 3478
206790, 3477
219872, 3473
267030, 3473
168885, 3467
273069, 3467
269631, 3460
105717, 3449
113864, 3444
227867, 3444
50826, 3439
227206, 3434
56216, 3432
118271, 3432
178979, 3432
215213, 3432
282899, 3432
214888, 3426
193992, 3425
36967, 3424
55727, 3424
177896, 3424
184067, 3424
201386, 3424
34480, 3421
38248, 3420
43006, 3419
74998, 3419
84237, 3419
119574, 3419
142831, 3419
167685, 3419
200631, 3419
130382, 3417
260062, 3417
193151, 3416
268976, 3416
143957, 3411
17903, 3406
49931, 3406
54682, 3406
83393, 3406
85995, 3406
95083, 3406
97511, 3406
97549, 3406
105865, 3406
119174, 3406
128706, 3406
145462, 3406
163184, 3406
188058, 3406
205242, 3406
211575, 3406
212748, 3406
229489, 3406
245852, 3406
245858, 3406
261878, 3406
287404, 3406
290140, 3406
3408, 3405
74538, 3405
103511, 3405
113509, 3405
132623, 3405
183556, 3405
120145, 3402
203521, 3402
49697, 3401
173462, 3401
189953, 3401
199484, 3401
230581, 3401
237335, 3401
241087, 3401
257060, 3401
292904, 3401
58417, 3400
112307, 3400
172953, 3400
276598, 3400
281875, 3400
74593, 3398
148927, 3398
47123, 3397
48244, 3393
98501, 3393
48141, 3392
242826, 3388
259835, 3386
187791, 3385
255498, 3385
220085, 3384
244832, 3384
218746, 3383
277673, 3383
6096, 3374
52014, 3374
147436, 3374
166871, 3374
239971, 3374
96972, 3373
28674, 3369
33129, 3369
85846, 3369
91935, 3369
253927, 3369
207039, 3368
33677, 3367
111924, 3367
34170, 3364
193301, 3364
199630, 3364
254439, 3362
21481, 3360
205130, 3360
240866, 3360
219585, 3357
225404, 3353
225218, 3352
120960, 3350
228470, 3348
198955, 3346
107582, 3342
113223, 3342
122392, 3342
145657, 3342
150851, 3342
171086, 3342
178529, 3342
192523, 3342
249065, 3342
110612, 3341
176607, 3341
213316, 3341
137320, 3340
188081, 3340
271027, 3340
74963, 3338
95790, 3338
123809, 3338
145457, 3338
169945, 3338
188538, 3338
195658, 3338
200704, 3337
96712, 3335
103211, 3335
119200, 3335
121641, 3335
127140, 3335
157479, 3335
164323, 3335
165081, 3335
288632, 3330
40449, 3329
49520, 3329
90456, 3329
108348, 3329
95035, 3324
154161, 3322
84401, 3321
138993, 3321
193160, 3319
286395, 3319
289566, 3319
65953, 3317
68615, 3317
155963, 3317
158910, 3317
173186, 3317
203973, 3317
232464, 3317
275392, 3317
79852, 3316
120763, 3316
233222, 3316
281581, 3316
109898, 3309
131774, 3309
132931, 3309
135139, 3309
144377, 3309
145013, 3309
152121, 3309
156586, 3309
156884, 3309
160521, 3309
164526, 3309
165830, 3309
173924, 3309
181652, 3309
182758, 3309
191494, 3309
191515, 3309
194692, 3309
194876, 3309
197427, 3309
200808, 3309
210815, 3309
223934, 3309
224577, 3309
229820, 3309
283481, 3309
24684, 3306
89802, 3305
209769, 3304
255195, 3304
165954, 3303
172484, 3302
84670, 3300
160947, 3299
288960, 3299
84454, 3295
92963, 3295
120372, 3295
146366, 3295
169503, 3295
171090, 3295
178997, 3295
270303, 3295
271005, 3295
272421, 3295
50913, 3294
212344, 3294
95571, 3293
249604, 3293
125922, 3290
114379, 3288
265157, 3283
274251, 3283
66017, 3281
217675, 3281
153171, 3278
184827, 3278
197150, 3278
18421, 3277
120878, 3275
4432, 3274
10823, 3274
12576, 3274
29544, 3274
54659, 3274
106047, 3274
163407, 3274
245399, 3274
251450, 3274
278648, 3274
42631, 3273
60659, 3273
106770, 3273
270845, 3273
244365, 3270
122535, 3268
175845, 3268
242465, 3268
244994, 3268
26510, 3267
153181, 3267
20709, 3266
249722, 3266
172021, 3264
202102, 3264
137835, 3262
77319, 3261
142990, 3261
211662, 3261
234933, 3261
295997, 3261
27828, 3259
105233, 3259
237241, 3259
260064, 3259
275143, 3259
123390, 3258
111547, 3257
162485, 3257
16293, 3256
21821, 3256
28481, 3256
29162, 3256
53414, 3256
136422, 3256
150107, 3256
156996, 3256
172638, 3256
182649, 3256
70249, 3254
158719, 3254
224678, 3254
256596, 3253
233170, 3251
242264, 3251
57108, 3249
132154, 3249
218247, 3249
234228, 3249
277068, 3249
260755, 3248
151896, 3245
272933, 3245
28361, 3244
76438, 3244
292469, 3244
151698, 3243
174158, 3243
41323, 3239
234542, 3237
159808, 3236
166132, 3236
103251, 3234
182538, 3234
190014, 3234
213137, 3234
246533, 3234
267106, 3234
30418, 3233
34821, 3233
112780, 3233
255025, 3233
277024, 3233
279549, 3233
110289, 3230
183706, 3229
281331, 3224
292054, 3224
82703, 3222
268578, 3222
73044, 3218
178069, 3216
10774, 3214
81345, 3214
123091, 3214
273826, 3214
48204, 3213
131857, 3213
166141, 3213
196783, 3209
158028, 3206
153810, 3200
45019, 3199
9936, 3198
11585, 3198
65800, 3198
249464, 3198
5443, 3197
107185, 3197
276274, 3197
85079, 3192
128518, 3192
145317, 3192
10277, 3191
19146, 3191
31397, 3191
265633, 3190
135555, 3189
239301, 3189
295009, 3189
5262, 3182
27759, 3182
79984, 3180
115611, 3180
146457, 3180
199413, 3180
223357, 3180
281224, 3180
27147, 3178
50200, 3177
273881, 3177
283547, 3175
255651, 3173
254866, 3170
197118, 3165
200825, 3164
71452, 3160
214121, 3160
273517, 3160
59824, 3157
89264, 3157
117472, 3157
126781, 3157
133886, 3157
155072, 3157
223257, 3157
177016, 3155
31164, 3154
50060, 3154
124064, 3154
175861, 3154
258559, 3154
270735, 3154
271770, 3152
41386, 3150
115125, 3150
219631, 3150
5710, 3149
80357, 3149
95402, 3145
265310, 3144
59849, 3142
181218, 3141
275173, 3141
43920, 3139
104674, 3139
160719, 3139
218584, 3139
185453, 3137
274574, 3135
47448, 3134
59421, 3134
123272, 3134
145717, 3134
247273, 3134
72420, 3132
98430, 3132
114466, 3132
205868, 3132
160209, 3131
238932, 3131
16754, 3129
155417, 3129
231052, 3129
277828, 3129
291911, 3127
44456, 3124
93271, 3121
197915, 3120
81915, 3119
262509, 3119
30444, 3118
214431, 3118
169912, 3115
171856, 3115
149280, 3114
110747, 3111
134003, 3111
218825, 3111
69833, 3109
129786, 3109
206743, 3109
265511, 3108
194698, 3106
15484, 3104
89826, 3104
169652, 3104
211823, 3104
281245, 3104
294954, 3104
10532, 3103
86218, 3103
293765, 3099
180416, 3093
182047, 3093
87173, 3089
32965, 3087
20515, 3083
33003, 3083
34112, 3083
100663, 3083
120070, 3083
290057, 3083
85492, 3079
104082, 3079
6016, 3072
26063, 3072
27844, 3072
33640, 3072
105243, 3072
124127, 3072
22549, 3067
175897, 3066
105326, 3061
125228, 3061
152011, 3061
186895, 3061
215106, 3061
223011, 3061
243693, 3061
271850, 3061
281032, 3061
112166, 3058
277172, 3058
94542, 3056
104473, 3056
115622, 3056
121932, 3056
242570, 3055
150859, 3051
289283, 3051
55435, 3050
87973, 3050
200828, 3050
27715, 3049
31954, 3049
38799, 3049
92485, 3049
107458, 3049
108673, 3049
118786, 3049
121953, 3049
135762, 3049
163630, 3049
164914, 3049
167551, 3049
233558, 3049
234594, 3049
237085, 3049
261646, 3048
243442, 3047
153461, 3045
135931, 3043
194670, 3042
157465, 3041
198276, 3040
22709, 3034
230446, 3034
123379, 3030
267851, 3030
65138, 3029
144911, 3029
91464, 3028
210182, 3028
217340, 3028
242651, 3028
108055, 3027
245567, 3022
147067, 3021
252590, 3021
166897, 3015
180649, 3015
275422, 3014
288357, 3014
187930, 3006
295449, 3006
223116, 3000
100019, 2992
210344, 2992
284580, 2992
49438, 2989
199938, 2988
240138, 2986
32429, 2985
96387, 2985
100763, 2985
102541, 2985
132868, 2985
174270, 2985
204739, 2985
232462, 2985
253857, 2985
50634, 2978
149138, 2978
247712, 2978
284298, 2978
270782, 2977
4776, 2975
26940, 2975
102501, 2975
191028, 2975
281739, 2975
283920, 2975
255692, 2973
208540, 2970
29181, 2969
50393, 2968
93646, 2964
28633, 2963
90229, 2963
148984, 2963
194288, 2963
287093, 2963
141233, 2960
94580, 2958
188013, 2956
20835, 2952
151106, 2951
34491, 2950
106495, 2949
223805, 2948
61769, 2947
221154, 2947
221455, 2947
279066, 2947
286020, 2945
277548, 2944
184569, 2943
289241, 2943
182180, 2942
9588, 2941
25218, 2941
32976, 2941
38696, 2941
53197, 2941
55455, 2941
60972, 2941
64094, 2941
66668, 2941
92679, 2941
94886, 2941
103319, 2941
109093, 2941
110567, 2941
112761, 2941
114623, 2941
131250, 2941
134806, 2941
135477, 2941
177139, 2941
195963, 2941
222928, 2941
224856, 2941
80872, 2939
138303, 2939
217703, 2939
58617, 2937
258161, 2936
41478, 2931
51866, 2931
97441, 2931
136375, 2931
161344, 2931
177398, 2931
203158, 2931
269880, 2931
181204, 2928
285311, 2928
181069, 2927
77588, 2925
90200, 2923
93458, 2923
114990, 2918
218200, 2918
252482, 2916
19290, 2915
236581, 2904
289482, 2904
161518, 2903
92500, 2902
132384, 2902
261175, 2897
83506, 2896
187751, 2895
167282, 2892
144206, 2891
23657, 2889
55888, 2889
94086, 2889
165257, 2889
179045, 2889
241729, 2889
262477, 2889
282548, 2889
260431, 2888
78813, 2887
164449, 2887
60047, 2886
93570, 2886
268968, 2886
127664, 2885
194009, 2885
61299, 2883
123502, 2883
31829, 2881
124954, 2878
178759, 2878
179983, 2878
258295, 2878
98599, 2875
108950, 2875
132839, 2875
133381, 2875
148425, 2875
151046, 2875
216591, 2875
248352, 2875
251623, 2875
40471, 2871
45983, 2871
59319, 2871
64854, 2871
92757, 2871
113741, 2871
168497, 2871
193461, 2871
209550, 2871
231568, 2871
232426, 2871
198159, 2866
207608, 2864
221180, 2864
140915, 2863
222585, 2863
240350, 2863
283103, 2863
52468, 2860
58437, 2860
274664, 2858
56749, 2852
199028, 2851
203181, 2851
256054, 2851
246573, 2849
51906, 2846
63466, 2846
149981, 2846
158608, 2846
172080, 2846
172681, 2846
185603, 2846
192408, 2846
219856, 2846
255745, 2846
261255, 2846
272125, 2846
191437, 2845
202111, 2844
293717, 2844
63342, 2843
189921, 2841
279914, 2840
52493, 2838
102470, 2838
243994, 2835
212762, 2834
252006, 2833
262134, 2833
230017, 2832
75040, 2830
93981, 2830
139526, 2830
245886, 2830
264504, 2830
277299, 2830
70999, 2828
222852, 2828
5633, 2826
226043, 2823
233718, 2817
165181, 2813
176448, 2813
37881, 2810
137303, 2810
170741, 2810
172562, 2810
277881, 2810
244260, 2809
142340, 2807
289522, 2807
234094, 2806
66917, 2802
167056, 2802
95597, 2799
204266, 2797
86397, 2793
225042, 2793
246478, 2792
260261, 2792
274202, 2788
146709, 2786
54544, 2784
72057, 2784
89246, 2784
140184, 2784
147920, 2784
156465, 2784
167510, 2784
232540, 2784
135806, 2779
220981, 2779
220587, 2776
174587, 2775
129743, 2770
153462, 2770
159427, 2767
56274, 2766
184149, 2766
203478, 2766
216904, 2766
264407, 2763
176703, 2762
239237, 2762
256255, 2762
76393, 2758
128921, 2757
133239, 2755
222747, 2755
98782, 2753
110020, 2753
290611, 2753
106585, 2749
5880, 2747
69637, 2747
213489, 2747
244353, 2747
272371, 2747
87275, 2746
248203, 2743
208193, 2742
117853, 2740
191766, 2739
13318, 2736
180472, 2736
211947, 2736
42889, 2735
80875, 2735
105710, 2735
92970, 2734
120068, 2734
288774, 2732
180040, 2731
274614, 2731
45257, 2726
148208, 2726
284974, 2726
131010, 2725
210921, 2725
47582, 2723
66357, 2723
124153, 2723
225568, 2723
280357, 2723
259461, 2718
167202, 2717
80684, 2713
41263, 2707
82865, 2706
246965, 2706
272653, 2706
33286, 2704
73261, 2703
87163, 2703
187982, 2703
282960, 2703
124152, 2697
126225, 2697
149484, 2697
188114, 2686
190240, 2685
214800, 2684
217295, 2684
252144, 2679
270933, 2678
71026, 2677
226814, 2677
25117, 2669
29929, 2669
68502, 2667
183854, 2667
45089, 2666
91027, 2666
142985, 2666
222207, 2663
134355, 2661
80731, 2658
98564, 2658
119545, 2658
289172, 2658
16683, 2657
194587, 2657
51816, 2654
26958, 2653
55954, 2653
61766, 2653
64871, 2653
140837, 2652
58260, 2647
275009, 2646
173004, 2641
177269, 2641
190307, 2641
223859, 2641
257766, 2641
269029, 2639
66199, 2637
29228, 2636
164623, 2636
257215, 2636
189834, 2630
258330, 2629
272024, 2628
235130, 2625
31524, 2624
95409, 2618
151879, 2618
126720, 2617
210355, 2617
224385, 2617
50272, 2616
115239, 2616
139445, 2616
227682, 2616
8523, 2615
30351, 2615
60425, 2615
120772, 2615
131276, 2615
159195, 2615
276685, 2615
247446, 2605
193114, 2603
92423, 2601
176048, 2601
91045, 2589
202310, 2589
202347, 2589
209245, 2589
116149, 2587
143322, 2566
161962, 2566
224092, 2565
227422, 2563
261350, 2563
35421, 2559
36563, 2559
50510, 2559
61683, 2559
66883, 2559
71024, 2559
93628, 2559
97489, 2559
105145, 2559
134743, 2559
138380, 2559
254288, 2559
248898, 2549
78066, 2546
183264, 2544
57419, 2543
122831, 2540
92492, 2538
101888, 2538
211895, 2537
229698, 2537
62140, 2534
137565, 2534
278152, 2534
281822, 2534
290768, 2534
188302, 2527
246272, 2525
20377, 2523
96728, 2523
157227, 2523
79142, 2521
79582, 2521
122374, 2520
146108, 2520
199844, 2520
78025, 2518
132552, 2508
195317, 2508
270889, 2504
230960, 2503
254448, 2502
42791, 2496
73835, 2496
119524, 2496
139166, 2496
143660, 2496
210175, 2495
106730, 2489
116305, 2489
94630, 2486
108488, 2486
23214, 2483
27315, 2483
51707, 2483
73548, 2483
83656, 2483
86205, 2483
87687, 2483
96884, 2483
164595, 2483
200838, 2483
227792, 2483
268838, 2483
272891, 2483
245748, 2480
184950, 2479
54994, 2478
114127, 2478
178791, 2478
203086, 2476
166179, 2474
272002, 2474
19048, 2469
174061, 2467
25919, 2462
39663, 2462
49066, 2462
56685, 2462
57524, 2462
187406, 2462
206483, 2462
36576, 2461
260047, 2460
228443, 2459
252898, 2452
197566, 2451
245856, 2451
195842, 2449
214170, 2448
232824, 2444
24837, 2443
33244, 2443
132038, 2442
139737, 2442
189617, 2442
201672, 2442
254248, 2439
277195, 2439
256437, 2437
279405, 2437
186642, 2429
191721, 2429
225020, 2429
80592, 2425
237203, 2425
122435, 2417
151342, 2417
50485, 2414
66009, 2414
245414, 2414
79562, 2409
54875, 2405
142245, 2405
99812, 2401
233359, 2401
27082, 2399
258357, 2398
239239, 2397
101488, 2396
270282, 2395
162148, 2394
272943, 2394
15556, 2392
249070, 2392
132991, 2387
53409, 2384
84426, 2380
257328, 2380
128521, 2374
54949, 2373
120189, 2373
188484, 2370
293337, 2368
47720, 2364
118850, 2364
267911, 2364
72412, 2359
109426, 2359
124659, 2359
185690, 2359
209918, 2359
241636, 2359
257542, 2356
257691, 2356
249184, 2351
262032, 2351
283632, 2351
217664, 2350
227750, 2350
290403, 2350
70869, 2347
137548, 2343
241280, 2343
204988, 2342
61762, 2340
74208, 2340
190668, 2340
57238, 2338
68679, 2338
76610, 2338
36499, 2336
53171, 2335
144071, 2335
232983, 2335
220401, 2334
248778, 2333
294346, 2333
26325, 2332
97851, 2332
103931, 2332
83609, 2331
220872, 2330
288083, 2330
147016, 2329
282829, 2328
268451, 2327
87141, 2324
207479, 2317
6675, 2316
93859, 2316
194403, 2316
205455, 2315
241334, 2315
134802, 2314
116871, 2313
107824, 2311
48082, 2310
56625, 2310
95731, 2310
125314, 2310
130243, 2310
178819, 2310
190528, 2310
234930, 2310
180531, 2309
88687, 2308
216369, 2308
113382, 2306
182067, 2303
197496, 2303
199915, 2303
231726, 2303
239432, 2303
250411, 2303
296467, 2303
119112, 2301
183311, 2301
19004, 2300
161802, 2300
203176, 2299
102319, 2298
153886, 2298
162068, 2298
171783, 2298
173574, 2298
239649, 2295
67538, 2291
173406, 2291
196861, 2291
253099, 2291
287418, 2291
20122, 2285
265060, 2285
294018, 2285
15583, 2283
60886, 2280
62831, 2280
111289, 2280
113164, 2280
239983, 2280
179847, 2277
285686, 2277
7856, 2276
139579, 2274
179884, 2274
4882, 2271
79047, 2271
99368, 2271
279381, 2270
280284, 2269
213889, 2268
252752, 2266
142749, 2264
239421, 2264
255829, 2262
82639, 2260
94956, 2260
96429, 2260
114207, 2260
140895, 2260
275577, 2260
72865, 2257
279308, 2257
148353, 2256
127033, 2255
164812, 2255
213672, 2255
36052, 2249
277601, 2247
84065, 2243
176810, 2243
30865, 2242
52107, 2242
97228, 2242
140386, 2242
153047, 2242
157580, 2242
248083, 2242
60432, 2240
93085, 2240
147674, 2240
213211, 2240
5143, 2239
154800, 2239
156051, 2239
204422, 2236
101511, 2233
21348, 2231
86614, 2231
162633, 2231
191765, 2231
233583, 2231
243736, 2231
285474, 2231
125121, 2230
224495, 2227
186360, 2222
29338, 2220
232644, 2219
23542, 2218
74906, 2218
137755, 2218
151824, 2218
161158, 2218
166664, 2218
170744, 2218
218128, 2218
227738, 2218
240516, 2218
175795, 2217
246672, 2217
78169, 2216
245493, 2216
46857, 2215
167725, 2213
103255, 2211
167881, 2210
240576, 2210
27713, 2204
163369, 2204
29287, 2202
82135, 2202
252147, 2202
57717, 2201
174919, 2201
255226, 2201
264786, 2200
110307, 2198
130143, 2198
224537, 2198
252848, 2198
214196, 2194
72579, 2193
56053, 2192
30765, 2191
56428, 2188
95542, 2188
106661, 2188
206963, 2188
222384, 2188
229639, 2188
271468, 2188
104303, 2186
147461, 2181
192882, 2181
220179, 2181
209858, 2179
152272, 2176
270236, 2176
213894, 2174
250156, 2174
67458, 2173
45031, 2168
92961, 2168
109851, 2168
159002, 2168
187020, 2168
188082, 2168
264475, 2168
268017, 2167
114442, 2164
213375, 2164
161666, 2163
171954, 2163
60219, 2161
95118, 2161
97390, 2161
113259, 2161
116008, 2161
132588, 2161
158191, 2161
179951, 2161
181572, 2161
197417, 2161
215396, 2161
226977, 2161
237714, 2161
239730, 2161
243179, 2161
264152, 2161
264420, 2161
278663, 2161
284866, 2161
295224, 2161
214381, 2160
134683, 2159
234641, 2159
238890, 2159
282894, 2159
38177, 2155
80008, 2155
114643, 2155
146458, 2155
151467, 2155
160032, 2155
178836, 2155
194659, 2155
219111, 2155
219609, 2155
227235, 2155
228614, 2155
236965, 2155
240092, 2155
248681, 2155
257610, 2155
259264, 2155
266156, 2155
280213, 2155
123974, 2150
194416, 2150
198680, 2150
234428, 2150
252616, 2150
269188, 2150
280896, 2149
120850, 2148
145508, 2147
211492, 2147
24207, 2146
56551, 2146
83797, 2146
105895, 2146
192550, 2146
193876, 2146
208192, 2146
237297, 2146
184290, 2144
217304, 2144
51368, 2143
75227, 2143
76850, 2143
189753, 2143
238798, 2143
261553, 2143
170822, 2142
62690, 2141
55841, 2140
287528, 2140
30108, 2139
48512, 2139
76771, 2139
168551, 2139
205688, 2139
224336, 2139
241916, 2139
245348, 2139
245693, 2139
264301, 2139
291416, 2139
292422, 2139
98301, 2136
150293, 2136
44105, 2135
92343, 2135
187615, 2135
195023, 2135
210984, 2135
264222, 2135
264735, 2135
273127, 2135
272900, 2134
274999, 2134
216285, 2132
229292, 2132
63547, 2131
142400, 2131
6662, 2126
74244, 2126
118809, 2126
199472, 2126
224370, 2126
184721, 2125
193227, 2125
275284, 2125
251718, 2123
238487, 2122
289080, 2122
257614, 2121
132581, 2120
171721, 2120
223996, 2120
44405, 2119
263186, 2119
95465, 2114
99902, 2114
132170, 2114
171304, 2114
185833, 2114
198629, 2114
225747, 2114
225857, 2114
230365, 2114
231048, 2114
9688, 2107
99856, 2107
223917, 2107
34410, 2102
38597, 2102
40786, 2102
59805, 2102
73908, 2102
74092, 2102
84075, 2102
84418, 2102
92279, 2102
109816, 2102
134752, 2102
158248, 2102
122503, 2099
190208, 2099
205026, 2099
40463, 2096
56354, 2096
125230, 2096
170613, 2095
179481, 2095
185742, 2095
207075, 2095
247961, 2095
206358, 2093
233969, 2090
247791, 2090
40974, 2089
98597, 2089
210337, 2089
57598, 2088
143800, 2088
160260, 2088
210743, 2088
224440, 2088
226383, 2088
58253, 2083
158811, 2083
270070, 2083
131406, 2082
84768, 2081
101588, 2081
119360, 2081
149798, 2081
186274, 2081
257436, 2081
180455, 2079
62091, 2077
50328, 2072
119379, 2071
19758, 2070
78082, 2070
107501, 2070
110367, 2070
202926, 2070
9420, 2069
39470, 2069
145662, 2069
286477, 2069
258390, 2067
61396, 2066
108408, 2065
212352, 2062
113347, 2061
8558, 2060
32278, 2060
181049, 2060
14676, 2057
190263, 2055
217226, 2055
218835, 2055
242543, 2055
112893, 2054
187612, 2054
87481, 2051
55022, 2048
105423, 2048
107492, 2048
109502, 2048
132738, 2048
148254, 2048
155162, 2048
160232, 2048
184212, 2048
213737, 2048
215610, 2048
220198, 2048
228212, 2048
230948, 2048
260621, 2048
261683, 2048
262515, 2048
280790, 2048
96208, 2047
187125, 2046
230716, 2046
234892, 2046
230213, 2044
66900, 2041
196100, 2040
281578, 2040
293445, 2040
21739, 2038
95837, 2038
269560, 2038
5539, 2036
19914, 2036
52304, 2034
40996, 2031
78639, 2030
211175, 2030
101597, 2027
129783, 2027
261010, 2027
96907, 2026
104207, 2025
190941, 2024
225635, 2024
32998, 2022
76740, 2022
87756, 2022
105866, 2022
119766, 2022
126432, 2022
168174, 2022
191560, 2022
204217, 2022
223358, 2022
234318, 2022
235395, 2022
260804, 2022
277199, 2022
79011, 2021
71812, 2019
147507, 2018
292571, 2018
74316, 2017
105737, 2017
124216, 2017
130440, 2017
177678, 2017
195868, 2017
202249, 2017
210954, 2017
235136, 2017
252980, 2017
272192, 2017
86363, 2016
249694, 2016
92574, 2015
52091, 2013
166070, 2013
252250, 2013
99914, 2009
122137, 2007
198847, 2005
284049, 2003
194141, 1998
70581, 1996
164097, 1995
103586, 1989
167153, 1989
48664, 1987
131713, 1987
140440, 1987
152683, 1987
160202, 1987
169456, 1987
172164, 1987
172609, 1987
177161, 1987
262823, 1987
273432, 1987
287020, 1987
123813, 1984
132459, 1984
210102, 1984
223013, 1984
268797, 1984
290752, 1984
162228, 1983
39160, 1981
158041, 1974
284248, 1972
61107, 1970
5436, 1968
104189, 1968
215741, 1968
238693, 1968
184498, 1967
185207, 1964
16945, 1963
32197, 1962
110946, 1961
115115, 1961
289065, 1961
31107, 1953
47380, 1953
64344, 1953
69604, 1953
80127, 1953
95989, 1953
101780, 1953
113049, 1953
129618, 1953
135660, 1953
147450, 1953
154145, 1953
178095, 1953
183907, 1953
199774, 1953
201585, 1953
216743, 1953
217914, 1953
223461, 1953
224773, 1953
227022, 1953
228850, 1953
236856, 1952
151978, 1951
208035, 1951
217562, 1951
112224, 1948
186018, 1948
211620, 1948
99744, 1945
118887, 1945
16625, 1943
77195, 1942
38057, 1941
71871, 1941
116310, 1941
116556, 1941
128440, 1941
181762, 1941
203350, 1941
273496, 1941
75349, 1940
195432, 1940
639, 1937
119783, 1937
145441, 1937
251071, 1937
288344, 1937
178757, 1936
185297, 1936
120316, 1934
133463, 1934
197761, 1934
115855, 1933
66628, 1932
82646, 1932
267575, 1931
294291, 1929
141019, 1927
266060, 1926
117529, 1925
175531, 1925
77680, 1924
39133, 1922
45778, 1921
119300, 1921
138961, 1921
197306, 1921
69808, 1920
124289, 1918
14426, 1916
62315, 1916
231463, 1916
245305, 1916
283661, 1916
250037, 1914
138088, 1913
189130, 1913
226793, 1913
156222, 1911
225129, 1911
273781, 1909
270415, 1905
118451, 1902
152153, 1900
78075, 1899
99538, 1899
164304, 1899
169630, 1899
58999, 1897
280170, 1897
37021, 1893
69330, 1892
145291, 1892
185410, 1892
201499, 1891
20241, 1889
171094, 1889
255715, 1888
196102, 1887
283142, 1887
57413, 1886
151946, 1886
242572, 1886
11544, 1882
134571, 1882
241748, 1880
250904, 1880
98755, 1877
117802, 1873
140779, 1873
210189, 1872
263546, 1872
262084, 1870
143945, 1868
276424, 1868
32841, 1866
154075, 1866
213513, 1866
246371, 1866
259234, 1866
279589, 1866
23294, 1864
166849, 1864
236781, 1861
67586, 1853
164250, 1853
242319, 1852
233013, 1850
266505, 1849
162354, 1843
259690, 1843
195851, 1840
231104, 1840
61799, 1839
43385, 1838
156248, 1838
292755, 1838
198838, 1837
257719, 1837
294194, 1837
76598, 1836
279375, 1836
41129, 1835
73723, 1835
162000, 1835
229987, 1835
253138, 1835
276676, 1835
116805, 1834
206120, 1834
290915, 1832
238231, 1831
259852, 1831
92978, 1830
196363, 1830
91150, 1827
117379, 1827
29598, 1826
280517, 1826
146838, 1825
12409, 1823
102007, 1823
158775, 1823
197997, 1823
209399, 1823
190384, 1822
185162, 1820
199435, 1820
115378, 1819
119498, 1819
61861, 1817
144709, 1817
161262, 1815
170590, 1815
242285, 1815
291511, 1814
142279, 1809
60514, 1808
153191, 1808
256001, 1808
261555, 1807
22149, 1806
35809, 1806
82190, 1806
42143, 1804
45548, 1804
109073, 1803
175513, 1802
2867, 1796
93984, 1796
129527, 1796
186847, 1794
228873, 1794
104350, 1793
6512, 1791
41707, 1791
45238, 1788
77905, 1788
185271, 1788
85302, 1785
243154, 1785
5334, 1778
94460, 1778
237210, 1778
68446, 1773
114751, 1773
121822, 1773
133494, 1773
154718, 1773
166510, 1773
186704, 1773
188291, 1773
222596, 1773
241151, 1773
268235, 1773
292433, 1773
38964, 1765
42962, 1763
225459, 1761
104744, 1757
147929, 1757
178854, 1756
194528, 1756
269556, 1756
213920, 1755
95871, 1754
236338, 1754
253335, 1754
261653, 1754
68355, 1752
82710, 1749
124039, 1749
254275, 1749
277579, 1749
149862, 1747
225503, 1746
6852, 1744
232238, 1744
277343, 1744
11802, 1743
99248, 1742
54614, 1741
196249, 1741
144381, 1739
245936, 1739
282165, 1739
292220, 1737
59823, 1735
73052, 1734
156521, 1734
199558, 1732
240837, 1731
137853, 1730
227604, 1728
118667, 1727
170966, 1727
207970, 1727
271869, 1727
129697, 1725
239463, 1722
41466, 1721
154314, 1721
225797, 1721
225809, 1721
263901, 1720
229304, 1719
111189, 1718
229774, 1718
55574, 1716
89284, 1716
91595, 1716
98186, 1716
105255, 1716
146278, 1716
147389, 1716
209864, 1716
232163, 1716
235119, 1716
125481, 1715
83265, 1713
49733, 1712
216674, 1711
72572, 1709
123282, 1709
126807, 1707
177550, 1707
257010, 1705
19381, 1702
20081, 1701
208824, 1700
106014, 1699
274941, 1699
161293, 1697
216140, 1697
295931, 1696
55392, 1695
64253, 1695
176302, 1695
294744, 1695
81077, 1694
112806, 1694
145369, 1694
219355, 1694
174481, 1693
19429, 1692
101489, 1690
243938, 1690
262570, 1690
264979, 1690
71237, 1688
165284, 1688
172459, 1688
204487, 1688
205436, 1688
230484, 1688
232306, 1688
234973, 1688
279196, 1688
108755, 1685
164247, 1684
197619, 1683
259102, 1682
145579, 1681
235605, 1681
49373, 1680
58532, 1680
59170, 1680
95562, 1680
128361, 1680
241025, 1680
29224, 1679
160227, 1679
138887, 1678
111206, 1674
230473, 1674
231621, 1674
289193, 1674
24084, 1673
218654, 1672
92305, 1670
141615, 1665
79521, 1660
210213, 1659
98865, 1653
59571, 1650
130416, 1650
163859, 1650
204762, 1650
106239, 1649
168929, 1648
147138, 1644
153956, 1644
16759, 1642
35691, 1640
43929, 1638
83658, 1637
88695, 1637
124353, 1637
125164, 1637
142939, 1637
144576, 1637
150315, 1637
156081, 1637
165313, 1637
168079, 1637
182340, 1637
206980, 1637
232869, 1637
235345, 1637
242800, 1637
247990, 1637
249652, 1637
254640, 1637
286796, 1634
22604, 1630
156527, 1630
130669, 1629
228330, 1629
272207, 1628
85014, 1627
295518, 1627
96484, 1626
134707, 1626
143379, 1626
163933, 1626
166621, 1626
259378, 1626
271567, 1626
210993, 1625
94798, 1623
128101, 1623
249477, 1623
92923, 1622
285326, 1622
71772, 1620
86320, 1619
66963, 1617
282584, 1615
35010, 1613
76514, 1613
82744, 1611
20005, 1608
244262, 1608
287483, 1608
289777, 1608
120276, 1605
178744, 1605
221043, 1604
181623, 1599
229613, 1599
234223, 1596
185168, 1595
29233, 1593
121528, 1593
119509, 1590
185812, 1590
88455, 1589
142950, 1589
21008, 1587
23231, 1587
70584, 1587
84049, 1587
189930, 1587
282064, 1587
9410, 1582
37602, 1582
45186, 1582
57380, 1579
121768, 1579
137491, 1579
150131, 1579
169364, 1579
196457, 1579
196950, 1579
241454, 1579
49702, 1577
226753, 1576
14318, 1574
91801, 1573
92593, 1573
133393, 1573
204199, 1569
264841, 1569
162740, 1568
165473, 1568
170559, 1568
136236, 1565
82310, 1564
133611, 1563
151558, 1563
158043, 1563
270478, 1563
62049, 1560
176382, 1558
116208, 1557
152414, 1557
192174, 1557
199518, 1557
58546, 1556
154862, 1556
171363, 1556
188738, 1555
45569, 1554
145346, 1554
154743, 1554
283723, 1553
80914, 1552
31576, 1550
122222, 1550
130108, 1550
207235, 1550
6394, 1548
122331, 1546
206591, 1546
42296, 1545
164393, 1545
121413, 1544
90071, 1543
154251, 1543
10629, 1542
48307, 1541
249259, 1541
279865, 1541
295034, 1541
74849, 1539
34354, 1538
256928, 1538
88829, 1537
115597, 1536
86788, 1535
76420, 1534
121257, 1534
45259, 1532
54962, 1532
107425, 1532
147114, 1532
154843, 1532
254166, 1531
118408, 1528
83542, 1525
25419, 1523
25581, 1523
50235, 1523
50614, 1523
89187, 1523
109452, 1523
149780, 1523
188620, 1523
189630, 1523
261920, 1523
112759, 1522
70940, 1521
13786, 1520
29865, 1518
286780, 1515
279798, 1514
11515, 1511
98559, 1510
6339, 1508
178535, 1508
149014, 1506
35844, 1504
191161, 1504
6099, 1503
23327, 1503
30549, 1503
38503, 1503
62134, 1503
67059, 1503
103920, 1503
62008, 1502
11476, 1501
32845, 1501
17004, 1500
198761, 1500
97963, 1499
128641, 1499
150705, 1499
22362, 1497
151940, 1496
32660, 1493
272868, 1487
41377, 1486
79339, 1486
158178, 1486
98805, 1485
104369, 1485
184664, 1485
193968, 1485
195503, 1485
235746, 1485
34981, 1483
48419, 1483
48488, 1482
109357, 1482
78038, 1481
70429, 1480
100657, 1480
103544, 1480
147643, 1480
153048, 1480
163651, 1480
274072, 1480
243129, 1479
290617, 1479
180541, 1478
136149, 1477
244730, 1477
276943, 1477
226116, 1475
267099, 1475
275202, 1475
53994, 1473
83324, 1473
87237, 1473
120885, 1473
146762, 1473
212990, 1473
239978, 1473
48920, 1470
64624, 1470
238454, 1467
131089, 1466
137700, 1464
252855, 1464
20822, 1463
192802, 1463
188829, 1462
39548, 1458
108823, 1458
117252, 1458
117730, 1458
135973, 1458
70747, 1454
85459, 1454
106947, 1451
211158, 1450
135735, 1449
76119, 1446
100436, 1445
115781, 1445
14472, 1444
29921, 1444
39987, 1444
149119, 1444
222759, 1444
172765, 1441
218681, 1441
45372, 1439
282906, 1439
84338, 1438
87597, 1438
204206, 1436
95961, 1434
272540, 1434
197008, 1433
116289, 1432
179861, 1432
288507, 1432
161856, 1431
91919, 1428
50814, 1427
61984, 1427
235098, 1427
105035, 1426
219789, 1426
161249, 1424
168666, 1424
175154, 1422
223118, 1422
267261, 1422
150781, 1420
274425, 1419
251225, 1417
288875, 1417
76264, 1414
22055, 1413
48892, 1413
83823, 1413
169490, 1409
28097, 1400
41074, 1400
61817, 1400
226444, 1400
235197, 1400
258636, 1400
272843, 1400
276171, 1400
111660, 1399
3448, 1395
263214, 1394
202582, 1391
273403, 1390
175658, 1388
292443, 1388
259651, 1387
8608, 1386
163669, 1386
53817, 1384
110772, 1384
125486, 1384
161655, 1384
213932, 1384
292221, 1384
192570, 1379
218191, 1379
53443, 1375
78467, 1375
124609, 1375
161191, 1375
73307, 1371
5772, 1369
25122, 1369
50718, 1369
77661, 1369
69133, 1368
12504, 1367
82612, 1367
273438, 1367
161727, 1364
278784, 1363
14970, 1362
208749, 1360
232174, 1360
83911, 1358
129489, 1358
215341, 1354
196635, 1353
200728, 1352
178123, 1350
266433, 1349
51107, 1348
197525, 1348
223187, 1348
100714, 1347
233095, 1347
33617, 1345
55034, 1344
203095, 1339
282565, 1339
11328, 1337
61099, 1337
200073, 1336
242805, 1335
224485, 1331
276126, 1331
93304, 1330
120987, 1330
241196, 1330
201809, 1325
147809, 1323
90889, 1317
103100, 1317
195418, 1317
280081, 1317
294453, 1317
266118, 1315
183530, 1314
230356, 1313
254715, 1313
277691, 1313
13038, 1312
228723, 1310
258680, 1310
285496, 1304
195520, 1303
70218, 1301
92448, 1301
184566, 1300
214921, 1299
42183, 1295
98776, 1295
23921, 1294
39895, 1292
46050, 1292
54385, 1292
58436, 1292
73089, 1292
97616, 1292
141463, 1292
181982, 1292
186109, 1292
191774, 1292
191869, 1292
221414, 1292
227651, 1292
242906, 1292
249329, 1292
253208, 1292
264023, 1292
268603, 1292
287121, 1292
189014, 1291
106350, 1290
53269, 1289
98259, 1289
242049, 1289
186813, 1287
139311, 1285
182750, 1285
188712, 1285
217827, 1285
233224, 1285
268351, 1285
286217, 1285
94179, 1284
274338, 1284
11414, 1283
149576, 1281
71551, 1278
232344, 1278
35936, 1272
176353, 1272
222001, 1272
288040, 1272
70326, 1271
114024, 1271
147002, 1271
198352, 1271
276425, 1271
114092, 1269
114245, 1269
160520, 1269
295764, 1269
57960, 1268
211616, 1268
228348, 1268
242711, 1268
246234, 1268
98431, 1265
137600, 1262
113639, 1259
249672, 1259
40689, 1256
93991, 1256
138729, 1256
133961, 1255
97667, 1254
202392, 1254
263541, 1252
69277, 1251
78088, 1251
116454, 1250
117944, 1250
128901, 1250
161635, 1250
227408, 1250
215134, 1247
178912, 1244
46285, 1240
62851, 1240
209449, 1239
179186, 1236
36995, 1235
71362, 1235
115526, 1235
170902, 1235
244452, 1235
17915, 1233
59522, 1233
88264, 1233
200561, 1233
65255, 1231
125076, 1231
64207, 1230
87954, 1230
14619, 1229
21898, 1229
96959, 1229
186971, 1229
196660, 1229
275927, 1229
35371, 1223
21921, 1222
34283, 1220
98126, 1220
290999, 1220
32024, 1216
103129, 1216
188289, 1216
200135, 1216
201348, 1216
288561, 1216
294636, 1216
24343, 1215
221226, 1215
269545, 1215
44988, 1214
64328, 1214
97378, 1214
201511, 1214
274322, 1214
192592, 1213
97263, 1211
30247, 1209
292515, 1209
54037, 1208
55839, 1208
123284, 1208
213917, 1207
156830, 1206
169943, 1204
227698, 1204
61659, 1203
274975, 1202
287916, 1202
74247, 1201
159396, 1201
186698, 1201
195245, 1201
205835, 1201
21717, 1200
128889, 1200
162864, 1200
48519, 1197
157778, 1197
227420, 1197
251607, 1196
256281, 1196
179911, 1195
183006, 1195
244535, 1195
2767, 1194
49596, 1191
73739, 1191
37187, 1189
7212, 1188
197362, 1188
223719, 1185
228681, 1185
3450, 1183
179833, 1183
95209, 1182
214861, 1182
26, 1181
182070, 1179
227301, 1179
286409, 1179
289448, 1179
214649, 1178
118826, 1176
150421, 1176
164702, 1176
207871, 1176
266187, 1176
287641, 1176
96636, 1173
232782, 1173
68958, 1170
86752, 1170
217577, 1169
50435, 1168
279797, 1168
135943, 1167
177410, 1167
250561, 1167
72806, 1165
152051, 1165
178075, 1165
20888, 1164
60473, 1161
279445, 1160
37166, 1159
45066, 1159
49479, 1159
92339, 1159
115454, 1159
224808, 1159
250116, 1159
257337, 1159
31700, 1158
36992, 1158
47126, 1158
81960, 1158
83026, 1158
101563, 1158
102063, 1158
103503, 1158
119257, 1158
159468, 1158
199186, 1158
213833, 1158
249316, 1158
279611, 1158
282105, 1157
97405, 1156
240207, 1156
25427, 1155
72590, 1155
92435, 1155
294877, 1153
189467, 1151
22203, 1149
179990, 1149
79096, 1148
91274, 1148
202410, 1148
283724, 1148
294028, 1148
140482, 1146
69287, 1145
118187, 1144
224419, 1142
30527, 1141
110171, 1141
171373, 1140
277762, 1140
101465, 1139
201523, 1139
41637, 1137
253510, 1137
66728, 1134
112548, 1134
128020, 1134
192827, 1134
239410, 1134
22339, 1133
139982, 1133
215861, 1133
241156, 1127
293838, 1127
6343, 1123
223129, 1120
53476, 1118
217238, 1118
273037, 1117
172406, 1115
50748, 1113
81792, 1113
99478, 1113
243134, 1113
8649, 1112
81479, 1112
108716, 1112
210046, 1112
254918, 1112
38443, 1110
44286, 1110
80892, 1110
101399, 1110
288304, 1110
52331, 1109
210822, 1107
233480, 1107
68277, 1106
118861, 1105
174873, 1105
250047, 1105
217122, 1102
51716, 1100
98867, 1100
76678, 1098
231196, 1097
272624, 1096
240224, 1095
248333, 1095
293229, 1094
217162, 1093
295761, 1093
261386, 1091
141052, 1090
148467, 1090
146022, 1089
196593, 1089
76908, 1088
163206, 1088
93122, 1087
24404, 1086
45657, 1086
37784, 1085
43624, 1085
51471, 1085
80998, 1085
176542, 1085
214235, 1085
215192, 1085
195155, 1082
115166, 1081
235228, 1081
231215, 1080
249180, 1080
73687, 1079
281905, 1079
13907, 1075
86319, 1074
254685, 1074
219432, 1073
169304, 1071
266932, 1071
178068, 1069
38111, 1068
220720, 1063
37441, 1062
47590, 1062
105647, 1062
137042, 1062
139006, 1062
186137, 1062
118316, 1061
192430, 1061
246815, 1061
87785, 1060
71778, 1059
190087, 1059
260321, 1059
264731, 1059
82351, 1058
88677, 1058
95843, 1058
143606, 1058
187095, 1058
253447, 1058
268658, 1058
31528, 1057
70607, 1057
280672, 1057
283806, 1057
79195, 1056
48985, 1055
167360, 1055
64961, 1053
26542, 1051
64202, 1051
196380, 1051
27228, 1050
234671, 1050
31069, 1049
230739, 1049
284872, 1049
91949, 1048
230074, 1048
35179, 1046
111906, 1046
134082, 1046
86918, 1045
126847, 1044
189789, 1043
214346, 1043
235583, 1043
47398, 1042
67281, 1042
269289, 1041
116323, 1038
142041, 1037
41769, 1036
81856, 1036
148313, 1036
183753, 1036
207005, 1036
11046, 1035
19431, 1033
107552, 1033
124820, 1033
70422, 1031
99558, 1031
113984, 1031
116943, 1031
125976, 1031
141222, 1031
158161, 1031
280364, 1031
52471, 1030
208902, 1030
33595, 1028
13954, 1027
105206, 1027
131863, 1027
16044, 1026
28544, 1026
44037, 1026
44091, 1026
62116, 1026
73226, 1026
73710, 1026
81665, 1026
103903, 1026
108782, 1026
141847, 1026
197902, 1026
217907, 1026
246662, 1026
149598, 1025
22467, 1022
123992, 1022
173231, 1022
281555, 1021
67757, 1019
78951, 1019
80019, 1019
22794, 1016
172410, 1015
281774, 1015
150285, 1014
204969, 1014
41528, 1013
11113, 1012
99581, 1012
81808, 1011
194461, 1011
204308, 1011
61116, 1010
166287, 1010
80221, 1007
223092, 1007
33544, 1005
86544, 1005
133913, 1005
134365, 1005
196275, 1005
225134, 1005
232659, 1005
242865, 1005
3886, 1001
7233, 1001
154900, 1001
91458, 1000
224636, 1000
