109898, 140448
131774, 140448
132931, 140448
135139, 140448
144377, 140448
152121, 140448
156586, 140448
156884, 140448
160521, 140448
164526, 140448
165830, 140448
173924, 140448
181652, 140448
182758, 140448
191494, 140448
191515, 140448
194692, 140448
194876, 140448
197427, 140448
200808, 140448
210815, 140448
223934, 140448
224577, 140448
229820, 140448
283481, 140448
165954, 135589
96712, 130943
103211, 130943
119200, 130943
121641, 130943
127140, 130943
157479, 130943
164323, 130943
165081, 130943
197118, 128820
93646, 122979
85492, 108356
104082, 108356
179847, 63185
147461, 56319
192882, 56319
220179, 56319
150293, 54035
120850, 52227
122503, 51744
205026, 51744
113347, 50412
217226, 50211
218835, 50211
242543, 50211
156222, 45974
225129, 45974
14860, 40810
30298, 40810
39733, 40810
42007, 40810
52925, 40810
56501, 40810
73912, 40810
105296, 40810
110514, 40810
53391, 40584
60292, 40584
78459, 40584
81351, 40584
118491, 40584
120024, 40584
138835, 40584
74131, 39142
104552, 39142
112113, 39142
169117, 39142
180494, 39142
184337, 39142
206106, 39142
217689, 39142
241063, 39142
259007, 39142
269549, 39142
271272, 39142
120592, 38962
207900, 38962
223244, 38962
228936, 38962
264902, 38962
49160, 38599
215939, 35926
94580, 35814
17275, 35556
105737, 23064
124216, 23064
130440, 23064
177678, 23064
195868, 23064
202249, 23064
210954, 23064
272192, 23064
290752, 21297
130108, 14076
79458, 8023
86260, 8023
141456, 8023
182112, 8023
283010, 8023
12395, 7989
84594, 7989
136202, 7989
190446, 7989
218757, 7989
270084, 7989
285627, 7989
288586, 7989
293507, 7989
30381, 7950
47945, 7950
120796, 7950
240330, 7950
257179, 7950
97572, 7917
241336, 7917
47717, 7906
96734, 7906
109984, 7906
131786, 7906
184393, 7906
186275, 7906
196532, 7906
197471, 7906
212146, 7906
233548, 7906
263258, 7906
81517, 7876
193230, 7876
240849, 7876
4141, 7759
221972, 7602
236769, 7602
121827, 7569
182188, 7569
200600, 7569
202891, 7569
203938, 7569
248385, 7569
263783, 7569
42177, 7350
58735, 7350
80218, 7350
94083, 7350
94991, 7350
98388, 7350
98507, 7350
99351, 7350
101874, 7350
128758, 7350
129762, 7350
137699, 7350
160518, 7350
217722, 7350
227030, 7350
249590, 7350
261055, 7350
63668, 7337
116916, 7337
182545, 7337
183460, 7337
270449, 7337
56529, 7330
59432, 7330
66986, 7330
75552, 7330
78720, 7330
79516, 7330
89568, 7330
93479, 7330
95324, 7330
102519, 7330
107514, 7330
111963, 7330
114318, 7330
117833, 7330
122518, 7330
123636, 7330
124108, 7330
132481, 7330
135094, 7330
142135, 7330
151791, 7330
153320, 7330
157226, 7330
167293, 7330
171991, 7330
173681, 7330
176881, 7330
177414, 7330
177697, 7330
184410, 7330
192454, 7330
195595, 7330
199437, 7330
221770, 7330
221924, 7330
231820, 7330
241170, 7330
260895, 7330
277459, 7330
277710, 7330
280485, 7330
293203, 7330
6991, 7315
39644, 7315
42055, 7315
50140, 7315
55898, 7315
59940, 7315
60684, 7315
67552, 7315
73711, 7315
73830, 7315
74717, 7315
121400, 7315
132174, 7315
135160, 7315
147591, 7315
157199, 7315
167748, 7315
191740, 7315
201663, 7315
248072, 7315
249886, 7315
264727, 7315
281258, 7315
13538, 7265
15966, 7265
19523, 7265
34012, 7265
42534, 7265
49976, 7265
66266, 7265
80215, 7265
85850, 7265
85861, 7265
97462, 7265
134890, 7265
147173, 7265
156259, 7265
159774, 7265
181448, 7265
208414, 7265
210281, 7265
228490, 7265
230640, 7265
248058, 7265
254713, 7265
255086, 7265
273885, 7265
98157, 7262
186576, 7262
191344, 7262
197318, 7262
211316, 7262
216293, 7262
237958, 7262
273080, 7262
22720, 7223
64973, 7223
68485, 7223
115498, 7223
118024, 7223
123727, 7223
127607, 7223
128351, 7223
157613, 7223
186277, 7223
190516, 7223
201695, 7223
209093, 7223
209988, 7223
243982, 7223
244771, 7223
112221, 7191
126450, 7191
170045, 7191
216678, 7191
280020, 7191
5896, 7186
12095, 7186
14579, 7186
15254, 7186
19393, 7186
23433, 7186
38770, 7186
40182, 7186
54483, 7186
56693, 7186
84130, 7186
102603, 7186
106087, 7186
107112, 7186
117627, 7186
118777, 7186
120640, 7186
121156, 7186
122743, 7186
128267, 7186
131672, 7186
142899, 7186
146405, 7186
176485, 7186
181940, 7186
185999, 7186
193092, 7186
206257, 7186
211299, 7186
231434, 7186
248277, 7186
254131, 7186
262362, 7186
263545, 7186
264335, 7186
265494, 7186
277903, 7186
288022, 7186
295628, 7186
5983, 7176
17719, 7176
27333, 7176
36055, 7176
56364, 7176
78071, 7176
83555, 7176
84555, 7176
90385, 7176
107977, 7176
130142, 7176
131647, 7176
135235, 7176
145431, 7176
158396, 7176
177986, 7176
217380, 7176
220200, 7176
231389, 7176
241639, 7176
247363, 7176
254670, 7176
255657, 7176
267307, 7176
283421, 7176
21673, 7171
90662, 7171
115882, 7171
227731, 7171
255690, 7171
24917, 7165
89433, 7165
200772, 7165
50077, 7155
235836, 7155
249462, 7155
261248, 7155
6364, 7150
22687, 7150
32167, 7150
39667, 7150
89778, 7150
102888, 7150
165765, 7150
92058, 7127
126625, 7127
137616, 7127
156308, 7127
157273, 7127
158456, 7127
272070, 7127
126156, 7124
129719, 7124
40197, 7095
41921, 7095
85483, 7095
102919, 7095
109351, 7095
121964, 7095
186258, 7095
221370, 7095
232339, 7095
294197, 7095
21594, 7083
34249, 7083
119607, 7083
177015, 7083
177653, 7083
190360, 7083
198750, 7083
202617, 7083
219545, 7083
248146, 7083
13290, 7070
30789, 7070
37189, 7070
54928, 7070
59895, 7070
62138, 7070
79344, 7070
148140, 7070
166654, 7070
173154, 7070
179102, 7070
179583, 7070
186356, 7070
213401, 7070
219570, 7070
224105, 7070
232613, 7070
233979, 7070
260337, 7070
261526, 7070
270278, 7070
271070, 7070
271558, 7070
277554, 7070
281642, 7070
290477, 7070
55247, 7061
104746, 7061
125315, 7061
178692, 7061
192505, 7061
195847, 7061
196116, 7061
212389, 7061
227515, 7061
269940, 7061
270868, 7061
288850, 7061
22037, 7057
56027, 7057
77806, 7057
160872, 7057
169612, 7057
243646, 7057
243989, 7057
245434, 7057
277782, 7057
191079, 7056
65832, 7055
69185, 7055
70570, 7055
79758, 7055
83156, 7055
97824, 7055
129741, 7055
131957, 7055
133340, 7055
134491, 7055
150572, 7055
157913, 7055
159860, 7055
159871, 7055
162084, 7055
170705, 7055
184415, 7055
208768, 7055
212949, 7055
214087, 7055
214716, 7055
220074, 7055
226171, 7055
229059, 7055
230374, 7055
231965, 7055
233070, 7055
233811, 7055
234442, 7055
240962, 7055
243618, 7055
246633, 7055
246937, 7055
249217, 7055
252030, 7055
252420, 7055
264658, 7055
266885, 7055
283363, 7055
285260, 7055
289568, 7055
57606, 7053
64795, 7031
197081, 7031
241366, 7031
68369, 7026
75443, 7026
129954, 7026
199465, 7026
223101, 7026
57534, 7025
143612, 7025
181420, 7025
191677, 7025
13193, 7017
33644, 7017
34166, 7017
57200, 7017
60744, 7017
61786, 7017
81228, 7017
82487, 7017
86858, 7017
114865, 7017
153664, 7017
174245, 7017
188683, 7017
230686, 7017
242839, 7017
259821, 7017
284536, 7017
9644, 7014
13804, 7014
37910, 7014
42049, 7014
46067, 7014
50530, 7014
52814, 7014
59905, 7014
66807, 7014
74118, 7014
85616, 7014
99003, 7014
114076, 7014
114322, 7014
119488, 7014
126660, 7014
129044, 7014
130807, 7014
146902, 7014
159172, 7014
173265, 7014
184728, 7014
198706, 7014
222000, 7014
238314, 7014
242211, 7014
263587, 7014
237223, 7000
279882, 7000
66720, 6975
82527, 6975
87127, 6975
91512, 6975
110085, 6975
122546, 6975
136561, 6975
148950, 6975
172099, 6975
172676, 6975
176454, 6975
184645, 6975
185885, 6975
196616, 6975
230735, 6975
235851, 6975
260636, 6975
281070, 6975
294000, 6975
62381, 6969
197675, 6969
203669, 6969
258089, 6969
78749, 6918
265698, 6918
269208, 6918
288501, 6918
53299, 6915
86326, 6915
119415, 6915
134044, 6915
137210, 6915
156244, 6915
178217, 6915
207805, 6915
198886, 6893
192978, 6890
185708, 6852
207137, 6852
228233, 6842
106731, 6786
251789, 6786
13515, 6749
36969, 6749
47894, 6749
48522, 6749
85655, 6749
119743, 6749
140933, 6749
167523, 6749
247819, 6749
37407, 6717
42804, 6717
73924, 6717
91016, 6717
116339, 6717
132347, 6717
142898, 6717
165835, 6717
181717, 6717
191229, 6717
191985, 6717
199128, 6717
202206, 6717
208268, 6717
209055, 6717
222049, 6717
229509, 6717
239527, 6717
278832, 6717
283488, 6717
25985, 6691
51185, 6691
59272, 6691
68289, 6691
71725, 6691
80706, 6691
82117, 6691
84414, 6691
100674, 6691
111404, 6691
124244, 6691
127852, 6691
132756, 6691
182668, 6691
117361, 6690
128199, 6690
144962, 6690
148074, 6690
246930, 6690
218661, 6680
16577, 6655
30406, 6655
50405, 6655
59781, 6655
90039, 6655
107554, 6655
114934, 6655
147570, 6655
153035, 6655
162533, 6655
163156, 6655
200883, 6655
212158, 6655
213948, 6655
222473, 6655
228170, 6655
269372, 6655
275064, 6655
278274, 6655
29365, 6653
90224, 6653
166814, 6653
169590, 6653
183131, 6653
203857, 6653
208797, 6653
81909, 6650
115390, 6650
51921, 6638
104610, 6627
128910, 6627
36429, 6626
62292, 6626
92570, 6626
96705, 6626
158559, 6626
159491, 6626
159574, 6626
190012, 6626
194650, 6626
194808, 6626
213450, 6626
216594, 6626
234720, 6626
236909, 6626
274366, 6626
288847, 6626
201199, 6619
161259, 6618
125036, 6603
133665, 6603
200999, 6603
266116, 6603
129942, 6597
57287, 6596
68800, 6596
214444, 6596
216527, 6596
278036, 6596
285486, 6596
266066, 6586
176745, 6573
274604, 6573
55559, 6572
60079, 6572
73481, 6572
82318, 6572
90532, 6572
94810, 6572
97226, 6572
107035, 6572
137601, 6572
153692, 6572
161605, 6572
166285, 6572
176081, 6572
198323, 6572
217759, 6572
247539, 6572
234422, 6562
286941, 6562
72333, 6543
85978, 6543
141354, 6543
165305, 6543
173405, 6543
184513, 6543
248023, 6543
242301, 6532
61051, 6510
106201, 6510
172732, 6510
225449, 6510
240949, 6510
242798, 6510
252550, 6510
263124, 6510
281918, 6510
281934, 6510
109425, 6487
131283, 6487
174557, 6487
188958, 6487
201937, 6487
206167, 6487
209545, 6487
220054, 6487
3093, 6485
8572, 6479
12662, 6479
49968, 6479
65845, 6479
122455, 6479
136249, 6479
148961, 6479
174708, 6479
179413, 6479
244597, 6479
17347, 6457
51912, 6457
64634, 6457
95457, 6457
101703, 6457
118349, 6457
167247, 6457
197193, 6457
201139, 6457
203120, 6457
203666, 6457
212660, 6457
225095, 6457
231230, 6457
237525, 6457
237860, 6457
247529, 6457
277666, 6457
281780, 6457
49322, 6456
86722, 6452
139544, 6452
78688, 6446
78736, 6446
84858, 6446
117955, 6446
120761, 6446
132320, 6446
142229, 6446
148579, 6446
153316, 6446
164380, 6446
179094, 6446
183001, 6446
203834, 6446
212666, 6446
229430, 6446
36097, 6444
166612, 6436
257325, 6424
49017, 6415
53291, 6415
229676, 6415
21487, 6412
202372, 6412
211203, 6412
253156, 6404
293804, 6404
162326, 6383
275461, 6383
125296, 6382
158412, 6382
100670, 6370
127202, 6370
136953, 6370
172129, 6370
206250, 6370
209255, 6370
269008, 6370
22345, 6353
32732, 6353
35505, 6353
36856, 6353
42507, 6353
43198, 6353
45779, 6353
53068, 6353
59390, 6353
63586, 6353
68174, 6353
76294, 6353
77229, 6353
82530, 6353
89573, 6353
91470, 6353
119167, 6353
121996, 6353
152033, 6353
193100, 6353
202733, 6353
208653, 6353
209735, 6353
233577, 6353
257483, 6353
26005, 6351
94613, 6351
296177, 6351
145221, 6348
6814, 6342
33699, 6342
71391, 6342
86850, 6342
111127, 6342
149227, 6342
175753, 6342
177295, 6342
215874, 6342
219227, 6342
228006, 6342
230600, 6342
285313, 6342
290327, 6342
115899, 6319
126706, 6319
141275, 6319
161862, 6319
194601, 6319
231658, 6319
240422, 6319
242952, 6319
251421, 6319
279164, 6319
15677, 6308
30847, 6308
39064, 6308
48521, 6308
50323, 6308
60765, 6308
80952, 6308
112143, 6308
114789, 6308
115066, 6308
155893, 6308
195736, 6308
221834, 6308
235291, 6308
8369, 6299
20707, 6299
33925, 6299
47191, 6299
57827, 6299
70703, 6299
57697, 6284
122946, 6284
144589, 6284
145015, 6284
145352, 6284
146182, 6284
151757, 6284
173337, 6284
190875, 6284
246743, 6284
250491, 6284
261634, 6284
268736, 6284
281011, 6284
288593, 6284
11695, 6281
36002, 6281
40337, 6281
64710, 6281
86462, 6281
90629, 6281
109368, 6281
112725, 6281
121362, 6281
140943, 6281
146322, 6281
193956, 6281
213345, 6281
217324, 6281
268811, 6277
149880, 6268
157671, 6267
20368, 6261
22528, 6261
27756, 6261
51924, 6261
59030, 6261
79778, 6261
91699, 6261
133359, 6261
137895, 6261
208330, 6261
85900, 6255
109439, 6252
171932, 6243
172940, 6241
211187, 6241
33229, 6215
88874, 6215
88974, 6215
125943, 6215
143072, 6215
191927, 6215
196474, 6215
214896, 6215
236500, 6215
256649, 6215
291241, 6215
161254, 6199
50390, 6196
55945, 6196
74870, 6196
77427, 6196
79692, 6196
82836, 6196
119687, 6196
139446, 6196
191197, 6196
221331, 6196
228440, 6196
230248, 6196
235776, 6196
248075, 6196
249241, 6196
250385, 6196
261342, 6196
265052, 6196
269140, 6196
42812, 6190
52064, 6190
70749, 6190
70791, 6190
76005, 6190
77419, 6190
79022, 6190
80613, 6190
96713, 6190
97077, 6190
99687, 6190
105714, 6190
109100, 6190
116968, 6190
121963, 6190
122996, 6190
124044, 6190
132640, 6190
133656, 6190
147104, 6190
154572, 6190
159597, 6190
160037, 6190
160249, 6190
172335, 6190
173220, 6190
176551, 6190
206232, 6190
208159, 6190
210650, 6190
228189, 6190
240900, 6190
244940, 6190
245606, 6190
254235, 6190
255196, 6190
256280, 6190
260625, 6190
268591, 6190
283166, 6190
291973, 6190
38814, 6170
43538, 6170
70906, 6170
71603, 6170
87094, 6170
93610, 6170
135354, 6170
140223, 6170
143418, 6170
151335, 6170
154012, 6170
172105, 6170
180757, 6170
181750, 6170
182337, 6170
204945, 6170
235006, 6170
236286, 6170
240803, 6170
244234, 6170
252741, 6170
270673, 6170
272887, 6170
275149, 6170
276763, 6170
280489, 6170
291363, 6170
291743, 6170
291775, 6170
292322, 6170
271466, 6166
48177, 6161
34815, 6158
58621, 6158
148428, 6158
158139, 6158
169741, 6158
174273, 6158
214531, 6158
236838, 6158
257028, 6158
264496, 6158
274598, 6158
187979, 6147
197060, 6147
219691, 6147
244554, 6147
251337, 6147
255447, 6147
263015, 6147
103845, 6128
191891, 6128
224474, 6128
31717, 6127
211704, 6097
216892, 6097
222452, 6097
228521, 6097
231897, 6097
250214, 6097
6503, 6081
229625, 6081
271415, 6081
214592, 6043
21384, 6040
30094, 6040
65328, 6040
72140, 6040
91904, 6040
92189, 6040
95287, 6040
107208, 6040
113266, 6040
114668, 6040
120948, 6040
123287, 6040
146898, 6040
155315, 6040
172431, 6040
174885, 6040
175263, 6040
182636, 6040
191674, 6040
223201, 6040
226940, 6040
235499, 6040
249923, 6040
282585, 6040
290759, 6040
188246, 6039
20809, 6031
36830, 6031
85001, 6031
103346, 6031
151221, 6031
151247, 6031
194933, 6031
216482, 6031
241056, 6031
12873, 6021
17435, 6021
231515, 6021
17836, 6016
70626, 6016
144700, 6016
151286, 6016
198599, 6016
224555, 6016
248471, 6016
255694, 6016
264097, 6016
276161, 6016
296569, 6016
70685, 5987
123620, 5987
188730, 5987
190765, 5987
228094, 5987
241674, 5987
252153, 5987
43545, 5983
112686, 5983
125429, 5983
127803, 5983
160998, 5983
285142, 5983
123785, 5959
73347, 5938
172341, 5938
34789, 5924
41601, 5924
43561, 5924
50796, 5924
68985, 5924
79939, 5924
85007, 5924
91743, 5924
110695, 5924
119121, 5924
122171, 5924
151016, 5924
224780, 5924
260309, 5924
21385, 5913
68242, 5913
82807, 5913
83213, 5913
84613, 5913
85700, 5913
105010, 5913
115811, 5913
122269, 5913
134587, 5913
136029, 5913
141976, 5913
143715, 5913
161052, 5913
163259, 5913
169419, 5913
174393, 5913
175929, 5913
183150, 5913
186475, 5913
188786, 5913
199450, 5913
199504, 5913
203361, 5913
209293, 5913
214218, 5913
218554, 5913
228249, 5913
230196, 5913
232445, 5913
237003, 5913
243616, 5913
246829, 5913
263225, 5913
287548, 5913
291834, 5913
295248, 5913
37530, 5905
56736, 5905
65876, 5905
69778, 5905
70311, 5905
92441, 5905
93436, 5905
97727, 5905
103096, 5905
114052, 5905
115309, 5905
130784, 5905
137336, 5905
163273, 5905
173223, 5905
199232, 5905
208903, 5905
215316, 5905
221507, 5905
228654, 5905
244578, 5905
246504, 5905
253573, 5905
255785, 5905
274471, 5905
292672, 5905
64727, 5887
83507, 5887
190195, 5887
112335, 5880
123539, 5877
171859, 5877
217088, 5877
289812, 5877
218297, 5867
259208, 5867
214874, 5864
109718, 5817
115303, 5817
160718, 5795
268609, 5795
22911, 5787
51795, 5763
5152, 5756
30204, 5756
30977, 5756
82393, 5756
89217, 5756
99727, 5756
104695, 5756
111237, 5756
147305, 5756
170716, 5756
175610, 5756
186035, 5756
192695, 5756
206254, 5756
233551, 5756
234642, 5756
235531, 5756
236669, 5756
242079, 5756
255940, 5756
294322, 5756
174081, 5751
39355, 5746
65720, 5746
117435, 5746
138815, 5746
193020, 5746
227907, 5746
257919, 5746
178447, 5741
232449, 5741
87592, 5734
148359, 5734
164502, 5734
52899, 5727
89450, 5727
111496, 5727
180061, 5727
187212, 5727
94388, 5719
143825, 5719
231688, 5719
236731, 5719
104330, 5717
151159, 5717
223241, 5717
62800, 5715
113640, 5715
194677, 5715
242462, 5715
273251, 5715
273806, 5715
23326, 5714
72577, 5714
75354, 5714
90434, 5714
107415, 5714
110620, 5714
146083, 5714
226525, 5714
262676, 5714
287704, 5714
293749, 5714
91076, 5700
119371, 5700
120597, 5700
205595, 5700
43165, 5699
247856, 5699
74981, 5693
167371, 5679
185111, 5679
194483, 5679
222559, 5679
28846, 5645
79198, 5645
232870, 5645
293037, 5645
35301, 5644
46392, 5644
47477, 5644
48874, 5644
58337, 5644
60325, 5644
77770, 5644
81820, 5644
113280, 5644
113534, 5644
139471, 5644
146839, 5644
160425, 5644
162415, 5644
163171, 5644
176975, 5644
191389, 5644
205082, 5644
208096, 5644
228645, 5644
260189, 5644
263435, 5644
266174, 5644
267417, 5644
288005, 5644
114432, 5634
142237, 5634
259214, 5634
284828, 5634
171396, 5622
185140, 5622
229972, 5605
254718, 5605
273612, 5594
64001, 5588
68082, 5588
80646, 5588
106669, 5588
158018, 5588
161269, 5588
46856, 5584
190033, 5584
83899, 5556
149449, 5556
9136, 5555
39852, 5555
86247, 5555
110779, 5555
132782, 5555
143547, 5555
206923, 5555
249032, 5555
121478, 5548
222146, 5548
13994, 5450
9281, 5432
18708, 5432
40640, 5429
43526, 5429
101525, 5429
108696, 5429
125594, 5429
135488, 5429
271629, 5429
85228, 5422
213267, 5422
232387, 5422
119157, 5416
188670, 5416
210057, 5416
212248, 5416
213472, 5381
57660, 5358
103538, 5358
200417, 5358
212423, 5358
216216, 5358
225365, 5358
244035, 5358
291079, 5358
263864, 5340
209685, 5336
293108, 5336
81108, 5319
230674, 5319
42691, 5318
106925, 5318
232765, 5318
78622, 5313
39127, 5312
43085, 5312
85697, 5312
89975, 5312
100854, 5312
104682, 5312
128297, 5312
136341, 5312
144157, 5312
152673, 5312
164721, 5312
165819, 5312
169215, 5312
203035, 5312
213305, 5312
243785, 5312
245871, 5312
249535, 5312
260137, 5312
261644, 5312
264501, 5312
269322, 5312
275897, 5312
277252, 5312
24932, 5301
49803, 5301
183957, 5301
46055, 5290
154126, 5290
258626, 5290
217890, 5289
221744, 5289
223855, 5289
54751, 5269
35036, 5265
38788, 5265
82798, 5265
86785, 5265
92139, 5265
92827, 5265
104435, 5265
108034, 5265
109662, 5265
109712, 5265
115551, 5265
116954, 5265
119974, 5265
123498, 5265
127164, 5265
130091, 5265
135218, 5265
135358, 5265
136703, 5265
137933, 5265
141667, 5265
147925, 5265
153883, 5265
157537, 5265
160896, 5265
164061, 5265
164766, 5265
166946, 5265
172716, 5265
182645, 5265
184422, 5265
190927, 5265
194602, 5265
203338, 5265
203537, 5265
204996, 5265
210750, 5265
211968, 5265
218235, 5265
220057, 5265
234728, 5265
235008, 5265
237350, 5265
238803, 5265
239689, 5265
255777, 5265
260812, 5265
268305, 5265
269426, 5265
273163, 5265
274059, 5265
275917, 5265
277718, 5265
293502, 5265
93298, 5254
273572, 5254
64742, 5240
243167, 5240
35986, 5232
85353, 5232
117630, 5232
156986, 5232
169403, 5232
199061, 5232
229099, 5232
231639, 5232
250243, 5232
266836, 5232
41015, 5231
43816, 5231
129622, 5231
80442, 5229
97313, 5229
103645, 5229
110529, 5229
122306, 5229
142758, 5229
146992, 5229
225814, 5229
227063, 5229
239912, 5229
257326, 5229
260447, 5229
279515, 5229
282247, 5229
287872, 5229
122699, 5217
189310, 5185
241903, 5185
120928, 5184
128097, 5184
137646, 5184
30417, 5173
47704, 5173
90819, 5173
102590, 5173
110292, 5173
159496, 5173
208480, 5173
223325, 5173
29449, 5148
70301, 5148
71197, 5148
92206, 5148
95721, 5148
143533, 5148
12282, 5144
128211, 5144
236960, 5144
287073, 5144
287794, 5144
289678, 5144
273144, 5142
160196, 5138
48900, 5113
53327, 5113
103415, 5113
114560, 5113
117311, 5113
129834, 5113
186625, 5113
216862, 5113
264299, 5113
104812, 5112
110782, 5112
128782, 5112
155502, 5095
269829, 5095
82116, 5070
201496, 5070
270370, 5070
108140, 5068
112639, 5068
164299, 5068
23531, 5063
24770, 5063
266422, 5063
155786, 5061
204223, 5061
293523, 5061
51363, 5059
201440, 5059
280771, 5059
284797, 5059
295644, 5059
33803, 5055
142562, 5055
173819, 5055
180146, 5055
275537, 5043
122030, 5031
153268, 5022
202895, 5022
287880, 5019
153129, 5014
186112, 4993
223356, 4989
265635, 4989
294643, 4989
216412, 4973
238683, 4973
273582, 4973
40005, 4972
89512, 4972
106261, 4972
108422, 4972
126185, 4972
167505, 4972
196943, 4972
214787, 4972
246483, 4965
69939, 4963
251250, 4963
265571, 4963
34872, 4947
41523, 4947
43106, 4947
53963, 4947
57898, 4947
58853, 4947
61082, 4947
67227, 4947
80244, 4947
88256, 4947
95854, 4947
102702, 4947
104651, 4947
111932, 4947
113761, 4947
119560, 4947
119620, 4947
121084, 4947
129652, 4947
134828, 4947
137661, 4947
140301, 4947
156864, 4947
163927, 4947
171391, 4947
173430, 4947
177229, 4947
178579, 4947
181123, 4947
207449, 4947
214726, 4947
216602, 4947
218249, 4947
219377, 4947
294341, 4947
144360, 4945
181888, 4945
274616, 4945
281112, 4945
285999, 4945
291764, 4945
92754, 4911
213491, 4911
33505, 4891
48459, 4891
65443, 4891
153513, 4891
189864, 4891
200844, 4891
276025, 4891
196341, 4867
212698, 4867
122834, 4855
199614, 4841
169209, 4835
156217, 4827
94257, 4823
101320, 4823
171245, 4823
195198, 4823
231297, 4823
234692, 4823
263473, 4823
177954, 4811
109879, 4807
249979, 4807
84511, 4803
130274, 4796
248907, 4790
23700, 4778
26233, 4778
43808, 4778
49652, 4778
50234, 4778
58591, 4778
62348, 4778
63026, 4778
64732, 4778
71498, 4778
73918, 4778
109397, 4778
113834, 4778
114761, 4778
123760, 4778
131605, 4778
165078, 4778
166317, 4778
257069, 4778
177383, 4773
140887, 4756
164336, 4756
231545, 4756
108029, 4742
129509, 4742
228458, 4742
262150, 4742
60366, 4741
89646, 4741
119461, 4741
161447, 4738
90412, 4731
155895, 4731
160292, 4731
282669, 4731
37132, 4715
111917, 4715
212356, 4715
149974, 4711
154824, 4711
140414, 4710
151463, 4710
162036, 4710
235230, 4710
200588, 4705
211646, 4705
114574, 4699
49014, 4697
50213, 4697
55812, 4697
56664, 4697
66013, 4697
73675, 4697
81247, 4697
86486, 4697
93698, 4697
94938, 4697
96032, 4697
97911, 4697
108698, 4697
109698, 4697
114792, 4697
126263, 4697
129301, 4697
131740, 4697
153711, 4697
156795, 4697
198982, 4697
210408, 4697
295938, 4697
69171, 4693
86091, 4693
154271, 4693
155854, 4691
178465, 4691
196033, 4691
292650, 4691
206527, 4677
49136, 4673
59707, 4673
65270, 4673
158610, 4673
221032, 4673
223809, 4673
232115, 4671
145348, 4670
197057, 4659
237192, 4659
288335, 4659
38443, 4654
44286, 4654
80892, 4654
101399, 4654
236810, 4654
288304, 4654
198384, 4652
131474, 4640
172372, 4640
215666, 4640
243730, 4640
177434, 4632
280212, 4632
118750, 4620
218637, 4619
16127, 4618
167395, 4618
169954, 4618
48394, 4614
62523, 4614
63457, 4614
65560, 4614
221439, 4614
286341, 4614
126965, 4612
234972, 4612
29503, 4593
179363, 4593
38437, 4584
17903, 4577
49931, 4577
54682, 4577
83393, 4577
85995, 4577
95083, 4577
97511, 4577
97549, 4577
105865, 4577
119174, 4577
128706, 4577
145462, 4577
163184, 4577
188058, 4577
205242, 4577
211575, 4577
212748, 4577
229489, 4577
245852, 4577
245858, 4577
261878, 4577
287404, 4577
99278, 4575
182287, 4571
131295, 4560
294760, 4560
7601, 4557
9493, 4557
11117, 4557
41911, 4557
65009, 4557
149545, 4557
177994, 4557
247562, 4557
37784, 4551
43624, 4551
51471, 4551
176542, 4551
214235, 4551
215192, 4551
36967, 4549
55727, 4549
177896, 4549
184067, 4549
201386, 4549
28837, 4543
43280, 4543
133679, 4543
137467, 4543
140745, 4543
14314, 4542
80570, 4542
159801, 4542
236075, 4542
157894, 4533
188822, 4533
210917, 4533
160947, 4528
288960, 4528
56216, 4524
82410, 4524
118271, 4524
178979, 4524
215213, 4524
282899, 4524
143957, 4517
244441, 4508
245263, 4508
68855, 4492
144393, 4492
259884, 4486
268452, 4486
80432, 4478
225663, 4469
129119, 4463
102523, 4461
252193, 4457
109278, 4452
73687, 4451
281905, 4451
63023, 4447
66836, 4447
91739, 4447
116477, 4447
146101, 4447
208415, 4447
215931, 4447
219687, 4447
256963, 4447
285936, 4447
53383, 4442
184327, 4442
80671, 4439
279781, 4439
258309, 4437
60453, 4426
226839, 4424
102848, 4417
209769, 4417
241204, 4417
255195, 4417
153171, 4406
184827, 4406
64218, 4405
69356, 4405
74798, 4405
175857, 4405
234676, 4405
295428, 4405
45119, 4403
52750, 4403
78966, 4403
82408, 4403
108597, 4403
112384, 4403
162132, 4403
162853, 4403
175778, 4403
182543, 4403
183630, 4403
192560, 4403
196173, 4403
210278, 4403
210633, 4403
216733, 4403
222543, 4403
226687, 4403
257380, 4403
268588, 4403
274029, 4403
240831, 4401
78304, 4399
128497, 4399
139272, 4399
148649, 4399
184802, 4399
236797, 4399
233170, 4398
242264, 4398
19070, 4393
93924, 4393
97920, 4393
122307, 4393
197745, 4393
247100, 4393
271246, 4393
294621, 4393
232649, 4392
264731, 4387
220720, 4382
44689, 4381
294648, 4381
27945, 4375
205206, 4375
96569, 4373
125344, 4373
186211, 4373
24840, 4359
37441, 4359
47590, 4359
50662, 4359
56670, 4359
74160, 4359
78024, 4359
99235, 4359
105647, 4359
114730, 4359
117133, 4359
118480, 4359
137042, 4359
137093, 4359
139006, 4359
140303, 4359
145333, 4359
147934, 4359
150305, 4359
152025, 4359
168195, 4359
170967, 4359
172253, 4359
176385, 4359
177423, 4359
183195, 4359
184196, 4359
186137, 4359
187159, 4359
188442, 4359
195665, 4359
197112, 4359
197954, 4359
204615, 4359
206906, 4359
208090, 4359
208643, 4359
211015, 4359
212724, 4359
225088, 4359
226732, 4359
233386, 4359
248434, 4359
275208, 4359
276447, 4359
278912, 4359
284403, 4359
287747, 4359
292212, 4359
292554, 4359
73379, 4358
94621, 4358
191168, 4358
221786, 4358
291646, 4358
38670, 4352
92558, 4352
97392, 4352
135932, 4352
182376, 4352
47230, 4349
62632, 4349
65183, 4349
77679, 4349
78413, 4349
82145, 4349
91869, 4349
102538, 4349
106965, 4349
110681, 4349
121523, 4349
134690, 4349
140653, 4349
144052, 4349
170091, 4349
184002, 4349
205819, 4349
206166, 4349
212618, 4349
220964, 4349
268700, 4349
288180, 4349
123390, 4331
271491, 4331
54464, 4324
144434, 4324
149072, 4324
160856, 4324
160972, 4324
167426, 4324
174984, 4324
184837, 4324
198469, 4324
200211, 4324
205971, 4324
221710, 4324
225806, 4324
237041, 4324
239206, 4324
240072, 4324
258742, 4324
270689, 4324
276320, 4324
284594, 4324
289130, 4324
291473, 4324
295384, 4324
204969, 4323
63338, 4320
86810, 4320
89062, 4297
183812, 4294
25752, 4292
70541, 4292
174581, 4292
161755, 4290
186132, 4290
227901, 4290
242536, 4290
261929, 4290
266252, 4290
272990, 4290
114140, 4273
122682, 4273
130580, 4273
131391, 4273
220247, 4273
269446, 4273
76733, 4271
293193, 4270
239781, 4267
235032, 4264
16767, 4261
17870, 4261
24301, 4261
205938, 4260
241256, 4255
26215, 4248
148347, 4248
279734, 4248
101104, 4244
102847, 4244
106862, 4244
113355, 4244
137518, 4244
177616, 4244
181574, 4244
181591, 4244
192993, 4244
217237, 4244
222505, 4244
230826, 4244
231576, 4244
234440, 4244
248739, 4244
251079, 4244
285323, 4244
290807, 4244
12602, 4240
59208, 4240
62362, 4240
90483, 4240
97726, 4240
161063, 4240
176818, 4240
191829, 4240
193167, 4240
230604, 4240
235207, 4240
239247, 4240
256756, 4240
258975, 4240
263023, 4240
285402, 4240
246786, 4236
1273, 4235
6861, 4235
12422, 4235
33442, 4235
83651, 4235
87192, 4235
177684, 4235
226713, 4235
249286, 4235
278418, 4235
226331, 4231
208404, 4229
28049, 4228
49717, 4228
207626, 4228
214813, 4228
41942, 4222
67737, 4222
4942, 4221
18725, 4221
26308, 4221
73776, 4221
130599, 4221
146845, 4221
149429, 4221
155222, 4221
159308, 4221
172856, 4221
182587, 4221
215712, 4221
224400, 4221
274768, 4221
41521, 4218
69815, 4218
228248, 4218
284330, 4216
37413, 4215
288577, 4215
176597, 4210
227867, 4210
243719, 4210
3682, 4204
133507, 4204
154965, 4204
165470, 4204
167849, 4204
171274, 4204
171357, 4204
194314, 4204
214564, 4204
223547, 4204
264874, 4204
266773, 4204
268331, 4204
31994, 4202
40617, 4202
63167, 4202
91447, 4202
155866, 4202
169091, 4202
218736, 4202
15474, 4199
75563, 4199
184885, 4199
38393, 4198
172408, 4198
286904, 4191
22794, 4185
16964, 4176
57319, 4176
262631, 4176
89501, 4164
92945, 4164
166529, 4164
31084, 4163
46222, 4152
193151, 4150
285796, 4150
156050, 4148
135077, 4130
138508, 4129
29083, 4126
260652, 4122
278891, 4122
279594, 4122
281748, 4122
283425, 4122
290405, 4122
28614, 4120
33855, 4120
83933, 4120
296503, 4120
101741, 4115
181627, 4115
206790, 4110
78033, 4106
91704, 4106
112910, 4106
118976, 4106
121518, 4106
128882, 4106
131077, 4106
136497, 4106
138635, 4106
141834, 4106
142658, 4106
182682, 4106
184157, 4106
185501, 4106
189144, 4106
193969, 4106
197466, 4106
199166, 4106
202003, 4106
203838, 4106
206570, 4106
211679, 4106
213109, 4106
217566, 4106
221099, 4106
229481, 4106
230876, 4106
239590, 4106
250608, 4106
250781, 4106
257852, 4106
261919, 4106
272101, 4106
278205, 4106
280432, 4106
290659, 4106
287490, 4105
292365, 4105
77926, 4100
82153, 4100
88120, 4100
94980, 4100
109373, 4100
113229, 4100
155764, 4100
205853, 4100
266857, 4100
276365, 4100
217415, 4094
145200, 4087
147936, 4087
189992, 4087
43522, 4085
50789, 4085
56852, 4085
57957, 4085
58044, 4085
66381, 4085
68921, 4085
71462, 4085
80745, 4085
89660, 4085
93362, 4085
102179, 4085
120015, 4085
125130, 4085
132427, 4085
144541, 4085
192983, 4085
239961, 4085
284089, 4085
182330, 4084
19019, 4082
44937, 4082
85361, 4082
129106, 4082
132595, 4082
134317, 4082
147100, 4082
157141, 4082
171340, 4082
194192, 4082
212661, 4082
227257, 4082
272516, 4082
139307, 4080
282709, 4080
14476, 4079
253065, 4079
253909, 4079
296108, 4079
81812, 4078
119891, 4078
124632, 4078
170210, 4078
235557, 4078
94777, 4077
101800, 4077
124520, 4077
146023, 4077
184380, 4077
249059, 4077
262687, 4077
267198, 4077
270083, 4068
272310, 4062
277801, 4062
43721, 4040
50018, 4040
133766, 4040
15779, 4030
42528, 4030
43256, 4030
59611, 4030
65393, 4030
75184, 4030
145785, 4030
164730, 4030
115000, 4024
136028, 4024
176607, 4017
122215, 4004
90985, 3985
173047, 3985
195754, 3985
199454, 3985
243156, 3985
178415, 3983
119268, 3978
128687, 3971
168021, 3971
70295, 3970
13511, 3966
91829, 3966
119849, 3966
134753, 3966
193182, 3966
271798, 3966
44637, 3962
166840, 3962
174583, 3962
211992, 3962
220708, 3962
289021, 3962
28361, 3945
292469, 3945
295495, 3943
34922, 3939
120127, 3939
211417, 3939
245415, 3939
266706, 3939
225994, 3935
68928, 3932
163208, 3929
214126, 3929
162119, 3923
228086, 3917
268865, 3917
117161, 3907
141434, 3907
152744, 3906
164744, 3906
208600, 3906
221973, 3906
248049, 3906
14091, 3895
117852, 3895
63316, 3889
256788, 3889
14613, 3877
51489, 3877
87348, 3877
225912, 3877
48494, 3875
113557, 3875
125965, 3875
145023, 3875
176617, 3875
181787, 3875
207997, 3875
240463, 3875
242107, 3875
261962, 3875
262166, 3875
268462, 3875
283022, 3875
286571, 3875
74277, 3874
192146, 3866
209728, 3866
220085, 3864
244832, 3864
20109, 3861
265568, 3861
110324, 3844
24400, 3842
162216, 3822
117130, 3816
125626, 3816
153820, 3816
29217, 3814
259045, 3814
263807, 3814
193847, 3813
289522, 3813
157594, 3810
120906, 3805
271887, 3802
19636, 3796
40951, 3796
74982, 3796
92494, 3796
98187, 3796
121229, 3796
122941, 3796
131423, 3796
150388, 3796
171485, 3796
171965, 3796
176418, 3796
189712, 3796
190343, 3796
195482, 3796
211057, 3796
227147, 3796
229939, 3796
239392, 3796
245931, 3796
272754, 3796
280354, 3796
292172, 3796
68144, 3789
55093, 3783
62890, 3783
73588, 3783
110230, 3783
128429, 3783
129881, 3783
131434, 3783
155685, 3783
156960, 3783
161890, 3783
163688, 3783
167787, 3783
169126, 3783
175869, 3783
182604, 3783
183063, 3783
190092, 3783
193080, 3783
194427, 3783
197970, 3783
204525, 3783
209353, 3783
213012, 3783
219992, 3783
224258, 3783
234130, 3783
238654, 3783
239094, 3783
245560, 3783
253111, 3783
256683, 3783
260728, 3783
262692, 3783
263579, 3783
263608, 3783
263615, 3783
269018, 3783
278818, 3783
287321, 3783
289746, 3783
290594, 3783
294402, 3783
32567, 3777
125242, 3777
144340, 3777
23783, 3776
242611, 3776
249841, 3769
40076, 3768
62147, 3765
184331, 3765
78984, 3764
87024, 3764
98230, 3764
179687, 3764
222721, 3764
270454, 3764
274584, 3764
129110, 3757
250923, 3757
38350, 3752
56156, 3752
64025, 3752
73056, 3752
78933, 3752
97322, 3752
107776, 3752
122673, 3752
145241, 3752
145842, 3752
166386, 3752
167105, 3752
175025, 3752
196427, 3752
203255, 3752
203479, 3752
243355, 3752
247467, 3752
254764, 3752
258509, 3752
274241, 3752
274878, 3752
283045, 3752
268783, 3743
17749, 3742
162182, 3742
189612, 3736
235947, 3736
95952, 3734
126177, 3734
126894, 3734
128118, 3734
136178, 3734
162990, 3734
164176, 3734
168155, 3734
189279, 3734
192282, 3734
200532, 3734
224327, 3734
227618, 3734
245622, 3734
250677, 3734
265028, 3734
278898, 3734
284443, 3734
214121, 3733
273517, 3733
60673, 3728
71789, 3728
163108, 3728
52598, 3724
92432, 3724
289205, 3724
209970, 3723
286441, 3723
110652, 3706
238190, 3706
257169, 3706
260441, 3706
287244, 3706
82703, 3705
22733, 3695
115730, 3693
125922, 3692
95597, 3686
277195, 3673
123091, 3669
269659, 3669
272622, 3669
273826, 3669
179904, 3668
268578, 3668
129246, 3662
230637, 3662
86305, 3660
98058, 3660
115583, 3660
144935, 3660
276083, 3660
111588, 3654
175433, 3654
219590, 3654
254079, 3654
105132, 3645
183227, 3644
151698, 3641
174158, 3641
50385, 3640
31842, 3637
48721, 3637
227550, 3637
48288, 3632
175962, 3632
205627, 3618
223561, 3618
128658, 3614
172844, 3608
181150, 3604
286035, 3604
139737, 3603
151389, 3602
214431, 3599
70156, 3598
261835, 3592
119118, 3587
138281, 3587
152750, 3587
265236, 3587
169167, 3576
8187, 3570
52968, 3570
291127, 3570
254866, 3569
118303, 3568
124182, 3568
93856, 3567
218043, 3567
111573, 3566
131417, 3566
210374, 3566
238606, 3566
33328, 3565
204282, 3563
189870, 3559
238555, 3551
286602, 3549
67721, 3547
119718, 3547
121694, 3547
127290, 3547
180143, 3547
218118, 3547
220089, 3547
223748, 3547
293096, 3547
295889, 3547
83506, 3541
214848, 3541
227777, 3541
296336, 3541
150330, 3540
178359, 3540
212472, 3540
4685, 3529
77925, 3529
173096, 3529
296541, 3529
88784, 3521
108349, 3521
254432, 3507
41134, 3499
223116, 3492
238288, 3491
165095, 3490
100523, 3488
140053, 3487
76175, 3480
33095, 3476
65766, 3476
266780, 3476
63166, 3469
89666, 3466
131509, 3466
172196, 3466
167927, 3464
69967, 3459
111811, 3458
168993, 3458
288146, 3458
144169, 3453
247503, 3448
287619, 3427
190744, 3422
192390, 3422
241932, 3422
283792, 3422
50343, 3409
296158, 3408
129294, 3403
226491, 3398
35104, 3383
277996, 3383
115090, 3379
272693, 3376
191658, 3367
276865, 3367
196898, 3364
151480, 3363
148285, 3349
191288, 3349
235931, 3349
282555, 3349
293931, 3349
130481, 3344
70587, 3340
94349, 3335
34326, 3332
99073, 3332
146206, 3332
165027, 3332
172933, 3332
175675, 3332
207245, 3332
257645, 3332
291982, 3332
54597, 3328
74739, 3328
100911, 3328
117291, 3328
120310, 3328
122540, 3328
134211, 3328
137104, 3328
138456, 3328
139801, 3328
141265, 3328
152391, 3328
160703, 3328
190898, 3328
191109, 3328
202711, 3328
211045, 3328
211176, 3328
219850, 3328
259014, 3328
96441, 3324
98822, 3324
248294, 3324
133929, 3322
242522, 3322
159808, 3318
157692, 3314
239559, 3307
102332, 3306
144269, 3306
147016, 3306
148939, 3306
203827, 3301
107849, 3292
21118, 3282
78918, 3282
104487, 3282
115112, 3282
188063, 3282
193981, 3282
213213, 3282
225656, 3282
292398, 3282
146777, 3280
248775, 3280
76710, 3277
83813, 3277
92231, 3276
130070, 3276
140765, 3276
143723, 3276
147391, 3276
160378, 3276
170674, 3276
179245, 3276
205010, 3276
210854, 3276
216628, 3276
229663, 3276
230728, 3276
238870, 3276
285011, 3276
291129, 3276
53708, 3270
126374, 3270
170116, 3270
170909, 3270
216783, 3270
259398, 3270
126290, 3262
177629, 3261
118610, 3251
238159, 3249
251944, 3249
281193, 3243
223349, 3236
244023, 3236
245419, 3236
249565, 3236
266420, 3236
93552, 3232
255885, 3231
175728, 3228
161802, 3225
192569, 3223
80017, 3205
91589, 3205
246030, 3205
290647, 3205
44879, 3198
50983, 3198
61752, 3198
77547, 3198
95866, 3198
101819, 3198
104898, 3198
114703, 3198
114889, 3198
118254, 3198
118411, 3198
126818, 3198
129355, 3198
134137, 3198
139950, 3198
144431, 3198
147208, 3198
149957, 3198
151137, 3198
157891, 3198
176605, 3198
181045, 3198
183786, 3198
191789, 3198
193601, 3198
194500, 3198
204468, 3198
204592, 3198
209793, 3198
218439, 3198
231557, 3198
249517, 3198
253418, 3198
287436, 3198
52091, 3193
77518, 3184
116189, 3182
251436, 3182
183022, 3167
275964, 3167
58417, 3166
114961, 3166
191511, 3166
193768, 3166
203280, 3166
207263, 3166
260477, 3166
271616, 3166
271894, 3166
219326, 3165
139202, 3163
142123, 3158
59021, 3157
96645, 3157
105183, 3157
105734, 3157
107645, 3157
127725, 3157
131432, 3157
137109, 3157
139606, 3157
156108, 3157
158759, 3157
168283, 3157
170787, 3157
182018, 3157
187808, 3157
194121, 3157
198902, 3157
203331, 3157
203611, 3157
222977, 3157
230659, 3157
238770, 3157
278977, 3157
280024, 3157
54550, 3155
76838, 3155
83235, 3155
85108, 3155
98286, 3155
104831, 3155
128891, 3155
131409, 3155
133277, 3155
135941, 3155
141757, 3155
143526, 3155
154114, 3155
157540, 3155
176749, 3155
188416, 3155
190342, 3155
190423, 3155
196700, 3155
205528, 3155
208009, 3155
208914, 3155
211404, 3155
215278, 3155
215896, 3155
221782, 3155
224442, 3155
235330, 3155
271845, 3155
276790, 3155
289424, 3155
294554, 3155
93787, 3154
196075, 3151
232863, 3147
243762, 3147
291134, 3147
56993, 3145
188892, 3145
296268, 3145
214880, 3143
238689, 3142
26400, 3140
30548, 3140
34163, 3140
63103, 3140
194619, 3140
199753, 3140
267762, 3140
120444, 3139
133795, 3139
142503, 3139
225404, 3139
279415, 3139
158498, 3135
242191, 3135
247228, 3135
173081, 3133
60210, 3130
123936, 3129
173419, 3127
208520, 3127
160898, 3124
170773, 3124
197622, 3124
95284, 3118
133629, 3118
142559, 3118
142878, 3118
151508, 3118
156777, 3118
194568, 3118
293228, 3118
262827, 3116
143817, 3112
250117, 3112
72937, 3105
170881, 3103
212529, 3103
242810, 3103
63965, 3101
118684, 3101
224026, 3100
62248, 3098
229222, 3098
280520, 3098
191435, 3095
274097, 3095
275176, 3095
96972, 3086
211245, 3085
35184, 3080
40181, 3080
42721, 3080
46719, 3080
50866, 3080
54405, 3080
57884, 3080
62824, 3080
64129, 3080
66374, 3080
67102, 3080
73385, 3080
73513, 3080
73660, 3080
75832, 3080
80334, 3080
83158, 3080
83866, 3080
84102, 3080
89226, 3080
96603, 3080
97578, 3080
97670, 3080
98408, 3080
101360, 3080
105156, 3080
106841, 3080
112876, 3080
113806, 3080
114597, 3080
115060, 3080
117672, 3080
119563, 3080
119646, 3080
121153, 3080
121689, 3080
122201, 3080
122531, 3080
127598, 3080
130417, 3080
132143, 3080
132256, 3080
133920, 3080
134276, 3080
135990, 3080
137206, 3080
139580, 3080
140059, 3080
140460, 3080
142308, 3080
143045, 3080
144796, 3080
148511, 3080
150699, 3080
156045, 3080
156312, 3080
157704, 3080
162851, 3080
163722, 3080
165032, 3080
165482, 3080
167216, 3080
170075, 3080
171584, 3080
172122, 3080
174104, 3080
176186, 3080
176288, 3080
177975, 3080
180837, 3080
185286, 3080
187445, 3080
192613, 3080
199293, 3080
200418, 3080
201038, 3080
203334, 3080
207964, 3080
212004, 3080
214719, 3080
226756, 3080
227709, 3080
228111, 3080
229566, 3080
239196, 3080
243822, 3080
248248, 3080
250726, 3080
251039, 3080
252285, 3080
253717, 3080
256768, 3080
260651, 3080
260866, 3080
261755, 3080
261934, 3080
263197, 3080
264121, 3080
265703, 3080
266755, 3080
267326, 3080
268293, 3080
268546, 3080
269671, 3080
273705, 3080
273823, 3080
273980, 3080
274595, 3080
275522, 3080
280395, 3080
282328, 3080
283373, 3080
284649, 3080
286257, 3080
286330, 3080
290246, 3080
292969, 3080
295861, 3080
260433, 3076
275959, 3076
74593, 3067
253562, 3067
209775, 3060
226396, 3060
212635, 3058
94697, 3057
97163, 3057
144376, 3057
150208, 3057
161245, 3057
171756, 3057
182040, 3057
248927, 3057
255618, 3057
274166, 3057
136935, 3055
181023, 3055
205731, 3055
246746, 3055
271525, 3055
285722, 3055
251984, 3052
231976, 3049
245414, 3048
277437, 3048
49884, 3047
103303, 3047
117981, 3047
118947, 3047
119436, 3047
120678, 3047
128042, 3047
131689, 3047
134190, 3047
134659, 3047
142090, 3047
143989, 3047
178735, 3047
204994, 3047
206396, 3047
208723, 3047
260910, 3047
294115, 3047
294642, 3047
173736, 3041
277758, 3038
54664, 3025
67767, 3025
195870, 3025
252864, 3025
118849, 3023
180682, 3023
187981, 3023
225661, 3023
114184, 3016
14538, 3013
144888, 3008
150392, 3008
228181, 3008
273777, 3008
71452, 3006
71990, 3006
174483, 3006
280205, 3006
256143, 3000
49151, 2998
87296, 2998
112093, 2998
112166, 2998
265322, 2998
277172, 2998
112077, 2996
247112, 2992
296387, 2984
63515, 2979
77351, 2979
97070, 2979
102105, 2979
103005, 2979
105621, 2979
109622, 2979
114382, 2979
119981, 2979
144080, 2979
147510, 2979
148152, 2979
150193, 2979
181842, 2979
185167, 2979
200859, 2979
223433, 2979
227051, 2979
233471, 2979
256471, 2979
270514, 2979
272227, 2979
272542, 2979
281932, 2979
286206, 2979
294405, 2979
48547, 2972
193992, 2972
58023, 2971
99339, 2971
139597, 2971
140628, 2971
171705, 2971
176858, 2971
206941, 2971
222994, 2971
224451, 2971
259961, 2971
278707, 2971
115147, 2970
45868, 2965
56921, 2965
60314, 2965
42128, 2962
67827, 2962
74490, 2962
79455, 2962
84209, 2962
96662, 2962
120658, 2962
129018, 2962
136870, 2962
138600, 2962
140574, 2962
141110, 2962
146482, 2962
150566, 2962
151797, 2962
155937, 2962
167331, 2962
167693, 2962
168006, 2962
179311, 2962
179954, 2962
181696, 2962
184374, 2962
184712, 2962
189496, 2962
192285, 2962
192915, 2962
197605, 2962
202928, 2962
210641, 2962
216789, 2962
220502, 2962
221830, 2962
222270, 2962
222817, 2962
230209, 2962
242601, 2962
243717, 2962
245026, 2962
249279, 2962
250346, 2962
264276, 2962
281144, 2962
288165, 2962
293275, 2962
296580, 2962
76204, 2961
175964, 2961
202678, 2961
206064, 2960
272188, 2960
56689, 2958
182319, 2958
58713, 2953
67080, 2953
67892, 2953
68273, 2953
80066, 2953
92411, 2953
118939, 2953
122954, 2953
138739, 2953
140033, 2953
150411, 2953
184167, 2953
204060, 2953
218084, 2953
227942, 2953
240550, 2953
244647, 2953
273286, 2953
276408, 2953
291472, 2953
293715, 2953
40209, 2951
94969, 2951
110958, 2951
113694, 2951
126154, 2951
127591, 2951
131718, 2951
148418, 2951
151029, 2951
151771, 2951
166278, 2951
166348, 2951
210914, 2951
253222, 2951
257013, 2951
264814, 2951
292952, 2951
296191, 2951
74626, 2950
75310, 2950
93109, 2950
124990, 2950
146080, 2950
152978, 2950
201224, 2950
134791, 2949
167832, 2949
233898, 2949
213339, 2944
233058, 2944
243437, 2944
254229, 2944
142214, 2943
158572, 2943
170217, 2943
211373, 2936
148160, 2933
147771, 2930
116149, 2927
5517, 2926
7930, 2926
28678, 2926
92031, 2926
115462, 2926
124051, 2926
157356, 2926
208301, 2926
232256, 2926
242866, 2926
279495, 2926
145013, 2924
89186, 2917
104353, 2916
151127, 2916
165111, 2916
265222, 2916
80684, 2915
67404, 2913
77471, 2913
96523, 2913
168224, 2913
170700, 2913
171046, 2913
190743, 2913
191394, 2913
193085, 2913
263235, 2913
267641, 2913
47156, 2912
209910, 2912
218686, 2908
28549, 2903
82625, 2903
286395, 2902
60005, 2899
152177, 2899
183857, 2899
113624, 2896
116333, 2895
218746, 2895
248095, 2895
277673, 2895
29593, 2886
49906, 2886
51790, 2886
91533, 2886
117823, 2886
118268, 2886
180169, 2886
200548, 2886
224558, 2886
244641, 2886
245605, 2886
257092, 2886
295909, 2880
98278, 2879
120718, 2879
136203, 2879
173602, 2879
194635, 2879
200878, 2879
212361, 2879
228913, 2879
230297, 2879
232985, 2879
199772, 2868
69791, 2865
97569, 2865
109763, 2865
118467, 2865
131552, 2865
149833, 2865
170112, 2865
170993, 2865
183700, 2865
188856, 2865
217439, 2865
222352, 2865
230036, 2865
236301, 2865
258368, 2865
261795, 2865
290720, 2863
191463, 2860
107461, 2859
218215, 2859
55612, 2857
236297, 2857
239381, 2857
242165, 2857
259734, 2857
47006, 2853
75774, 2853
43537, 2846
44434, 2846
73571, 2846
88537, 2846
112779, 2846
294110, 2846
107763, 2845
34028, 2844
66714, 2844
91007, 2844
29534, 2843
65062, 2843
158784, 2841
121431, 2840
254395, 2840
114398, 2839
122684, 2839
130990, 2839
134899, 2839
141365, 2839
218170, 2839
232126, 2839
35642, 2837
45430, 2837
92801, 2837
262193, 2834
252859, 2831
275142, 2831
72233, 2825
246158, 2816
6351, 2812
27580, 2812
35067, 2812
72357, 2812
84425, 2812
87667, 2812
103307, 2812
108741, 2812
120233, 2812
133983, 2812
156124, 2812
175192, 2812
228225, 2812
253449, 2812
292265, 2812
294264, 2812
229087, 2810
77082, 2808
79110, 2808
89228, 2808
92067, 2808
102995, 2808
103251, 2808
104060, 2808
143968, 2808
144334, 2808
161020, 2808
166288, 2808
166398, 2808
175405, 2808
178641, 2808
179183, 2808
179342, 2808
182538, 2808
183852, 2808
189708, 2808
190014, 2808
193272, 2808
201642, 2808
213137, 2808
223768, 2808
229450, 2808
243655, 2808
246533, 2808
248694, 2808
249530, 2808
267106, 2808
277931, 2808
283519, 2808
58538, 2805
141955, 2805
153236, 2805
209120, 2805
211125, 2805
227970, 2805
238735, 2805
283517, 2805
233480, 2801
122911, 2799
222892, 2799
252638, 2799
272428, 2799
185143, 2789
247054, 2787
6016, 2781
26063, 2781
27844, 2781
33640, 2781
105243, 2781
124127, 2781
132527, 2780
150921, 2780
257330, 2780
83607, 2778
92910, 2778
130633, 2778
138170, 2778
138819, 2778
140825, 2778
155962, 2778
173828, 2778
191776, 2778
201253, 2778
234138, 2778
274637, 2778
277585, 2778
291378, 2778
59283, 2777
76174, 2777
84629, 2777
89422, 2777
91659, 2777
94399, 2777
106421, 2777
112162, 2777
112456, 2777
121125, 2777
132127, 2777
135204, 2777
144874, 2777
147684, 2777
156833, 2777
173904, 2777
176523, 2777
192101, 2777
193745, 2777
207631, 2777
218999, 2777
228414, 2777
236236, 2777
257810, 2777
258679, 2777
261445, 2777
263972, 2777
269899, 2777
281720, 2777
282116, 2777
287949, 2777
288219, 2777
288592, 2777
291074, 2777
179771, 2774
191356, 2774
255924, 2774
274779, 2774
185438, 2773
149069, 2769
177721, 2769
118646, 2765
172224, 2765
10049, 2764
26638, 2764
46821, 2764
62699, 2764
101887, 2764
124633, 2764
148206, 2764
227627, 2764
227983, 2764
263411, 2764
267993, 2764
111913, 2760
144895, 2760
183155, 2760
214111, 2760
230950, 2760
274964, 2760
287346, 2760
42631, 2757
60659, 2757
106770, 2757
270845, 2757
68515, 2756
72381, 2756
109736, 2756
196481, 2756
199101, 2756
263171, 2756
273665, 2756
100018, 2751
101566, 2751
125011, 2751
136338, 2751
145522, 2751
162254, 2751
173694, 2751
181864, 2751
189396, 2751
204952, 2751
209057, 2751
209189, 2751
226303, 2751
238087, 2751
239761, 2751
268292, 2751
284792, 2751
290845, 2751
27123, 2750
49438, 2750
80390, 2745
80726, 2745
85389, 2745
101187, 2745
141084, 2745
173181, 2745
202994, 2745
208644, 2745
230257, 2745
230350, 2745
236512, 2745
273129, 2745
91269, 2740
236938, 2740
40719, 2738
75095, 2738
122832, 2738
129248, 2738
173446, 2738
234548, 2738
95388, 2736
185453, 2736
285220, 2733
41226, 2732
73978, 2732
90305, 2732
129222, 2732
174731, 2732
257635, 2732
72420, 2730
132806, 2730
185208, 2730
205868, 2730
200942, 2727
224655, 2727
35117, 2726
63936, 2726
142393, 2725
208873, 2725
68914, 2724
109612, 2724
118808, 2724
124835, 2724
184878, 2724
204582, 2724
213409, 2724
217855, 2724
239014, 2724
240076, 2724
295643, 2724
148058, 2718
195127, 2718
281768, 2717
48725, 2708
131928, 2708
230961, 2708
8466, 2706
181797, 2706
269958, 2706
102048, 2705
196155, 2705
203968, 2705
245704, 2704
114428, 2699
77993, 2696
79526, 2696
97108, 2696
245897, 2696
253665, 2688
48110, 2684
183098, 2683
211374, 2683
52870, 2678
224399, 2678
290049, 2678
130151, 2672
234570, 2672
254234, 2672
80872, 2671
138303, 2671
217703, 2671
88287, 2667
97153, 2667
130054, 2667
180966, 2667
189259, 2667
194953, 2667
209234, 2667
212084, 2667
233674, 2667
237268, 2667
239241, 2667
240857, 2667
276046, 2667
284455, 2667
284612, 2667
290552, 2667
64883, 2665
83815, 2665
94640, 2665
97456, 2665
117395, 2665
139437, 2665
146630, 2665
150391, 2665
169453, 2665
181052, 2665
184213, 2665
213497, 2665
221387, 2665
227206, 2665
249350, 2665
277128, 2665
285235, 2665
59829, 2663
98417, 2663
169323, 2663
234461, 2663
119362, 2662
147158, 2662
281693, 2659
45363, 2649
143865, 2649
184717, 2649
203560, 2649
231150, 2649
254644, 2649
30563, 2648
89589, 2648
119070, 2648
124814, 2648
253739, 2648
128709, 2647
176344, 2647
202061, 2647
82953, 2646
7689, 2643
184624, 2638
254846, 2638
286020, 2636
296047, 2635
221194, 2631
64354, 2630
96030, 2630
190367, 2630
213184, 2630
253033, 2630
267485, 2630
267761, 2630
50913, 2627
212344, 2627
86311, 2626
50039, 2620
128874, 2620
147176, 2620
150372, 2620
264320, 2620
266908, 2620
287823, 2620
137320, 2618
188081, 2618
271027, 2618
284580, 2618
93271, 2617
107582, 2616
113223, 2616
122392, 2616
145657, 2616
150851, 2616
171086, 2616
178529, 2616
192523, 2616
249065, 2616
211858, 2610
84768, 2609
80482, 2607
106454, 2607
133844, 2607
135575, 2607
159603, 2607
172739, 2607
174820, 2607
211752, 2607
261487, 2607
269695, 2607
280317, 2607
279914, 2606
126585, 2605
28191, 2603
74753, 2603
190118, 2603
120503, 2596
289823, 2596
268976, 2591
113354, 2588
130323, 2588
141398, 2588
143594, 2588
161742, 2588
172425, 2588
179199, 2588
183656, 2588
185411, 2588
196956, 2588
207921, 2588
210181, 2588
245447, 2588
252033, 2588
254450, 2588
269833, 2588
271185, 2588
275187, 2588
278835, 2588
279124, 2588
288202, 2588
289384, 2588
294878, 2588
296305, 2588
252053, 2586
89794, 2583
99221, 2581
169646, 2581
125723, 2580
57419, 2579
50062, 2576
186483, 2576
266126, 2576
60554, 2575
60558, 2575
125957, 2575
148133, 2575
177897, 2575
219776, 2575
159179, 2574
197973, 2574
82499, 2573
82888, 2573
103461, 2573
107595, 2573
145794, 2573
153655, 2573
173816, 2573
176138, 2573
210088, 2573
211310, 2573
288995, 2573
293328, 2573
230587, 2566
12769, 2563
157045, 2560
183427, 2560
195195, 2560
276153, 2560
211400, 2558
72968, 2557
74163, 2557
135649, 2557
196382, 2557
296135, 2557
245465, 2556
117271, 2555
15484, 2553
89826, 2553
169652, 2553
281245, 2553
74415, 2552
263759, 2552
248203, 2550
95035, 2549
92369, 2548
152708, 2548
157701, 2548
238338, 2548
285891, 2548
71000, 2545
115524, 2545
161399, 2545
163048, 2545
214358, 2545
217816, 2545
225218, 2545
245105, 2545
276386, 2545
285764, 2545
65499, 2544
66452, 2544
75705, 2544
223618, 2544
254447, 2544
258654, 2544
296217, 2544
118203, 2543
161345, 2540
198162, 2540
214322, 2540
242860, 2540
291161, 2540
179481, 2538
198714, 2534
267605, 2534
287969, 2534
140398, 2533
183879, 2533
208977, 2533
256914, 2533
270639, 2533
185596, 2527
106730, 2525
9788, 2524
199847, 2524
237321, 2524
269262, 2524
295238, 2524
161262, 2521
237996, 2520
92970, 2519
252482, 2519
52468, 2516
58437, 2516
36499, 2511
83765, 2511
141233, 2511
218510, 2511
246801, 2511
64328, 2509
274322, 2509
200142, 2498
76019, 2495
79363, 2495
86142, 2495
105686, 2495
173772, 2495
20515, 2493
33003, 2493
34112, 2493
100663, 2493
120070, 2493
290057, 2493
120878, 2489
147166, 2488
55409, 2487
33286, 2486
293069, 2486
41323, 2482
293445, 2482
93458, 2481
223581, 2480
41433, 2479
145312, 2479
171257, 2479
182298, 2479
6032, 2477
119245, 2477
174389, 2477
189276, 2477
213469, 2477
269103, 2476
163818, 2475
147929, 2473
242570, 2473
110612, 2470
116745, 2470
221024, 2470
274438, 2470
196226, 2469
231758, 2469
5633, 2468
213489, 2466
86483, 2463
154028, 2463
179435, 2463
84491, 2461
126232, 2461
199136, 2461
293082, 2461
4299, 2456
101066, 2456
181204, 2456
285311, 2456
148367, 2450
191722, 2449
194415, 2449
284766, 2449
2867, 2442
84338, 2442
87597, 2442
132038, 2442
132820, 2442
189206, 2442
246156, 2442
253097, 2442
267204, 2440
27288, 2432
119641, 2432
161621, 2432
190601, 2432
187442, 2427
229191, 2427
34480, 2426
94351, 2425
258116, 2424
290904, 2424
170784, 2423
217645, 2423
121528, 2422
39133, 2421
83539, 2420
177113, 2420
272592, 2420
280813, 2420
202111, 2419
293717, 2419
41478, 2415
51866, 2415
97441, 2415
136375, 2415
161344, 2415
177398, 2415
203158, 2415
229247, 2415
269880, 2415
101411, 2413
148407, 2413
179524, 2413
222930, 2413
230247, 2413
241593, 2413
248457, 2413
253419, 2413
258901, 2413
63431, 2412
103728, 2412
50393, 2411
153194, 2410
159193, 2410
3408, 2408
74538, 2408
103511, 2408
113509, 2408
132623, 2408
183556, 2408
82396, 2404
204531, 2404
128035, 2403
155419, 2403
293319, 2403
45019, 2397
174869, 2397
293517, 2397
60047, 2396
127119, 2396
171178, 2396
268968, 2396
273186, 2396
221059, 2395
20490, 2394
80447, 2394
197915, 2393
27398, 2389
97151, 2389
166662, 2389
246152, 2389
17391, 2387
164370, 2387
269040, 2387
74222, 2386
294605, 2386
71001, 2384
93366, 2382
136821, 2382
143904, 2382
194072, 2382
250634, 2382
272024, 2382
295386, 2382
77287, 2378
134763, 2376
20835, 2372
73739, 2372
41386, 2371
115125, 2371
219631, 2371
165181, 2364
176448, 2364
194985, 2361
238570, 2361
94826, 2357
150035, 2357
189644, 2357
250066, 2357
259616, 2357
79428, 2352
180195, 2352
202040, 2352
202211, 2352
69833, 2350
129786, 2350
206743, 2350
265246, 2350
74963, 2347
95790, 2347
123809, 2347
145457, 2347
169945, 2347
179983, 2347
188538, 2347
195658, 2347
143082, 2345
22549, 2344
148191, 2343
181269, 2343
188785, 2343
248272, 2343
267633, 2343
270843, 2343
279666, 2343
292627, 2343
80682, 2341
96762, 2341
131561, 2341
145639, 2341
258161, 2341
284845, 2341
48141, 2334
257614, 2333
198537, 2332
233998, 2332
266325, 2332
285949, 2332
32429, 2331
54289, 2331
100763, 2331
102541, 2331
132868, 2331
174270, 2331
204739, 2331
232462, 2331
253857, 2331
45089, 2328
91027, 2328
142985, 2328
42791, 2327
73835, 2327
119524, 2327
139166, 2327
143660, 2327
159627, 2326
235279, 2326
295860, 2326
166260, 2324
219174, 2324
249952, 2324
289263, 2324
211895, 2322
26876, 2319
91045, 2317
202310, 2317
202347, 2317
209245, 2317
23657, 2316
55888, 2316
94086, 2316
165257, 2316
194670, 2316
262477, 2316
251345, 2310
48204, 2307
131857, 2307
135806, 2307
166141, 2307
220981, 2307
26267, 2305
68901, 2305
219195, 2305
259461, 2304
34821, 2303
47223, 2297
71919, 2297
277093, 2297
228293, 2295
63267, 2293
223048, 2293
21635, 2283
106039, 2283
163884, 2283
130856, 2275
161962, 2274
95865, 2273
112106, 2273
127738, 2273
183127, 2273
184021, 2273
275069, 2273
25117, 2272
29929, 2272
104809, 2268
197120, 2268
234044, 2268
27147, 2266
290257, 2265
137165, 2263
212762, 2262
246478, 2261
260261, 2261
279295, 2258
68584, 2256
135931, 2253
282829, 2252
86266, 2249
9144, 2246
99303, 2246
176504, 2246
257583, 2246
203176, 2244
41263, 2242
108767, 2242
21176, 2238
195432, 2236
25958, 2235
44428, 2235
52875, 2235
73203, 2235
102349, 2235
186876, 2235
217113, 2235
221725, 2235
232944, 2235
233477, 2235
236030, 2235
289070, 2235
21739, 2233
55749, 2233
231827, 2233
269560, 2233
40471, 2230
45983, 2230
59319, 2230
64854, 2230
92757, 2230
99368, 2230
113741, 2230
193461, 2230
209550, 2230
231568, 2230
232426, 2230
14509, 2229
20447, 2229
23943, 2229
178332, 2229
285427, 2229
268796, 2228
129567, 2224
210355, 2223
54875, 2219
186642, 2216
45257, 2214
140965, 2214
148208, 2214
238925, 2214
284974, 2214
93503, 2212
124622, 2212
126433, 2212
156817, 2212
159019, 2212
217531, 2212
225900, 2212
231191, 2212
239413, 2212
243899, 2212
258199, 2212
90022, 2203
90164, 2203
115018, 2203
259221, 2203
278675, 2203
44771, 2200
124113, 2200
150004, 2200
212924, 2200
106871, 2199
166936, 2199
102901, 2198
120492, 2197
133713, 2197
159034, 2197
190623, 2197
213838, 2197
226404, 2197
258252, 2197
261646, 2197
20122, 2195
265060, 2195
31553, 2193
194587, 2191
7714, 2190
120348, 2190
90244, 2189
129173, 2189
183256, 2189
28633, 2184
90229, 2184
194288, 2184
41769, 2183
81856, 2183
207005, 2183
201638, 2180
98552, 2173
223573, 2172
253430, 2172
206119, 2169
56896, 2166
156476, 2166
209023, 2166
228443, 2166
232525, 2166
290518, 2166
81852, 2165
119463, 2165
130584, 2165
182010, 2165
205430, 2165
240646, 2165
270376, 2165
292151, 2165
294675, 2165
294939, 2165
36576, 2164
269029, 2164
280170, 2157
200825, 2155
36421, 2154
159191, 2151
32390, 2149
87523, 2147
289379, 2147
9588, 2140
32976, 2140
38696, 2140
53197, 2140
55455, 2140
60972, 2140
64094, 2140
66668, 2140
92679, 2140
94886, 2140
103319, 2140
109093, 2140
110567, 2140
112761, 2140
114623, 2140
131250, 2140
134806, 2140
135477, 2140
177139, 2140
195963, 2140
224856, 2140
216904, 2139
209680, 2138
248425, 2134
34431, 2133
46857, 2133
145291, 2133
185410, 2133
59616, 2130
75302, 2130
167153, 2127
75944, 2123
260395, 2123
244365, 2122
10532, 2117
86218, 2117
183264, 2115
158518, 2111
200696, 2111
117853, 2110
67876, 2109
239321, 2109
90416, 2106
107857, 2106
214633, 2103
19004, 2102
101101, 2102
4404, 2099
29177, 2098
236242, 2098
198847, 2090
63465, 2089
67331, 2089
147703, 2089
171449, 2089
255225, 2089
11570, 2086
66917, 2086
167056, 2086
96096, 2083
240118, 2082
161046, 2077
177224, 2077
172495, 2075
247176, 2074
56749, 2071
92500, 2069
268451, 2065
73135, 2063
82090, 2063
101511, 2063
107309, 2063
16759, 2060
40974, 2060
83095, 2059
226888, 2059
98599, 2055
108950, 2055
132839, 2055
133381, 2055
148425, 2055
151046, 2055
216591, 2055
248352, 2055
251623, 2055
113989, 2052
142324, 2052
169071, 2052
179185, 2052
287987, 2052
114863, 2050
155956, 2050
157823, 2050
285973, 2050
113382, 2049
147067, 2049
252590, 2049
82865, 2047
181815, 2047
246965, 2047
65883, 2045
94160, 2045
120525, 2045
155132, 2045
206611, 2045
153478, 2044
230638, 2044
251169, 2044
255946, 2043
125481, 2034
236528, 2030
207608, 2025
221180, 2025
258357, 2025
121100, 2024
193989, 2024
295072, 2024
162148, 2023
174061, 2022
240340, 2022
128046, 2020
173359, 2020
266840, 2018
124607, 2017
145428, 2017
134240, 2015
24084, 2011
5436, 2010
65782, 2010
104189, 2010
215741, 2010
272987, 2010
178845, 2009
30123, 2007
291087, 2007
35421, 2006
36563, 2006
61683, 2006
71024, 2006
93628, 2006
97489, 2006
105145, 2006
134743, 2006
138380, 2006
178854, 2006
254288, 2006
97710, 2003
111480, 2003
117372, 2003
138178, 2003
158306, 2003
172406, 2003
89107, 2001
146695, 2001
223584, 1998
278645, 1998
92574, 1997
54949, 1994
120189, 1994
169636, 1993
268952, 1993
21268, 1991
85188, 1991
161279, 1991
175326, 1991
200002, 1991
24764, 1990
181069, 1988
53296, 1985
86363, 1985
206394, 1985
249694, 1985
249769, 1985
13087, 1983
289992, 1983
171721, 1981
223996, 1981
90302, 1974
57430, 1972
157666, 1972
177839, 1972
272653, 1972
136074, 1970
8558, 1968
10126, 1968
59408, 1968
181049, 1968
98276, 1965
146889, 1965
222950, 1965
238595, 1965
278247, 1965
293238, 1965
63049, 1963
187751, 1963
63633, 1961
87869, 1961
109096, 1961
123989, 1961
251962, 1961
278269, 1961
290630, 1961
158028, 1959
14183, 1958
26703, 1958
40009, 1958
50200, 1958
69616, 1958
72206, 1958
92923, 1958
95836, 1958
137642, 1958
163054, 1958
273881, 1958
292069, 1956
34776, 1954
60126, 1954
33296, 1953
26459, 1950
64696, 1950
82706, 1950
88881, 1950
88953, 1950
90289, 1950
90493, 1950
99756, 1950
118904, 1950
128676, 1950
130938, 1950
139795, 1950
151563, 1950
153751, 1950
158869, 1950
159657, 1950
169325, 1950
175095, 1950
182685, 1950
196402, 1950
199557, 1950
201130, 1950
209739, 1950
215613, 1950
232501, 1950
250464, 1950
277483, 1950
278222, 1950
285485, 1950
286863, 1950
142340, 1946
280728, 1944
72060, 1942
254817, 1942
218635, 1941
234943, 1941
282270, 1941
65182, 1940
80707, 1940
116696, 1940
262462, 1940
50485, 1939
66009, 1939
44141, 1935
69260, 1935
124911, 1935
128438, 1935
255643, 1935
20550, 1934
24158, 1934
30129, 1934
51560, 1934
56327, 1934
65138, 1934
67341, 1934
76986, 1934
86575, 1934
108677, 1934
112916, 1934
126833, 1934
144911, 1934
245849, 1934
86331, 1933
104791, 1933
225042, 1932
25592, 1929
113514, 1929
227258, 1929
295482, 1929
38758, 1926
50467, 1926
51756, 1926
52234, 1926
52744, 1926
53183, 1926
55145, 1926
58909, 1926
58987, 1926
59837, 1926
63790, 1926
66191, 1926
66719, 1926
66806, 1926
67455, 1926
68832, 1926
70979, 1926
74369, 1926
74517, 1926
81709, 1926
83778, 1926
84299, 1926
86242, 1926
86407, 1926
87559, 1926
88927, 1926
90698, 1926
93046, 1926
97801, 1926
98209, 1926
99217, 1926
100299, 1926
103458, 1926
104536, 1926
107218, 1926
107390, 1926
108298, 1926
108320, 1926
112537, 1926
113540, 1926
116686, 1926
119759, 1926
121178, 1926
123446, 1926
123677, 1926
126224, 1926
128218, 1926
129853, 1926
130740, 1926
131638, 1926
132613, 1926
140424, 1926
142518, 1926
143332, 1926
144537, 1926
145049, 1926
148636, 1926
150268, 1926
152202, 1926
152413, 1926
152996, 1926
153306, 1926
153826, 1926
156804, 1926
160413, 1926
167070, 1926
167280, 1926
171497, 1926
173135, 1926
173362, 1926
174792, 1926
183523, 1926
184564, 1926
186616, 1926
187245, 1926
191305, 1926
194209, 1926
194494, 1926
196731, 1926
202515, 1926
202738, 1926
212754, 1926
216065, 1926
218859, 1926
219563, 1926
219588, 1926
225804, 1926
227873, 1926
240414, 1926
249181, 1926
255220, 1926
268682, 1926
270926, 1926
288736, 1926
65645, 1924
73459, 1924
79211, 1924
79449, 1924
100529, 1924
105996, 1924
111323, 1924
119227, 1924
142992, 1924
143697, 1924
158125, 1924
161914, 1924
247269, 1924
265303, 1924
277446, 1924
111189, 1923
174174, 1923
229774, 1923
231005, 1921
56179, 1918
74849, 1918
113602, 1918
150212, 1918
154738, 1918
170025, 1918
186179, 1918
287492, 1918
67751, 1916
125698, 1915
48636, 1914
102000, 1914
121780, 1914
143823, 1914
232015, 1913
289602, 1913
111684, 1905
157856, 1905
174089, 1905
183964, 1905
200929, 1905
210274, 1905
228195, 1905
55657, 1902
178757, 1902
217544, 1902
205142, 1901
239237, 1901
160625, 1900
56848, 1898
78018, 1898
81047, 1898
83292, 1898
97671, 1898
106431, 1898
109216, 1898
119977, 1898
127192, 1898
135920, 1898
136971, 1898
137027, 1898
144383, 1898
151530, 1898
176305, 1898
183349, 1898
186295, 1898
189463, 1898
192440, 1898
218872, 1898
221476, 1898
233199, 1898
242950, 1898
246313, 1898
248275, 1898
250366, 1898
257108, 1898
269632, 1898
270078, 1898
276553, 1898
278647, 1898
291850, 1898
294087, 1898
295004, 1898
295801, 1898
205394, 1897
75735, 1896
121266, 1896
132093, 1896
158213, 1896
200787, 1896
240054, 1896
247778, 1896
274408, 1896
286077, 1896
226941, 1895
101392, 1894
16754, 1892
155417, 1892
231052, 1892
277828, 1892
41528, 1891
135555, 1890
239301, 1890
295009, 1890
180531, 1889
134355, 1883
5143, 1882
50728, 1882
154800, 1882
156051, 1882
45238, 1880
77905, 1880
216269, 1880
233868, 1879
37865, 1874
41394, 1874
47180, 1874
59055, 1874
64589, 1874
66915, 1874
68231, 1874
77166, 1874
78285, 1874
81256, 1874
82257, 1874
83909, 1874
95006, 1874
105127, 1874
113071, 1874
125948, 1874
128013, 1874
129280, 1874
131162, 1874
141824, 1874
147900, 1874
148025, 1874
149316, 1874
151071, 1874
154689, 1874
156479, 1874
158341, 1874
160770, 1874
161613, 1874
162834, 1874
163466, 1874
167213, 1874
169654, 1874
170579, 1874
170929, 1874
175199, 1874
176624, 1874
177260, 1874
177262, 1874
185036, 1874
185097, 1874
192217, 1874
192418, 1874
192542, 1874
193056, 1874
194278, 1874
194941, 1874
194957, 1874
195058, 1874
200049, 1874
200978, 1874
202551, 1874
205628, 1874
211669, 1874
224053, 1874
227793, 1874
228184, 1874
230506, 1874
238564, 1874
251889, 1874
255741, 1874
256067, 1874
260985, 1874
263202, 1874
264655, 1874
268729, 1874
271240, 1874
276374, 1874
276909, 1874
277080, 1874
277317, 1874
278598, 1874
283975, 1874
284342, 1874
285406, 1874
287909, 1874
288161, 1874
292202, 1874
292668, 1874
93859, 1873
47536, 1869
215182, 1869
63676, 1868
72865, 1868
144988, 1868
259697, 1868
279308, 1868
35836, 1867
81205, 1867
89805, 1867
150460, 1867
102024, 1866
31524, 1865
40908, 1865
54022, 1865
71378, 1865
100008, 1865
83265, 1861
218440, 1861
223769, 1861
249277, 1861
28674, 1860
85846, 1860
91935, 1860
153318, 1860
167299, 1860
213521, 1859
222282, 1859
49051, 1858
68050, 1858
93994, 1858
111954, 1858
123040, 1858
149489, 1858
151577, 1858
167562, 1858
186501, 1858
221983, 1858
225923, 1858
232201, 1858
22007, 1857
185598, 1857
16945, 1856
111547, 1856
162485, 1856
83544, 1852
245961, 1852
64431, 1848
130243, 1848
143027, 1848
178240, 1848
199915, 1848
280380, 1848
232644, 1846
73051, 1842
167907, 1839
218019, 1838
149835, 1837
204266, 1836
32235, 1835
62564, 1835
36628, 1834
61495, 1834
4882, 1832
79047, 1832
198697, 1832
153216, 1830
50583, 1828
50826, 1827
104237, 1824
281235, 1821
121820, 1816
224582, 1814
139579, 1810
70707, 1809
202159, 1809
67400, 1808
122817, 1808
188255, 1808
279208, 1808
280097, 1808
89870, 1807
92175, 1807
99048, 1807
136630, 1807
80391, 1806
172544, 1806
284193, 1806
137303, 1805
172562, 1805
34410, 1801
38597, 1801
40786, 1801
59805, 1801
73908, 1801
84075, 1801
84418, 1801
92279, 1801
109816, 1801
134752, 1801
158248, 1801
113709, 1799
60886, 1798
62831, 1798
111289, 1798
113164, 1798
125813, 1798
201395, 1798
239983, 1798
289908, 1796
26629, 1791
106482, 1790
91150, 1789
50328, 1788
139311, 1788
182750, 1788
217827, 1788
72011, 1787
266132, 1785
283632, 1782
229048, 1780
270374, 1780
79984, 1779
115611, 1779
187321, 1779
199413, 1779
223357, 1779
281224, 1779
228583, 1777
66388, 1776
127603, 1776
158895, 1776
132112, 1774
43004, 1773
5880, 1772
69637, 1772
85594, 1772
244353, 1772
272371, 1772
61978, 1764
237719, 1760
293217, 1760
51931, 1758
156609, 1758
198010, 1758
213700, 1758
242826, 1758
87984, 1755
34310, 1754
76276, 1754
202252, 1754
241627, 1754
255798, 1754
253769, 1749
116113, 1748
157137, 1748
24925, 1746
232238, 1746
269941, 1746
267898, 1745
17864, 1742
36372, 1742
216999, 1742
241586, 1742
247791, 1742
275592, 1742
277691, 1742
106495, 1740
167544, 1738
275143, 1736
30487, 1735
188000, 1735
205679, 1735
214170, 1734
262509, 1732
84419, 1728
39244, 1725
137121, 1725
106239, 1720
112893, 1716
121413, 1715
116017, 1711
202075, 1711
142166, 1710
235018, 1710
80564, 1709
136770, 1709
61277, 1707
283437, 1707
77174, 1704
180649, 1704
90200, 1701
195782, 1698
235130, 1698
189834, 1697
266505, 1696
260047, 1695
244452, 1694
248333, 1694
284057, 1694
6675, 1692
86877, 1691
81435, 1690
186274, 1690
129077, 1689
128518, 1688
145317, 1688
94544, 1685
285271, 1685
95115, 1682
40755, 1681
85128, 1681
119498, 1681
204189, 1681
165467, 1680
237625, 1679
238524, 1676
234579, 1675
280277, 1675
61425, 1671
116315, 1671
136197, 1671
162825, 1671
186896, 1671
260203, 1671
269947, 1671
270439, 1671
276571, 1671
276581, 1671
132991, 1670
134405, 1669
280367, 1669
249184, 1668
78075, 1667
169630, 1667
83630, 1662
134498, 1662
43299, 1661
268548, 1659
148871, 1657
53171, 1655
141615, 1655
144071, 1655
160606, 1655
207572, 1655
208819, 1655
232983, 1655
252607, 1655
286016, 1655
289448, 1654
233307, 1653
150421, 1651
207871, 1651
185622, 1649
217500, 1649
243954, 1649
296524, 1649
34702, 1646
142405, 1646
173230, 1646
184276, 1646
202702, 1646
241660, 1638
164097, 1637
167149, 1637
231022, 1635
106956, 1634
244260, 1634
238454, 1632
38372, 1630
61396, 1628
229283, 1628
292170, 1628
43952, 1627
141105, 1627
159712, 1627
161293, 1626
8609, 1625
166080, 1625
116454, 1623
117944, 1623
128901, 1623
161635, 1623
227408, 1623
270782, 1623
145508, 1622
211492, 1622
101498, 1621
102319, 1619
153886, 1619
162068, 1619
173574, 1619
7233, 1616
15583, 1613
49978, 1611
149014, 1608
252461, 1608
290976, 1608
18455, 1606
255040, 1606
22713, 1605
207719, 1605
147399, 1603
155319, 1603
61659, 1601
58671, 1600
122435, 1600
151342, 1600
156785, 1600
40654, 1596
99581, 1596
77014, 1592
104423, 1592
270392, 1592
19429, 1591
275810, 1589
61861, 1587
144709, 1587
41466, 1585
61192, 1585
32278, 1584
174145, 1584
103586, 1583
37021, 1581
84401, 1580
138993, 1580
281600, 1576
75349, 1571
243713, 1567
115267, 1566
228001, 1564
274103, 1564
163404, 1563
167869, 1558
69800, 1555
72579, 1555
134707, 1554
271567, 1554
19758, 1551
110367, 1551
7212, 1548
23231, 1547
251718, 1547
42962, 1545
94460, 1545
237210, 1545
137600, 1544
76677, 1542
82775, 1542
163867, 1542
182352, 1542
99248, 1540
55538, 1534
114738, 1534
131992, 1534
188994, 1534
288182, 1534
235136, 1533
252980, 1533
97963, 1532
228850, 1530
14676, 1528
42143, 1528
45548, 1528
275202, 1528
180455, 1527
272900, 1527
274999, 1527
123379, 1525
267851, 1525
88455, 1524
185168, 1524
210993, 1523
38248, 1521
279014, 1521
83542, 1520
295192, 1520
69044, 1519
81989, 1519
144381, 1519
151940, 1519
145324, 1518
213776, 1518
70584, 1516
114413, 1516
189930, 1516
132459, 1515
162228, 1514
192522, 1514
232023, 1514
267273, 1514
281912, 1514
40996, 1512
197761, 1512
274202, 1512
206142, 1511
243226, 1511
129783, 1510
107617, 1508
179861, 1508
231771, 1508
235036, 1508
150556, 1507
61107, 1504
162117, 1504
82793, 1502
110951, 1502
125792, 1502
140824, 1502
169261, 1502
191533, 1502
195323, 1502
214059, 1502
222833, 1502
223971, 1502
251663, 1502
234671, 1501
283723, 1501
11476, 1500
32845, 1500
35844, 1500
99744, 1497
184498, 1496
252787, 1496
272637, 1496
76859, 1494
207893, 1494
286796, 1492
108806, 1491
134802, 1491
98559, 1488
101489, 1488
122002, 1488
57238, 1487
68679, 1487
14426, 1485
62315, 1485
231463, 1485
245305, 1485
283661, 1485
115855, 1483
6394, 1482
70485, 1482
82614, 1482
179990, 1482
275198, 1482
3448, 1481
293337, 1481
31700, 1480
36992, 1480
47126, 1480
76306, 1480
81960, 1480
83026, 1480
89802, 1480
101563, 1480
102063, 1480
103503, 1480
119257, 1480
159468, 1480
199186, 1480
213833, 1480
249316, 1480
279611, 1480
50762, 1479
70581, 1479
165221, 1479
218477, 1478
29233, 1476
252159, 1473
276086, 1473
12698, 1470
60525, 1470
91099, 1470
147159, 1470
152399, 1470
154366, 1470
191321, 1470
196076, 1470
196854, 1470
211522, 1470
212363, 1470
219188, 1470
244262, 1470
246635, 1470
252211, 1470
254678, 1470
278068, 1470
284969, 1470
289777, 1470
141877, 1468
248489, 1468
291735, 1468
22362, 1467
13954, 1466
131863, 1466
35451, 1465
71357, 1465
76869, 1464
89264, 1464
99538, 1464
113022, 1464
114333, 1464
114440, 1464
115240, 1464
117472, 1464
119952, 1464
122646, 1464
126781, 1464
132851, 1464
134040, 1464
138985, 1464
146552, 1464
164304, 1464
166044, 1464
169686, 1464
176563, 1464
178167, 1464
183933, 1464
196174, 1464
198861, 1464
201559, 1464
205000, 1464
215943, 1464
223029, 1464
235283, 1464
267872, 1464
292917, 1464
160833, 1463
240303, 1463
293726, 1463
82562, 1462
82758, 1462
93431, 1462
167109, 1462
20005, 1461
82594, 1461
161727, 1461
175897, 1461
237241, 1460
16103, 1458
22251, 1458
26818, 1458
30962, 1458
53403, 1458
63113, 1458
64651, 1458
82462, 1458
96751, 1458
145478, 1458
191645, 1458
28713, 1457
31095, 1457
66244, 1457
119360, 1457
155801, 1454
141992, 1453
150285, 1453
191161, 1453
16903, 1451
148313, 1451
116871, 1450
124469, 1449
190668, 1449
159804, 1448
107425, 1447
21898, 1445
96959, 1445
186971, 1445
196660, 1445
275927, 1445
150464, 1444
244457, 1444
286430, 1444
204049, 1443
229686, 1443
241151, 1441
23312, 1440
56032, 1440
214865, 1440
277422, 1440
61109, 1437
59823, 1435
114092, 1434
175746, 1434
203263, 1434
34354, 1432
256928, 1432
237155, 1431
73052, 1430
124982, 1430
156521, 1430
171177, 1430
263969, 1430
272934, 1430
292093, 1430
38503, 1427
32660, 1426
109357, 1426
263273, 1426
62690, 1425
62914, 1425
70940, 1425
15575, 1424
16820, 1424
21716, 1424
22250, 1424
175658, 1424
204988, 1424
25419, 1423
25581, 1423
50235, 1423
50614, 1423
89187, 1423
109452, 1423
188620, 1423
189630, 1423
261920, 1423
103087, 1422
12574, 1420
32321, 1420
122653, 1420
8649, 1419
25122, 1416
30283, 1416
52650, 1416
54614, 1416
45737, 1415
184665, 1415
260641, 1415
6099, 1413
11414, 1413
30549, 1413
38964, 1413
195155, 1413
33611, 1412
49479, 1412
92339, 1412
115454, 1412
156668, 1412
224808, 1412
250116, 1412
257337, 1412
280657, 1412
23921, 1411
148052, 1411
198381, 1411
227871, 1411
252820, 1411
284589, 1411
285155, 1411
88977, 1408
136745, 1408
87141, 1406
19381, 1405
174146, 1404
19253, 1401
41517, 1401
45931, 1401
58260, 1401
125121, 1401
210570, 1401
33742, 1400
175531, 1400
143659, 1399
42296, 1398
164393, 1398
102007, 1397
158775, 1397
163904, 1397
209399, 1397
94630, 1395
108488, 1395
39548, 1394
51305, 1392
60385, 1392
106772, 1392
192802, 1392
232344, 1392
289229, 1392
78639, 1390
112759, 1390
267397, 1390
23791, 1386
98774, 1386
55525, 1384
138208, 1384
32913, 1383
85791, 1383
116590, 1383
147344, 1383
147989, 1383
229369, 1383
240535, 1383
248463, 1383
276778, 1383
287323, 1383
86788, 1382
90071, 1382
148934, 1382
44988, 1381
163880, 1381
171517, 1381
189474, 1381
222642, 1381
252177, 1381
263687, 1381
288756, 1381
17554, 1380
68033, 1380
69219, 1380
238005, 1379
255828, 1379
175513, 1378
250047, 1377
98431, 1376
161249, 1376
20081, 1375
95209, 1375
294692, 1374
76420, 1373
186004, 1373
275538, 1373
231115, 1372
273325, 1372
67059, 1371
103920, 1371
32396, 1370
152789, 1369
272172, 1369
30527, 1368
281555, 1368
7661, 1365
128521, 1364
84230, 1363
13772, 1362
14605, 1362
23237, 1362
27809, 1362
28209, 1362
30736, 1362
33961, 1362
34342, 1362
39542, 1362
40075, 1362
50305, 1362
54802, 1362
60881, 1362
61000, 1362
64910, 1362
66366, 1362
68441, 1362
71832, 1362
72204, 1362
74070, 1362
77474, 1362
78541, 1362
82403, 1362
83305, 1362
84690, 1362
86778, 1362
92562, 1362
96925, 1362
101954, 1362
108072, 1362
115585, 1362
123603, 1362
126248, 1362
127481, 1362
133326, 1362
149281, 1362
170822, 1362
199401, 1362
211177, 1362
237541, 1362
238437, 1362
8749, 1361
18097, 1361
25724, 1361
26960, 1361
33535, 1361
34782, 1361
35308, 1361
35804, 1361
37580, 1361
48366, 1361
50979, 1361
57172, 1361
71425, 1361
75920, 1361
83466, 1361
100610, 1361
131129, 1361
135124, 1361
138430, 1361
145406, 1361
210948, 1361
35010, 1360
76514, 1360
82744, 1360
274664, 1359
164702, 1357
161994, 1356
250530, 1356
35371, 1355
91587, 1355
10956, 1354
22339, 1354
33617, 1354
139982, 1354
215861, 1354
145746, 1353
160418, 1353
171240, 1353
171373, 1353
175847, 1353
180190, 1353
182044, 1353
186882, 1353
188361, 1353
198009, 1353
200937, 1353
205116, 1353
205478, 1353
216537, 1353
224110, 1353
229703, 1353
232353, 1353
235750, 1353
239795, 1353
245625, 1353
246696, 1353
248963, 1353
251165, 1353
253744, 1353
260013, 1353
261655, 1353
263422, 1353
267396, 1353
268487, 1353
269385, 1353
277762, 1353
279818, 1353
282628, 1353
286110, 1353
295251, 1353
32376, 1352
29070, 1349
31351, 1349
57773, 1349
245671, 1349
94542, 1348
104473, 1348
115622, 1348
121932, 1348
55392, 1345
156868, 1345
162064, 1345
10297, 1343
17671, 1343
25218, 1343
91177, 1343
101579, 1343
109118, 1343
183466, 1343
188310, 1343
222928, 1343
10360, 1341
49830, 1341
135708, 1341
76525, 1339
39993, 1338
44981, 1338
55036, 1338
130847, 1338
158477, 1338
232802, 1338
233166, 1338
251197, 1338
263390, 1338
14123, 1337
116440, 1337
271315, 1337
7856, 1335
29836, 1334
88074, 1334
172358, 1334
228144, 1334
248831, 1334
61900, 1333
203483, 1333
34903, 1332
199558, 1332
16044, 1329
28544, 1329
44037, 1329
44091, 1329
62116, 1329
73226, 1329
73710, 1329
103903, 1329
108782, 1329
141847, 1329
197902, 1329
246662, 1329
156059, 1328
195520, 1328
86080, 1326
169789, 1326
168743, 1325
184017, 1325
45259, 1322
54962, 1322
98527, 1322
147114, 1322
154843, 1322
54481, 1320
154251, 1320
198838, 1320
257719, 1320
294194, 1320
21300, 1318
37511, 1318
85458, 1318
41637, 1316
120845, 1316
180632, 1315
38640, 1314
100705, 1314
117994, 1314
44027, 1313
107009, 1313
207628, 1313
274339, 1312
27713, 1311
62134, 1311
69611, 1311
101597, 1311
261010, 1311
26164, 1310
34490, 1310
64724, 1310
98343, 1310
128212, 1310
156341, 1310
113432, 1309
51816, 1308
251607, 1307
19065, 1306
27199, 1306
10875, 1304
56190, 1303
97241, 1302
5772, 1301
50718, 1301
142612, 1301
10748, 1300
20769, 1300
260546, 1299
74316, 1298
193360, 1298
196496, 1298
258650, 1298
279606, 1298
12409, 1297
10147, 1296
22707, 1296
59173, 1296
68892, 1296
95481, 1296
106248, 1296
110289, 1296
139819, 1296
171318, 1296
243291, 1296
281459, 1296
287309, 1296
119379, 1295
22428, 1294
22614, 1294
26823, 1294
26952, 1294
27164, 1294
41399, 1294
47657, 1294
54395, 1294
56829, 1294
108655, 1294
213353, 1294
55094, 1293
65140, 1293
86469, 1293
213894, 1293
250156, 1293
8563, 1292
10273, 1292
10790, 1292
11533, 1292
21141, 1292
22074, 1292
24254, 1292
25416, 1292
26129, 1292
26422, 1292
30285, 1292
33046, 1292
33473, 1292
36618, 1292
37699, 1292
42356, 1292
42612, 1292
48317, 1292
52303, 1292
52540, 1292
55614, 1292
63812, 1292
64399, 1292
69496, 1292
70441, 1292
70982, 1292
71071, 1292
71666, 1292
96209, 1292
121870, 1292
132133, 1292
136406, 1292
139325, 1292
144652, 1292
144909, 1292
154966, 1292
165574, 1292
238826, 1292
242410, 1292
206791, 1290
216927, 1290
16493, 1288
38361, 1288
51450, 1288
69856, 1288
77050, 1288
130040, 1288
171298, 1288
200337, 1288
211175, 1288
284983, 1288
229304, 1287
15928, 1286
48733, 1286
27879, 1285
50032, 1285
52567, 1285
53624, 1285
56910, 1285
56928, 1285
66963, 1285
169405, 1285
234094, 1285
101888, 1284
170613, 1282
207075, 1282
91274, 1280
202410, 1280
214542, 1280
269130, 1280
275422, 1280
283724, 1280
288357, 1280
22055, 1278
48892, 1278
49993, 1278
51593, 1278
83823, 1278
148758, 1278
159632, 1278
234252, 1278
75694, 1277
104385, 1277
198668, 1277
221435, 1277
228235, 1277
73261, 1275
24985, 1274
105097, 1274
70246, 1272
83884, 1272
30559, 1271
50224, 1271
265310, 1270
88921, 1268
147107, 1268
192430, 1268
263072, 1268
95871, 1267
253335, 1267
261653, 1267
186688, 1265
197914, 1265
11113, 1264
68034, 1263
233816, 1263
44491, 1260
142279, 1260
147382, 1259
171363, 1257
248710, 1257
226819, 1255
287292, 1255
92448, 1254
128866, 1253
176227, 1253
16133, 1252
20307, 1252
22633, 1252
104545, 1252
115463, 1252
118253, 1251
195115, 1251
219037, 1251
289254, 1251
96525, 1249
199446, 1249
218066, 1249
228162, 1249
259996, 1249
18025, 1248
18806, 1248
52811, 1248
90800, 1248
142158, 1248
152019, 1248
171040, 1248
236185, 1248
254774, 1248
264439, 1248
34568, 1246
141019, 1246
231930, 1245
235859, 1245
47609, 1244
66539, 1244
253852, 1244
36572, 1242
219388, 1242
248052, 1242
148862, 1241
196249, 1241
252621, 1241
268409, 1241
81077, 1240
112806, 1240
145369, 1240
204539, 1240
219355, 1240
68355, 1238
114511, 1238
56428, 1237
95542, 1237
106661, 1237
206963, 1237
222384, 1237
229639, 1237
271468, 1237
250934, 1235
6852, 1233
66666, 1233
184721, 1232
193227, 1232
275284, 1232
21890, 1230
55762, 1230
68356, 1230
188583, 1230
273835, 1230
38177, 1229
80008, 1229
114643, 1229
146458, 1229
194659, 1229
219111, 1229
219609, 1229
227235, 1229
236965, 1229
248681, 1229
257610, 1229
259264, 1229
266156, 1229
280213, 1229
118187, 1228
117529, 1227
240301, 1227
255715, 1227
44105, 1225
92343, 1225
187615, 1225
192805, 1225
210984, 1225
264222, 1225
264735, 1225
273127, 1225
287074, 1221
265858, 1220
269856, 1220
45509, 1219
99902, 1219
132170, 1219
171304, 1219
185833, 1219
198629, 1219
225747, 1219
230365, 1219
231048, 1219
254166, 1219
57005, 1218
205270, 1218
82612, 1217
196363, 1217
273438, 1217
51487, 1214
282747, 1211
11609, 1210
195380, 1209
203296, 1209
268536, 1209
233332, 1207
114442, 1206
46069, 1205
217273, 1205
174919, 1203
140634, 1199
142400, 1199
282584, 1199
98867, 1198
202116, 1198
38111, 1197
220587, 1197
217664, 1196
227750, 1196
238693, 1194
242226, 1194
280266, 1194
238487, 1193
258390, 1191
199349, 1189
57775, 1188
144905, 1188
184149, 1186
180416, 1184
182047, 1184
30108, 1183
48512, 1183
76771, 1183
123974, 1183
168551, 1183
194416, 1183
198680, 1183
205688, 1183
224336, 1183
234428, 1183
241916, 1183
245348, 1183
245693, 1183
252616, 1183
264301, 1183
291416, 1183
292422, 1183
92593, 1182
128921, 1182
177477, 1182
259385, 1182
263214, 1182
57598, 1181
143800, 1181
160260, 1181
210743, 1181
224440, 1181
226383, 1181
39470, 1179
90780, 1179
145662, 1179
286477, 1179
194923, 1178
268520, 1178
77195, 1177
161604, 1175
261175, 1175
55841, 1174
181972, 1174
287528, 1174
47720, 1173
58253, 1173
60219, 1173
97390, 1173
113259, 1173
116008, 1173
118850, 1173
132588, 1173
158191, 1173
158811, 1173
179951, 1173
181572, 1173
197417, 1173
216336, 1173
226977, 1173
243179, 1173
267911, 1173
284866, 1173
295224, 1173
152153, 1172
134683, 1171
258559, 1171
289080, 1169
73376, 1168
74607, 1168
112307, 1168
140948, 1168
245696, 1168
223091, 1167
226739, 1165
266296, 1165
276043, 1165
294268, 1165
98865, 1164
251359, 1164
68537, 1163
159286, 1163
204115, 1163
233403, 1163
209308, 1162
271934, 1162
78951, 1160
80019, 1160
169490, 1159
47534, 1158
48608, 1158
122655, 1158
158209, 1158
202389, 1158
206916, 1158
240132, 1158
243043, 1158
276283, 1158
282866, 1158
292775, 1158
69133, 1157
176162, 1157
212352, 1157
262967, 1157
195602, 1156
54982, 1155
59754, 1155
101588, 1155
134171, 1155
149798, 1155
257436, 1155
29228, 1154
164623, 1154
230017, 1154
257215, 1154
212048, 1153
235605, 1153
131754, 1152
203800, 1150
138287, 1149
220075, 1149
13624, 1147
206358, 1147
28218, 1146
64503, 1146
211944, 1146
58546, 1143
154862, 1143
86319, 1142
91899, 1142
254685, 1142
268043, 1142
287374, 1142
6662, 1140
74244, 1140
118809, 1140
199472, 1140
224370, 1140
98597, 1139
183505, 1139
210337, 1139
99420, 1136
201784, 1136
223446, 1136
249984, 1136
288707, 1136
230213, 1135
54340, 1134
155416, 1133
172469, 1133
8131, 1132
20807, 1132
76438, 1132
80923, 1132
88544, 1131
156248, 1131
292755, 1131
55022, 1130
105423, 1130
107492, 1130
109502, 1130
122137, 1130
132738, 1130
148254, 1130
155162, 1130
160232, 1130
184212, 1130
213737, 1130
215610, 1130
220198, 1130
228212, 1130
230948, 1130
260621, 1130
261683, 1130
262515, 1130
280790, 1130
144229, 1129
225111, 1129
29598, 1128
280517, 1128
47767, 1127
57572, 1126
1362, 1125
27524, 1125
27863, 1125
29221, 1125
35429, 1125
39686, 1125
41370, 1125
53048, 1125
53937, 1125
54208, 1125
57949, 1125
61687, 1125
71975, 1125
72329, 1125
75308, 1125
82743, 1125
83271, 1125
85300, 1125
89203, 1125
89536, 1125
92326, 1125
93960, 1125
99856, 1125
100350, 1125
106276, 1125
110516, 1125
110537, 1125
113050, 1125
114882, 1125
115909, 1125
122458, 1125
124736, 1125
127342, 1125
127939, 1125
140307, 1125
140407, 1125
141421, 1125
155225, 1125
162275, 1125
168607, 1125
169425, 1125
173356, 1125
174533, 1125
174716, 1125
178776, 1125
184343, 1125
189060, 1125
190010, 1125
190941, 1125
191641, 1125
204244, 1125
210208, 1125
212999, 1125
215591, 1125
218364, 1125
219183, 1125
225635, 1125
236217, 1125
237851, 1125
239698, 1125
245934, 1125
250581, 1125
251823, 1125
256666, 1125
257131, 1125
265111, 1125
265616, 1125
286609, 1125
289318, 1125
291660, 1125
294238, 1125
27484, 1123
54734, 1123
149735, 1123
259694, 1123
275982, 1123
27865, 1122
37881, 1122
170741, 1122
277881, 1122
294682, 1122
84176, 1120
195304, 1120
234179, 1120
248938, 1120
15406, 1117
15796, 1117
73891, 1117
99888, 1117
119669, 1117
237058, 1117
280965, 1117
122867, 1116
181349, 1116
207974, 1116
217095, 1116
29865, 1115
24927, 1114
68958, 1114
95837, 1114
111206, 1113
126151, 1113
253044, 1113
78025, 1111
207842, 1111
214346, 1111
57483, 1108
100037, 1108
100876, 1108
120763, 1108
222818, 1108
56456, 1106
78038, 1106
118502, 1106
166070, 1105
187612, 1105
252250, 1105
130669, 1103
93355, 1102
135368, 1102
153530, 1102
257812, 1102
192570, 1101
218191, 1101
120316, 1100
133463, 1100
32998, 1099
76740, 1099
87756, 1099
105866, 1099
112919, 1099
116674, 1099
119113, 1099
119766, 1099
126432, 1099
161060, 1099
168174, 1099
191560, 1099
204217, 1099
206246, 1099
223358, 1099
234318, 1099
234588, 1099
235395, 1099
235757, 1099
247896, 1099
260804, 1099
277199, 1099
293964, 1099
22769, 1098
196100, 1097
198701, 1097
215691, 1097
220525, 1097
244626, 1097
276684, 1097
49560, 1095
104207, 1095
236359, 1095
135700, 1093
187787, 1093
47674, 1092
157237, 1090
242285, 1090
233013, 1089
18359, 1088
197997, 1088
191721, 1086
225020, 1086
207970, 1085
271869, 1085
70173, 1084
48664, 1083
131713, 1083
140440, 1083
152683, 1083
160202, 1083
169456, 1083
172164, 1083
172609, 1083
177161, 1083
207039, 1083
246204, 1083
262823, 1083
273432, 1083
287020, 1083
208308, 1082
286485, 1082
281816, 1081
171783, 1080
268235, 1080
292433, 1080
289065, 1079
293765, 1079
59797, 1078
62629, 1078
68791, 1078
79180, 1078
82962, 1078
86100, 1078
140743, 1078
174422, 1078
181457, 1078
189856, 1078
194796, 1078
211163, 1078
214154, 1078
220177, 1078
226898, 1078
227338, 1078
247743, 1078
250462, 1078
289986, 1078
294441, 1078
167968, 1077
294003, 1077
31319, 1076
37754, 1076
198604, 1076
220872, 1076
16344, 1075
64767, 1075
87872, 1075
89391, 1075
110166, 1075
241922, 1075
76610, 1074
185162, 1074
260442, 1074
43273, 1073
116556, 1073
128440, 1073
181762, 1073
194141, 1073
198569, 1073
251071, 1073
118316, 1071
68446, 1070
114751, 1070
121822, 1070
133494, 1070
151978, 1070
154718, 1070
166510, 1070
186704, 1070
188291, 1070
195749, 1070
208035, 1070
217562, 1070
222596, 1070
109055, 1069
203521, 1069
29224, 1068
226043, 1067
211158, 1066
118887, 1065
158041, 1065
190384, 1065
200073, 1061
289193, 1061
5063, 1060
66628, 1060
82646, 1060
88132, 1059
105889, 1059
110904, 1059
136905, 1059
204081, 1059
215285, 1059
224738, 1059
256123, 1059
273094, 1059
71778, 1058
136422, 1057
172638, 1057
182649, 1057
272751, 1056
218654, 1055
252147, 1055
94481, 1054
165415, 1054
176968, 1054
249990, 1054
264204, 1054
289964, 1054
639, 1053
119783, 1053
145441, 1053
236781, 1053
243154, 1053
288344, 1053
275878, 1051
178912, 1050
272207, 1050
162354, 1049
208193, 1049
259690, 1049
120145, 1048
64380, 1047
120960, 1047
127836, 1047
149862, 1047
213316, 1047
17004, 1046
79142, 1046
79582, 1046
138961, 1046
167022, 1046
266764, 1046
274023, 1046
285136, 1046
158719, 1045
184770, 1045
224678, 1045
287483, 1045
269770, 1044
130382, 1043
149484, 1043
260062, 1043
98755, 1042
285380, 1042
142213, 1041
282511, 1041
192972, 1039
85014, 1038
234542, 1038
295518, 1038
16625, 1034
49697, 1034
189953, 1034
199484, 1034
230581, 1034
237335, 1034
241087, 1034
257060, 1034
292904, 1034
38057, 1033
56274, 1033
71871, 1033
116310, 1033
203350, 1033
273496, 1033
71237, 1031
172459, 1031
204487, 1031
205436, 1031
230484, 1031
232306, 1031
234973, 1031
277081, 1031
78066, 1029
129527, 1029
154235, 1028
271307, 1028
280121, 1028
295201, 1028
183311, 1027
225527, 1027
279149, 1027
81359, 1026
164421, 1026
106585, 1023
59571, 1022
163859, 1022
204762, 1022
219585, 1020
16205, 1019
31665, 1019
75759, 1019
114006, 1019
269631, 1019
91801, 1018
111709, 1018
170155, 1018
171916, 1018
65161, 1017
143945, 1017
33478, 1016
94695, 1016
99839, 1016
110946, 1016
111450, 1016
115115, 1016
126083, 1016
179471, 1016
199265, 1016
213837, 1016
213921, 1016
218800, 1016
222033, 1016
235379, 1016
246083, 1016
246860, 1016
251574, 1016
264352, 1016
268936, 1016
289684, 1016
294348, 1016
144206, 1015
232888, 1014
123437, 1013
20709, 1011
197566, 1011
249722, 1011
138088, 1010
172484, 1010
189130, 1010
226793, 1010
270838, 1010
275024, 1010
58532, 1009
202102, 1009
246272, 1008
29372, 1007
217295, 1004
216674, 1002
245936, 1001
267938, 1001
282165, 1001
142950, 1000
146457, 1000
