143393, 136513
286725, 136513
54355, 135499
56765, 135499
70566, 135499
72545, 135499
76664, 135499
95233, 135499
98838, 135499
100126, 135499
101537, 135499
108439, 135499
114682, 135499
123547, 135499
139093, 135499
161212, 135499
161743, 135499
167235, 135499
167843, 135499
168709, 135499
172778, 135499
178690, 135499
178804, 135499
188890, 135499
200531, 135499
202706, 135499
204485, 135499
209694, 135499
219362, 135499
225850, 135499
246657, 135499
251511, 135499
263792, 135499
276624, 135499
277551, 135499
285343, 135499
38694, 134521
88199, 3577
3532, 3575
174125, 3575
243273, 3575
250270, 3575
124403, 3465
249698, 3456
76637, 3396
95753, 3396
23987, 3265
27005, 3265
32214, 3265
77751, 3265
101969, 3265
259380, 3265
281109, 3265
84167, 3240
181494, 3240
45882, 3235
128689, 3235
184284, 3235
294025, 3235
32655, 3196
258623, 3196
158505, 3188
32943, 3177
93026, 3177
96428, 3177
102911, 3177
109088, 3177
139906, 3177
173798, 3177
50260, 3171
50805, 3110
85928, 3110
267810, 3110
15567, 3105
26710, 3105
27890, 3105
32524, 3105
50513, 3105
103946, 3091
124577, 3071
38296, 2991
83412, 2991
94933, 2991
108330, 2991
108702, 2991
266621, 2991
59912, 2970
106978, 2945
62001, 2941
6392, 2933
65684, 2904
87288, 2904
233486, 2904
132599, 2876
58304, 2874
128861, 2862
164962, 2862
201434, 2862
255560, 2862
215993, 2847
53556, 2846
78249, 2830
5098, 2800
39620, 2800
174349, 2789
112506, 2771
19491, 2757
22999, 2757
33108, 2757
38200, 2757
38827, 2757
41111, 2757
50528, 2757
55927, 2757
58572, 2757
59090, 2757
63646, 2757
74947, 2757
79639, 2757
80347, 2757
81602, 2757
89593, 2757
91614, 2757
110911, 2757
111778, 2757
112333, 2757
113362, 2757
115790, 2757
120505, 2757
120747, 2757
122328, 2757
124394, 2757
125187, 2757
127972, 2757
133401, 2757
137678, 2757
138314, 2757
139082, 2757
141050, 2757
143563, 2757
148526, 2757
150669, 2757
159788, 2757
167063, 2757
168110, 2757
170938, 2757
173884, 2757
181669, 2757
190822, 2757
192016, 2757
193696, 2757
201203, 2757
243480, 2757
247523, 2757
252884, 2757
253888, 2757
256364, 2757
260835, 2757
267410, 2757
270175, 2757
270334, 2757
279574, 2757
279760, 2757
280047, 2757
288681, 2757
291963, 2757
292027, 2757
292480, 2757
295179, 2757
79508, 2743
88201, 2743
170818, 2743
172328, 2743
198674, 2743
259447, 2743
66947, 2718
69721, 2718
72479, 2718
124832, 2718
168597, 2718
220617, 2718
240545, 2718
29284, 2716
43735, 2716
63542, 2716
74671, 2716
78708, 2716
96546, 2716
97048, 2716
104296, 2716
108679, 2716
116980, 2716
130015, 2716
159330, 2716
163044, 2716
167393, 2716
206151, 2716
216636, 2716
224118, 2716
225203, 2716
225685, 2716
229212, 2716
241173, 2716
243109, 2716
246894, 2716
249876, 2716
257587, 2716
275114, 2716
281023, 2716
287558, 2716
288164, 2716
295498, 2716
296246, 2716
96182, 2714
67198, 2703
125324, 2687
136725, 2687
262588, 2687
7881, 2684
286053, 2684
50937, 2671
26264, 2669
78390, 2661
87805, 2661
109833, 2661
260132, 2661
19964, 2644
72356, 2644
216944, 2627
253501, 2627
263030, 2627
274207, 2627
32628, 2619
85704, 2616
224066, 2616
3496, 2615
56914, 2615
89294, 2615
93686, 2615
109217, 2615
129193, 2615
161769, 2615
211792, 2615
221640, 2615
106973, 2612
170214, 2612
176415, 2612
62884, 2606
66888, 2606
96581, 2606
99252, 2606
109555, 2606
110709, 2606
110781, 2606
113442, 2606
4695, 2603
189873, 2603
61194, 2600
230799, 2600
58850, 2599
65003, 2599
204549, 2599
52283, 2593
133149, 2593
172885, 2593
282229, 2593
1433, 2589
4503, 2589
32484, 2589
34333, 2589
114960, 2589
123078, 2589
109342, 2588
46465, 2587
175354, 2587
201870, 2587
284794, 2587
13113, 2586
115640, 2586
5092, 2581
40486, 2581
118912, 2581
134434, 2581
76852, 2573
119342, 2573
74255, 2572
296379, 2572
19157, 2570
19260, 2570
23317, 2570
25147, 2570
202698, 2569
108288, 2567
230482, 2567
236239, 2567
287364, 2567
110001, 2561
50396, 2560
131508, 2560
48701, 2555
279745, 2555
61307, 2548
158680, 2548
199385, 2548
84438, 2546
168031, 2546
213836, 2545
276190, 2545
280426, 2540
91529, 2535
3069, 2527
131498, 2527
221244, 2526
274803, 2521
71758, 2515
84182, 2515
173853, 2515
49308, 2504
252229, 2499
46043, 2498
66045, 2498
1730, 2492
167466, 2492
154976, 2490
164256, 2490
255902, 2490
47957, 2488
93468, 2488
107186, 2487
121263, 2487
52890, 2482
114163, 2482
191552, 2475
236221, 2475
167948, 2474
234041, 2474
148463, 2469
206764, 2468
259357, 2467
38341, 2462
46312, 2462
60505, 2462
84164, 2462
101318, 2462
107513, 2462
153472, 2462
154275, 2462
163282, 2462
170405, 2462
174631, 2462
190397, 2462
205941, 2462
240027, 2462
246613, 2462
191697, 2461
261240, 2461
95117, 2456
16678, 2453
140908, 2453
181656, 2453
5595, 2452
293936, 2452
153317, 2451
30681, 2450
74797, 2450
35886, 2448
64690, 2448
30745, 2447
232995, 2447
23163, 2441
53137, 2441
116129, 2441
164039, 2441
141294, 2432
170982, 2432
178396, 2432
84772, 2431
90832, 2431
199690, 2431
237784, 2431
246413, 2431
287278, 2431
294104, 2431
111854, 2430
87542, 2427
70126, 2425
108965, 2425
144038, 2425
222566, 2425
245699, 2425
254972, 2425
255421, 2425
256771, 2425
259653, 2425
64029, 2423
64772, 2423
94516, 2423
101475, 2423
156232, 2423
180348, 2423
216611, 2423
104225, 2420
171904, 2420
174344, 2420
187292, 2420
31811, 2416
94418, 2415
127511, 2415
222647, 2415
249619, 2415
6892, 2409
58568, 2408
106697, 2408
158194, 2408
61535, 2406
158485, 2406
162648, 2406
274123, 2406
28998, 2405
45573, 2405
81851, 2405
100613, 2405
131799, 2405
10529, 2403
293969, 2403
58769, 2401
73614, 2401
82124, 2399
261772, 2399
134813, 2398
211422, 2397
47870, 2391
102566, 2391
8283, 2390
149620, 2390
25935, 2387
276807, 2387
114706, 2386
15587, 2384
178174, 2384
180076, 2384
241022, 2381
94436, 2379
72387, 2378
93232, 2378
177784, 2375
204198, 2375
218902, 2375
18498, 2370
271815, 2368
110854, 2366
132559, 2366
177302, 2366
241864, 2362
295307, 2362
113086, 2359
144733, 2357
228380, 2357
187079, 2356
246750, 2356
85196, 2354
114241, 2353
110406, 2350
214461, 2350
236674, 2350
158676, 2349
160141, 2349
199492, 2349
183593, 2348
205171, 2348
271540, 2348
254393, 2345
45063, 2341
14114, 2339
47538, 2339
170888, 2338
208564, 2338
108856, 2336
167482, 2336
50208, 2333
54457, 2333
75382, 2332
103598, 2332
180059, 2332
13479, 2331
68641, 2331
13483, 2330
14279, 2330
115209, 2330
251128, 2327
278313, 2325
287281, 2325
9741, 2324
243299, 2324
249003, 2324
284587, 2324
145795, 2317
25498, 2316
65697, 2316
76507, 2316
102359, 2316
106196, 2316
286576, 2316
94049, 2314
188900, 2314
112710, 2312
161670, 2312
239700, 2312
280769, 2312
296426, 2312
69069, 2311
69252, 2311
82795, 2311
226946, 2311
59541, 2307
97149, 2307
152119, 2307
155375, 2306
206403, 2303
38700, 2302
184690, 2302
160752, 2300
44364, 2298
59535, 2298
90775, 2298
102389, 2298
116101, 2298
148262, 2298
168616, 2298
170284, 2298
189361, 2298
282095, 2298
40490, 2295
41573, 2295
78940, 2295
166258, 2295
182022, 2295
200803, 2295
17736, 2292
26989, 2292
28101, 2292
57743, 2292
64271, 2292
132306, 2292
17249, 2288
33938, 2288
124210, 2288
127492, 2288
149169, 2288
223102, 2288
290167, 2288
140026, 2287
162791, 2287
39251, 2286
235425, 2286
242116, 2286
243375, 2286
245209, 2286
245358, 2286
255452, 2286
257104, 2286
13837, 2284
19948, 2284
24226, 2284
92890, 2284
126628, 2284
143014, 2284
198345, 2284
231095, 2284
251376, 2284
262904, 2284
268190, 2284
285473, 2284
290483, 2284
35701, 2280
192178, 2280
233547, 2280
46570, 2279
58053, 2279
76125, 2279
159615, 2279
166249, 2279
171230, 2279
217331, 2279
240106, 2279
287622, 2279
207350, 2276
215777, 2276
259658, 2276
265314, 2276
278226, 2276
110707, 2275
127707, 2275
139178, 2275
188619, 2275
263715, 2275
281343, 2275
208522, 2274
236597, 2274
149033, 2273
216587, 2273
217713, 2273
272256, 2273
8315, 2271
8604, 2271
47733, 2271
53663, 2271
57539, 2271
91957, 2271
132097, 2271
158776, 2271
164064, 2271
172878, 2271
191338, 2271
193427, 2271
194859, 2271
207400, 2271
218241, 2271
224758, 2271
260331, 2271
260432, 2271
266557, 2271
266989, 2271
280744, 2271
283811, 2271
88144, 2270
233782, 2270
259066, 2270
130294, 2266
83351, 2264
153969, 2264
160701, 2264
11326, 2263
48703, 2263
204039, 2262
277397, 2262
12821, 2260
26523, 2257
251611, 2257
269497, 2257
284680, 2257
292314, 2255
71343, 2251
121647, 2251
176317, 2251
218061, 2251
273727, 2251
188244, 2249
73742, 2247
79148, 2247
64771, 2246
119731, 2246
220914, 2246
252745, 2246
116676, 2242
242443, 2240
288946, 2237
272786, 2236
51383, 2235
52972, 2228
122523, 2227
210383, 2227
257056, 2227
72990, 2223
142673, 2223
41198, 2222
154956, 2222
162298, 2220
256109, 2216
235917, 2215
51425, 2211
148268, 2211
289189, 2211
58801, 2207
65158, 2206
70011, 2206
146638, 2206
156190, 2206
196311, 2206
209306, 2206
209310, 2206
217615, 2206
227263, 2206
185938, 2203
81198, 2201
140769, 2201
269026, 2201
285371, 2201
285899, 2201
3185, 2200
55423, 2200
83982, 2200
159963, 2200
231759, 2200
231932, 2200
263118, 2200
266545, 2200
268230, 2200
113924, 2192
136290, 2192
141728, 2192
235501, 2192
283092, 2192
287403, 2192
290833, 2192
81547, 2191
49025, 2189
135962, 2189
253183, 2189
35603, 2186
211199, 2186
289906, 2186
82018, 2185
110179, 2180
78273, 2174
51973, 2172
64969, 2172
69889, 2172
147992, 2172
177878, 2172
281969, 2172
11584, 2170
18968, 2170
73510, 2170
152378, 2170
225040, 2170
153144, 2166
179283, 2166
243359, 2166
22205, 2165
104096, 2165
110350, 2165
115488, 2165
123025, 2165
207399, 2165
281281, 2165
123615, 2163
227538, 2163
152370, 2162
168948, 2162
196654, 2162
262018, 2162
284984, 2162
1801, 2157
48834, 2157
173466, 2157
179433, 2157
250453, 2157
290924, 2157
15940, 2156
38187, 2156
87057, 2156
93060, 2156
144201, 2156
152341, 2156
209662, 2156
230136, 2156
234017, 2156
238408, 2156
241332, 2156
29059, 2155
37090, 2155
64728, 2155
65114, 2155
86783, 2155
98615, 2155
100820, 2155
109643, 2155
116882, 2155
122750, 2155
138094, 2155
161577, 2155
168968, 2155
193522, 2155
209828, 2155
218341, 2155
224935, 2155
229461, 2155
234719, 2155
274418, 2155
118363, 2152
222722, 2152
17081, 2151
22963, 2151
45390, 2151
49467, 2151
51029, 2151
60392, 2151
88438, 2151
149944, 2151
152262, 2151
152539, 2151
165766, 2151
218529, 2151
240834, 2151
241781, 2151
256073, 2151
261949, 2151
273957, 2151
97412, 2150
172379, 2150
180062, 2150
194295, 2150
209529, 2150
71554, 2145
174651, 2145
110392, 2143
275718, 2143
118460, 2142
78266, 2139
131340, 2139
156214, 2139
160368, 2139
199106, 2139
237685, 2139
254013, 2139
268550, 2139
272445, 2139
293881, 2139
262052, 2133
282546, 2133
18409, 2132
41877, 2132
132009, 2132
133290, 2132
192078, 2132
263036, 2132
218567, 2128
177829, 2127
215232, 2126
228627, 2126
235031, 2126
266113, 2126
275391, 2122
69883, 2112
278369, 2110
58103, 2106
92999, 2105
260889, 2105
151957, 2103
232091, 2101
158789, 2097
254882, 2097
291875, 2097
246505, 2095
199732, 2088
255145, 2088
296130, 2088
53066, 2087
101005, 2087
145344, 2087
273643, 2087
283270, 2087
53095, 2085
74108, 2085
90491, 2085
91081, 2085
101651, 2085
115007, 2085
128430, 2085
134652, 2085
154248, 2085
163866, 2085
179841, 2085
184999, 2085
185074, 2085
186725, 2085
201467, 2085
233525, 2085
250718, 2085
272615, 2085
97870, 2084
108599, 2084
286763, 2081
78945, 2079
110937, 2079
179065, 2079
180921, 2079
28010, 2076
28452, 2076
124601, 2076
267316, 2076
80898, 2074
117096, 2074
83501, 2073
58649, 2072
58835, 2072
60590, 2072
61214, 2072
62606, 2072
99894, 2072
133989, 2072
146852, 2072
164364, 2072
165933, 2072
167185, 2072
178810, 2072
204371, 2072
220820, 2072
243904, 2072
34565, 2070
89997, 2067
175204, 2067
251814, 2067
152831, 2066
128693, 2064
239108, 2064
60961, 2063
100065, 2063
124259, 2063
158865, 2062
186718, 2062
203743, 2062
209424, 2062
2236, 2058
5031, 2058
42129, 2058
86708, 2058
215755, 2058
221588, 2058
237884, 2058
60611, 2057
62031, 2057
97353, 2057
168379, 2057
181471, 2057
240437, 2057
241833, 2057
292745, 2057
102395, 2056
120675, 2056
125166, 2056
197194, 2056
247547, 2056
294604, 2056
76917, 2052
147200, 2052
156505, 2040
164978, 2040
167477, 2040
212667, 2040
215360, 2040
217905, 2040
46666, 2039
138727, 2039
142904, 2039
252306, 2038
112569, 2033
214770, 2033
3228, 2032
25571, 2032
32634, 2032
36679, 2032
40547, 2032
42029, 2032
59484, 2032
61430, 2032
64183, 2032
64216, 2032
66333, 2032
73453, 2032
76310, 2032
76949, 2032
77132, 2032
82229, 2032
87529, 2032
89571, 2032
92199, 2032
95774, 2032
97328, 2032
99322, 2032
106896, 2032
108271, 2032
119654, 2032
121667, 2032
134546, 2032
140062, 2032
146271, 2032
147618, 2032
149008, 2032
163133, 2032
172273, 2032
174993, 2032
201023, 2032
203944, 2032
207755, 2032
211644, 2032
217398, 2032
238928, 2032
241717, 2032
246970, 2032
282112, 2032
120852, 2028
124091, 2028
133704, 2028
146025, 2028
153385, 2028
156403, 2028
173588, 2028
179052, 2028
198682, 2028
200250, 2028
202461, 2028
212959, 2028
213570, 2028
221152, 2028
227522, 2028
234724, 2028
247647, 2028
251656, 2028
261861, 2028
265558, 2028
268910, 2028
269772, 2028
280246, 2028
289027, 2028
292958, 2028
295273, 2028
104352, 2026
135727, 2026
255766, 2026
263659, 2026
276004, 2026
291889, 2026
288384, 2022
88418, 2020
227776, 2020
262813, 2020
100652, 2018
123580, 2018
223706, 2018
234905, 2018
267928, 2018
284952, 2018
287245, 2018
292249, 2018
63680, 2012
202456, 2012
239011, 2012
168377, 2009
101668, 2008
19705, 2006
40451, 2006
147611, 2006
156442, 2006
164165, 2006
205035, 2006
210967, 2006
116307, 2004
174579, 2004
238797, 2004
190214, 2003
23242, 1995
39884, 1995
70568, 1995
88932, 1995
121412, 1995
154785, 1995
185610, 1995
186290, 1995
198230, 1995
209085, 1995
212619, 1995
229923, 1995
238763, 1995
246912, 1995
256078, 1995
277983, 1995
280157, 1995
282625, 1995
294054, 1995
232373, 1994
9571, 1989
193556, 1989
198815, 1989
250248, 1989
30739, 1986
151003, 1986
180730, 1986
202452, 1985
94071, 1984
102965, 1984
145652, 1984
187507, 1984
227812, 1984
291693, 1983
219482, 1977
270170, 1975
93898, 1974
38003, 1970
41522, 1970
49420, 1970
60832, 1970
125196, 1970
125696, 1970
7756, 1969
236258, 1969
235562, 1959
262180, 1959
50154, 1955
4857, 1944
159342, 1944
45979, 1943
50791, 1943
63424, 1943
67195, 1943
69945, 1943
74754, 1943
89688, 1943
94865, 1943
104872, 1943
106590, 1943
122203, 1943
129089, 1943
133928, 1943
144043, 1943
154672, 1943
166119, 1943
185232, 1943
192782, 1943
213295, 1943
225354, 1943
227232, 1943
230966, 1943
235059, 1943
250593, 1943
266765, 1943
288009, 1943
122155, 1940
4444, 1933
4632, 1930
74757, 1930
211408, 1930
247102, 1930
59830, 1924
5115, 1923
27243, 1920
89716, 1920
91167, 1920
166289, 1920
166539, 1920
211523, 1920
248149, 1920
2891, 1917
91931, 1917
147656, 1917
163613, 1917
199029, 1917
60544, 1916
210416, 1916
237265, 1916
140125, 1914
176016, 1914
112602, 1911
120872, 1910
125627, 1910
158963, 1910
175280, 1910
236157, 1910
268863, 1910
50182, 1909
88282, 1909
207751, 1909
274732, 1909
47520, 1906
100475, 1906
145692, 1906
158159, 1906
246443, 1906
268402, 1906
288091, 1906
175806, 1905
238821, 1904
104557, 1903
109389, 1903
193060, 1903
42469, 1899
59496, 1899
65424, 1899
115952, 1899
267487, 1899
201340, 1896
262675, 1896
26252, 1893
72491, 1893
88140, 1893
91288, 1893
92132, 1893
130826, 1893
133332, 1893
134305, 1893
146153, 1893
147551, 1893
173005, 1893
186042, 1893
224207, 1893
243810, 1893
258499, 1893
258711, 1893
260785, 1893
262655, 1893
270121, 1893
272985, 1893
285266, 1893
286472, 1893
294173, 1893
223672, 1892
109378, 1889
65649, 1888
9504, 1884
36586, 1884
290656, 1881
213221, 1879
165276, 1878
238000, 1878
38010, 1877
211452, 1877
296026, 1877
44918, 1876
55035, 1876
78671, 1876
93866, 1876
151729, 1876
162285, 1876
286545, 1876
137711, 1872
222255, 1872
251327, 1872
249136, 1871
4594, 1869
149657, 1868
128962, 1867
222746, 1867
35370, 1866
99759, 1866
103119, 1866
159742, 1866
248409, 1866
226091, 1865
103272, 1864
12832, 1863
22331, 1863
86583, 1863
103214, 1863
190607, 1863
242016, 1863
275975, 1863
288989, 1863
293289, 1863
294886, 1863
25722, 1862
94346, 1862
93382, 1859
243902, 1858
29574, 1856
216031, 1855
289870, 1855
102805, 1854
137727, 1854
70059, 1853
182605, 1853
198553, 1853
137013, 1852
146691, 1852
269889, 1852
222856, 1851
147494, 1850
185210, 1849
245867, 1849
262214, 1849
291251, 1846
123004, 1844
164118, 1844
183200, 1844
185873, 1844
195566, 1844
196205, 1844
223595, 1844
224603, 1844
228792, 1844
234296, 1844
277066, 1844
282327, 1844
140867, 1842
212077, 1841
264849, 1841
77830, 1840
101464, 1840
134832, 1840
180638, 1840
183974, 1840
197412, 1840
285016, 1840
112291, 1838
164297, 1838
61011, 1837
82214, 1837
130398, 1837
229448, 1836
292278, 1836
260764, 1835
33556, 1834
191499, 1834
116112, 1833
81531, 1832
229354, 1832
268712, 1825
280803, 1825
176996, 1824
276609, 1822
132496, 1821
237763, 1821
270995, 1821
272452, 1821
132281, 1818
191895, 1818
130240, 1816
253387, 1816
104263, 1813
215123, 1813
217021, 1813
224169, 1813
245049, 1813
257467, 1813
275101, 1813
83307, 1810
145294, 1810
157814, 1810
179040, 1809
152419, 1808
246456, 1808
288966, 1808
98631, 1805
40027, 1802
118343, 1802
148811, 1802
194892, 1802
267674, 1802
282272, 1802
96698, 1801
52008, 1800
104469, 1800
2265, 1799
9714, 1799
23799, 1799
152333, 1799
13516, 1797
10820, 1790
33553, 1790
160428, 1790
251534, 1790
288925, 1790
99092, 1785
141054, 1785
166982, 1785
185550, 1785
189906, 1785
191433, 1785
194725, 1785
200159, 1785
209355, 1785
271740, 1785
287701, 1785
110588, 1784
122770, 1784
247358, 1779
137927, 1778
196186, 1778
117646, 1777
184924, 1777
212916, 1775
219379, 1775
60663, 1773
125668, 1773
157201, 1773
215738, 1773
227699, 1773
18280, 1772
70009, 1772
70092, 1772
83450, 1772
117214, 1772
135054, 1772
150806, 1772
156768, 1772
160869, 1772
165962, 1772
184312, 1772
187118, 1772
251848, 1772
260130, 1772
195250, 1768
7793, 1765
26626, 1765
200830, 1763
21277, 1762
33214, 1761
51019, 1761
56270, 1761
59557, 1761
79169, 1761
98580, 1761
123181, 1761
125009, 1761
127431, 1761
135568, 1761
141305, 1761
145380, 1761
149269, 1761
156286, 1761
160107, 1761
161303, 1761
168563, 1761
169581, 1761
174965, 1761
178070, 1761
181519, 1761
181998, 1761
188352, 1761
188492, 1761
193872, 1761
197903, 1761
200330, 1761
200886, 1761
208993, 1761
209573, 1761
210870, 1761
214015, 1761
214422, 1761
215554, 1761
223331, 1761
223795, 1761
234535, 1761
241793, 1761
247188, 1761
253656, 1761
257194, 1761
258892, 1761
265184, 1761
277557, 1761
278055, 1761
283298, 1761
292126, 1761
292375, 1761
294977, 1761
114671, 1760
53983, 1758
123334, 1758
129623, 1758
191091, 1754
208397, 1754
197664, 1753
293474, 1753
6573, 1752
96996, 1752
149480, 1752
213232, 1752
245144, 1752
249502, 1752
276209, 1749
279987, 1748
30034, 1747
123725, 1747
38149, 1744
17130, 1742
34048, 1742
34323, 1742
41384, 1742
3385, 1741
162941, 1741
133850, 1739
91852, 1737
34426, 1736
84709, 1736
85444, 1736
96274, 1736
106628, 1736
124373, 1736
132371, 1736
134598, 1736
160851, 1736
202238, 1736
259763, 1736
271470, 1736
265077, 1734
75697, 1731
135498, 1731
156859, 1731
219516, 1731
247969, 1731
228347, 1726
296068, 1726
188799, 1725
131856, 1724
28070, 1723
108699, 1723
136785, 1723
138284, 1723
150786, 1723
162139, 1723
169260, 1723
178540, 1723
187266, 1723
189150, 1723
190036, 1723
195734, 1723
211397, 1723
213768, 1723
217591, 1723
236314, 1723
240290, 1723
253404, 1723
258777, 1723
263459, 1723
273663, 1723
277232, 1723
282349, 1723
283741, 1723
285645, 1723
288389, 1723
288884, 1723
120875, 1722
141658, 1722
43802, 1719
163079, 1719
267921, 1719
242216, 1718
166891, 1717
178120, 1717
26319, 1716
87260, 1714
196712, 1714
198349, 1714
203357, 1714
214889, 1714
229789, 1714
229918, 1714
238515, 1714
286948, 1714
290471, 1714
293282, 1714
134281, 1712
194106, 1712
208840, 1712
209968, 1712
252908, 1712
295156, 1712
295798, 1712
117150, 1710
131646, 1710
182930, 1710
186880, 1710
188103, 1710
204697, 1710
256609, 1710
267135, 1708
99936, 1706
152339, 1706
179359, 1706
203957, 1706
232014, 1706
287383, 1706
130394, 1705
220491, 1701
168148, 1699
237754, 1699
284156, 1698
691, 1696
198040, 1696
83105, 1691
104105, 1690
179693, 1690
181855, 1690
186538, 1690
243004, 1690
268114, 1690
278214, 1690
286839, 1690
15941, 1688
65185, 1688
102285, 1688
108722, 1688
172593, 1688
174052, 1688
187989, 1688
201762, 1688
203395, 1688
204822, 1688
210043, 1688
214926, 1688
216252, 1688
217414, 1688
226609, 1688
230862, 1688
234832, 1688
240300, 1688
240509, 1688
243163, 1688
262138, 1688
267593, 1688
271488, 1688
273268, 1688
275203, 1688
275950, 1688
285273, 1688
292300, 1688
294445, 1688
294672, 1688
296615, 1688
178906, 1687
253126, 1687
38864, 1686
234412, 1685
105846, 1684
110038, 1684
115451, 1684
116911, 1684
138236, 1684
142099, 1684
152869, 1684
182389, 1684
185984, 1684
194710, 1684
196776, 1684
226277, 1684
229780, 1684
232039, 1684
245199, 1684
249665, 1684
274930, 1684
278871, 1684
279869, 1684
282760, 1684
286603, 1684
291391, 1684
196010, 1683
248238, 1683
233405, 1681
235002, 1681
276590, 1681
160429, 1678
280752, 1678
59894, 1677
61046, 1677
90162, 1677
118602, 1677
153313, 1677
254148, 1677
266845, 1677
280192, 1677
280287, 1677
285442, 1674
93746, 1673
36614, 1672
117120, 1672
155885, 1672
167191, 1672
262916, 1672
268871, 1672
277226, 1672
76465, 1670
149860, 1670
182216, 1670
192895, 1670
255088, 1670
8244, 1669
96128, 1667
152702, 1665
279345, 1665
24217, 1664
59670, 1663
60710, 1662
60831, 1662
8909, 1659
36737, 1659
176668, 1657
87865, 1656
105465, 1654
168520, 1654
254691, 1654
167286, 1653
268365, 1653
3420, 1651
143437, 1648
247498, 1645
261525, 1645
249154, 1644
113238, 1642
33360, 1641
72651, 1640
98321, 1640
167517, 1640
171776, 1640
193232, 1640
195135, 1640
212411, 1640
275570, 1640
278264, 1640
179649, 1638
255048, 1638
43612, 1637
62947, 1637
85052, 1637
91671, 1637
93892, 1637
108366, 1637
112390, 1637
119704, 1637
125198, 1637
143201, 1637
164489, 1637
180895, 1637
182355, 1637
235403, 1637
241753, 1637
243840, 1637
248306, 1637
248606, 1637
254111, 1637
255952, 1637
261434, 1637
267296, 1637
278041, 1637
288093, 1637
99114, 1631
48525, 1629
119323, 1629
120849, 1629
129139, 1629
167080, 1629
167728, 1629
185888, 1629
196826, 1629
199267, 1629
200946, 1629
227748, 1629
271178, 1629
278603, 1628
138671, 1627
289574, 1627
264403, 1626
190452, 1622
212057, 1622
253303, 1622
258726, 1622
261945, 1622
264867, 1622
74142, 1621
209240, 1621
99434, 1620
164581, 1620
214842, 1620
223898, 1620
132114, 1615
146752, 1614
256816, 1614
274246, 1614
184964, 1611
51656, 1610
188097, 1610
64967, 1609
192711, 1609
273769, 1609
194172, 1608
170630, 1607
222417, 1607
62566, 1605
166353, 1605
251036, 1605
276312, 1605
68169, 1602
102922, 1602
137444, 1600
171575, 1598
214620, 1598
231025, 1598
238702, 1598
280669, 1598
59643, 1597
164530, 1597
214033, 1597
247993, 1597
112137, 1594
288801, 1591
54202, 1586
247208, 1583
149446, 1582
154480, 1581
241233, 1581
225368, 1580
238234, 1580
256989, 1578
3048, 1577
36565, 1577
64472, 1577
98970, 1577
155311, 1577
175000, 1577
192300, 1577
199210, 1577
227883, 1577
239288, 1577
251406, 1577
258519, 1577
264159, 1577
268988, 1577
270869, 1577
278249, 1577
283348, 1577
256754, 1576
10878, 1575
94059, 1575
292640, 1575
239442, 1573
143128, 1570
223371, 1570
253496, 1570
261146, 1570
265798, 1570
280474, 1570
287870, 1570
64502, 1569
68475, 1569
80365, 1569
184930, 1569
190434, 1569
194081, 1569
207027, 1569
259041, 1569
295183, 1569
223840, 1566
279565, 1566
12933, 1565
39395, 1565
162286, 1565
163059, 1565
225800, 1564
163444, 1563
193191, 1563
98622, 1562
287668, 1562
97560, 1560
124430, 1559
164062, 1559
184823, 1559
116108, 1557
214762, 1557
91210, 1555
99932, 1555
116580, 1555
136136, 1555
175712, 1555
178233, 1555
179613, 1555
238126, 1555
248147, 1555
275185, 1555
282203, 1555
282630, 1555
110323, 1550
21498, 1546
69533, 1545
233075, 1545
25068, 1544
261990, 1543
271625, 1543
222565, 1538
33197, 1537
243128, 1536
1829, 1535
59345, 1535
60304, 1535
63122, 1535
68947, 1535
75110, 1535
77958, 1535
79130, 1535
79176, 1535
91868, 1535
93227, 1535
96203, 1535
99693, 1535
102147, 1535
102970, 1535
107306, 1535
115244, 1535
118481, 1535
126075, 1535
128978, 1535
133078, 1535
139610, 1535
142795, 1535
143186, 1535
151988, 1535
152642, 1535
157481, 1535
164346, 1535
166646, 1535
168431, 1535
174639, 1535
176354, 1535
183785, 1535
207753, 1535
208783, 1535
208904, 1535
211451, 1535
211510, 1535
218377, 1535
219488, 1535
231282, 1535
231329, 1535
232565, 1535
232752, 1535
247459, 1535
254635, 1535
254955, 1535
266859, 1535
281961, 1535
287357, 1535
293596, 1535
40892, 1534
133449, 1534
58818, 1533
179702, 1533
251322, 1533
287723, 1533
289866, 1533
200160, 1532
263420, 1532
34618, 1523
44471, 1523
77425, 1523
85348, 1523
129907, 1523
141939, 1523
142736, 1523
208615, 1523
244304, 1523
277420, 1523
282948, 1523
284933, 1522
82730, 1514
221117, 1514
186622, 1510
112636, 1509
27996, 1506
59266, 1506
191644, 1506
205818, 1506
220333, 1506
256999, 1506
262636, 1506
269112, 1506
271712, 1506
294626, 1506
65246, 1505
216254, 1505
63597, 1503
72757, 1503
122747, 1503
137861, 1503
138296, 1503
147161, 1503
158611, 1503
167868, 1503
242463, 1503
8365, 1502
21764, 1502
202358, 1501
275998, 1501
54571, 1500
66773, 1500
106933, 1500
113961, 1500
121796, 1500
134242, 1500
148373, 1500
151720, 1500
177275, 1500
177937, 1500
184466, 1500
192196, 1500
193897, 1500
199735, 1500
205881, 1500
209444, 1500
216879, 1500
219607, 1500
223698, 1500
227930, 1500
229486, 1500
234494, 1500
240662, 1500
241337, 1500
241858, 1500
244928, 1500
253718, 1500
253997, 1500
254132, 1500
254717, 1500
254978, 1500
256338, 1500
256507, 1500
261770, 1500
262038, 1500
262066, 1500
270292, 1500
275634, 1500
281136, 1500
283102, 1500
290610, 1500
293988, 1500
19345, 1498
56837, 1498
234552, 1496
59102, 1494
60760, 1494
68195, 1494
128864, 1494
173973, 1494
237489, 1494
237505, 1494
196360, 1491
277415, 1491
296588, 1491
18413, 1490
56805, 1488
69568, 1488
77961, 1488
140168, 1488
200821, 1488
23858, 1483
45180, 1483
97821, 1483
112036, 1483
178643, 1483
186237, 1483
233179, 1483
7147, 1480
147070, 1480
169618, 1480
273312, 1480
90374, 1479
173655, 1476
188134, 1476
278979, 1476
283867, 1476
5795, 1468
41140, 1468
71336, 1468
74060, 1468
117858, 1468
149908, 1468
222003, 1468
267319, 1468
65073, 1467
67831, 1467
70253, 1467
170775, 1467
170869, 1467
193577, 1467
204117, 1467
207603, 1467
245254, 1467
249580, 1467
258308, 1467
25332, 1466
32835, 1466
72767, 1466
113572, 1466
98804, 1465
127468, 1465
133905, 1465
37528, 1463
80679, 1463
97002, 1463
169220, 1463
286747, 1463
268139, 1462
1625, 1461
74051, 1461
78227, 1461
101544, 1459
116638, 1459
174487, 1459
243173, 1459
252447, 1458
261087, 1458
238562, 1456
246365, 1456
216600, 1455
33984, 1454
245872, 1454
46680, 1450
89550, 1450
119482, 1450
141904, 1450
149490, 1450
155290, 1450
167145, 1450
171008, 1450
172190, 1450
182211, 1450
196201, 1450
212031, 1450
219669, 1450
241288, 1450
259489, 1450
262578, 1450
113929, 1446
170018, 1446
173107, 1446
256326, 1446
268979, 1446
280074, 1446
19358, 1443
62328, 1443
75215, 1443
141073, 1443
142911, 1443
148761, 1443
148968, 1443
151272, 1443
151469, 1443
158715, 1443
166416, 1443
168132, 1443
174117, 1443
178803, 1443
180770, 1443
183894, 1443
186379, 1443
195781, 1443
206433, 1443
211760, 1443
214465, 1443
215961, 1443
216843, 1443
218523, 1443
224396, 1443
231748, 1443
231886, 1443
232011, 1443
232674, 1443
234655, 1443
235112, 1443
236262, 1443
238221, 1443
242520, 1443
243357, 1443
246021, 1443
256636, 1443
268096, 1443
272849, 1443
273669, 1443
275514, 1443
288530, 1443
289920, 1443
34248, 1441
64226, 1441
85167, 1441
146410, 1441
215060, 1441
232494, 1441
246797, 1441
253802, 1441
253971, 1441
260140, 1441
267698, 1441
287934, 1441
243637, 1439
255957, 1439
294838, 1439
40545, 1438
120527, 1438
44863, 1437
244119, 1437
133550, 1436
143133, 1436
200070, 1436
7397, 1433
53622, 1433
54350, 1433
58162, 1433
85827, 1433
169933, 1433
48660, 1431
90748, 1431
125194, 1431
206392, 1431
288921, 1431
159106, 1430
169477, 1430
177627, 1430
25306, 1429
236808, 1429
278112, 1429
56329, 1428
73858, 1428
252434, 1428
44140, 1427
70157, 1427
78545, 1427
87608, 1427
140542, 1427
249141, 1427
287402, 1427
83738, 1426
117915, 1426
140732, 1426
119453, 1424
217561, 1424
259008, 1424
278892, 1424
178521, 1423
219906, 1423
242722, 1423
260241, 1423
260515, 1423
12669, 1420
234466, 1420
142328, 1418
201748, 1418
276113, 1418
71385, 1413
109494, 1413
27529, 1412
142216, 1412
157158, 1412
175813, 1412
33573, 1411
94921, 1411
123612, 1409
158763, 1409
99155, 1405
165558, 1402
183950, 1402
218683, 1402
230696, 1402
263606, 1402
87992, 1398
96558, 1398
110456, 1398
119696, 1398
157368, 1398
175786, 1398
177332, 1398
198477, 1398
205678, 1398
258261, 1398
260523, 1398
269831, 1398
293451, 1398
294783, 1398
294990, 1398
296266, 1398
3305, 1397
193062, 1397
215875, 1397
233366, 1397
242765, 1397
108828, 1396
292512, 1396
163574, 1395
167669, 1395
282983, 1395
295594, 1395
116759, 1394
204051, 1394
22325, 1393
48320, 1393
54377, 1393
56658, 1393
85068, 1393
91920, 1393
93361, 1393
97612, 1393
110868, 1393
119365, 1393
120449, 1393
142423, 1393
153658, 1393
164583, 1393
168687, 1393
175041, 1393
229428, 1393
229925, 1393
232327, 1393
241354, 1393
244639, 1393
253996, 1393
261231, 1393
53598, 1392
150158, 1392
268734, 1392
1285, 1391
173374, 1391
200469, 1391
203978, 1391
220120, 1391
268927, 1391
112163, 1390
214746, 1390
231217, 1390
252039, 1390
260419, 1390
275221, 1390
170774, 1388
176618, 1388
232156, 1388
250757, 1388
281894, 1388
89322, 1386
212644, 1386
127808, 1385
137477, 1385
138632, 1385
143235, 1385
148788, 1385
212663, 1385
15548, 1384
15568, 1384
18063, 1384
39058, 1384
49459, 1384
65054, 1384
86064, 1384
155949, 1384
177946, 1384
191244, 1384
191838, 1384
208814, 1384
219686, 1384
222710, 1384
223021, 1384
224606, 1384
229885, 1384
285458, 1384
292667, 1384
85756, 1383
257406, 1383
226567, 1380
21608, 1379
43573, 1379
58152, 1379
78379, 1379
88385, 1379
96109, 1379
109101, 1379
117387, 1379
126754, 1379
127589, 1379
143634, 1379
148921, 1379
151947, 1379
232551, 1379
237748, 1379
255562, 1379
265876, 1379
266793, 1379
267959, 1379
276678, 1379
281913, 1379
41762, 1377
97780, 1377
224729, 1377
224901, 1377
261595, 1377
222123, 1376
284651, 1376
95270, 1374
120766, 1374
136088, 1374
162909, 1374
206866, 1374
7415, 1372
23044, 1372
40736, 1372
100581, 1372
103498, 1372
108395, 1372
110533, 1372
113660, 1372
116894, 1372
117296, 1372
117968, 1372
142439, 1372
160551, 1372
160943, 1372
192691, 1372
195982, 1372
219707, 1372
78042, 1370
145556, 1370
158788, 1370
166180, 1370
178905, 1370
184754, 1370
240012, 1370
296339, 1370
28095, 1369
69748, 1369
69846, 1369
91825, 1369
106613, 1369
116168, 1369
134702, 1369
136068, 1369
154049, 1369
178918, 1369
180259, 1369
221258, 1369
230485, 1369
234639, 1369
245037, 1369
251242, 1369
257770, 1369
285468, 1369
85993, 1367
109592, 1367
110278, 1367
118051, 1367
211110, 1367
267837, 1367
277220, 1367
280854, 1367
289284, 1367
294888, 1367
18539, 1366
4620, 1365
10798, 1365
83599, 1365
281092, 1364
94649, 1363
117071, 1363
194464, 1363
40365, 1361
285524, 1361
166206, 1360
186922, 1360
217994, 1360
254998, 1360
278806, 1360
283478, 1360
98340, 1358
179921, 1358
25514, 1355
59756, 1355
261850, 1355
292499, 1354
250330, 1353
133394, 1352
203004, 1352
134919, 1351
11524, 1350
35542, 1350
39314, 1350
41302, 1350
113440, 1350
243197, 1350
95430, 1348
107971, 1348
135406, 1348
155389, 1348
201788, 1348
89782, 1347
108379, 1347
117191, 1347
134487, 1347
166584, 1347
174723, 1347
178472, 1347
186236, 1347
201257, 1347
222159, 1347
225417, 1347
277256, 1347
26754, 1346
44996, 1346
58143, 1346
68556, 1346
77456, 1346
84792, 1346
105527, 1346
123307, 1346
161277, 1346
191795, 1346
247430, 1346
256476, 1346
125840, 1344
81558, 1343
171262, 1343
186852, 1343
221707, 1343
160389, 1342
259252, 1342
278705, 1342
284732, 1342
92840, 1341
77930, 1339
42008, 1338
37486, 1335
45188, 1335
45686, 1335
53368, 1335
80515, 1335
141625, 1335
142098, 1335
212964, 1335
242392, 1334
230105, 1332
92409, 1330
157767, 1330
162338, 1330
186927, 1330
233357, 1330
133931, 1328
267089, 1328
76758, 1326
93262, 1326
277589, 1326
117654, 1325
42770, 1323
90869, 1323
130877, 1323
205520, 1323
186012, 1321
288644, 1321
285682, 1320
71292, 1319
38163, 1317
41890, 1317
69817, 1317
201641, 1317
206909, 1317
280617, 1316
66065, 1315
89515, 1315
119303, 1315
123430, 1315
127316, 1315
137702, 1315
140957, 1315
145712, 1315
147343, 1315
152140, 1315
160617, 1315
164531, 1315
164585, 1315
171953, 1315
174629, 1315
180255, 1315
214156, 1315
220031, 1315
224592, 1315
224823, 1315
258917, 1315
268413, 1315
273696, 1315
283810, 1315
294256, 1315
31468, 1313
87427, 1313
109523, 1313
141899, 1313
167882, 1313
66161, 1312
102697, 1312
107347, 1312
132973, 1312
134235, 1312
135209, 1312
136176, 1312
166623, 1312
179239, 1312
180532, 1312
182983, 1312
191191, 1312
205732, 1312
213816, 1312
273289, 1312
44499, 1311
55570, 1311
67401, 1311
131222, 1311
134170, 1311
140166, 1311
140604, 1311
147462, 1311
155884, 1311
181417, 1311
190925, 1311
222879, 1311
223079, 1311
234675, 1311
255936, 1311
262939, 1311
266954, 1311
29389, 1310
204766, 1310
77781, 1308
78874, 1308
90445, 1308
92674, 1308
98927, 1308
103778, 1308
103886, 1308
104009, 1308
108132, 1308
110714, 1308
138839, 1308
140615, 1308
149117, 1308
149692, 1308
152354, 1308
154194, 1308
155883, 1308
157417, 1308
158037, 1308
164296, 1308
181414, 1308
185511, 1308
187605, 1308
192813, 1308
193256, 1308
201885, 1308
216460, 1308
216769, 1308
217104, 1308
217847, 1308
220396, 1308
220550, 1308
230217, 1308
253291, 1308
253353, 1308
253482, 1308
255824, 1308
279559, 1308
280862, 1308
281013, 1308
281935, 1308
285096, 1308
288916, 1308
292366, 1308
40664, 1307
112198, 1307
213437, 1307
286685, 1307
282652, 1306
42069, 1305
44564, 1305
123722, 1305
279877, 1305
294330, 1305
62324, 1304
167615, 1304
188934, 1304
291064, 1304
143615, 1303
244308, 1300
176110, 1298
18860, 1297
38527, 1297
38535, 1297
49266, 1297
58177, 1297
65764, 1297
72540, 1297
73162, 1297
86677, 1297
90442, 1297
103232, 1297
103654, 1297
107095, 1297
128404, 1297
140098, 1297
150907, 1297
151851, 1297
157641, 1297
196549, 1297
205060, 1297
223900, 1297
267962, 1297
268804, 1297
278437, 1297
290323, 1297
34404, 1296
57168, 1296
51618, 1295
66835, 1295
110693, 1295
121767, 1295
149865, 1295
169881, 1295
192547, 1295
158957, 1294
279313, 1294
29079, 1293
166265, 1293
184760, 1293
191822, 1293
224892, 1293
16381, 1291
18777, 1291
8298, 1290
143471, 1290
143684, 1289
218482, 1289
17695, 1288
44939, 1288
59254, 1288
67087, 1288
69632, 1288
92074, 1288
120061, 1288
128524, 1288
143759, 1288
176199, 1288
198594, 1288
208253, 1288
243466, 1288
293784, 1288
277054, 1285
289563, 1284
36656, 1282
254513, 1282
79314, 1281
61502, 1280
223852, 1280
152389, 1279
34325, 1278
36873, 1278
45547, 1278
54812, 1278
60850, 1278
64794, 1278
78875, 1278
82172, 1278
92472, 1278
96071, 1278
109143, 1278
128442, 1278
151951, 1278
157783, 1278
168827, 1278
169376, 1278
173077, 1278
182436, 1278
195705, 1278
201453, 1278
230034, 1278
230901, 1278
234436, 1278
240149, 1278
265495, 1278
285790, 1278
286500, 1278
65643, 1277
148395, 1277
150956, 1277
184587, 1277
196295, 1277
210153, 1277
270112, 1277
38313, 1276
168716, 1276
168962, 1276
179267, 1276
190398, 1276
291544, 1276
70340, 1274
206172, 1273
16218, 1270
67814, 1270
103028, 1270
155971, 1270
264838, 1270
234805, 1268
276137, 1267
1106, 1264
18314, 1264
27731, 1264
79764, 1264
189103, 1264
283019, 1264
12508, 1262
12642, 1262
16700, 1262
17183, 1262
24259, 1262
44058, 1262
54549, 1262
54760, 1262
125557, 1262
139941, 1262
151101, 1262
161953, 1262
209599, 1262
233022, 1262
162636, 1261
33927, 1260
47421, 1260
258072, 1260
260903, 1260
272356, 1260
106808, 1258
285928, 1258
289759, 1256
16176, 1254
23628, 1254
35853, 1254
47198, 1254
70780, 1254
85613, 1254
228387, 1254
248221, 1254
287729, 1254
60412, 1253
187162, 1253
218526, 1253
226595, 1253
268705, 1253
288618, 1253
266928, 1252
41614, 1250
57420, 1249
105831, 1249
113039, 1249
265559, 1249
59068, 1248
175246, 1248
24567, 1246
55362, 1245
123645, 1245
258206, 1245
26657, 1242
39071, 1242
82763, 1242
145514, 1242
248034, 1242
91122, 1241
102736, 1241
164169, 1241
180352, 1241
212143, 1241
275415, 1241
40203, 1238
118101, 1238
269925, 1237
11073, 1236
129200, 1236
42782, 1234
45770, 1234
76646, 1234
110718, 1234
25856, 1230
64717, 1230
66570, 1230
119117, 1230
163114, 1230
166137, 1230
219161, 1230
257221, 1228
127101, 1227
239683, 1227
266734, 1227
271236, 1226
286209, 1226
204648, 1222
272448, 1222
170606, 1221
195509, 1221
45514, 1220
56316, 1220
128890, 1220
144074, 1220
195535, 1220
261723, 1220
54330, 1219
154736, 1218
191843, 1218
93540, 1217
134154, 1217
269498, 1217
45584, 1216
252471, 1216
10306, 1215
103239, 1215
116030, 1215
230779, 1214
235787, 1214
166433, 1213
209241, 1213
240494, 1213
54786, 1212
244756, 1211
259366, 1211
281625, 1211
45327, 1210
89418, 1209
130222, 1209
167589, 1209
294893, 1209
12444, 1208
85748, 1208
177046, 1207
22063, 1206
37181, 1206
37280, 1206
38226, 1206
38577, 1206
50023, 1206
58530, 1206
121673, 1206
153401, 1206
183499, 1206
247082, 1206
247936, 1206
249104, 1206
36819, 1205
52101, 1205
52920, 1205
65959, 1205
83746, 1205
85676, 1205
95004, 1205
110840, 1205
120939, 1205
132247, 1205
137802, 1205
186362, 1205
187377, 1205
222367, 1205
243876, 1203
125979, 1202
232245, 1202
54955, 1201
204885, 1201
232229, 1201
281007, 1201
52783, 1200
98666, 1199
118123, 1199
181729, 1199
191627, 1199
15481, 1198
176648, 1198
206738, 1198
293139, 1197
195860, 1195
45305, 1194
191407, 1194
42963, 1193
70585, 1193
98810, 1193
115595, 1193
129929, 1193
148693, 1193
159674, 1193
188933, 1193
198132, 1193
207366, 1193
245432, 1193
99811, 1192
222840, 1192
251960, 1192
90686, 1191
121427, 1191
173513, 1191
294770, 1191
57642, 1187
73365, 1187
107936, 1187
292435, 1187
118438, 1186
145490, 1186
257320, 1186
289984, 1186
291517, 1185
253031, 1184
295539, 1184
138341, 1183
160276, 1183
184444, 1183
40435, 1181
175689, 1181
195805, 1181
244432, 1181
285478, 1181
252966, 1180
115510, 1177
125586, 1177
158883, 1177
228958, 1177
256544, 1177
39441, 1176
18824, 1175
100359, 1175
77735, 1174
123166, 1174
165146, 1174
192268, 1174
248986, 1174
192699, 1173
218587, 1173
246661, 1173
64376, 1169
81187, 1169
168882, 1169
225737, 1169
112700, 1168
116332, 1168
160471, 1168
256443, 1168
259099, 1168
260065, 1168
233701, 1167
148169, 1166
168584, 1166
71178, 1165
194185, 1165
261437, 1165
68718, 1164
192338, 1164
212743, 1164
225611, 1164
225817, 1164
246387, 1164
87767, 1162
166717, 1162
95286, 1161
224507, 1161
283785, 1161
46219, 1160
87769, 1160
293297, 1160
65602, 1159
131607, 1159
248495, 1159
255296, 1159
264991, 1159
267660, 1159
282551, 1159
286620, 1159
9770, 1158
20821, 1158
30045, 1158
77622, 1158
137528, 1158
153172, 1158
184810, 1158
217745, 1158
228434, 1158
231019, 1158
254349, 1158
257311, 1158
284293, 1158
124322, 1157
156496, 1157
193812, 1157
203703, 1157
272397, 1157
295541, 1157
249118, 1156
291501, 1156
226955, 1154
25433, 1153
39497, 1153
58870, 1153
61154, 1153
73939, 1153
93843, 1153
95328, 1153
99231, 1153
101522, 1153
107421, 1153
107966, 1153
117417, 1153
124920, 1153
125719, 1153
130504, 1153
131892, 1153
140167, 1153
156482, 1153
157020, 1153
157057, 1153
166118, 1153
170771, 1153
174199, 1153
175455, 1153
189555, 1153
221088, 1153
221190, 1153
240348, 1153
244670, 1153
280700, 1153
294938, 1153
481, 1152
4010, 1152
7208, 1152
15672, 1152
30998, 1152
39329, 1152
44340, 1152
44740, 1152
46419, 1152
48749, 1152
52838, 1152
54790, 1152
55627, 1152
63367, 1152
66189, 1152
75155, 1152
78470, 1152
86654, 1152
91336, 1152
100577, 1152
125156, 1152
128772, 1152
136116, 1152
167351, 1152
231347, 1152
242276, 1152
243920, 1152
265796, 1152
274652, 1152
171816, 1151
191689, 1151
225916, 1151
14585, 1150
29225, 1149
76319, 1149
100402, 1149
106616, 1149
159754, 1149
189886, 1149
230663, 1148
170509, 1147
155477, 1146
212776, 1146
251030, 1146
279676, 1145
36879, 1143
180988, 1142
3638, 1140
22029, 1140
24712, 1140
96163, 1140
141332, 1140
158503, 1140
173542, 1140
245020, 1140
268981, 1140
238173, 1139
272432, 1139
178100, 1138
195224, 1138
215836, 1138
261534, 1138
272140, 1138
129335, 1137
233926, 1137
248947, 1137
264325, 1137
9957, 1136
132948, 1136
151000, 1136
11704, 1135
76029, 1135
142605, 1135
270384, 1135
1211, 1133
41859, 1133
134435, 1133
258830, 1133
278254, 1133
284048, 1133
160026, 1132
97453, 1131
279814, 1131
86113, 1130
152780, 1130
152987, 1130
160935, 1130
206529, 1130
224100, 1130
257383, 1130
263567, 1130
191270, 1129
46679, 1128
121013, 1128
209249, 1128
241537, 1128
266173, 1128
104171, 1127
238258, 1124
24594, 1122
142830, 1122
170068, 1122
122573, 1120
202398, 1120
40308, 1119
56040, 1119
58903, 1119
61398, 1119
63486, 1119
69861, 1119
71790, 1119
104873, 1119
115068, 1119
119409, 1119
119599, 1119
160009, 1119
160231, 1119
165515, 1119
169429, 1119
179456, 1119
185278, 1119
190302, 1119
203664, 1119
227390, 1119
235335, 1119
251599, 1119
269389, 1119
276433, 1119
285994, 1119
67976, 1118
263058, 1118
6959, 1115
14524, 1115
21687, 1115
22559, 1115
28677, 1115
35248, 1115
39609, 1115
49663, 1115
50130, 1115
77444, 1115
80028, 1115
83471, 1115
88614, 1115
89401, 1115
94848, 1115
95119, 1115
96019, 1115
105536, 1115
113024, 1115
125754, 1115
156862, 1115
159424, 1115
162376, 1115
171395, 1115
176541, 1115
181628, 1115
189392, 1115
196586, 1115
66650, 1114
82114, 1114
107510, 1114
185242, 1114
197006, 1114
222919, 1114
280897, 1114
116505, 1113
126205, 1113
254572, 1113
233351, 1112
135159, 1111
150310, 1111
162565, 1111
227130, 1111
253767, 1110
287734, 1110
50491, 1109
59531, 1109
84241, 1109
118957, 1109
168615, 1108
266255, 1108
19006, 1107
39647, 1107
64683, 1107
67922, 1107
83030, 1107
86031, 1107
110923, 1107
128671, 1107
139316, 1107
145834, 1107
239643, 1107
295890, 1107
121071, 1106
10980, 1103
148352, 1102
263501, 1102
285866, 1102
12448, 1101
35864, 1101
53600, 1101
64625, 1101
66620, 1101
69415, 1101
77870, 1101
88930, 1101
91553, 1101
97705, 1101
103583, 1101
106690, 1101
113570, 1101
131821, 1101
132797, 1101
142242, 1101
142411, 1101
145022, 1101
159522, 1101
167631, 1101
172517, 1101
175653, 1101
187134, 1101
190666, 1101
191885, 1101
193015, 1101
212199, 1101
215661, 1101
227589, 1101
234917, 1101
245759, 1101
249967, 1101
275322, 1101
84141, 1100
272919, 1100
37311, 1099
31578, 1096
51173, 1096
63108, 1096
272645, 1096
79327, 1095
109195, 1095
139806, 1095
154448, 1095
169026, 1095
210601, 1095
227773, 1095
231777, 1095
233983, 1095
244090, 1095
247528, 1095
255851, 1095
267574, 1095
279205, 1095
291126, 1095
62097, 1094
184194, 1094
186964, 1094
235489, 1094
45401, 1092
48335, 1092
82054, 1092
93910, 1092
159265, 1092
183676, 1092
193447, 1092
227078, 1092
22027, 1091
67736, 1091
76914, 1091
98880, 1091
127028, 1091
148911, 1091
203437, 1091
219822, 1091
224934, 1091
241210, 1091
65299, 1090
71136, 1090
75858, 1090
76854, 1090
99874, 1090
102164, 1090
121809, 1090
295483, 1090
29692, 1089
98910, 1089
162763, 1089
187765, 1089
217730, 1089
271410, 1089
28828, 1088
28946, 1088
34901, 1088
36604, 1088
11642, 1087
51406, 1087
61534, 1087
86878, 1087
149979, 1087
175910, 1087
201279, 1087
112951, 1085
240105, 1085
79765, 1084
122103, 1084
139531, 1084
191610, 1084
79264, 1083
146929, 1083
195445, 1083
195635, 1083
199505, 1083
2121, 1079
138576, 1079
215415, 1079
222482, 1079
102687, 1078
136627, 1078
137486, 1078
192441, 1078
165927, 1077
169506, 1077
211413, 1077
220607, 1077
230372, 1077
234284, 1077
245394, 1077
289954, 1077
244070, 1076
84134, 1075
114255, 1075
151863, 1075
271897, 1075
86455, 1074
112078, 1074
175429, 1074
183691, 1074
225394, 1074
262384, 1074
291223, 1074
26409, 1072
72318, 1072
93402, 1072
107387, 1072
121321, 1072
136335, 1072
148873, 1072
154604, 1072
167456, 1072
168135, 1072
168755, 1072
188221, 1072
205997, 1072
216608, 1072
217118, 1072
217164, 1072
232280, 1072
235005, 1072
271393, 1072
276318, 1072
39435, 1071
146844, 1071
232680, 1071
11062, 1070
29761, 1070
44519, 1070
45563, 1070
46160, 1070
53339, 1070
66083, 1070
69108, 1070
73154, 1070
83011, 1070
90563, 1070
95313, 1070
97201, 1070
100092, 1070
104539, 1070
107413, 1070
107620, 1070
107925, 1070
111388, 1070
130999, 1070
155918, 1070
168338, 1070
171003, 1070
171362, 1070
174235, 1070
181434, 1070
186344, 1070
187960, 1070
199751, 1070
209097, 1070
223970, 1070
228814, 1070
236233, 1070
260703, 1070
267187, 1070
283244, 1070
285197, 1070
288985, 1070
294723, 1070
158476, 1067
220356, 1067
228179, 1067
230048, 1067
244923, 1067
264438, 1067
266242, 1067
269035, 1067
273047, 1067
15338, 1066
22779, 1066
27634, 1066
34151, 1066
39049, 1066
39130, 1066
50247, 1066
52741, 1066
72113, 1066
80648, 1066
106321, 1066
122504, 1066
175941, 1066
204671, 1066
256969, 1066
257869, 1066
28400, 1065
40999, 1065
41135, 1065
56927, 1065
57809, 1065
72884, 1065
74127, 1065
79897, 1065
84806, 1065
98549, 1065
105032, 1065
107588, 1065
113565, 1065
117255, 1065
117595, 1065
119428, 1065
126539, 1065
149834, 1065
151296, 1065
213134, 1065
239091, 1065
239217, 1065
251974, 1065
256105, 1065
259495, 1065
160376, 1064
176519, 1064
210639, 1064
283144, 1064
295871, 1064
32003, 1063
104663, 1063
109699, 1063
113568, 1063
181993, 1063
210329, 1063
218944, 1063
225187, 1063
265344, 1059
50692, 1058
52005, 1058
52572, 1058
58981, 1058
73245, 1058
107706, 1058
121023, 1058
122263, 1058
131679, 1058
150974, 1058
163385, 1058
169158, 1058
172394, 1058
177580, 1058
225910, 1058
245624, 1058
255068, 1058
285959, 1058
286868, 1058
289178, 1058
20121, 1057
36715, 1057
57404, 1057
126382, 1057
137383, 1057
140114, 1057
162262, 1057
190801, 1057
191175, 1057
206604, 1057
206929, 1057
216501, 1057
232359, 1057
250492, 1057
276783, 1057
285597, 1057
294557, 1057
22708, 1056
35338, 1056
74394, 1056
95577, 1056
156402, 1056
189465, 1056
213231, 1056
243537, 1056
280025, 1056
26243, 1055
51441, 1055
100855, 1055
119698, 1055
169183, 1055
251060, 1055
269953, 1055
286558, 1054
8514, 1053
91709, 1053
100465, 1053
132896, 1053
34356, 1052
247230, 1052
118621, 1051
202636, 1051
209915, 1051
230838, 1051
240419, 1051
244209, 1051
264833, 1051
270256, 1051
244506, 1050
35244, 1049
69325, 1049
77008, 1049
151292, 1049
156604, 1049
162581, 1049
176520, 1049
224962, 1049
252774, 1049
263652, 1049
263789, 1049
268237, 1049
290691, 1049
29402, 1048
54759, 1048
69686, 1048
87736, 1048
91989, 1048
132263, 1048
142051, 1048
149000, 1048
246427, 1048
284069, 1048
204394, 1047
88300, 1046
103314, 1046
214619, 1046
219245, 1046
163484, 1044
103984, 1043
105828, 1043
117686, 1043
127355, 1043
153602, 1043
196290, 1043
205331, 1043
235755, 1043
238088, 1043
261816, 1043
269702, 1043
273321, 1043
286113, 1043
291308, 1043
134340, 1042
52438, 1041
152281, 1041
53772, 1040
177393, 1040
277019, 1040
30215, 1039
130678, 1039
159123, 1039
167401, 1039
293039, 1039
32687, 1038
45875, 1038
83102, 1038
85985, 1038
88923, 1038
89537, 1038
107890, 1038
111487, 1038
119525, 1038
124723, 1038
128855, 1038
130297, 1038
131388, 1038
139522, 1038
142726, 1038
151177, 1038
162172, 1038
168258, 1038
177563, 1038
183213, 1038
197397, 1038
199407, 1038
215435, 1038
224560, 1038
228453, 1038
231106, 1038
231523, 1038
239520, 1038
242010, 1038
252963, 1038
259580, 1038
264338, 1038
271809, 1038
276360, 1038
282958, 1038
287001, 1038
292165, 1038
292866, 1038
293707, 1038
294090, 1038
295077, 1038
83415, 1037
94368, 1037
113577, 1037
118712, 1037
208483, 1037
214195, 1037
231699, 1037
272119, 1037
190018, 1036
207923, 1036
21852, 1035
46472, 1035
90045, 1035
121015, 1035
131316, 1035
140055, 1035
142159, 1035
163862, 1035
189682, 1035
195885, 1035
203814, 1035
204791, 1035
230119, 1035
236118, 1035
252216, 1035
256729, 1035
277830, 1035
292219, 1035
293186, 1035
18969, 1034
58674, 1034
169281, 1034
180708, 1034
183534, 1034
190031, 1034
199050, 1034
205049, 1034
213684, 1034
214329, 1034
219175, 1034
226052, 1034
227496, 1034
252353, 1034
253695, 1034
262257, 1034
289981, 1034
22248, 1033
29481, 1033
51046, 1033
58257, 1033
59665, 1033
61713, 1033
89498, 1033
89683, 1033
107806, 1033
119221, 1033
133437, 1033
162227, 1033
179187, 1033
199494, 1033
209337, 1033
230029, 1033
230258, 1033
233029, 1033
270635, 1033
280316, 1033
285788, 1033
289191, 1033
163991, 1032
165810, 1032
233379, 1032
75785, 1031
167246, 1031
170062, 1031
194387, 1031
212282, 1031
220166, 1031
280232, 1031
10648, 1030
15326, 1030
21351, 1030
29513, 1030
37731, 1030
41661, 1030
51464, 1030
60873, 1030
64697, 1030
68383, 1030
73216, 1030
83322, 1030
129147, 1030
152369, 1030
169617, 1030
176006, 1030
191148, 1030
209838, 1030
211315, 1030
221373, 1030
267621, 1030
277119, 1030
41202, 1029
63549, 1029
78268, 1029
84838, 1029
96355, 1029
102225, 1029
121295, 1029
154583, 1029
165852, 1029
188570, 1029
271184, 1029
289338, 1029
27791, 1028
63592, 1028
120014, 1028
148102, 1028
196051, 1028
293702, 1028
32501, 1027
94135, 1027
97959, 1027
103144, 1027
105320, 1027
114013, 1027
117607, 1027
142453, 1027
154024, 1027
171196, 1027
222813, 1027
237948, 1027
258715, 1027
278160, 1027
16215, 1026
71061, 1026
88814, 1026
121495, 1026
139306, 1026
152364, 1026
154132, 1026
157304, 1026
159023, 1026
4484, 1025
114981, 1025
116016, 1025
116824, 1025
48402, 1024
56311, 1024
61217, 1024
63371, 1024
86835, 1024
98593, 1024
118639, 1024
131922, 1024
133003, 1024
152814, 1024
196773, 1024
210319, 1024
233812, 1024
246036, 1024
273161, 1024
49460, 1023
66547, 1023
70212, 1023
72897, 1023
89079, 1023
96894, 1023
113698, 1023
116012, 1023
134814, 1023
160286, 1023
176636, 1023
182821, 1023
183817, 1023
184338, 1023
205433, 1023
211813, 1023
221078, 1023
230672, 1023
232458, 1023
236474, 1023
251615, 1023
294008, 1023
205343, 1021
251295, 1021
29951, 1020
51215, 1020
114555, 1020
124071, 1020
162407, 1020
166578, 1020
192582, 1020
203042, 1020
208806, 1020
240117, 1020
241036, 1020
252176, 1020
89912, 1019
120453, 1019
249201, 1019
32575, 1018
58660, 1018
74868, 1018
75111, 1018
99194, 1018
173817, 1018
198934, 1018
206726, 1018
217387, 1018
241571, 1018
280279, 1018
282222, 1018
30740, 1017
80691, 1017
105141, 1017
145238, 1017
147010, 1017
161600, 1017
239230, 1017
268002, 1017
198813, 1016
42006, 1015
71245, 1015
80438, 1015
86962, 1015
119650, 1015
124720, 1015
159095, 1015
159779, 1015
5565, 1014
10884, 1013
14420, 1013
62614, 1013
171002, 1013
224325, 1013
81128, 1011
206471, 1011
208675, 1011
285878, 1011
131558, 1010
11330, 1007
21800, 1007
63930, 1007
108465, 1007
140041, 1007
153459, 1007
200048, 1007
217988, 1007
258514, 1007
125396, 1005
37568, 1003
93518, 1003
137886, 1003
205510, 1003
208665, 1003
221296, 1003
275915, 1003
6132, 1002
7089, 1002
77921, 1002
96367, 1002
140406, 1002
146102, 1002
149753, 1002
168328, 1002
178235, 1002
180381, 1002
199785, 1002
218386, 1002
220134, 1002
226944, 1002
239489, 1002
246469, 1002
246496, 1002
247796, 1002
271403, 1002
281209, 1002
288283, 1002
179109, 1001
179302, 1001
195367, 1001
214232, 1001
215091, 1001
218565, 1001
247909, 1001
140736, 1000
141711, 1000
211104, 1000
248123, 1000
