13858, 120805
2, 119968
163, 119968
22282, 119968
93701, 119968
104029, 119968
69268, 118604
884, 112762
3195, 112762
13896, 112133
1181, 111017
1823, 111017
2282, 111017
65058, 111017
205, 109241
562, 109241
5418, 109241
73683, 109241
3381, 108839
35, 107772
8482, 107772
12058, 107772
15190, 107772
16207, 107772
17346, 107772
19902, 107772
20096, 107772
21094, 107772
25748, 107772
29399, 107772
44897, 107772
49644, 107772
179602, 107772
5171, 105708
36471, 105708
41838, 103271
50453, 103271
181680, 96484
23211, 90453
116096, 90453
122769, 90453
7007, 86602
9367, 86602
9882, 86602
23177, 86602
27631, 86602
31055, 86602
3903, 85910
12573, 85910
3091, 81813
10659, 80975
17179, 80975
18692, 80975
20172, 80975
20657, 80975
5474, 61227
22108, 61227
3468, 58362
5806, 58362
164579, 57426
205384, 57426
12627, 56790
12774, 56790
13146, 56790
113, 53569
1995, 52904
17689, 51532
19525, 51532
55398, 50934
29684, 50899
2512, 50075
2890, 50075
2925, 50075
2982, 50075
3090, 50075
25380, 50075
185465, 50075
10123, 49589
2358, 49529
27773, 49016
1855, 48801
1955, 48801
2618, 48801
2991, 48801
3106, 48801
6581, 48801
15936, 48801
66729, 48801
226638, 48801
37774, 48622
2901, 48401
30433, 48186
2436, 48183
3111, 48183
36250, 47807
67884, 47807
1350, 46831
2078, 46831
2598, 46831
66230, 46831
2914, 46795
136255, 45643
1099, 43648
1201, 43648
215376, 43069
284001, 43069
178117, 42426
179256, 42426
259363, 42426
263254, 42426
275073, 42426
152142, 42305
193410, 42305
227839, 42305
213410, 40077
255036, 40077
5556, 38119
235246, 38036
139490, 37991
192091, 37991
234775, 37991
242515, 37991
278316, 37991
201735, 32026
294795, 32026
221613, 31928
11653, 27990
13506, 27990
13846, 27990
13959, 27990
14248, 27990
14593, 27990
14638, 27990
16457, 27990
116476, 27990
21785, 27535
21908, 27535
22644, 27535
23411, 27535
101829, 27535
169367, 27535
205166, 27535
261405, 27535
296385, 27535
7271, 27204
7321, 27204
9151, 27204
18184, 27204
11957, 26990
13028, 26990
13230, 26990
15233, 26990
16570, 26990
16844, 26990
17048, 26990
17134, 26990
17463, 26990
17595, 26990
17906, 26990
18348, 26990
18505, 26990
18715, 26990
18848, 26990
19102, 26990
19989, 26990
20182, 26990
44798, 26990
73613, 26990
105877, 26990
140790, 26990
161505, 26990
170427, 26990
173218, 26990
240449, 26990
250543, 26990
290433, 26990
291263, 26990
223802, 26606
235914, 26522
6664, 26502
7686, 26449
22818, 26443
24091, 26443
25918, 26443
28227, 26443
28440, 26443
28610, 26443
43440, 26443
58166, 26443
217646, 26443
68029, 26400
31513, 25889
19514, 25648
95896, 25648
167391, 25614
21509, 25589
25066, 25589
25095, 25589
25154, 25589
25853, 25589
26194, 25589
26831, 25589
27379, 25589
27651, 25589
27980, 25589
28040, 25589
28547, 25589
29283, 25589
29742, 25589
72703, 25589
15935, 24958
22671, 24958
282841, 24958
87600, 24846
92775, 24846
8622, 24261
8870, 24261
10023, 24261
81868, 23226
5801, 22658
8395, 22658
8397, 22658
133292, 21815
91693, 21773
123169, 21480
126016, 21480
136020, 21480
136805, 21480
137127, 21480
142130, 21480
145594, 21480
156421, 21480
159625, 21480
161342, 21480
162240, 21480
167294, 21480
198119, 21312
233919, 21312
186255, 21076
132609, 20682
136165, 20682
138117, 20682
140227, 20682
144899, 20682
150820, 20682
154611, 20682
150780, 20642
201772, 20642
212343, 20642
149148, 20601
121407, 20547
130741, 20547
131315, 20538
170330, 20538
109961, 20497
146702, 20497
150814, 20497
165555, 20497
247557, 20497
85589, 20458
85674, 20458
86314, 20458
86977, 20458
91737, 20458
92984, 20458
103279, 20458
105950, 20458
147376, 20458
148783, 20458
180510, 20458
187503, 20458
76196, 20305
117934, 20305
122112, 20305
127729, 20305
129612, 20305
135203, 20305
141842, 20305
141958, 20305
143700, 20305
145424, 20305
151139, 20305
294407, 20305
72290, 20247
117653, 20223
120887, 20191
188580, 20191
128937, 20184
180474, 20184
224567, 20110
51848, 20020
135466, 19966
150562, 19841
208180, 19841
117737, 19765
106122, 19640
107924, 19640
110578, 19640
115563, 19640
116536, 19640
120823, 19640
121978, 19640
135622, 19640
135854, 19640
136945, 19640
144054, 19640
145677, 19640
159741, 19640
162980, 19640
166810, 19640
180204, 19640
231494, 19640
154330, 19568
155875, 19568
159442, 19568
168468, 19568
124240, 19544
130002, 19544
132421, 19544
140084, 19544
140853, 19544
148384, 19544
157968, 19544
159324, 19544
164710, 19544
173055, 19544
196451, 19313
91921, 19158
121195, 19158
125404, 19158
125550, 19158
139379, 19158
150465, 19158
164569, 19158
176495, 19158
197876, 19158
147092, 18995
87940, 18947
105098, 18947
110995, 18947
130273, 18947
134376, 18947
140157, 18947
140371, 18947
140850, 18947
143177, 18947
147361, 18947
173318, 18947
204441, 18947
216962, 18947
244206, 18947
253381, 18947
271562, 18947
119970, 18806
224578, 18806
263417, 18806
282158, 18806
106290, 18697
137837, 18697
138673, 18697
142148, 18697
151082, 18697
153561, 18697
158764, 18697
160689, 18697
161223, 18697
168477, 18697
169072, 18697
171370, 18697
180077, 18697
188917, 18697
198250, 18697
202275, 18697
205281, 18697
220815, 18697
122291, 18634
130259, 18634
135959, 18634
138257, 18634
143085, 18634
147387, 18634
152698, 18634
158225, 18634
168599, 18634
169337, 18634
184697, 18634
188197, 18634
236839, 18634
240782, 18634
260015, 18634
276422, 18634
110096, 18590
154786, 18545
247627, 18545
135035, 18519
142278, 18477
140621, 18385
141500, 18385
182385, 18385
183981, 18385
189438, 18385
197217, 18385
208440, 18385
211705, 18385
237403, 18385
262718, 18385
271283, 18385
176233, 18094
135063, 17602
147720, 17602
170005, 17464
170226, 16827
180872, 16827
189566, 16827
191815, 16827
227372, 16827
238886, 16827
127179, 16780
159934, 16780
22686, 16582
203168, 16582
255765, 16582
283784, 16582
294534, 16582
178675, 16535
206535, 16535
227019, 16535
141394, 16510
150570, 16510
164472, 16510
101558, 16343
38125, 16328
75410, 16261
262595, 16097
41692, 16052
44791, 15987
51244, 15987
52759, 15987
64433, 15987
75481, 15987
104370, 15987
124287, 15987
191346, 15677
29982, 15613
31190, 15613
36225, 15613
39478, 15613
40809, 15613
41670, 15613
42941, 15613
45911, 15613
108177, 15562
235970, 15541
292355, 15541
101262, 15475
130169, 15475
138776, 15475
153623, 15475
199138, 15475
211922, 15475
217194, 15475
219335, 15475
219550, 15475
220379, 15475
220707, 15475
220893, 15475
223885, 15475
247141, 15475
259100, 15475
263260, 15475
265025, 15475
279931, 15475
290510, 15475
38159, 15300
9314, 15281
22555, 15281
23998, 15281
36453, 15281
38134, 15281
41714, 15281
55404, 15281
62298, 15281
84403, 15281
92906, 15281
101911, 15281
103696, 15281
134442, 15281
154860, 15281
171129, 15281
185312, 15281
262086, 15281
281503, 15281
94652, 15262
36771, 15188
74453, 15188
119499, 15188
100654, 14956
162531, 14945
36342, 14929
38090, 14929
53527, 14929
26926, 14856
208168, 14816
101761, 14544
163279, 14534
2045, 14280
11478, 14280
14146, 14280
36104, 14280
38653, 14280
38876, 14280
74080, 14280
76520, 14280
82634, 14280
95344, 14280
101849, 14280
115546, 14280
146484, 14280
166528, 14280
166686, 14280
191219, 14280
250161, 14280
159838, 14221
49626, 14169
89411, 14169
90343, 14169
95298, 14169
114208, 14169
158110, 14167
74762, 13996
7116, 13799
91214, 13280
98590, 13280
100331, 13280
144656, 13280
89388, 12991
102305, 12991
103312, 12991
107604, 12991
109913, 12991
114250, 12991
119045, 12991
124857, 12991
15275, 12112
12214, 11660
14027, 11660
15609, 11660
19394, 11478
21279, 11478
10541, 11474
18257, 11474
99659, 10034
116690, 9612
164732, 9467
36138, 9124
90179, 9124
108711, 8552
131099, 7626
101459, 7079
52581, 7077
59067, 7077
61421, 7077
62765, 7077
64714, 7077
66914, 7077
147826, 7077
143190, 7056
293089, 7056
89766, 6816
132031, 6638
167651, 6638
232230, 6638
238006, 6638
251672, 6638
286001, 6638
289195, 6638
99793, 6476
105319, 6476
110968, 6476
112900, 6476
129729, 6476
142928, 6476
48149, 6330
55713, 6330
55985, 6330
58869, 6330
59087, 6330
64475, 6330
253840, 6228
1132, 6169
4209, 6169
90275, 6169
172535, 6169
94220, 6119
120891, 6119
124371, 6119
131712, 6119
137782, 6119
140264, 6119
141362, 6119
152186, 6119
164777, 6119
167773, 6119
172418, 6119
187144, 6119
206487, 6119
208706, 6119
217261, 6119
221275, 6119
221504, 6119
221902, 6119
241376, 6119
241972, 6119
243541, 6119
246463, 6119
248656, 6119
252844, 6119
256418, 6119
259181, 6119
264602, 6119
264736, 6119
265525, 6119
283303, 6119
283636, 6119
286524, 6119
292078, 6119
293204, 6119
293436, 6119
296314, 6119
19071, 6014
110869, 6014
124793, 6014
128795, 6014
131245, 6014
132102, 6014
132665, 6014
135788, 6014
137325, 6014
147415, 6014
149295, 6014
152665, 6014
153138, 6014
166938, 6014
199013, 6014
203377, 6014
203593, 6014
242859, 6014
65893, 5902
70610, 5902
72768, 5902
74145, 5902
133267, 5853
168937, 5853
177870, 5853
183130, 5853
198333, 5853
198513, 5853
201842, 5853
211026, 5853
214321, 5853
232658, 5853
235356, 5853
245210, 5853
282476, 5853
286596, 5853
65423, 5793
123396, 5655
110797, 5644
130289, 5644
185417, 5644
166763, 5462
235838, 5318
59627, 5187
68160, 5187
216213, 5123
23074, 4817
49450, 4817
60029, 4817
70555, 4817
91707, 4817
96101, 4817
96211, 4817
102899, 4817
107694, 4817
113510, 4817
114848, 4817
124892, 4817
136993, 4817
141297, 4817
146572, 4817
152717, 4817
156818, 4817
159984, 4817
180156, 4817
186312, 4817
189126, 4817
194718, 4817
206575, 4817
209899, 4817
225992, 4817
242910, 4817
249714, 4817
254533, 4817
271264, 4817
293102, 4817
296399, 4817
127954, 4772
26528, 4750
170354, 4747
191059, 4747
287459, 4747
293739, 4747
33391, 4737
68780, 4737
82500, 4737
105146, 4737
212301, 4737
223800, 4737
246117, 4737
251774, 4737
268855, 4737
181994, 4719
275860, 4719
75782, 4688
100968, 4688
194572, 4688
207655, 4688
241587, 4688
247252, 4688
264048, 4688
269081, 4688
274304, 4688
272194, 4682
132934, 4670
142991, 4670
169812, 4670
186389, 4670
239268, 4670
249149, 4670
259834, 4670
263547, 4670
144314, 4655
156197, 4655
158079, 4655
160722, 4655
160831, 4655
173896, 4655
179709, 4655
190907, 4655
212126, 4655
223287, 4655
224707, 4655
226654, 4655
252594, 4655
253324, 4655
109999, 4629
127177, 4629
170296, 4629
171043, 4629
180033, 4629
189346, 4629
236535, 4629
262568, 4629
267352, 4629
275855, 4629
282702, 4629
291972, 4629
201226, 4607
80431, 4601
123225, 4596
102171, 4585
159746, 4585
184702, 4585
212611, 4585
233636, 4585
249117, 4585
260624, 4585
260655, 4585
261372, 4585
266413, 4585
287032, 4585
293107, 4585
70125, 4582
122093, 4582
129651, 4582
225429, 4582
233625, 4582
236653, 4582
265392, 4582
266380, 4582
85342, 4498
88127, 4496
106246, 4496
109854, 4496
156274, 4495
156825, 4495
181276, 4495
217958, 4495
248817, 4495
251150, 4495
289250, 4495
292550, 4495
52910, 4482
60181, 4482
70379, 4482
74540, 4482
80226, 4482
81644, 4482
88799, 4482
93578, 4482
94979, 4482
95359, 4482
96081, 4482
114717, 4482
115406, 4482
133581, 4482
144476, 4482
159321, 4482
174857, 4482
181296, 4482
210201, 4482
249904, 4482
270209, 4455
195946, 4441
59180, 4439
107343, 4439
111313, 4439
112667, 4439
114772, 4439
130141, 4439
132657, 4439
133617, 4439
134801, 4439
138856, 4439
149332, 4439
152715, 4439
166177, 4439
201721, 4439
202472, 4439
63055, 4405
121417, 4405
153352, 4405
213114, 4405
269343, 4405
107165, 4384
112175, 4378
138144, 4378
216626, 4378
256161, 4378
169383, 4325
280948, 4325
83996, 4324
130844, 4324
101552, 4301
161647, 4301
190588, 4301
271037, 4301
276855, 4301
292912, 4301
73817, 4287
75756, 4287
115372, 4287
212314, 4287
262497, 4287
71635, 4256
171260, 4256
252704, 4256
277071, 4256
233863, 4205
263046, 4205
25304, 4151
49547, 4151
51809, 4151
56614, 4151
65884, 4151
66051, 4151
77821, 4151
103871, 4151
105486, 4151
109503, 4151
113217, 4151
118895, 4151
135126, 4151
142078, 4151
148176, 4151
169090, 4151
176837, 4151
202427, 4151
230918, 4151
231497, 4151
242088, 4151
260055, 4151
273887, 4151
289892, 4151
292428, 4151
106944, 4144
149779, 4144
162831, 4144
176395, 4144
195233, 4144
197502, 4144
279672, 4144
291573, 4144
151589, 4122
211657, 4122
242183, 4122
246227, 4122
280160, 4122
84361, 4109
87286, 4109
88097, 4109
101642, 4109
106632, 4109
121654, 4109
123073, 4109
132329, 4109
153255, 4109
155780, 4109
172851, 4109
179794, 4109
183477, 4109
185253, 4109
212798, 4109
224538, 4109
228677, 4109
235840, 4109
238491, 4109
252998, 4109
253271, 4109
257526, 4109
262117, 4109
33208, 4097
144276, 4097
233184, 4097
11669, 4078
31695, 4078
48950, 4078
31579, 4058
38599, 4058
48712, 4058
60676, 4058
65162, 4058
83457, 4058
90834, 4058
93083, 4058
99825, 4058
102286, 4058
107594, 4058
113754, 4058
115714, 4058
122038, 4058
127385, 4058
136085, 4058
153896, 4058
168620, 4058
211286, 4058
243709, 4058
54268, 4053
2800, 4051
31345, 4051
31347, 4051
36859, 4051
119587, 4050
126378, 4050
27674, 4031
44914, 4031
45472, 4031
50161, 4031
53078, 4031
56208, 4031
65854, 4031
65895, 4031
68595, 4031
81568, 4031
79866, 4030
93291, 4030
276236, 4030
34865, 4022
279393, 4022
29627, 4018
194768, 4017
264365, 4009
49118, 4003
56558, 4003
83075, 4003
123752, 4003
178875, 4003
49012, 3998
171956, 3989
264999, 3989
22919, 3981
77213, 3981
90076, 3981
107160, 3981
111788, 3981
120630, 3981
130898, 3981
132526, 3981
137061, 3981
154079, 3981
156891, 3981
165409, 3981
165500, 3981
166998, 3981
171625, 3981
174331, 3981
179415, 3981
182975, 3981
186585, 3981
189891, 3981
194956, 3981
197963, 3981
204428, 3981
207660, 3981
213001, 3981
226299, 3981
228669, 3981
231926, 3981
239223, 3981
249053, 3981
251882, 3981
252442, 3981
253503, 3981
253894, 3981
258360, 3981
260548, 3981
265027, 3981
276221, 3981
280051, 3981
285895, 3981
291722, 3981
296136, 3981
282850, 3971
112835, 3970
228267, 3970
251296, 3970
38223, 3960
52903, 3960
146179, 3960
197255, 3960
54895, 3954
87251, 3954
97150, 3954
103374, 3954
104159, 3954
109823, 3954
120328, 3954
170983, 3954
176276, 3954
192229, 3954
211652, 3954
226665, 3954
228354, 3954
241209, 3954
275800, 3954
121808, 3948
105774, 3936
289339, 3936
56256, 3916
128956, 3897
172214, 3897
186309, 3897
196007, 3897
199355, 3897
221694, 3897
240897, 3897
245808, 3897
255821, 3897
273065, 3897
173242, 3857
96507, 3855
150384, 3855
240119, 3855
142182, 3854
162082, 3829
177432, 3829
213927, 3829
229771, 3829
238809, 3829
257617, 3829
274181, 3829
205629, 3818
292801, 3796
75623, 3788
154848, 3772
163220, 3772
184160, 3762
94558, 3757
148029, 3757
104174, 3740
105855, 3730
161968, 3730
163231, 3730
182672, 3730
214285, 3730
217673, 3730
223170, 3730
224383, 3730
229005, 3730
251800, 3730
253781, 3730
264269, 3730
271589, 3730
284030, 3730
294410, 3730
295471, 3730
68124, 3723
68258, 3723
110436, 3723
125776, 3723
127102, 3723
132454, 3723
144148, 3723
148481, 3723
154315, 3723
155570, 3723
159254, 3723
167915, 3723
169268, 3723
175394, 3723
192403, 3723
192964, 3723
211544, 3723
222600, 3723
225822, 3723
242803, 3723
243165, 3723
272556, 3723
289351, 3723
81715, 3705
111576, 3705
119324, 3704
131507, 3704
14, 3694
192025, 3694
253313, 3694
92704, 3684
267393, 3660
279380, 3653
283328, 3653
295236, 3653
77798, 3649
185993, 3649
208464, 3649
224759, 3649
244723, 3649
277041, 3622
109893, 3596
86102, 3585
126649, 3585
235749, 3585
240295, 3585
244903, 3585
235382, 3584
151746, 3568
229622, 3564
180932, 3560
182627, 3560
196111, 3550
9532, 3541
109194, 3541
184126, 3541
192211, 3541
209309, 3541
239325, 3541
264487, 3541
199722, 3535
120923, 3522
241176, 3522
251444, 3522
256713, 3522
262527, 3522
295414, 3522
84506, 3520
214924, 3520
228625, 3520
235957, 3520
245313, 3520
293840, 3520
86549, 3518
123172, 3518
282374, 3518
184510, 3475
182499, 3473
131756, 3466
230750, 3466
283984, 3466
57536, 3462
85526, 3438
222134, 3438
284553, 3438
51995, 3437
224146, 3437
124615, 3423
172948, 3423
225092, 3423
240967, 3423
243619, 3397
179573, 3393
56599, 3384
154447, 3384
267062, 3384
206779, 3365
296091, 3365
108545, 3351
111912, 3351
121904, 3351
263298, 3351
290520, 3351
292936, 3351
145893, 3325
160700, 3325
238829, 3325
239436, 3325
264751, 3324
241020, 3319
283316, 3286
32060, 3284
104846, 3284
126525, 3284
233191, 3284
258167, 3284
131048, 3278
266929, 3275
156684, 3270
153434, 3268
234566, 3268
43595, 3262
54363, 3262
168272, 3262
192243, 3262
239840, 3262
48686, 3259
76693, 3259
76781, 3259
92309, 3238
260406, 3233
175928, 3223
180968, 3223
207042, 3223
248321, 3223
271821, 3223
290886, 3223
294215, 3223
204973, 3212
71614, 3211
127885, 3211
202262, 3211
70920, 3192
142010, 3192
169568, 3192
257477, 3192
265715, 3187
48478, 3155
51021, 3155
93242, 3155
147888, 3155
203740, 3155
248276, 3155
105995, 3121
203971, 3077
237240, 3077
38532, 3071
128009, 3062
150668, 3062
173347, 3062
200247, 3062
212119, 3062
235832, 3062
271859, 3062
128124, 3057
126694, 3051
231987, 3051
244423, 3051
83859, 3043
185316, 3043
113020, 3034
124708, 3034
166281, 3034
182861, 3034
212929, 3034
293590, 3034
125233, 3032
222152, 3026
211103, 3016
244956, 3016
153197, 3015
159738, 3015
173200, 3015
22753, 3011
50040, 3011
61581, 3011
111184, 3011
121833, 2989
163673, 2989
166853, 2989
181951, 2989
222351, 2989
276018, 2989
147260, 2988
197774, 2988
261077, 2984
230422, 2972
288104, 2972
205162, 2958
49263, 2951
65049, 2951
67485, 2951
171183, 2951
251824, 2951
229873, 2946
120427, 2944
209166, 2944
237054, 2944
118703, 2941
283474, 2938
264062, 2934
62359, 2921
107405, 2921
124088, 2921
184234, 2921
22212, 2914
169388, 2914
29188, 2912
52102, 2912
52818, 2912
54443, 2912
91796, 2912
112632, 2912
124976, 2912
131044, 2912
138959, 2912
169482, 2912
172405, 2912
178666, 2912
180367, 2912
197137, 2912
216971, 2912
231244, 2912
243586, 2912
244326, 2912
252445, 2912
259171, 2912
260769, 2912
276063, 2912
276507, 2912
295188, 2912
100737, 2911
258860, 2911
210755, 2909
91077, 2904
187446, 2904
296402, 2904
131506, 2903
158592, 2903
178307, 2903
182113, 2903
190168, 2903
209419, 2903
196756, 2898
24900, 2891
62046, 2891
67693, 2891
155070, 2891
270481, 2891
73445, 2889
99679, 2889
192872, 2889
282647, 2889
67387, 2887
115265, 2887
162919, 2887
182939, 2887
250050, 2887
287311, 2887
65947, 2885
155401, 2879
285461, 2868
61967, 2862
97096, 2862
170215, 2862
177776, 2862
221350, 2857
149697, 2855
216851, 2855
289816, 2855
32151, 2850
108651, 2850
117684, 2850
121140, 2850
165296, 2850
51761, 2847
95910, 2847
133664, 2847
162911, 2847
164387, 2847
170708, 2847
187196, 2847
227234, 2847
228784, 2847
241617, 2847
246265, 2847
250889, 2847
257961, 2847
287514, 2847
287771, 2847
296225, 2847
41023, 2832
64535, 2832
106816, 2832
171400, 2821
130941, 2819
57879, 2815
166306, 2815
165946, 2811
212624, 2811
182572, 2807
199100, 2806
198635, 2799
175160, 2784
266305, 2784
47901, 2769
74843, 2769
82104, 2769
87038, 2769
87124, 2769
94506, 2769
118708, 2769
122377, 2769
149518, 2769
166254, 2769
169147, 2769
161393, 2755
240532, 2754
142981, 2746
245643, 2745
294509, 2744
38610, 2732
48122, 2732
51689, 2732
58434, 2732
58753, 2732
59433, 2732
60027, 2732
66999, 2732
85061, 2732
217726, 2732
92929, 2729
237275, 2729
104989, 2725
241640, 2724
275770, 2724
234178, 2721
76835, 2719
227394, 2719
217803, 2703
36482, 2702
193450, 2701
245824, 2701
90293, 2688
127219, 2688
148293, 2686
230580, 2680
103207, 2677
124480, 2677
218950, 2677
247221, 2677
283030, 2677
28721, 2671
282047, 2671
289052, 2671
235922, 2667
214600, 2662
234426, 2662
295813, 2662
171466, 2652
66226, 2651
70677, 2651
130410, 2651
191787, 2651
249710, 2651
90660, 2645
178168, 2645
115848, 2622
230409, 2621
246656, 2621
270600, 2621
275026, 2621
143599, 2617
284068, 2617
20759, 2615
182579, 2609
209947, 2609
81353, 2600
92288, 2600
95414, 2600
100953, 2600
129829, 2600
205279, 2600
63950, 2589
181458, 2589
107569, 2582
181749, 2582
193734, 2582
270783, 2582
272039, 2582
173177, 2571
187396, 2571
259025, 2571
261098, 2571
268414, 2571
89677, 2564
213564, 2563
254047, 2556
280918, 2556
43300, 2552
91791, 2547
243221, 2539
36985, 2528
97847, 2528
203449, 2528
268507, 2528
38924, 2525
57492, 2525
255678, 2525
61129, 2512
148569, 2512
155298, 2512
185919, 2512
196239, 2512
219010, 2512
220130, 2512
239158, 2512
252194, 2512
280210, 2512
287904, 2512
44511, 2508
294681, 2507
148317, 2504
116221, 2501
222307, 2501
61604, 2498
60439, 2496
136041, 2496
217919, 2496
280460, 2496
196092, 2494
206170, 2494
211617, 2494
260330, 2494
270381, 2494
217268, 2485
40069, 2484
241866, 2484
236346, 2479
252185, 2479
296267, 2479
141141, 2466
287124, 2466
289348, 2465
164972, 2463
176822, 2463
257261, 2463
17975, 2454
52458, 2454
149695, 2454
221556, 2454
259982, 2454
293611, 2454
108336, 2446
292204, 2446
80165, 2442
167264, 2442
262133, 2442
294074, 2442
122096, 2441
172887, 2441
186606, 2441
280206, 2438
85583, 2435
181015, 2435
203942, 2435
205932, 2435
222032, 2435
264485, 2435
288407, 2435
291553, 2435
45441, 2434
66466, 2434
195313, 2432
68225, 2428
71744, 2427
266783, 2427
244085, 2424
274985, 2424
281096, 2424
83085, 2417
100069, 2417
107293, 2417
269852, 2413
117179, 2412
185475, 2412
260082, 2411
120943, 2403
242175, 2396
136923, 2395
127556, 2388
217570, 2383
237850, 2372
259456, 2365
68321, 2359
271419, 2359
281597, 2359
116616, 2346
160849, 2346
192490, 2346
213801, 2344
153576, 2343
266920, 2339
145163, 2331
153093, 2331
126099, 2330
207646, 2325
258790, 2325
69979, 2319
145961, 2319
168530, 2318
279846, 2318
94571, 2317
264361, 2313
232937, 2306
242949, 2306
162156, 2300
41814, 2288
50810, 2288
206682, 2281
211390, 2281
159710, 2272
66325, 2269
191336, 2265
174455, 2260
181719, 2260
186048, 2253
205398, 2252
60741, 2250
294829, 2246
121320, 2240
288128, 2230
278974, 2222
108021, 2221
283568, 2217
161441, 2214
98997, 2205
51018, 2192
100825, 2192
130162, 2192
133243, 2192
136867, 2192
184953, 2192
210096, 2192
235116, 2192
270341, 2192
285695, 2192
246502, 2190
121680, 2183
191378, 2172
205512, 2172
24185, 2165
97877, 2165
136648, 2165
163144, 2165
243678, 2165
53573, 2164
168576, 2164
195486, 2164
279010, 2164
203963, 2163
116836, 2160
207679, 2160
105864, 2155
231531, 2155
263147, 2148
252141, 2145
117958, 2138
45743, 2115
125547, 2115
31638, 2111
76522, 2111
113603, 2111
172868, 2111
245087, 2111
248767, 2111
86884, 2107
272160, 2107
27474, 2106
83565, 2103
207919, 2103
160762, 2093
60305, 2081
248899, 2080
254421, 2080
143040, 2064
147434, 2064
211418, 2064
135588, 2056
248647, 2056
107581, 2048
205837, 2048
288251, 2048
281975, 2047
76238, 2034
214935, 2034
241629, 2034
81796, 2033
5511, 2031
111103, 2031
136380, 2031
167054, 2031
82067, 2019
103426, 2019
184911, 2016
185874, 2013
39162, 2010
52634, 2010
96741, 2010
256799, 2000
8847, 1994
49809, 1994
268732, 1987
106067, 1986
241086, 1986
122675, 1984
32544, 1982
89364, 1982
107124, 1980
115996, 1980
155833, 1980
183032, 1974
207538, 1973
145055, 1969
90930, 1961
62881, 1956
72501, 1956
147465, 1956
230080, 1956
190797, 1950
214881, 1944
220721, 1944
4709, 1943
173291, 1942
264216, 1938
281820, 1938
3878, 1937
3954, 1937
4754, 1937
4979, 1937
41305, 1937
164893, 1937
166949, 1937
176278, 1937
30118, 1934
58986, 1923
87072, 1923
174376, 1916
287342, 1915
143673, 1913
13254, 1912
205403, 1912
194583, 1908
196629, 1908
200434, 1908
288698, 1908
8551, 1903
73761, 1903
68419, 1898
86049, 1898
161153, 1898
214246, 1898
276041, 1898
292498, 1898
231901, 1896
73759, 1890
217052, 1889
92304, 1887
137817, 1887
287158, 1887
97625, 1886
106120, 1886
185328, 1886
292411, 1886
13061, 1885
111945, 1885
139833, 1882
194790, 1882
10780, 1881
212291, 1880
11464, 1877
67049, 1877
34063, 1876
174456, 1876
184948, 1876
86760, 1875
152191, 1875
218913, 1875
22994, 1873
27614, 1873
244679, 1873
4373, 1866
4459, 1866
4546, 1866
4729, 1866
4800, 1866
37593, 1866
38444, 1866
38862, 1866
45525, 1866
130003, 1866
140763, 1866
66817, 1865
129912, 1865
150733, 1865
249713, 1865
46422, 1864
266708, 1864
24405, 1854
115520, 1854
133164, 1854
22200, 1852
56394, 1852
130366, 1852
52851, 1850
148375, 1850
165247, 1850
197280, 1850
198334, 1850
207070, 1850
248605, 1850
265733, 1850
49832, 1849
58940, 1849
177214, 1848
13255, 1847
244121, 1846
64831, 1845
86308, 1845
97763, 1845
114457, 1845
133737, 1845
228039, 1845
261903, 1845
289111, 1845
5634, 1840
228640, 1838
31925, 1837
178934, 1836
180762, 1836
218920, 1836
233261, 1836
42640, 1835
49428, 1835
50664, 1835
184488, 1835
284634, 1835
157848, 1833
26692, 1830
98019, 1830
150451, 1830
5702, 1826
99755, 1826
195677, 1826
213843, 1826
157583, 1825
59315, 1823
106206, 1823
29582, 1822
44352, 1822
50526, 1822
53055, 1822
60301, 1822
98459, 1822
145264, 1822
150750, 1822
200670, 1822
259267, 1822
285005, 1822
8816, 1820
9726, 1820
37263, 1820
97909, 1820
193542, 1817
92782, 1813
213882, 1813
21972, 1809
145986, 1809
196852, 1806
179600, 1798
225441, 1798
254658, 1798
285704, 1798
219736, 1797
240174, 1794
63497, 1792
159726, 1792
173487, 1792
245913, 1792
86332, 1790
10220, 1789
11503, 1789
15843, 1789
19166, 1789
30532, 1789
109919, 1789
152851, 1789
192215, 1789
16168, 1788
255834, 1788
270960, 1788
271176, 1788
126367, 1787
199549, 1787
208629, 1787
122979, 1786
145201, 1786
273384, 1786
275471, 1786
26125, 1783
73072, 1778
157365, 1778
234155, 1778
64311, 1777
261282, 1777
290272, 1777
65281, 1775
169766, 1775
229202, 1775
23070, 1773
245739, 1773
247001, 1773
208559, 1772
7329, 1771
233449, 1771
3646, 1768
4128, 1768
4133, 1768
4349, 1768
4392, 1768
41185, 1768
45079, 1768
155652, 1767
81635, 1766
73342, 1764
211225, 1764
50081, 1762
64159, 1762
224329, 1762
230984, 1762
179610, 1760
91746, 1757
12370, 1756
136713, 1756
137562, 1756
145941, 1756
277618, 1756
57001, 1755
67282, 1755
212600, 1753
221235, 1753
239420, 1753
142602, 1746
153689, 1746
74065, 1744
94691, 1744
107964, 1744
154472, 1744
177121, 1744
39132, 1743
66330, 1743
182731, 1743
219580, 1743
246908, 1743
198137, 1742
68654, 1738
160954, 1738
204186, 1737
234960, 1737
170450, 1733
255343, 1733
288684, 1732
69594, 1731
146854, 1731
214490, 1731
277046, 1731
63115, 1728
147976, 1728
80690, 1725
153246, 1725
202222, 1725
200927, 1724
233655, 1724
51477, 1723
87924, 1723
42594, 1722
170801, 1722
248576, 1722
251032, 1722
259509, 1722
169208, 1720
78965, 1718
140680, 1718
154122, 1718
232203, 1718
57548, 1716
31912, 1715
95565, 1714
88908, 1713
139974, 1712
224126, 1711
85367, 1710
177551, 1710
237115, 1710
244137, 1710
289793, 1710
116279, 1708
141701, 1708
181517, 1708
228848, 1708
241556, 1708
270187, 1708
285374, 1708
102831, 1707
105001, 1707
173952, 1707
245304, 1707
147285, 1706
242856, 1705
169923, 1703
86842, 1701
230192, 1701
20980, 1700
28511, 1700
107236, 1700
111866, 1700
179170, 1700
39829, 1695
133433, 1695
134803, 1695
148578, 1695
148589, 1695
172184, 1695
199522, 1695
216881, 1695
229347, 1695
232631, 1695
233839, 1695
241427, 1695
273883, 1695
277991, 1695
269714, 1694
61338, 1693
134400, 1693
23486, 1691
43112, 1691
46409, 1691
53012, 1691
125290, 1691
4715, 1687
5195, 1687
5215, 1687
5275, 1687
5311, 1687
5315, 1687
5492, 1687
5629, 1687
6186, 1687
45812, 1687
47467, 1687
54508, 1687
144287, 1687
148200, 1687
200311, 1687
249929, 1687
79948, 1686
211069, 1685
180198, 1684
205045, 1684
217294, 1684
262633, 1684
263980, 1684
264950, 1684
274213, 1684
284365, 1684
254994, 1681
25472, 1680
45499, 1677
45152, 1675
61229, 1675
64481, 1675
181444, 1675
240341, 1675
275090, 1675
38734, 1671
118751, 1671
170362, 1671
207732, 1671
209969, 1671
225303, 1671
241101, 1671
242223, 1671
274237, 1671
291141, 1671
224188, 1670
99559, 1667
277887, 1667
182411, 1665
100800, 1664
114529, 1664
182268, 1664
189573, 1664
195109, 1664
225079, 1664
238115, 1664
282946, 1664
286400, 1664
290357, 1664
292184, 1664
8568, 1663
86798, 1662
147792, 1662
187414, 1660
110086, 1659
192756, 1659
226083, 1657
160204, 1656
287184, 1656
6570, 1655
94961, 1654
186023, 1654
91041, 1653
95618, 1653
109338, 1653
115292, 1653
134027, 1653
136401, 1653
153510, 1653
160679, 1653
166975, 1653
185741, 1653
186738, 1653
187026, 1653
212463, 1653
214074, 1653
216383, 1653
248401, 1653
253172, 1653
253300, 1653
262176, 1653
266992, 1653
288729, 1653
294072, 1653
98103, 1651
242831, 1651
295020, 1651
4956, 1650
21216, 1647
223782, 1647
244791, 1647
255156, 1647
287608, 1646
75744, 1642
117666, 1642
186752, 1642
11519, 1641
50470, 1641
128784, 1641
168583, 1641
206626, 1641
215038, 1641
237701, 1641
241618, 1641
249085, 1641
258888, 1641
273340, 1641
121884, 1640
124617, 1640
288013, 1640
56447, 1638
111299, 1638
202485, 1638
204587, 1638
61793, 1636
115065, 1636
190990, 1634
222336, 1634
232876, 1634
236431, 1634
97304, 1633
129135, 1633
218535, 1633
255190, 1633
272403, 1633
115844, 1628
160781, 1628
167384, 1628
19259, 1627
13071, 1625
245537, 1624
95321, 1623
145486, 1623
145899, 1623
146029, 1623
218873, 1623
232807, 1623
235519, 1623
23392, 1622
126588, 1622
167043, 1622
145868, 1620
171380, 1620
180202, 1620
122293, 1619
21678, 1618
143790, 1618
156216, 1618
175678, 1618
181369, 1618
231159, 1618
270202, 1618
243891, 1616
99276, 1614
15741, 1613
240030, 1612
71020, 1609
109269, 1609
194911, 1608
47643, 1606
296430, 1606
162048, 1604
150637, 1603
34674, 1602
49639, 1602
116179, 1602
217375, 1602
105824, 1599
163758, 1599
148244, 1598
253590, 1597
144290, 1596
109291, 1595
138470, 1595
253288, 1595
23752, 1594
55876, 1593
97197, 1593
114111, 1593
206122, 1593
214805, 1593
258080, 1593
285393, 1593
238122, 1591
261163, 1591
27150, 1589
7966, 1588
61770, 1588
135996, 1588
20937, 1587
86004, 1587
235559, 1587
61074, 1586
68349, 1586
102796, 1586
256018, 1586
21580, 1584
66553, 1584
71886, 1584
138090, 1584
109937, 1583
152227, 1583
248617, 1583
31865, 1574
180419, 1574
211683, 1574
251755, 1574
252639, 1574
268006, 1574
191358, 1573
67308, 1572
85109, 1572
90338, 1572
162386, 1572
179975, 1572
185694, 1572
227734, 1571
99779, 1569
151564, 1569
169909, 1569
281523, 1569
177682, 1566
91236, 1565
117786, 1562
33888, 1558
42166, 1558
70874, 1558
96732, 1558
97554, 1558
138158, 1558
203114, 1558
226850, 1558
250755, 1558
134217, 1556
234232, 1555
92936, 1553
97266, 1553
141242, 1553
144375, 1553
38141, 1552
187568, 1548
57569, 1546
85776, 1546
204235, 1546
188010, 1545
87254, 1543
124560, 1543
147117, 1543
226566, 1543
230823, 1543
252072, 1543
292719, 1543
162609, 1542
275288, 1542
197264, 1541
235923, 1533
110454, 1532
169640, 1531
41705, 1529
57006, 1528
260991, 1528
52166, 1526
42278, 1525
48267, 1525
112691, 1525
196062, 1525
236369, 1525
293700, 1525
161795, 1524
219079, 1524
293993, 1524
294252, 1524
26185, 1523
167932, 1519
81571, 1518
259130, 1518
10831, 1516
12202, 1516
55974, 1516
233903, 1516
227643, 1515
51956, 1513
59003, 1513
68877, 1513
91376, 1513
121994, 1513
159936, 1513
163801, 1513
208242, 1513
240491, 1513
244810, 1513
251486, 1513
266862, 1513
271010, 1513
273825, 1513
24789, 1512
102792, 1512
115535, 1512
137044, 1512
165598, 1512
223460, 1512
223699, 1512
237243, 1512
248901, 1512
248956, 1512
287400, 1512
188705, 1509
8993, 1508
103212, 1508
143174, 1508
213931, 1508
275442, 1508
141045, 1506
161927, 1506
172183, 1506
264150, 1506
271619, 1505
274526, 1505
49462, 1504
181700, 1502
218640, 1502
238723, 1502
294048, 1502
221287, 1501
243282, 1501
280066, 1501
67598, 1500
68063, 1500
98444, 1500
117106, 1500
145888, 1500
263296, 1500
264668, 1500
273802, 1500
251054, 1498
23156, 1497
284596, 1497
70800, 1496
174782, 1496
243265, 1496
4048, 1495
16099, 1495
119010, 1495
123663, 1495
138655, 1495
232849, 1495
246419, 1495
15855, 1493
73218, 1493
199417, 1493
204772, 1493
235894, 1493
282450, 1493
136686, 1492
207746, 1492
126715, 1491
198346, 1491
250697, 1491
17278, 1488
136321, 1488
67487, 1487
68035, 1487
260506, 1487
22161, 1485
97435, 1485
110834, 1485
115349, 1485
131115, 1485
151427, 1485
172034, 1485
178497, 1485
204424, 1485
221886, 1485
245076, 1485
269305, 1485
287373, 1485
295817, 1485
178029, 1484
75179, 1483
141916, 1483
21512, 1482
292420, 1482
292741, 1482
285794, 1481
23668, 1479
69963, 1479
80259, 1479
86321, 1479
147400, 1479
150832, 1479
243244, 1479
244212, 1479
259528, 1479
273333, 1479
282677, 1479
277106, 1476
281038, 1476
37435, 1474
115475, 1474
135232, 1474
20174, 1472
40748, 1472
35241, 1471
150754, 1471
9361, 1469
14648, 1469
32371, 1469
43033, 1469
50690, 1469
63283, 1469
72282, 1469
94965, 1469
100136, 1469
100434, 1469
100863, 1469
110526, 1469
113201, 1469
127582, 1469
134358, 1469
134958, 1469
139482, 1469
155730, 1469
157379, 1469
157601, 1469
159767, 1469
182349, 1469
186061, 1469
215884, 1469
218400, 1469
227663, 1469
243987, 1469
245438, 1469
248371, 1469
249255, 1469
251972, 1469
254743, 1469
271713, 1469
275155, 1469
286939, 1469
28082, 1468
45018, 1468
125022, 1467
183510, 1467
207801, 1467
256048, 1467
260102, 1467
7688, 1466
9232, 1466
12077, 1466
14502, 1466
17939, 1466
18062, 1466
22157, 1466
54514, 1466
55534, 1466
69419, 1466
83172, 1466
132910, 1466
157872, 1466
271173, 1466
60414, 1465
181881, 1465
184893, 1465
67164, 1463
207170, 1462
252242, 1461
113375, 1460
215528, 1460
249687, 1460
291208, 1460
236742, 1459
28999, 1457
278750, 1457
92348, 1456
69780, 1455
99498, 1455
13974, 1454
63784, 1454
108774, 1454
136091, 1454
159576, 1454
179176, 1454
201899, 1454
208233, 1454
248100, 1454
276651, 1454
70306, 1453
71265, 1453
194093, 1453
288838, 1453
59721, 1452
66505, 1452
250869, 1452
166520, 1450
8642, 1449
149326, 1449
150341, 1449
161152, 1449
172888, 1449
180333, 1449
208141, 1449
214309, 1449
224614, 1449
241346, 1449
251845, 1449
254891, 1449
255079, 1449
256427, 1449
273895, 1449
282216, 1449
292173, 1449
240433, 1448
273811, 1448
291244, 1447
7584, 1446
81625, 1446
95720, 1446
157668, 1446
235596, 1446
280129, 1446
115710, 1445
135352, 1445
197909, 1445
252026, 1445
289166, 1445
104712, 1444
290067, 1443
144137, 1442
145645, 1442
145748, 1441
189596, 1441
199424, 1441
253400, 1441
258279, 1441
275727, 1441
32899, 1440
150532, 1440
82769, 1438
94736, 1438
172237, 1438
212283, 1438
226084, 1438
242874, 1438
26608, 1437
127886, 1437
170804, 1437
279414, 1437
28131, 1434
132431, 1434
278782, 1434
72158, 1433
195865, 1433
210950, 1433
31559, 1432
68004, 1432
111096, 1432
155564, 1432
287379, 1432
238991, 1431
269513, 1430
264470, 1429
136816, 1428
208354, 1428
120683, 1427
202046, 1427
133700, 1424
20373, 1423
23920, 1422
34306, 1422
82074, 1422
146494, 1422
23607, 1421
30525, 1421
201252, 1421
220385, 1421
24439, 1420
189330, 1420
205254, 1419
28237, 1418
82994, 1418
134054, 1417
296538, 1414
3771, 1412
62238, 1412
198305, 1411
205745, 1411
232805, 1411
288537, 1411
288939, 1411
91708, 1408
132366, 1408
4990, 1407
5110, 1407
5362, 1407
5445, 1407
5888, 1407
5926, 1407
50918, 1407
53892, 1407
59485, 1407
109559, 1407
153662, 1407
155030, 1407
169113, 1407
171397, 1407
187393, 1407
226879, 1407
244666, 1407
258837, 1407
178021, 1406
273245, 1406
25731, 1405
123801, 1405
133634, 1405
147202, 1405
169515, 1405
252778, 1405
254914, 1405
261976, 1405
290212, 1403
42442, 1399
162637, 1399
193809, 1399
42623, 1398
99118, 1398
34290, 1397
138288, 1397
223421, 1397
49857, 1396
252376, 1396
162741, 1394
190640, 1394
33149, 1393
108095, 1393
129279, 1393
143686, 1391
174314, 1390
6331, 1389
6457, 1389
179411, 1389
255003, 1389
282644, 1389
39464, 1388
106825, 1388
108569, 1388
116644, 1388
182164, 1388
200096, 1388
208538, 1388
209390, 1388
241944, 1388
246388, 1388
247393, 1388
248664, 1388
256232, 1388
264042, 1388
292378, 1388
195921, 1385
16791, 1384
246201, 1384
104607, 1383
130798, 1383
215460, 1383
120378, 1382
97377, 1378
179313, 1378
209601, 1378
4579, 1376
138519, 1376
155077, 1376
164059, 1376
195298, 1376
198282, 1376
221878, 1376
242352, 1376
273545, 1376
279285, 1376
285853, 1376
148416, 1374
165733, 1374
292666, 1374
34679, 1373
183408, 1373
94915, 1372
77194, 1371
82132, 1371
86261, 1371
100571, 1371
117608, 1371
120467, 1371
131453, 1371
145965, 1371
167107, 1371
169043, 1371
204862, 1371
32240, 1370
36466, 1370
65312, 1370
170392, 1370
240298, 1370
99195, 1369
214539, 1369
6084, 1368
6222, 1368
6336, 1368
6500, 1368
6656, 1368
6763, 1368
6857, 1368
6940, 1368
7146, 1368
7255, 1368
58925, 1368
61139, 1368
66307, 1368
71103, 1368
72573, 1368
181383, 1368
182156, 1368
211518, 1368
235435, 1368
252248, 1368
268489, 1368
291569, 1368
82034, 1366
134823, 1366
254354, 1366
283441, 1366
25535, 1364
27688, 1364
29410, 1364
29838, 1364
40485, 1364
43289, 1364
53610, 1364
55163, 1364
71440, 1364
131914, 1364
132359, 1364
148182, 1364
148585, 1364
156967, 1364
156974, 1364
161809, 1364
172792, 1364
197201, 1364
197574, 1364
197743, 1364
206225, 1364
220424, 1364
221428, 1364
221611, 1364
243036, 1364
252341, 1364
255569, 1364
271804, 1364
281479, 1364
294100, 1364
159797, 1363
21613, 1361
249978, 1361
69804, 1358
203370, 1358
283359, 1358
36653, 1357
48385, 1357
68091, 1357
84590, 1357
94793, 1357
108477, 1357
208067, 1357
224425, 1357
282689, 1357
9007, 1356
203711, 1356
46260, 1354
49847, 1354
56871, 1354
84378, 1354
120660, 1354
123952, 1354
222963, 1354
252388, 1354
166101, 1353
291196, 1352
30176, 1350
73452, 1350
111010, 1350
153342, 1346
184176, 1345
212768, 1344
281216, 1344
98166, 1343
7228, 1341
130177, 1341
137719, 1341
155005, 1341
212646, 1341
217475, 1341
159443, 1339
177265, 1338
222116, 1338
31076, 1337
51829, 1337
115094, 1337
124956, 1337
154685, 1337
192803, 1337
204165, 1337
242955, 1337
252672, 1337
282145, 1337
284274, 1337
52803, 1336
158868, 1336
47647, 1335
90388, 1335
103933, 1335
207565, 1335
211038, 1335
219565, 1335
263809, 1335
159483, 1334
279902, 1334
153486, 1333
110313, 1332
251947, 1332
58939, 1330
197908, 1330
272560, 1330
55187, 1329
56764, 1329
65990, 1329
143181, 1329
146359, 1329
162292, 1329
172382, 1329
183366, 1329
207002, 1329
224964, 1329
54933, 1328
136343, 1328
152897, 1328
281415, 1328
13759, 1327
27568, 1327
99567, 1327
133834, 1327
201304, 1327
243720, 1327
190730, 1326
79792, 1325
86034, 1325
91863, 1325
217404, 1325
284851, 1325
6637, 1322
49455, 1322
149564, 1322
167285, 1322
195420, 1322
220065, 1322
242642, 1322
254429, 1322
279220, 1322
130331, 1321
188447, 1321
246448, 1321
251584, 1321
271958, 1321
286306, 1321
290162, 1321
125038, 1319
173935, 1319
42366, 1318
213349, 1318
25872, 1317
151917, 1317
236854, 1317
88222, 1315
173151, 1315
215690, 1315
44114, 1314
75805, 1314
179603, 1314
257979, 1314
114395, 1313
127970, 1313
147571, 1313
160529, 1313
259826, 1313
271072, 1313
283563, 1313
83473, 1311
137674, 1310
235341, 1310
146323, 1309
156452, 1309
170455, 1309
223946, 1309
7302, 1307
243531, 1306
16093, 1305
47427, 1305
51271, 1305
81176, 1305
132666, 1305
175268, 1305
181646, 1305
184971, 1305
146450, 1304
241385, 1304
134492, 1303
262941, 1303
270682, 1303
33779, 1302
141165, 1302
151952, 1302
99039, 1301
102582, 1301
122508, 1301
192796, 1301
216612, 1301
130745, 1300
140027, 1300
208104, 1300
210925, 1300
218763, 1300
194816, 1299
233595, 1298
3115, 1297
3167, 1297
3238, 1297
3312, 1297
31249, 1297
40420, 1297
109690, 1297
274484, 1296
92838, 1295
105128, 1295
132035, 1295
208277, 1295
238502, 1295
253667, 1295
171994, 1294
269963, 1294
241051, 1290
260934, 1290
110967, 1289
208376, 1288
221731, 1288
291969, 1288
21102, 1287
64289, 1287
70686, 1287
81996, 1287
82043, 1287
91446, 1287
91598, 1287
105050, 1287
128462, 1287
133229, 1287
155165, 1287
181422, 1287
236393, 1287
87018, 1286
129309, 1286
230423, 1286
180347, 1284
181086, 1284
67342, 1281
190752, 1281
195351, 1281
291502, 1281
42033, 1280
61733, 1280
87550, 1280
88018, 1280
89445, 1280
196166, 1280
242956, 1280
252298, 1280
253076, 1280
268308, 1280
270079, 1280
271006, 1280
272773, 1280
241404, 1279
196784, 1277
200817, 1277
291684, 1276
180391, 1274
288711, 1274
249011, 1273
276877, 1273
254708, 1272
13467, 1268
47662, 1268
102807, 1268
123006, 1268
185293, 1267
12325, 1266
76118, 1266
92805, 1266
291806, 1266
40806, 1265
85434, 1265
110824, 1265
134699, 1265
267145, 1265
273588, 1265
90222, 1263
142079, 1263
292951, 1261
295491, 1260
92933, 1259
98498, 1259
148331, 1259
153322, 1259
176637, 1259
211244, 1259
55654, 1258
67110, 1258
72076, 1258
79489, 1258
83083, 1258
111418, 1258
175494, 1258
190448, 1258
204711, 1258
263962, 1258
156377, 1257
4984, 1256
5866, 1256
5962, 1256
6514, 1256
6797, 1256
7010, 1256
7080, 1256
7320, 1256
42635, 1256
55316, 1256
56289, 1256
60315, 1256
72536, 1256
155410, 1256
228795, 1256
112116, 1254
223497, 1254
236335, 1254
280985, 1254
283345, 1254
151846, 1253
177597, 1253
183633, 1253
3179, 1252
40348, 1252
48021, 1252
91055, 1251
165734, 1251
178017, 1251
192397, 1251
198473, 1251
224432, 1251
262183, 1251
155184, 1250
175302, 1250
227292, 1250
246575, 1250
269782, 1250
5139, 1247
148779, 1247
253974, 1247
13559, 1246
15737, 1246
16149, 1246
16605, 1246
16723, 1246
102045, 1246
136979, 1246
138674, 1246
151379, 1246
198529, 1246
225136, 1246
264578, 1246
81875, 1245
200659, 1245
201210, 1245
266581, 1245
48858, 1244
243413, 1244
285712, 1244
52480, 1243
153635, 1243
168323, 1243
211706, 1243
219122, 1243
226435, 1243
250767, 1243
294797, 1243
133676, 1242
212775, 1242
260319, 1242
150069, 1241
184618, 1241
25520, 1240
219445, 1240
236602, 1240
17374, 1239
55889, 1239
28793, 1238
115977, 1238
34090, 1237
181305, 1237
206902, 1237
57075, 1236
116460, 1236
119456, 1236
166330, 1236
187825, 1236
274992, 1236
285305, 1236
290141, 1236
52957, 1235
69992, 1235
196563, 1235
229112, 1235
285195, 1235
293033, 1235
84291, 1233
126972, 1232
286296, 1232
71717, 1231
155017, 1231
44758, 1230
112262, 1230
192382, 1230
220458, 1230
289309, 1230
139552, 1229
209964, 1228
11379, 1227
134074, 1227
152271, 1227
216791, 1227
224374, 1227
18116, 1226
95070, 1226
244789, 1226
196292, 1223
256519, 1223
125745, 1222
154423, 1222
174036, 1222
74687, 1221
159560, 1221
191127, 1221
288225, 1221
67935, 1220
890, 1219
8881, 1219
9203, 1219
116900, 1219
178203, 1219
37742, 1218
56552, 1218
175366, 1218
235805, 1218
158111, 1217
192948, 1217
7471, 1216
7633, 1216
183908, 1216
228536, 1216
15156, 1215
15760, 1215
15916, 1215
41754, 1215
46084, 1215
60536, 1215
83890, 1215
85400, 1215
102018, 1215
137749, 1215
152206, 1215
191391, 1215
218180, 1215
277398, 1215
129176, 1213
11084, 1212
66275, 1212
105080, 1212
214962, 1212
45622, 1211
58907, 1211
219547, 1211
292901, 1211
115281, 1210
123474, 1210
131964, 1210
275901, 1210
75196, 1209
92388, 1209
135539, 1209
199369, 1209
208068, 1209
220304, 1209
14688, 1208
21622, 1208
177047, 1208
221621, 1208
161564, 1207
252309, 1205
136643, 1204
200865, 1204
210934, 1204
13348, 1203
40685, 1203
98858, 1203
105798, 1203
137875, 1203
140218, 1203
277970, 1203
92167, 1202
136026, 1202
150263, 1202
203501, 1202
207054, 1202
210594, 1202
248378, 1202
275953, 1202
220018, 1201
269922, 1201
7366, 1200
30253, 1200
172992, 1200
177951, 1200
91956, 1199
184767, 1199
204620, 1199
275489, 1199
37769, 1197
117602, 1197
195828, 1197
221326, 1197
260600, 1197
7564, 1194
8249, 1194
8389, 1194
8565, 1194
8952, 1194
9398, 1194
9534, 1194
9538, 1194
9800, 1194
9801, 1194
10168, 1194
68559, 1194
74049, 1194
133910, 1194
92634, 1193
146700, 1193
161683, 1193
248854, 1193
58096, 1192
100566, 1192
200348, 1192
223599, 1191
229824, 1191
150876, 1190
162651, 1190
8226, 1188
236349, 1188
104433, 1187
112434, 1187
115948, 1187
116441, 1187
124032, 1187
133556, 1187
216215, 1187
42815, 1186
79785, 1186
125803, 1186
230451, 1185
102113, 1184
177928, 1183
247847, 1183
247942, 1183
282610, 1183
92965, 1182
98170, 1182
12473, 1181
14171, 1181
14334, 1181
119893, 1181
132533, 1181
267614, 1181
273743, 1181
13833, 1180
16225, 1180
17298, 1180
71637, 1180
76337, 1180
97165, 1180
105148, 1180
175934, 1180
188217, 1180
214533, 1180
291926, 1180
293018, 1180
46647, 1179
210202, 1179
22626, 1178
48611, 1178
153677, 1178
7680, 1177
10518, 1177
15894, 1176
34068, 1176
45277, 1176
75386, 1176
95976, 1176
137725, 1176
164874, 1176
168659, 1176
185026, 1176
239494, 1176
247988, 1176
273379, 1176
12994, 1175
16567, 1175
16782, 1175
16886, 1175
75067, 1172
120805, 1172
201159, 1172
187326, 1171
292749, 1171
15255, 1170
15933, 1170
16021, 1170
40445, 1170
222920, 1170
15456, 1169
15952, 1169
16048, 1169
16059, 1169
16196, 1169
16478, 1169
16938, 1169
16942, 1169
133225, 1169
217665, 1169
28329, 1168
116245, 1168
123482, 1168
9456, 1167
18924, 1167
94725, 1167
119402, 1167
149417, 1167
10883, 1166
44574, 1166
53936, 1165
217352, 1165
35920, 1164
110264, 1164
226061, 1164
14179, 1163
14333, 1163
14455, 1163
14932, 1163
92761, 1161
35594, 1160
178469, 1159
270784, 1159
4385, 1158
79771, 1158
181070, 1158
261094, 1157
238967, 1155
256289, 1155
267143, 1155
192494, 1154
198440, 1154
212081, 1154
249600, 1154
208857, 1153
125168, 1151
157790, 1150
208317, 1150
231728, 1150
7236, 1148
141312, 1148
149328, 1148
211169, 1148
249257, 1148
12659, 1147
14616, 1147
14987, 1147
15330, 1147
15356, 1147
16671, 1147
38236, 1146
63928, 1146
115800, 1146
176280, 1146
245016, 1146
250649, 1146
208922, 1145
127242, 1143
146758, 1143
229445, 1143
231411, 1143
242245, 1143
33462, 1142
217232, 1142
269644, 1142
69890, 1140
87183, 1140
40566, 1139
80935, 1139
96953, 1139
107235, 1139
127338, 1139
155575, 1139
203716, 1139
250636, 1139
51367, 1137
82402, 1137
224708, 1137
269946, 1137
276418, 1137
290382, 1137
36892, 1135
74397, 1135
115509, 1135
163497, 1135
268280, 1135
182024, 1134
287232, 1134
86056, 1133
155376, 1133
262701, 1133
71146, 1132
164235, 1132
199252, 1132
253908, 1132
263034, 1132
8967, 1131
36821, 1131
78150, 1131
116254, 1131
128015, 1131
146899, 1131
191371, 1131
229911, 1131
244843, 1131
73582, 1130
76526, 1130
78014, 1130
100283, 1130
105592, 1130
108518, 1130
135083, 1130
144117, 1130
148092, 1130
158744, 1130
159255, 1130
170115, 1130
173348, 1130
177869, 1130
243869, 1130
246987, 1130
253790, 1130
278115, 1130
284401, 1130
291421, 1130
13129, 1129
14358, 1129
59597, 1129
225331, 1129
148342, 1128
258172, 1128
287240, 1128
89565, 1127
6992, 1126
7117, 1126
7216, 1126
7288, 1126
7459, 1126
7568, 1126
7687, 1126
7697, 1126
7900, 1126
55796, 1126
56963, 1126
73521, 1126
81278, 1126
121155, 1126
167540, 1126
199491, 1126
249928, 1126
85531, 1125
96018, 1125
99787, 1125
100569, 1125
109108, 1125
140242, 1125
169081, 1125
177918, 1125
183838, 1125
215521, 1125
221780, 1125
244249, 1125
282886, 1125
58466, 1124
77937, 1124
117323, 1124
191874, 1124
272996, 1124
282493, 1124
288891, 1124
9985, 1121
11474, 1121
11614, 1121
11840, 1121
11950, 1121
12577, 1121
13835, 1121
13956, 1121
15689, 1121
17106, 1121
17133, 1121
117447, 1121
150258, 1120
228954, 1120
264213, 1119
292994, 1119
230909, 1118
241017, 1118
229781, 1117
289983, 1117
153745, 1116
83421, 1115
106271, 1115
223944, 1114
261441, 1114
157827, 1112
131202, 1111
65611, 1110
160408, 1110
242961, 1110
279881, 1110
6429, 1109
9918, 1109
10053, 1109
93275, 1109
174641, 1109
282490, 1109
124713, 1108
223789, 1108
11380, 1106
111606, 1106
254602, 1106
284814, 1106
200413, 1105
25580, 1103
39485, 1103
109633, 1103
195055, 1103
256466, 1103
98089, 1102
149615, 1102
202146, 1102
7772, 1101
16892, 1101
69064, 1101
94743, 1101
101160, 1101
158877, 1101
165202, 1101
216755, 1101
245766, 1101
6867, 1100
262573, 1100
9277, 1099
160294, 1099
197302, 1098
12260, 1097
12515, 1097
104203, 1097
110056, 1097
286570, 1097
23918, 1096
70338, 1096
105764, 1096
197286, 1096
214155, 1096
245565, 1096
281996, 1096
10865, 1095
16132, 1095
75891, 1095
233440, 1095
236232, 1095
85035, 1094
93309, 1094
94792, 1094
124022, 1094
140527, 1094
148077, 1094
179428, 1094
207989, 1094
210033, 1094
214797, 1094
253072, 1094
281443, 1094
119148, 1093
160483, 1093
252238, 1093
253803, 1093
283594, 1093
64642, 1092
123402, 1092
206813, 1092
71260, 1091
10604, 1089
11900, 1089
12291, 1089
295799, 1089
11165, 1088
11813, 1088
12812, 1088
13095, 1088
13811, 1088
97362, 1088
179780, 1088
221065, 1088
230363, 1088
239999, 1088
246580, 1088
281409, 1088
151088, 1087
91348, 1086
112360, 1086
218496, 1086
156537, 1085
60484, 1084
89153, 1084
175387, 1084
111631, 1083
119676, 1083
125952, 1083
144447, 1083
152514, 1083
162229, 1083
196340, 1083
224675, 1083
225054, 1083
241614, 1083
250244, 1083
258246, 1083
265390, 1083
75104, 1082
91600, 1082
149594, 1082
270988, 1082
146199, 1081
15375, 1079
101140, 1079
121860, 1079
252390, 1079
223549, 1078
290322, 1078
16091, 1077
16815, 1077
17486, 1077
18469, 1077
179775, 1077
12154, 1076
12292, 1076
203897, 1076
91204, 1074
207176, 1074
245880, 1074
78409, 1073
85450, 1073
228370, 1073
19093, 1072
127566, 1072
178213, 1072
179472, 1072
209771, 1072
278889, 1072
7061, 1071
7101, 1071
54796, 1071
166201, 1071
119459, 1070
35766, 1069
56177, 1069
107000, 1069
169622, 1069
184638, 1069
165595, 1067
113816, 1066
41647, 1065
61098, 1065
73603, 1065
103173, 1065
109091, 1065
125050, 1065
132265, 1065
186957, 1065
210321, 1065
218678, 1065
220226, 1065
221236, 1065
251234, 1065
265304, 1065
294436, 1065
16858, 1064
128760, 1064
246411, 1064
295847, 1064
126567, 1063
270228, 1063
26083, 1062
141870, 1062
222787, 1062
216867, 1060
230769, 1060
27987, 1059
60556, 1059
100712, 1059
125912, 1059
179681, 1059
254964, 1059
1643, 1058
75084, 1058
216530, 1058
128739, 1057
37595, 1056
39114, 1056
93508, 1056
111857, 1056
201285, 1056
201795, 1056
203862, 1056
67219, 1055
98513, 1055
129634, 1055
175871, 1055
216684, 1055
252518, 1055
255735, 1055
234684, 1054
16550, 1052
17015, 1052
17994, 1052
62764, 1052
67161, 1051
85447, 1051
85699, 1051
91528, 1051
100510, 1051
131279, 1051
133072, 1051
137367, 1051
137783, 1051
156070, 1051
177664, 1051
178377, 1051
180668, 1051
185171, 1051
192114, 1051
195409, 1051
207371, 1051
208133, 1051
240107, 1051
289333, 1051
295264, 1051
50714, 1049
72047, 1049
75610, 1049
87408, 1049
107141, 1049
125981, 1049
138049, 1049
174488, 1049
191110, 1049
281323, 1049
7157, 1048
10299, 1048
149578, 1048
231166, 1048
2233, 1046
199440, 1046
285956, 1045
86293, 1044
109455, 1044
80451, 1043
129432, 1043
161058, 1043
223159, 1043
244849, 1043
255516, 1043
28030, 1042
29661, 1042
44577, 1042
54463, 1042
68026, 1042
68459, 1042
107704, 1042
233274, 1042
252588, 1042
295676, 1042
39458, 1041
57578, 1040
79364, 1040
83997, 1040
110101, 1040
120723, 1040
137924, 1040
190255, 1040
256580, 1040
262339, 1040
291675, 1040
294855, 1040
168588, 1039
17706, 1038
227665, 1038
51205, 1037
177424, 1037
204643, 1037
235753, 1037
250995, 1037
276519, 1037
24775, 1036
181796, 1036
85356, 1035
113056, 1035
164878, 1035
217697, 1035
268383, 1035
283880, 1035
25716, 1034
54389, 1034
70479, 1034
127235, 1034
139612, 1034
141624, 1034
146740, 1034
162748, 1034
169182, 1034
184875, 1034
187683, 1034
220191, 1034
237636, 1034
252192, 1034
285073, 1034
23404, 1033
43013, 1033
264699, 1033
55820, 1032
125946, 1032
149894, 1032
153700, 1032
180251, 1032
239845, 1032
244084, 1032
149504, 1031
188527, 1031
243663, 1031
247571, 1031
259614, 1031
160331, 1030
194030, 1030
234286, 1030
132515, 1029
216189, 1029
288604, 1029
18231, 1028
34237, 1028
39814, 1028
51353, 1028
70661, 1028
73785, 1028
115605, 1028
142845, 1028
202002, 1028
222594, 1028
229577, 1028
237409, 1028
262230, 1028
277576, 1028
30461, 1027
31274, 1027
194884, 1027
103624, 1025
244062, 1025
76257, 1024
92057, 1024
95535, 1024
107556, 1024
152594, 1024
155672, 1024
170376, 1024
174986, 1024
179512, 1024
202436, 1024
209354, 1024
211072, 1024
216011, 1024
216779, 1024
219660, 1024
222987, 1024
231674, 1024
239887, 1024
240161, 1024
243759, 1024
250647, 1024
252271, 1024
253190, 1024
255783, 1024
256710, 1024
257649, 1024
267436, 1024
285855, 1024
290593, 1024
294158, 1024
296354, 1024
296374, 1024
9597, 1023
65770, 1023
14460, 1022
18112, 1022
101909, 1022
253506, 1022
38312, 1021
67511, 1021
68497, 1021
139990, 1021
168368, 1021
195615, 1021
207211, 1021
221251, 1021
218375, 1019
244820, 1019
55451, 1018
158315, 1018
88049, 1017
163068, 1017
167824, 1017
178681, 1017
196617, 1017
223222, 1017
237290, 1017
253337, 1017
261571, 1017
58204, 1016
121505, 1016
151704, 1016
260333, 1016
79934, 1015
108190, 1015
165180, 1015
192419, 1015
245338, 1015
257987, 1015
102824, 1014
272686, 1014
13917, 1013
50319, 1013
52815, 1013
57956, 1013
102748, 1013
138205, 1013
141547, 1013
143118, 1013
143938, 1013
220986, 1013
232749, 1013
50078, 1012
286961, 1012
71797, 1011
105274, 1011
108885, 1011
119008, 1011
145493, 1011
151255, 1011
168024, 1011
81087, 1009
91437, 1009
91811, 1009
137362, 1009
159602, 1009
183364, 1009
184677, 1009
197839, 1009
227723, 1009
175843, 1008
233600, 1008
249723, 1008
289725, 1008
66316, 1007
84505, 1007
104337, 1007
184216, 1007
20052, 1006
153458, 1006
177687, 1006
48760, 1005
59158, 1005
95131, 1005
102532, 1005
120491, 1005
120631, 1005
127187, 1005
133240, 1005
138556, 1005
143508, 1005
153098, 1005
154774, 1005
174395, 1005
186629, 1005
187607, 1005
196963, 1005
198261, 1005
217155, 1005
223443, 1005
233159, 1005
236199, 1005
236325, 1005
244573, 1005
245008, 1005
254115, 1005
256235, 1005
261427, 1005
261727, 1005
262345, 1005
264947, 1005
268808, 1005
271290, 1005
276527, 1005
278825, 1005
283428, 1005
287421, 1005
288578, 1005
290651, 1005
291281, 1005
291638, 1005
293894, 1005
171168, 1004
280794, 1004
12907, 1003
18161, 1003
69509, 1003
93718, 1002
108413, 1002
124458, 1002
134618, 1002
164509, 1002
171649, 1002
206491, 1002
211147, 1002
226953, 1002
202829, 1000
