1729, 132789
1907, 132789
1938, 132789
1803, 130516
1835, 130516
1609, 128291
1759, 128291
1937, 123174
2042, 123174
1910, 122959
2010, 122959
2019, 122959
1821, 122058
1867, 122058
1621, 112576
1686, 112576
1920, 79081
1964, 79081
1359, 77423
1311, 74378
996, 71783
934, 70954
1001, 70954
962, 70801
166844, 70391
184747, 70391
188528, 70391
201918, 70391
254567, 70391
193751, 70378
164432, 70036
203107, 70036
1778, 69954
84, 69758
122, 69758
124, 69758
140, 69758
146, 69758
218, 69758
43138, 69758
43457, 69758
43975, 69758
51837, 69758
54559, 69758
57249, 69758
73436, 69758
1275, 69721
1312, 69721
1343, 69721
1162, 69444
78069, 69444
81416, 69444
1949, 69010
2162, 69010
174752, 68899
186779, 68899
188367, 68899
200107, 68899
217176, 68899
220329, 68899
221134, 68899
221361, 68899
236465, 68899
237386, 68899
252230, 68899
256644, 68899
278558, 68899
1015, 68628
2027, 68589
1330, 68274
1387, 68274
913, 68218
939, 68218
1439, 68020
1733, 67806
154098, 67724
966, 67643
1021, 67643
117341, 67262
193965, 67262
104, 67201
117, 67201
168, 67201
223, 67201
1680, 67201
136407, 67201
139, 66904
143, 66904
2020, 66516
2155, 66516
108926, 66512
110680, 66512
114980, 66512
115172, 66512
121066, 66512
135482, 66512
139661, 66512
144450, 66512
146335, 66512
2201, 66458
2435, 66458
1471, 66313
1496, 66313
1448, 66245
1284, 66210
1467, 66210
1372, 66116
1557, 66116
1551, 65562
2034, 65562
253, 65498
314, 65498
351, 65498
42424, 65498
44794, 65498
45346, 65498
45809, 65498
54473, 65498
60381, 65498
76419, 65498
83183, 65498
99085, 65498
267781, 65498
969, 65445
1046, 65445
713, 65022
1357, 64495
1363, 64495
2365, 64306
2402, 64306
810, 64232
861, 64232
869, 64232
931, 64232
1368, 63840
1642, 63833
283990, 63498
1167, 62944
2342, 62944
2479, 62694
2560, 62694
916, 62440
827, 62068
903, 62068
959, 62068
216455, 62046
276645, 61853
1316, 61573
291021, 61467
1706, 61415
1136, 61363
1138, 61363
1313, 61233
242081, 60742
86076, 60147
212115, 60146
355, 59895
1233, 59756
1238, 59752
2545, 59540
262, 59240
2099, 58842
2532, 58842
3327, 58791
3519, 58791
2801, 58299
3028, 58299
3064, 58299
3068, 58299
3125, 58299
3177, 58299
85106, 58299
95302, 58299
105869, 58299
146544, 58299
175463, 58299
214330, 58299
215603, 58299
248985, 58299
1098, 58291
185509, 57618
186840, 57618
2912, 57499
2730, 57448
2803, 57448
2887, 57448
2947, 57448
3047, 57230
44187, 57230
3055, 56650
3248, 56650
3298, 56650
3455, 56650
3525, 56650
31694, 56650
3183, 55070
269, 53666
561, 53336
575, 53336
577, 53336
614, 53336
752, 53204
764, 53204
798, 53204
217140, 52708
621, 51076
620, 50943
683, 50943
448, 42797
479, 39962
513, 39901
517, 39901
25605, 4961
45720, 4961
68325, 4961
86459, 4961
97125, 4961
100874, 4961
108992, 4961
121274, 4961
138826, 4961
143699, 4961
148979, 4961
180237, 4961
202067, 4961
228186, 4961
233928, 4961
242053, 4961
268991, 4961
270029, 4961
281059, 4961
287200, 4961
291315, 4961
57490, 4923
57793, 4923
64864, 4923
67012, 4923
88519, 4923
98499, 4923
121232, 4923
121533, 4923
126955, 4923
144096, 4923
144839, 4923
167856, 4923
203276, 4923
210195, 4923
212814, 4923
218273, 4923
247551, 4923
291897, 4923
140339, 4911
228161, 4911
288870, 4911
137948, 4664
186104, 4664
202586, 4624
265230, 4623
263389, 4591
295451, 4591
125924, 4330
267275, 4330
218689, 2762
67658, 2692
69925, 2692
70706, 2692
71951, 2692
81516, 2692
141600, 2692
88058, 2675
185732, 2675
209368, 2673
242581, 2673
271374, 2673
277873, 2639
13161, 2620
13196, 2620
14143, 2620
14889, 2620
15042, 2620
15918, 2620
16033, 2620
16912, 2620
16928, 2620
17656, 2620
17773, 2620
20187, 2620
20193, 2620
21817, 2620
22267, 2620
23874, 2620
26410, 2620
28142, 2620
29185, 2620
29579, 2620
29843, 2620
34693, 2620
54672, 2620
67439, 2620
279708, 2620
82503, 2609
88515, 2609
161608, 2609
166783, 2609
172191, 2609
181357, 2609
181561, 2609
197545, 2609
218669, 2609
243970, 2609
277471, 2609
296062, 2609
20787, 2599
20944, 2599
21352, 2599
21770, 2599
25627, 2599
276297, 2599
283107, 2599
71501, 2590
36382, 2574
38336, 2574
39042, 2574
39137, 2574
39266, 2574
39309, 2574
40021, 2574
40366, 2574
42213, 2574
42350, 2574
43270, 2574
52047, 2574
53604, 2574
275624, 2574
121319, 2567
135785, 2567
140860, 2567
161566, 2567
164119, 2567
168735, 2567
171023, 2567
190895, 2567
191071, 2567
207289, 2567
230204, 2567
240424, 2567
241060, 2567
255782, 2567
259964, 2567
287684, 2567
296509, 2567
38651, 2561
62841, 2561
66006, 2561
88425, 2561
160118, 2561
34571, 2559
156163, 2559
244158, 2559
27617, 2558
35165, 2558
42668, 2558
96122, 2558
243329, 2557
246695, 2557
230161, 2554
246543, 2554
250504, 2554
258352, 2554
273189, 2554
191600, 2551
239002, 2549
271637, 2547
169845, 2543
113963, 2542
33292, 2535
33522, 2535
33949, 2535
34061, 2535
34291, 2535
35968, 2535
36915, 2535
37368, 2535
41848, 2535
45386, 2535
45636, 2535
52530, 2535
58557, 2535
117303, 2535
118735, 2535
129999, 2535
166161, 2535
169538, 2535
195488, 2535
246228, 2535
266790, 2535
216347, 2530
43951, 2528
166920, 2528
196329, 2528
209091, 2528
283581, 2528
113393, 2488
252199, 2478
25160, 2455
40947, 2455
108218, 2455
115074, 2455
125742, 2455
128167, 2455
131828, 2455
135527, 2455
162983, 2455
53322, 2445
220661, 2445
279692, 2445
255393, 2441
43176, 2438
43527, 2438
43653, 2438
44398, 2438
50577, 2438
55040, 2438
55322, 2438
60963, 2438
61188, 2438
64699, 2438
68379, 2438
75143, 2438
76388, 2438
84383, 2438
114221, 2438
34172, 2432
53499, 2432
94896, 2432
236484, 2432
237423, 2432
263694, 2432
217174, 2410
111513, 2407
126786, 2407
142029, 2407
212236, 2407
53348, 2381
62795, 2381
107607, 2381
119351, 2381
128726, 2381
180975, 2381
243038, 2381
271064, 2381
280575, 2381
152225, 2363
184144, 2363
250725, 2360
155229, 2359
235971, 2359
127073, 2356
74572, 2342
168756, 2340
204415, 2340
92620, 2336
134263, 2329
185500, 2329
195001, 2329
227081, 2329
243865, 2329
245873, 2329
252533, 2329
272198, 2329
283168, 2329
284331, 2329
130884, 2322
279408, 2312
88077, 2308
186226, 2308
274302, 2308
276896, 2308
36233, 2297
273886, 2296
32692, 2286
38201, 2286
38884, 2286
39704, 2286
218799, 2286
265886, 2286
191670, 2274
71412, 2273
134640, 2273
137958, 2273
140608, 2273
174755, 2273
187928, 2273
64572, 2261
275078, 2261
92604, 2258
81394, 2256
106143, 2256
171315, 2256
207085, 2256
249898, 2256
265327, 2256
86927, 2246
280221, 2245
241257, 2237
85719, 2235
187748, 2235
80945, 2234
82506, 2234
84156, 2234
89898, 2234
97945, 2234
99378, 2234
100508, 2234
100770, 2234
105290, 2234
108949, 2234
110897, 2234
114422, 2234
136662, 2233
56906, 2232
72641, 2232
89015, 2232
95690, 2232
99426, 2232
108229, 2232
120596, 2232
127966, 2232
157587, 2232
185088, 2232
192778, 2232
199964, 2232
213111, 2232
214190, 2232
217479, 2232
228793, 2232
231080, 2232
249051, 2232
276956, 2232
279320, 2232
162713, 2231
16973, 2226
41559, 2220
101487, 2220
77678, 2218
194764, 2218
79152, 2216
93313, 2216
248633, 2216
108902, 2213
216506, 2213
218867, 2213
251129, 2213
121578, 2211
181956, 2206
244449, 2206
25672, 2205
33287, 2205
69867, 2205
87732, 2205
98764, 2205
103658, 2205
155557, 2205
217418, 2205
242687, 2205
266872, 2205
35139, 2203
83444, 2203
284307, 2197
148549, 2178
154017, 2178
260134, 2178
46957, 2176
286452, 2169
96696, 2166
211668, 2166
106417, 2165
149829, 2165
197937, 2165
246836, 2165
296115, 2165
118415, 2162
120975, 2162
125999, 2162
128460, 2162
130880, 2162
130900, 2162
132382, 2162
136942, 2162
139039, 2162
145755, 2162
148891, 2162
152361, 2162
156251, 2162
213656, 2161
230990, 2161
235057, 2161
282824, 2161
125387, 2160
194916, 2156
229610, 2156
30271, 2155
196680, 2155
18333, 2149
74599, 2149
249039, 2149
49969, 2148
94952, 2148
129604, 2148
283033, 2147
6104, 2145
7611, 2145
7993, 2145
8442, 2145
9921, 2145
10470, 2145
10948, 2145
44292, 2145
46171, 2145
161042, 2142
179221, 2142
216187, 2142
250557, 2142
61223, 2141
73853, 2141
121930, 2141
130557, 2141
131349, 2141
25726, 2131
39008, 2131
66153, 2131
265475, 2130
95397, 2129
138653, 2129
74112, 2128
146901, 2128
289619, 2128
7573, 2126
132191, 2124
186185, 2124
293499, 2124
163768, 2123
175301, 2112
253212, 2104
89935, 2096
88714, 2094
128454, 2094
193334, 2094
165060, 2093
181624, 2093
195859, 2093
222632, 2085
50982, 2083
218948, 2083
294706, 2083
33225, 2079
59448, 2079
91915, 2079
95253, 2079
186588, 2079
234197, 2079
74492, 2075
204414, 2075
267764, 2075
65203, 2074
67806, 2074
88324, 2074
88745, 2074
105685, 2074
115908, 2074
153542, 2074
193826, 2074
219125, 2074
241543, 2074
260173, 2074
71751, 2071
270576, 2071
172722, 2065
262077, 2063
242492, 2062
162200, 2061
167259, 2061
170010, 2061
177720, 2061
186809, 2061
197328, 2061
231819, 2061
262081, 2060
183434, 2059
6273, 2058
6976, 2058
104550, 2058
230944, 2058
9476, 2057
88562, 2045
99697, 2045
152283, 2045
239077, 2045
50556, 2044
74003, 2044
106745, 2044
3317, 2039
92310, 2039
115099, 2039
187731, 2039
234416, 2039
161000, 2038
193631, 2038
11395, 2037
232191, 2037
45246, 2023
52561, 2023
113939, 2023
183668, 2023
207761, 2023
260113, 2023
71400, 2021
85143, 2021
139978, 2018
144865, 2018
191056, 2016
193990, 2014
122773, 2005
215537, 2000
239848, 1995
38596, 1993
38606, 1992
67631, 1992
101321, 1992
127257, 1992
180099, 1992
237874, 1992
60091, 1990
73535, 1990
109300, 1990
154112, 1990
216066, 1986
269817, 1977
214096, 1975
237647, 1968
139943, 1966
149229, 1966
149972, 1966
156489, 1966
156643, 1966
162044, 1966
179643, 1966
192852, 1966
201155, 1966
226514, 1966
228136, 1966
230234, 1966
233508, 1966
233958, 1966
240313, 1966
243075, 1966
256684, 1966
268149, 1966
276065, 1966
277929, 1966
292948, 1966
292634, 1962
92921, 1959
122110, 1956
60217, 1943
82072, 1943
110072, 1943
213944, 1943
31244, 1939
201368, 1939
97172, 1929
101664, 1929
196352, 1929
211212, 1929
254199, 1929
82870, 1928
268741, 1928
75567, 1920
129482, 1918
163039, 1918
90968, 1917
224858, 1917
86480, 1915
117466, 1915
216618, 1915
223161, 1915
62989, 1906
122300, 1906
290301, 1906
224445, 1900
225489, 1899
66863, 1897
75163, 1890
82197, 1890
106329, 1890
113254, 1890
123991, 1890
169399, 1890
176098, 1890
176438, 1890
184273, 1890
189419, 1890
193017, 1890
194848, 1890
201707, 1890
202378, 1890
157364, 1885
168194, 1885
24272, 1867
77026, 1860
140038, 1860
222751, 1860
160005, 1855
230013, 1855
35315, 1843
236890, 1841
56954, 1839
293961, 1839
168084, 1838
60496, 1826
80632, 1826
121729, 1826
229969, 1813
114367, 1808
113722, 1807
116028, 1807
116680, 1807
228599, 1807
241600, 1807
68046, 1806
257729, 1791
34929, 1787
168208, 1787
186373, 1787
201114, 1787
212605, 1787
228361, 1787
230529, 1787
232583, 1787
244782, 1787
258220, 1787
259477, 1787
262724, 1787
180696, 1786
186962, 1786
225031, 1786
254396, 1786
254402, 1786
100518, 1780
59422, 1778
243814, 1772
261682, 1764
163796, 1741
219887, 1739
36066, 1734
122022, 1734
143813, 1734
40715, 1724
239929, 1724
91065, 1719
119305, 1719
231255, 1719
50986, 1716
107942, 1716
128696, 1716
133589, 1716
147550, 1716
158265, 1716
160328, 1716
173052, 1716
232439, 1716
186885, 1713
215571, 1712
166053, 1710
94698, 1709
154759, 1709
176289, 1709
201339, 1709
244022, 1709
262312, 1709
264266, 1709
264858, 1709
285108, 1709
289629, 1709
28176, 1705
76701, 1705
174763, 1705
66950, 1692
177632, 1692
216688, 1692
226830, 1692
263426, 1692
86382, 1675
123201, 1667
78168, 1664
289572, 1651
24304, 1648
43945, 1648
57236, 1648
75190, 1648
124222, 1648
138693, 1648
171915, 1648
41259, 1636
82361, 1636
133776, 1636
140338, 1636
189650, 1636
254457, 1636
63390, 1631
143162, 1624
84758, 1623
273169, 1623
178636, 1622
187892, 1622
168389, 1608
285669, 1608
142493, 1587
137510, 1579
272962, 1577
50873, 1572
100549, 1572
149891, 1572
184419, 1572
214292, 1572
219676, 1572
228341, 1572
248800, 1572
286369, 1572
87855, 1557
217178, 1557
288876, 1557
194758, 1551
233349, 1551
260363, 1545
13020, 1534
27191, 1534
89842, 1534
104925, 1533
96016, 1531
69598, 1528
72212, 1525
137530, 1525
140560, 1525
176497, 1525
280959, 1524
19846, 1521
204881, 1514
226917, 1514
266887, 1514
77842, 1504
238993, 1504
265041, 1504
127917, 1497
184032, 1482
192685, 1482
49876, 1477
18010, 1470
223679, 1470
291395, 1466
26738, 1462
197731, 1462
254606, 1461
150914, 1457
159091, 1457
158361, 1453
85103, 1436
99570, 1436
284412, 1436
143007, 1433
294574, 1433
15960, 1432
44804, 1432
96524, 1432
101967, 1432
114644, 1432
117375, 1432
225103, 1432
277956, 1432
25606, 1429
106958, 1429
158214, 1429
190803, 1429
101574, 1428
184207, 1428
18370, 1400
122422, 1400
289332, 1400
64393, 1395
95766, 1395
16283, 1392
175256, 1392
58783, 1388
89077, 1388
219359, 1388
293740, 1388
275488, 1381
12827, 1378
19131, 1378
26840, 1378
28694, 1378
34274, 1378
36099, 1378
37817, 1378
64513, 1378
69463, 1378
80367, 1378
84639, 1378
119753, 1378
124443, 1378
145572, 1378
151934, 1378
154729, 1378
160436, 1378
211485, 1378
217215, 1378
224930, 1378
235374, 1378
240858, 1378
248796, 1378
256210, 1378
272667, 1377
81937, 1376
25858, 1375
139595, 1375
273154, 1375
288464, 1371
107963, 1368
151992, 1368
224309, 1368
161456, 1366
70184, 1362
35759, 1351
111762, 1351
126389, 1351
166270, 1351
268959, 1351
168017, 1345
251783, 1345
254564, 1345
280649, 1345
242691, 1342
35252, 1334
43016, 1334
117600, 1334
232810, 1334
20565, 1333
31384, 1333
97736, 1333
99834, 1333
88379, 1330
95878, 1329
121298, 1328
201847, 1327
208874, 1327
153302, 1323
236376, 1317
191728, 1315
208866, 1315
70054, 1314
7664, 1313
32559, 1313
64662, 1313
105480, 1313
240839, 1313
20090, 1312
22199, 1312
42053, 1312
50357, 1312
63594, 1312
138880, 1304
267081, 1304
211128, 1301
287517, 1301
53058, 1292
292564, 1292
235778, 1291
168819, 1288
26680, 1286
67170, 1286
145041, 1283
13928, 1281
120603, 1281
172315, 1281
199391, 1281
220088, 1279
2132, 1277
16907, 1277
22092, 1277
23061, 1277
29329, 1277
34522, 1277
41125, 1277
61609, 1277
125933, 1277
156915, 1277
177982, 1277
237677, 1277
248089, 1277
285372, 1277
171198, 1276
180913, 1276
272593, 1276
182233, 1273
45126, 1272
151980, 1272
50535, 1271
136324, 1271
190476, 1271
264230, 1269
32062, 1267
34697, 1267
39637, 1267
126509, 1267
274811, 1265
5221, 1264
58345, 1264
110418, 1263
174070, 1263
187093, 1263
261661, 1263
288365, 1263
144394, 1261
160486, 1261
230030, 1260
263575, 1260
39168, 1256
44550, 1256
158309, 1256
174356, 1256
262748, 1256
39018, 1254
42935, 1254
109160, 1254
214944, 1254
222834, 1254
26613, 1248
26750, 1248
43943, 1248
54272, 1248
84178, 1248
91419, 1248
146258, 1248
162414, 1248
167457, 1248
275865, 1248
277947, 1248
248017, 1246
113208, 1242
163434, 1242
245467, 1242
271697, 1242
187662, 1237
214819, 1237
222210, 1236
28015, 1233
29718, 1233
128277, 1233
153785, 1233
154352, 1233
158885, 1233
26385, 1232
40548, 1232
68602, 1232
93358, 1232
112401, 1232
143839, 1232
187230, 1232
246760, 1232
283877, 1232
183064, 1231
46863, 1230
22783, 1226
23660, 1226
30598, 1226
38624, 1226
47607, 1226
47785, 1226
54328, 1226
58105, 1226
59035, 1226
60640, 1226
65348, 1226
68895, 1226
82800, 1226
83284, 1226
87107, 1226
90195, 1226
93075, 1226
94302, 1226
96570, 1226
97180, 1226
102050, 1226
109762, 1226
123990, 1226
126889, 1226
131824, 1226
136910, 1226
142785, 1226
146419, 1226
151954, 1226
159831, 1226
160071, 1226
160379, 1226
166928, 1226
175477, 1226
194159, 1226
199521, 1226
215356, 1226
296618, 1226
229933, 1224
182148, 1223
253352, 1223
51768, 1215
80533, 1214
97445, 1214
114997, 1214
237922, 1214
129501, 1213
184766, 1213
83029, 1212
264125, 1212
22647, 1211
70012, 1211
131736, 1211
156415, 1211
162672, 1211
239330, 1211
242592, 1211
155934, 1209
12541, 1208
21281, 1208
82985, 1208
119511, 1208
167205, 1208
173567, 1208
183308, 1208
202981, 1208
204451, 1208
248413, 1208
285859, 1208
29039, 1206
41843, 1206
45675, 1206
46767, 1206
63703, 1206
95595, 1206
97538, 1206
98424, 1206
103892, 1206
107855, 1206
180026, 1206
190121, 1206
232971, 1206
57584, 1204
62891, 1204
229946, 1204
281516, 1204
54718, 1199
99392, 1199
211183, 1199
221186, 1199
258255, 1199
275628, 1199
276884, 1199
73440, 1197
232767, 1196
180538, 1195
120649, 1192
128355, 1192
145907, 1192
257993, 1192
282642, 1192
295763, 1192
101680, 1191
129714, 1191
175618, 1191
196671, 1191
238695, 1191
283683, 1191
167488, 1190
207368, 1190
250098, 1190
273174, 1190
277933, 1190
144943, 1189
171564, 1175
41730, 1173
67077, 1173
73618, 1173
18963, 1172
22235, 1172
30896, 1172
40199, 1172
78792, 1172
84816, 1172
291939, 1170
30022, 1169
249607, 1167
103664, 1166
126988, 1166
56847, 1163
59720, 1163
68940, 1163
236848, 1163
248459, 1163
253711, 1163
58203, 1162
26324, 1161
137403, 1161
186352, 1161
215567, 1161
92652, 1159
93352, 1159
185144, 1159
199610, 1159
222232, 1159
228728, 1159
229805, 1159
255742, 1159
261375, 1159
266492, 1159
272011, 1159
274017, 1159
288511, 1159
294984, 1159
31483, 1156
33583, 1156
34888, 1156
67399, 1156
75812, 1156
126372, 1156
136388, 1156
140108, 1156
161469, 1156
13603, 1155
173044, 1152
174278, 1152
203241, 1152
228101, 1152
260315, 1152
260602, 1152
264476, 1152
283917, 1152
290204, 1152
275986, 1150
17628, 1149
30087, 1149
39934, 1149
40223, 1149
60523, 1149
69471, 1149
69571, 1149
88601, 1149
109512, 1149
109554, 1149
125189, 1149
129013, 1149
133042, 1149
137192, 1149
148439, 1149
149583, 1149
150968, 1149
162474, 1149
165959, 1149
183126, 1149
183329, 1149
191570, 1149
201904, 1149
202764, 1149
1334, 1148
206331, 1148
51214, 1146
138414, 1146
149133, 1146
153697, 1146
211903, 1146
258124, 1146
29404, 1143
102340, 1143
168144, 1143
220327, 1143
134084, 1141
134341, 1141
39938, 1140
67536, 1140
288623, 1140
16253, 1137
265279, 1137
41710, 1136
91879, 1136
141349, 1136
216716, 1136
69165, 1133
168696, 1133
174938, 1133
235780, 1133
152264, 1132
156304, 1132
178044, 1132
231848, 1132
241762, 1131
271107, 1131
70152, 1130
98052, 1130
126699, 1130
137694, 1130
143314, 1130
143890, 1130
146010, 1130
153052, 1130
156497, 1130
165298, 1130
172833, 1130
180790, 1130
184902, 1130
202058, 1130
210021, 1130
212387, 1130
279276, 1130
240378, 1129
71420, 1125
228124, 1125
269085, 1125
288243, 1125
31987, 1124
52227, 1124
53427, 1124
55186, 1124
65209, 1124
90336, 1124
124060, 1124
162194, 1124
164074, 1124
196484, 1124
208699, 1124
214966, 1124
272515, 1124
284705, 1124
24025, 1123
37764, 1123
37853, 1123
47570, 1123
49835, 1123
55252, 1123
56396, 1123
57341, 1123
59305, 1123
74046, 1123
75331, 1123
82344, 1123
94210, 1123
97955, 1123
98959, 1123
99298, 1123
100933, 1123
107432, 1123
111162, 1123
114400, 1123
114452, 1123
119181, 1123
119278, 1123
128935, 1123
135197, 1123
138806, 1123
153705, 1123
154519, 1123
167479, 1123
176389, 1123
186618, 1123
201451, 1123
210986, 1123
220929, 1123
258361, 1123
261246, 1123
178038, 1121
205239, 1121
218269, 1120
28611, 1119
143143, 1119
97754, 1118
180082, 1118
186455, 1118
222424, 1118
258320, 1118
46656, 1117
46798, 1117
70699, 1117
158285, 1117
165631, 1117
220084, 1117
240153, 1117
242809, 1117
275554, 1117
281098, 1117
286798, 1117
20542, 1116
51386, 1116
70737, 1116
86844, 1116
92768, 1116
118428, 1116
228554, 1116
235719, 1116
240399, 1116
276099, 1116
278017, 1116
19855, 1115
70245, 1115
80029, 1115
90824, 1115
91874, 1115
133759, 1115
135255, 1115
142274, 1115
184748, 1115
199802, 1115
208469, 1115
227934, 1115
241526, 1115
293395, 1115
21331, 1113
54303, 1113
111474, 1113
148845, 1109
220091, 1109
20073, 1108
21224, 1108
22845, 1108
24200, 1108
26082, 1108
28878, 1108
29536, 1108
32137, 1108
36807, 1108
42403, 1108
49030, 1108
52071, 1108
53957, 1108
57668, 1108
58932, 1108
69769, 1108
80764, 1108
85906, 1108
92235, 1108
97869, 1108
99736, 1108
104054, 1108
109667, 1108
113005, 1108
136653, 1108
147755, 1108
157634, 1108
191695, 1108
194574, 1108
204429, 1108
213177, 1108
229388, 1108
240698, 1108
262426, 1108
263038, 1108
264303, 1108
278963, 1108
176242, 1104
295968, 1104
96335, 1100
111413, 1100
113064, 1100
114718, 1100
136242, 1100
139771, 1100
192399, 1100
263921, 1100
272552, 1100
273217, 1100
283048, 1100
14109, 1099
48558, 1099
58057, 1099
127613, 1098
181294, 1098
231680, 1098
247613, 1098
273461, 1098
72227, 1097
268426, 1097
16226, 1096
17320, 1096
21923, 1096
27110, 1096
51497, 1096
56310, 1096
67262, 1096
98669, 1096
99270, 1096
108624, 1096
116548, 1096
143515, 1096
144774, 1096
154280, 1096
158850, 1096
252355, 1096
5763, 1092
24172, 1092
164480, 1092
178694, 1092
11970, 1090
77527, 1090
85484, 1090
138239, 1090
173967, 1090
214545, 1090
222115, 1090
260872, 1090
268179, 1090
295510, 1090
74902, 1089
123000, 1089
165005, 1089
182150, 1089
89659, 1087
109045, 1087
119895, 1087
139273, 1084
192709, 1084
261906, 1084
109022, 1083
153329, 1082
218464, 1082
21500, 1080
27673, 1080
28464, 1080
34940, 1080
36106, 1080
38752, 1080
40329, 1080
65490, 1080
69832, 1080
71988, 1080
75329, 1080
75422, 1080
79084, 1080
82196, 1080
84038, 1080
84279, 1080
88242, 1080
88369, 1080
100444, 1080
100539, 1080
115951, 1080
124898, 1080
140945, 1080
144691, 1080
151499, 1080
152796, 1080
154773, 1080
170748, 1080
174352, 1080
176911, 1080
180116, 1080
203354, 1080
229332, 1080
234710, 1080
251334, 1080
288624, 1080
182223, 1075
274504, 1075
85027, 1074
246772, 1074
21251, 1070
92444, 1070
152752, 1070
160467, 1070
201419, 1070
288348, 1068
45500, 1067
205012, 1067
257686, 1066
260206, 1066
61272, 1065
158465, 1065
198673, 1065
225025, 1065
259200, 1065
286631, 1065
290810, 1065
67651, 1064
144072, 1064
263651, 1062
287808, 1059
44121, 1058
65599, 1058
104696, 1058
157633, 1058
172390, 1058
214369, 1058
247555, 1058
254219, 1058
271267, 1058
158458, 1057
179552, 1057
16713, 1054
78536, 1054
181085, 1054
222962, 1054
266726, 1054
163530, 1052
125875, 1051
285939, 1051
35113, 1049
50992, 1049
64838, 1049
108770, 1049
245391, 1049
255191, 1048
20911, 1047
64902, 1047
285540, 1047
34947, 1043
96983, 1043
199202, 1043
16375, 1040
252044, 1040
75863, 1037
189593, 1035
252275, 1029
57902, 1026
66695, 1026
96922, 1026
201781, 1026
262355, 1025
253605, 1024
87132, 1023
195748, 1023
215419, 1023
122538, 1022
140040, 1022
141999, 1022
158284, 1022
273700, 1022
277496, 1022
42685, 1019
44656, 1019
75407, 1019
103489, 1019
217130, 1017
43390, 1014
92103, 1014
256694, 1012
44729, 1010
75394, 1010
83454, 1010
95259, 1010
99283, 1010
127749, 1010
128610, 1010
235958, 1010
13103, 1007
24097, 1006
55569, 1006
55832, 1006
79557, 1006
102143, 1006
130379, 1006
132683, 1006
137474, 1006
172275, 1006
219314, 1006
281297, 1006
19726, 1004
122150, 1004
152216, 1004
212483, 1004
217240, 1004
241927, 1004
264512, 1004
28327, 1002
291117, 1002
59717, 1001
71344, 1001
71441, 1001
160033, 1001
275721, 1001
288472, 1001
