165954, 133584
109898, 129073
131774, 129073
132931, 129073
135139, 129073
144377, 129073
152121, 129073
156586, 129073
156884, 129073
160521, 129073
164526, 129073
165830, 129073
173924, 129073
181652, 129073
182758, 129073
191494, 129073
191515, 129073
194692, 129073
194876, 129073
197427, 129073
200808, 129073
210815, 129073
223934, 129073
224577, 129073
229820, 129073
283481, 129073
96712, 127831
103211, 127831
119200, 127831
121641, 127831
127140, 127831
157479, 127831
164323, 127831
165081, 127831
93646, 120152
197118, 117752
85492, 106878
104082, 106878
179847, 59541
147461, 45901
192882, 45901
220179, 45901
120850, 45371
217226, 45161
218835, 45161
242543, 45161
122503, 43827
205026, 43827
53391, 43120
60292, 43120
78459, 43120
81351, 43120
118491, 43120
120024, 43120
138835, 43120
156222, 42989
225129, 42989
150293, 42743
113347, 42112
14860, 41893
30298, 41893
39733, 41893
42007, 41893
52925, 41893
56501, 41893
73912, 41893
105296, 41893
110514, 41893
74131, 38905
104552, 38905
112113, 38905
169117, 38905
180494, 38905
184337, 38905
206106, 38905
217689, 38905
241063, 38905
259007, 38905
269549, 38905
271272, 38905
120592, 38642
207900, 38642
223244, 38642
228936, 38642
264902, 38642
49160, 38398
17275, 36975
215939, 35323
94580, 31219
290752, 21158
105737, 20851
124216, 20851
130440, 20851
177678, 20851
195868, 20851
202249, 20851
210954, 20851
272192, 20851
130108, 17265
121827, 7287
182188, 7287
200600, 7287
202891, 7287
203938, 7287
248385, 7287
263783, 7287
56529, 7105
59432, 7105
66986, 7105
75552, 7105
78720, 7105
79516, 7105
89568, 7105
93479, 7105
95324, 7105
102519, 7105
107514, 7105
111963, 7105
114318, 7105
117833, 7105
122518, 7105
123636, 7105
124108, 7105
132481, 7105
135094, 7105
142135, 7105
151791, 7105
153320, 7105
157226, 7105
167293, 7105
171991, 7105
173681, 7105
176881, 7105
177414, 7105
177697, 7105
184410, 7105
192454, 7105
195595, 7105
199437, 7105
221770, 7105
221924, 7105
231820, 7105
241170, 7105
260895, 7105
277459, 7105
277710, 7105
280485, 7105
293203, 7105
29365, 6966
90224, 6966
166814, 6966
169590, 6966
183131, 6966
203857, 6966
208797, 6966
20368, 6891
22528, 6891
27756, 6891
51924, 6891
59030, 6891
79778, 6891
91699, 6891
133359, 6891
137895, 6891
208330, 6891
8369, 6890
20707, 6890
33925, 6890
47191, 6890
57827, 6890
70703, 6890
6364, 6872
22687, 6872
32167, 6872
39667, 6872
89778, 6872
102888, 6872
165765, 6872
109425, 6827
131283, 6827
174557, 6827
188958, 6827
201937, 6827
206167, 6827
209545, 6827
220054, 6827
218661, 6826
5896, 6792
12095, 6792
14579, 6792
15254, 6792
19393, 6792
23433, 6792
38770, 6792
40182, 6792
54483, 6792
56693, 6792
84130, 6792
102603, 6792
106087, 6792
107112, 6792
117627, 6792
118777, 6792
120640, 6792
121156, 6792
122743, 6792
128267, 6792
131672, 6792
142899, 6792
146405, 6792
176485, 6792
181940, 6792
185999, 6792
193092, 6792
206257, 6792
211299, 6792
231434, 6792
248277, 6792
254131, 6792
262362, 6792
263545, 6792
264335, 6792
265494, 6792
277903, 6792
288022, 6792
295628, 6792
266066, 6789
123785, 6786
78688, 6782
78736, 6782
84858, 6782
117955, 6782
120761, 6782
132320, 6782
142229, 6782
148579, 6782
153316, 6782
164380, 6782
179094, 6782
183001, 6782
203834, 6782
212666, 6782
229430, 6782
21487, 6778
202372, 6778
211203, 6778
57606, 6750
6991, 6740
39644, 6740
42055, 6740
50140, 6740
55898, 6740
59940, 6740
60684, 6740
67552, 6740
73711, 6740
73830, 6740
74717, 6740
121400, 6740
132174, 6740
135160, 6740
147591, 6740
157199, 6740
167748, 6740
191740, 6740
201663, 6740
248072, 6740
249886, 6740
264727, 6740
281258, 6740
62381, 6685
197675, 6685
203669, 6685
258089, 6685
13193, 6676
33644, 6676
34166, 6676
57200, 6676
60744, 6676
61786, 6676
81228, 6676
82487, 6676
86858, 6676
114865, 6676
153664, 6676
174245, 6676
188683, 6676
230686, 6676
242839, 6676
259821, 6676
284536, 6676
94388, 6666
143825, 6666
231688, 6666
236731, 6666
26005, 6647
94613, 6647
296177, 6647
33699, 6640
71391, 6640
111127, 6640
177295, 6640
219227, 6640
285313, 6640
22345, 6629
32732, 6629
35505, 6629
36856, 6629
42507, 6629
43198, 6629
45779, 6629
53068, 6629
59390, 6629
63586, 6629
68174, 6629
76294, 6629
77229, 6629
82530, 6629
89573, 6629
91470, 6629
119167, 6629
121996, 6629
152033, 6629
193100, 6629
202733, 6629
208653, 6629
209735, 6629
233577, 6629
257483, 6629
15677, 6623
30847, 6623
39064, 6623
48521, 6623
50323, 6623
60765, 6623
80952, 6623
112143, 6623
114789, 6623
115066, 6623
155893, 6623
195736, 6623
221834, 6623
235291, 6623
5983, 6622
17719, 6622
27333, 6622
36055, 6622
56364, 6622
78071, 6622
83555, 6622
84555, 6622
90385, 6622
107977, 6622
130142, 6622
131647, 6622
135235, 6622
145431, 6622
158396, 6622
177986, 6622
217380, 6622
220200, 6622
231389, 6622
241639, 6622
247363, 6622
254670, 6622
255657, 6622
267307, 6622
283421, 6622
149880, 6615
198886, 6612
271466, 6594
33229, 6586
88874, 6586
88974, 6586
125943, 6586
143072, 6586
191927, 6586
196474, 6586
214896, 6586
236500, 6586
256649, 6586
291241, 6586
48177, 6562
112335, 6523
40197, 6510
41921, 6510
85483, 6510
102919, 6510
109351, 6510
121964, 6510
186258, 6510
221370, 6510
232339, 6510
294197, 6510
34789, 6479
41601, 6479
43561, 6479
50796, 6479
68985, 6479
79939, 6479
85007, 6479
91743, 6479
110695, 6479
119121, 6479
122171, 6479
151016, 6479
224780, 6479
260309, 6479
221972, 6469
236769, 6469
129942, 6397
156217, 6397
117361, 6396
128199, 6396
144962, 6396
148074, 6396
246930, 6396
188246, 6379
21385, 6377
68242, 6377
82807, 6377
83213, 6377
84613, 6377
85700, 6377
105010, 6377
115811, 6377
122269, 6377
134587, 6377
136029, 6377
141976, 6377
143715, 6377
161052, 6377
163259, 6377
169419, 6377
174393, 6377
175929, 6377
183150, 6377
186475, 6377
188786, 6377
199450, 6377
199504, 6377
203361, 6377
209293, 6377
214218, 6377
218554, 6377
228249, 6377
230196, 6377
232445, 6377
237003, 6377
243616, 6377
246829, 6377
263225, 6377
287548, 6377
291834, 6377
295248, 6377
53299, 6365
86326, 6365
119415, 6365
134044, 6365
137210, 6365
156244, 6365
178217, 6365
207805, 6365
20809, 6351
36830, 6351
85001, 6351
103346, 6351
151221, 6351
151247, 6351
194933, 6351
216482, 6351
241056, 6351
72333, 6328
85978, 6328
141354, 6328
165305, 6328
173405, 6328
184513, 6328
248023, 6328
55559, 6324
60079, 6324
73481, 6324
82318, 6324
90532, 6324
94810, 6324
97226, 6324
107035, 6324
137601, 6324
153692, 6324
161605, 6324
166285, 6324
176081, 6324
198323, 6324
217759, 6324
247539, 6324
29449, 6297
70301, 6297
71197, 6297
92206, 6297
214444, 6278
216527, 6278
278036, 6278
285486, 6278
65832, 6252
69185, 6252
70570, 6252
79758, 6252
83156, 6252
97824, 6252
129741, 6252
131957, 6252
133340, 6252
134491, 6252
150572, 6252
157913, 6252
159860, 6252
159871, 6252
162084, 6252
170705, 6252
184415, 6252
208768, 6252
212949, 6252
214087, 6252
214716, 6252
220074, 6252
226171, 6252
229059, 6252
230374, 6252
231965, 6252
233070, 6252
233811, 6252
234442, 6252
240962, 6252
243618, 6252
246633, 6252
246937, 6252
249217, 6252
252030, 6252
252420, 6252
264658, 6252
266885, 6252
283363, 6252
285260, 6252
289568, 6252
104812, 6246
110782, 6246
128782, 6246
86722, 6220
139544, 6220
37530, 6213
56736, 6213
65876, 6213
69778, 6213
70311, 6213
92441, 6213
93436, 6213
97727, 6213
103096, 6213
114052, 6213
115309, 6213
130784, 6213
137336, 6213
163273, 6213
173223, 6213
199232, 6213
208903, 6213
215316, 6213
221507, 6213
228654, 6213
244578, 6213
246504, 6213
253573, 6213
255785, 6213
274471, 6213
292672, 6213
33803, 6193
142562, 6193
173819, 6193
180146, 6193
52899, 6187
89450, 6187
111496, 6187
180061, 6187
187212, 6187
98157, 6169
186576, 6169
191344, 6169
197318, 6169
211316, 6169
216293, 6169
237958, 6169
273080, 6169
13538, 6164
15966, 6164
19523, 6164
34012, 6164
42534, 6164
49976, 6164
66266, 6164
80215, 6164
85850, 6164
85861, 6164
97462, 6164
134890, 6164
147173, 6164
156259, 6164
159774, 6164
181448, 6164
208414, 6164
210281, 6164
228490, 6164
230640, 6164
248058, 6164
254713, 6164
255086, 6164
273885, 6164
49136, 6128
65270, 6128
268811, 6109
246483, 6108
176745, 6105
274604, 6105
28837, 6097
43280, 6097
133679, 6097
137467, 6097
140745, 6097
3093, 6094
166612, 6092
33505, 6063
48459, 6063
65443, 6063
153513, 6063
189864, 6063
200844, 6063
276025, 6063
106731, 6062
251789, 6062
63668, 6012
116916, 6012
182545, 6012
183460, 6012
270449, 6012
22037, 5999
56027, 5999
77806, 5999
160872, 5999
169612, 5999
243646, 5999
243989, 5999
245434, 5999
277782, 5999
42812, 5993
52064, 5993
70749, 5993
70791, 5993
76005, 5993
77419, 5993
79022, 5993
80613, 5993
96713, 5993
97077, 5993
99687, 5993
105714, 5993
109100, 5993
116968, 5993
121963, 5993
122996, 5993
124044, 5993
132640, 5993
133656, 5993
147104, 5993
154572, 5993
159597, 5993
160037, 5993
160249, 5993
172335, 5993
173220, 5993
176551, 5993
206232, 5993
208159, 5993
210650, 5993
228189, 5993
240900, 5993
244940, 5993
245606, 5993
254235, 5993
255196, 5993
256280, 5993
260625, 5993
268591, 5993
283166, 5993
291973, 5993
122215, 5971
157671, 5961
57534, 5956
143612, 5956
181420, 5956
191677, 5956
36002, 5952
86462, 5952
85900, 5948
8572, 5911
12662, 5911
49968, 5911
65845, 5911
122455, 5911
136249, 5911
148961, 5911
174708, 5911
179413, 5911
244597, 5911
13994, 5906
9281, 5897
18708, 5897
16577, 5886
30406, 5886
50405, 5886
59781, 5886
90039, 5886
107554, 5886
114934, 5886
147570, 5886
153035, 5886
162533, 5886
163156, 5886
200883, 5886
212158, 5886
213948, 5886
222473, 5886
228170, 5886
269372, 5886
275064, 5886
278274, 5886
273612, 5875
43808, 5864
58591, 5864
63026, 5864
64732, 5864
71498, 5864
73918, 5864
114761, 5864
123760, 5864
165078, 5864
49014, 5854
50213, 5854
55812, 5854
56664, 5854
66013, 5854
73675, 5854
81247, 5854
86486, 5854
93698, 5854
94938, 5854
96032, 5854
97911, 5854
108698, 5854
109698, 5854
114792, 5854
126263, 5854
129301, 5854
131740, 5854
153711, 5854
156795, 5854
198982, 5854
210408, 5854
295938, 5854
126156, 5843
129719, 5843
13290, 5826
30789, 5826
37189, 5826
54928, 5826
59895, 5826
62138, 5826
74277, 5826
79344, 5826
148140, 5826
166654, 5826
173154, 5826
179102, 5826
179583, 5826
186356, 5826
213401, 5826
219570, 5826
224105, 5826
232613, 5826
233979, 5826
260337, 5826
261526, 5826
270278, 5826
271070, 5826
271558, 5826
277554, 5826
281642, 5826
290477, 5826
201199, 5810
66720, 5742
82527, 5742
87127, 5742
91512, 5742
110085, 5742
122546, 5742
136561, 5742
148950, 5742
172099, 5742
172676, 5742
176454, 5742
184645, 5742
185885, 5742
196616, 5742
230735, 5742
235851, 5742
260636, 5742
281070, 5742
294000, 5742
115899, 5741
126706, 5741
141275, 5741
161862, 5741
194601, 5741
231658, 5741
240422, 5741
242952, 5741
251421, 5741
279164, 5741
21594, 5740
34249, 5740
119607, 5740
177015, 5740
177653, 5740
190360, 5740
198750, 5740
202617, 5740
219545, 5740
248146, 5740
39127, 5729
43085, 5729
85697, 5729
89975, 5729
100854, 5729
104682, 5729
128297, 5729
136341, 5729
144157, 5729
152673, 5729
164721, 5729
165819, 5729
169215, 5729
203035, 5729
213305, 5729
243785, 5729
245871, 5729
249535, 5729
260137, 5729
261644, 5729
264501, 5729
269322, 5729
275897, 5729
277252, 5729
9644, 5677
13804, 5677
37910, 5677
42049, 5677
46067, 5677
50530, 5677
52814, 5677
59905, 5677
66807, 5677
74118, 5677
85616, 5677
99003, 5677
114076, 5677
114322, 5677
119488, 5677
126660, 5677
129044, 5677
130807, 5677
146902, 5677
159172, 5677
173265, 5677
184728, 5677
198706, 5677
222000, 5677
238314, 5677
242211, 5677
263587, 5677
12395, 5665
84594, 5665
136202, 5665
190446, 5665
218757, 5665
270084, 5665
285627, 5665
288586, 5665
293507, 5665
61051, 5629
106201, 5629
172732, 5629
225449, 5629
240949, 5629
242798, 5629
252550, 5629
263124, 5629
281918, 5629
281934, 5629
30417, 5611
47704, 5611
90819, 5611
102590, 5611
110292, 5611
159496, 5611
208480, 5611
223325, 5611
55247, 5609
104746, 5609
125315, 5609
178692, 5609
192505, 5609
195847, 5609
196116, 5609
212389, 5609
227515, 5609
269940, 5609
270868, 5609
288850, 5609
125429, 5604
162326, 5593
275461, 5593
79458, 5589
86260, 5589
141456, 5589
182112, 5589
283010, 5589
17347, 5566
51912, 5566
64634, 5566
95457, 5566
101703, 5566
118349, 5566
167247, 5566
197193, 5566
201139, 5566
203120, 5566
203666, 5566
212660, 5566
225095, 5566
231230, 5566
237525, 5566
237860, 5566
247529, 5566
277666, 5566
281780, 5566
237223, 5564
279882, 5564
78304, 5563
106925, 5563
128497, 5563
148649, 5563
120928, 5558
128097, 5558
137646, 5558
225994, 5549
73347, 5540
172341, 5540
13515, 5523
36969, 5523
47894, 5523
48522, 5523
85655, 5523
119743, 5523
140933, 5523
167523, 5523
247819, 5523
80432, 5522
100670, 5502
127202, 5502
136953, 5502
172129, 5502
206250, 5502
209255, 5502
269008, 5502
47717, 5499
96734, 5499
109984, 5499
131786, 5499
184393, 5499
186275, 5499
196532, 5499
197471, 5499
212146, 5499
233548, 5499
263258, 5499
64218, 5478
69356, 5478
74798, 5478
175857, 5478
234676, 5478
295428, 5478
171932, 5477
37407, 5476
42804, 5476
73924, 5476
91016, 5476
116339, 5476
132347, 5476
142898, 5476
165835, 5476
181717, 5476
191229, 5476
191985, 5476
199128, 5476
202206, 5476
208268, 5476
209055, 5476
222049, 5476
229509, 5476
239527, 5476
278832, 5476
283488, 5476
57287, 5475
68800, 5475
214874, 5475
189310, 5468
241903, 5468
22720, 5466
64973, 5466
68485, 5466
115498, 5466
118024, 5466
123727, 5466
127607, 5466
128351, 5466
157613, 5466
186277, 5466
190516, 5466
201695, 5466
209093, 5466
209988, 5466
243982, 5466
244771, 5466
22911, 5461
64727, 5461
83507, 5461
190195, 5461
42177, 5430
58735, 5430
80218, 5430
94083, 5430
94991, 5430
98388, 5430
98507, 5430
99351, 5430
101874, 5430
128758, 5430
129762, 5430
137699, 5430
160518, 5430
217722, 5430
227030, 5430
249590, 5430
261055, 5430
92058, 5426
126625, 5426
137616, 5426
156308, 5426
157273, 5426
158456, 5426
174081, 5426
272070, 5426
112221, 5424
126450, 5424
170045, 5424
216678, 5424
280020, 5424
70685, 5413
123620, 5413
188730, 5413
190765, 5413
228094, 5413
241674, 5413
252153, 5413
191079, 5408
178447, 5399
232449, 5399
50077, 5369
97572, 5369
235836, 5369
241336, 5369
249462, 5369
261248, 5369
35036, 5366
38788, 5366
82798, 5366
86785, 5366
92139, 5366
92827, 5366
104435, 5366
108034, 5366
109662, 5366
109712, 5366
115551, 5366
116954, 5366
119974, 5366
123498, 5366
127164, 5366
130091, 5366
135218, 5366
135358, 5366
136703, 5366
137933, 5366
141667, 5366
147925, 5366
153883, 5366
157537, 5366
160896, 5366
164061, 5366
164766, 5366
166946, 5366
172716, 5366
182645, 5366
184422, 5366
190927, 5366
194602, 5366
203338, 5366
203537, 5366
204996, 5366
210750, 5366
211968, 5366
218235, 5366
220057, 5366
234728, 5366
235008, 5366
237350, 5366
238803, 5366
239689, 5366
255777, 5366
260812, 5366
268305, 5366
269426, 5366
273163, 5366
274059, 5366
275917, 5366
277718, 5366
293502, 5366
78749, 5352
265698, 5352
269208, 5352
288501, 5352
21673, 5344
90662, 5344
104330, 5344
115882, 5344
151159, 5344
223241, 5344
227731, 5344
255690, 5344
257325, 5333
31084, 5311
242301, 5304
16767, 5298
17870, 5298
24301, 5298
108140, 5294
112639, 5294
164299, 5294
38814, 5291
43538, 5291
70906, 5291
71603, 5291
87094, 5291
93610, 5291
135354, 5291
140223, 5291
143418, 5291
151335, 5291
154012, 5291
172105, 5291
180757, 5291
181750, 5291
182337, 5291
204945, 5291
235006, 5291
236286, 5291
240803, 5291
244234, 5291
252741, 5291
270673, 5291
272887, 5291
275149, 5291
276763, 5291
280489, 5291
291363, 5291
291743, 5291
291775, 5291
292322, 5291
40005, 5280
89512, 5280
106261, 5280
108422, 5280
126185, 5280
167505, 5280
196943, 5280
214787, 5280
161259, 5279
64001, 5277
68082, 5277
80646, 5277
106669, 5277
158018, 5277
161269, 5277
64795, 5272
197081, 5272
241366, 5272
39355, 5259
65720, 5259
117435, 5259
138815, 5259
165095, 5259
193020, 5259
227907, 5259
257919, 5259
17836, 5252
70626, 5252
144700, 5252
151286, 5252
198599, 5252
224555, 5252
248471, 5252
255694, 5252
264097, 5252
276161, 5252
296569, 5252
57697, 5251
122946, 5251
144589, 5251
145015, 5251
145352, 5251
146182, 5251
151757, 5251
173337, 5251
190875, 5251
246743, 5251
250491, 5251
261634, 5251
268736, 5251
281011, 5251
288593, 5251
25985, 5249
51185, 5249
59272, 5249
68289, 5249
71725, 5249
80706, 5249
82117, 5249
84414, 5249
100674, 5249
111404, 5249
124244, 5249
127852, 5249
132756, 5249
182668, 5249
185708, 5245
207137, 5245
43545, 5241
112686, 5241
127803, 5241
160998, 5241
186112, 5241
285142, 5241
34815, 5221
58621, 5221
148428, 5221
158139, 5221
169741, 5221
174273, 5221
214531, 5221
236838, 5221
257028, 5221
264496, 5221
274598, 5221
160718, 5219
268609, 5219
125296, 5188
158412, 5188
23326, 5177
72577, 5177
75354, 5177
90434, 5177
107415, 5177
110620, 5177
146083, 5177
226525, 5177
262676, 5177
287704, 5177
293749, 5177
122699, 5174
123539, 5174
171859, 5174
217088, 5174
289812, 5174
40640, 5159
43526, 5159
101525, 5159
108696, 5159
125594, 5159
135488, 5159
271629, 5159
272693, 5156
49017, 5135
53291, 5135
229676, 5135
171396, 5132
185140, 5132
62800, 5129
113640, 5129
194677, 5129
242462, 5129
273251, 5129
273806, 5129
68369, 5121
75443, 5121
129954, 5121
199465, 5121
223101, 5121
145221, 5114
91076, 5112
119371, 5112
120597, 5112
205595, 5112
187979, 5108
197060, 5108
219691, 5108
244554, 5108
251337, 5108
255447, 5108
263015, 5108
21384, 5106
30094, 5106
65328, 5106
72140, 5106
91904, 5106
92189, 5106
95287, 5106
107208, 5106
113266, 5106
114668, 5106
120948, 5106
123287, 5106
146898, 5106
155315, 5106
172431, 5106
174885, 5106
175263, 5106
182636, 5106
191674, 5106
223201, 5106
226940, 5106
235499, 5106
249923, 5106
282585, 5106
290759, 5106
43165, 5103
247856, 5103
35986, 5093
85353, 5093
117630, 5093
156986, 5093
169403, 5093
199061, 5093
229099, 5093
231639, 5093
250243, 5093
266836, 5093
234422, 5087
286941, 5087
109439, 5079
46055, 5053
154126, 5053
258626, 5053
28846, 5052
79198, 5052
232870, 5052
293037, 5052
211704, 5049
216892, 5049
222452, 5049
228521, 5049
231897, 5049
250214, 5049
167371, 5035
185111, 5035
194483, 5035
222559, 5035
24917, 5033
89433, 5033
200772, 5033
119118, 5006
161447, 5005
83899, 4997
149449, 4997
9136, 4989
39852, 4989
86247, 4989
110779, 4989
132782, 4989
143547, 4989
206923, 4989
249032, 4989
42691, 4979
232765, 4979
214592, 4967
192978, 4956
172940, 4948
211187, 4948
145348, 4944
35301, 4943
46392, 4943
47477, 4943
48874, 4943
58337, 4943
60325, 4943
77770, 4943
81820, 4943
113280, 4943
113534, 4943
139471, 4943
146839, 4943
160425, 4943
162415, 4943
163171, 4943
176975, 4943
191389, 4943
205082, 4943
208096, 4943
228645, 4943
260189, 4943
263435, 4943
266174, 4943
267417, 4943
288005, 4943
64742, 4899
243167, 4899
50343, 4864
109718, 4864
115303, 4864
57660, 4863
103538, 4863
200417, 4863
212423, 4863
216216, 4863
225365, 4863
244035, 4863
291079, 4863
76175, 4854
30381, 4833
47945, 4833
120796, 4833
240330, 4833
257179, 4833
23531, 4826
24770, 4826
266422, 4826
51921, 4819
160898, 4819
170773, 4819
197622, 4819
104610, 4811
128910, 4811
70156, 4795
173419, 4792
208520, 4792
177434, 4788
280212, 4788
51795, 4786
218297, 4784
259208, 4784
14613, 4783
51489, 4783
87348, 4783
225912, 4783
134791, 4773
37132, 4758
111917, 4758
212356, 4758
81909, 4756
115390, 4756
29083, 4752
26308, 4740
41015, 4740
43816, 4740
129622, 4740
155222, 4740
153268, 4729
202895, 4729
228233, 4725
36097, 4723
36429, 4699
62292, 4699
92570, 4699
96705, 4699
158559, 4699
159491, 4699
159574, 4699
190012, 4699
194650, 4699
194808, 4699
213450, 4699
216594, 4699
234720, 4699
236909, 4699
274366, 4699
288847, 4699
81517, 4696
193230, 4696
240849, 4696
287073, 4692
114432, 4690
142237, 4690
259214, 4690
284828, 4690
59707, 4679
158610, 4679
221032, 4679
223809, 4679
287880, 4677
157894, 4670
188822, 4670
210917, 4670
80671, 4669
279781, 4669
218637, 4656
119157, 4637
188670, 4637
210057, 4637
212248, 4637
74981, 4630
41523, 4627
53963, 4627
57898, 4627
58853, 4627
61082, 4627
67227, 4627
80244, 4627
88256, 4627
95854, 4627
102702, 4627
104651, 4627
111932, 4627
113761, 4627
119560, 4627
119620, 4627
121084, 4627
129652, 4627
134828, 4627
137661, 4627
140301, 4627
163927, 4627
171391, 4627
173430, 4627
178579, 4627
207449, 4627
216602, 4627
219377, 4627
48547, 4613
95952, 4613
126177, 4613
126894, 4613
128118, 4613
136178, 4613
162990, 4613
164176, 4613
168155, 4613
189279, 4613
192282, 4613
200532, 4613
224327, 4613
227618, 4613
245622, 4613
250677, 4613
265028, 4613
278898, 4613
284443, 4613
110652, 4609
238190, 4609
257169, 4609
260441, 4609
287244, 4609
161254, 4596
60453, 4592
102848, 4573
241204, 4573
93787, 4566
80442, 4564
97313, 4564
103645, 4564
110529, 4564
122306, 4564
206527, 4564
225814, 4564
239912, 4564
257326, 4564
260447, 4564
282247, 4564
179363, 4559
169209, 4523
60210, 4521
215931, 4513
140887, 4501
164336, 4501
231545, 4501
140414, 4497
151463, 4497
162036, 4497
235230, 4497
34872, 4491
43106, 4491
156864, 4491
177229, 4491
181123, 4491
214726, 4491
218249, 4491
294341, 4491
69171, 4461
86091, 4461
154271, 4461
199614, 4448
23700, 4438
26233, 4438
49652, 4438
50234, 4438
62348, 4438
109397, 4438
113834, 4438
122030, 4438
131605, 4438
166317, 4438
257069, 4438
125036, 4431
133665, 4431
200999, 4431
266116, 4431
48394, 4425
62523, 4425
63457, 4425
65560, 4425
221439, 4425
286341, 4425
223349, 4422
244023, 4422
245419, 4422
160196, 4415
46222, 4411
87592, 4411
148359, 4411
164502, 4411
49322, 4400
159179, 4360
197973, 4360
131077, 4350
118750, 4337
14314, 4311
80570, 4311
159801, 4311
236075, 4311
4141, 4308
90412, 4301
155895, 4301
160292, 4301
282669, 4301
119362, 4291
147158, 4291
38670, 4289
92558, 4289
97392, 4289
135932, 4289
182376, 4289
263864, 4281
248907, 4273
63338, 4256
86810, 4256
235032, 4256
96569, 4254
125344, 4254
186211, 4254
182287, 4248
117161, 4243
141434, 4243
38437, 4238
68855, 4238
144393, 4238
6503, 4235
229625, 4235
271415, 4235
177383, 4203
285796, 4202
93298, 4201
273572, 4201
118203, 4198
97726, 4194
256756, 4194
94351, 4184
81108, 4183
230674, 4183
275537, 4183
63023, 4174
66836, 4174
91739, 4174
114574, 4174
116477, 4174
146101, 4174
208415, 4174
219687, 4174
256963, 4174
285936, 4174
7601, 4168
9493, 4168
11117, 4168
41911, 4168
65009, 4168
149545, 4168
177994, 4168
247562, 4168
148191, 4166
181269, 4166
188785, 4166
248272, 4166
267633, 4166
270843, 4166
279666, 4166
292627, 4166
70295, 4161
50390, 4154
55945, 4154
74870, 4154
77427, 4154
79692, 4154
82836, 4154
119687, 4154
139446, 4154
191197, 4154
217890, 4154
221331, 4154
221744, 4154
223855, 4154
228440, 4154
230248, 4154
235776, 4154
248075, 4154
249241, 4154
250385, 4154
261342, 4154
265052, 4154
269140, 4154
43537, 4139
44434, 4139
73571, 4139
88537, 4139
112779, 4139
294110, 4139
142758, 4119
146992, 4119
227063, 4119
279515, 4119
287872, 4119
149974, 4115
154824, 4115
139307, 4113
282709, 4113
223356, 4108
265635, 4108
294643, 4108
13511, 4100
91829, 4100
119849, 4100
134753, 4100
193182, 4100
271798, 4100
95721, 4093
143533, 4093
22733, 4091
43721, 4086
50018, 4086
133766, 4086
10049, 4084
26638, 4084
46821, 4084
62699, 4084
101887, 4084
124633, 4084
148206, 4084
227627, 4084
227983, 4084
263411, 4084
267993, 4084
78622, 4078
12873, 4074
17435, 4074
231515, 4074
35104, 4069
12282, 4059
102332, 4059
128211, 4059
144269, 4059
148939, 4059
236960, 4059
287794, 4059
289678, 4059
155786, 4047
204223, 4047
293523, 4047
29177, 4045
11695, 4042
40337, 4042
64710, 4042
90629, 4042
109368, 4042
112725, 4042
121362, 4042
140943, 4042
146322, 4042
193956, 4042
209685, 4042
213345, 4042
217324, 4042
293108, 4042
73135, 4036
92754, 4005
213491, 4005
252193, 3999
232649, 3998
69939, 3968
251250, 3968
265571, 3968
24932, 3961
49803, 3961
183957, 3961
31717, 3939
51363, 3923
201440, 3923
280771, 3923
284797, 3923
295644, 3923
214848, 3920
227777, 3920
296336, 3920
58417, 3911
266840, 3901
48900, 3895
53327, 3895
54751, 3895
82410, 3895
103415, 3895
114560, 3895
117311, 3895
129834, 3895
186625, 3895
216862, 3895
264299, 3895
123936, 3885
253156, 3878
293804, 3878
86305, 3870
98058, 3870
115583, 3870
144935, 3870
205938, 3870
276083, 3870
208404, 3863
77925, 3860
173096, 3860
43522, 3854
50789, 3854
56852, 3854
57957, 3854
58044, 3854
66381, 3854
68921, 3854
71462, 3854
80745, 3854
89660, 3854
93362, 3854
102179, 3854
120015, 3854
125130, 3854
132427, 3854
144541, 3854
192983, 3854
239961, 3854
284089, 3854
245415, 3835
266706, 3835
119461, 3816
20515, 3811
33003, 3811
34112, 3811
100663, 3811
120070, 3811
175728, 3811
290057, 3811
81812, 3802
119891, 3802
124632, 3802
170210, 3802
235557, 3802
6814, 3795
68144, 3795
86850, 3795
149227, 3795
175753, 3795
215874, 3795
228006, 3795
230600, 3795
290327, 3795
71001, 3793
108029, 3793
129509, 3793
228458, 3793
262150, 3793
82499, 3784
82888, 3784
103461, 3784
107595, 3784
145794, 3784
153655, 3784
173816, 3784
176138, 3784
210088, 3784
211310, 3784
288995, 3784
293328, 3784
77926, 3781
82153, 3781
88120, 3781
94980, 3781
109373, 3781
113229, 3781
155764, 3781
205853, 3781
266857, 3781
276365, 3781
32390, 3775
17391, 3774
63166, 3773
206790, 3769
268796, 3768
204282, 3766
70587, 3764
230587, 3762
45363, 3749
143865, 3749
184717, 3749
203560, 3749
231150, 3749
254644, 3749
213472, 3747
237996, 3741
84491, 3740
144360, 3737
181888, 3737
274616, 3737
281112, 3737
285999, 3737
291764, 3737
125626, 3735
229972, 3726
254718, 3726
287619, 3722
21635, 3717
106039, 3717
163884, 3717
20490, 3714
80447, 3714
26267, 3713
68901, 3713
34922, 3711
120127, 3711
211417, 3711
74963, 3710
95790, 3710
123809, 3710
145457, 3710
169945, 3710
188538, 3710
195658, 3710
151389, 3705
6016, 3693
26063, 3693
27844, 3693
33640, 3693
105243, 3693
124127, 3693
85228, 3687
213267, 3687
232387, 3687
271887, 3683
286602, 3677
162119, 3676
89794, 3674
189612, 3671
235947, 3671
216412, 3662
238683, 3662
273582, 3662
121478, 3657
222146, 3657
198384, 3654
196341, 3649
212698, 3649
130151, 3642
234570, 3642
254234, 3642
236810, 3638
246786, 3637
35117, 3630
42631, 3611
60659, 3611
106770, 3611
270845, 3611
34431, 3608
40209, 3606
94969, 3606
110958, 3606
113694, 3606
126154, 3606
127591, 3606
131718, 3606
148418, 3606
151029, 3606
151771, 3606
166278, 3606
166348, 3606
210914, 3606
253222, 3606
257013, 3606
264814, 3606
292952, 3606
296191, 3606
14509, 3600
20447, 3600
23943, 3600
178332, 3600
285427, 3600
225663, 3599
62362, 3593
284330, 3590
128687, 3587
168021, 3587
48288, 3586
175962, 3586
33296, 3577
149069, 3571
177721, 3571
196226, 3564
36576, 3560
58023, 3550
99339, 3550
139597, 3550
140628, 3550
171705, 3550
176858, 3550
206941, 3550
222994, 3550
224451, 3550
259961, 3550
278707, 3550
57419, 3543
53383, 3542
184327, 3542
50583, 3538
65499, 3538
66452, 3538
75705, 3538
223618, 3538
254447, 3538
258654, 3538
296217, 3538
263759, 3531
131295, 3528
294760, 3528
16127, 3526
167395, 3526
169954, 3526
31842, 3523
48721, 3523
227550, 3523
36967, 3513
55727, 3513
89501, 3513
92945, 3513
166529, 3513
177896, 3513
184067, 3513
201386, 3513
236242, 3512
29534, 3509
139202, 3507
273144, 3506
143957, 3505
249841, 3504
145200, 3500
147936, 3500
189992, 3500
46856, 3498
190033, 3498
56216, 3494
118271, 3494
178979, 3494
215213, 3494
282899, 3494
5152, 3487
17903, 3487
30204, 3487
30977, 3487
49931, 3487
54682, 3487
82393, 3487
83393, 3487
85995, 3487
89217, 3487
95083, 3487
97511, 3487
97549, 3487
99727, 3487
104695, 3487
105865, 3487
111237, 3487
119174, 3487
128706, 3487
145462, 3487
147305, 3487
163184, 3487
170716, 3487
175610, 3487
186035, 3487
188058, 3487
192695, 3487
205242, 3487
206254, 3487
211575, 3487
212748, 3487
229489, 3487
233551, 3487
234642, 3487
235531, 3487
236669, 3487
242079, 3487
245852, 3487
245858, 3487
255940, 3487
261878, 3487
287404, 3487
294322, 3487
99278, 3486
157692, 3484
120878, 3474
83095, 3468
226888, 3468
193847, 3461
15779, 3454
42528, 3454
43256, 3454
59611, 3454
65393, 3454
75184, 3454
145785, 3454
164730, 3454
131474, 3448
172372, 3448
215666, 3448
243730, 3448
9588, 3446
32976, 3446
38696, 3446
53197, 3446
55455, 3446
60972, 3446
64094, 3446
66668, 3446
92679, 3446
94886, 3446
103319, 3446
109093, 3446
110567, 3446
112761, 3446
114623, 3446
131250, 3446
134806, 3446
135477, 3446
177139, 3446
195963, 3446
224856, 3446
126232, 3445
199136, 3445
293082, 3445
176607, 3441
269103, 3439
38443, 3438
44286, 3438
80892, 3438
101399, 3438
288304, 3438
97151, 3435
290405, 3434
179904, 3432
109879, 3428
249979, 3428
37784, 3426
43624, 3426
51471, 3426
176542, 3426
214235, 3426
215192, 3426
48494, 3424
259884, 3420
268452, 3420
274964, 3414
221059, 3413
29503, 3412
131417, 3410
210374, 3410
238606, 3410
27945, 3409
205206, 3409
219195, 3409
155502, 3399
269829, 3399
93366, 3398
136821, 3398
143904, 3398
194072, 3398
250634, 3398
295386, 3398
109278, 3397
255885, 3397
153129, 3386
26400, 3381
30548, 3381
34163, 3381
63103, 3381
194619, 3381
199753, 3381
267762, 3381
247112, 3379
82116, 3376
201496, 3376
240831, 3376
270370, 3376
160947, 3366
288960, 3366
75302, 3364
44689, 3360
294648, 3360
155854, 3358
178465, 3358
196033, 3358
292650, 3358
244441, 3357
245263, 3357
153171, 3356
184827, 3356
21118, 3353
78918, 3353
104487, 3353
115112, 3353
188063, 3353
193981, 3353
213213, 3353
225656, 3353
292398, 3353
103845, 3352
191891, 3352
224474, 3352
241256, 3341
177954, 3340
122307, 3339
247100, 3339
271246, 3339
176597, 3337
243719, 3337
293193, 3332
28049, 3328
49717, 3328
207626, 3328
214813, 3328
40076, 3323
63316, 3319
209769, 3319
255195, 3319
256788, 3319
126965, 3316
234972, 3316
122834, 3312
73379, 3311
94621, 3311
191168, 3311
221786, 3311
291646, 3311
34326, 3308
99073, 3308
146206, 3308
165027, 3308
172933, 3308
175675, 3308
207245, 3308
257645, 3308
291982, 3308
41478, 3302
51866, 3302
97441, 3302
136375, 3302
161344, 3302
177398, 3302
203158, 3302
269880, 3302
68928, 3297
129119, 3294
233170, 3286
242264, 3286
148285, 3280
191288, 3280
235931, 3280
282555, 3280
293931, 3280
291127, 3276
50485, 3273
66009, 3273
258309, 3267
50385, 3256
107009, 3251
207628, 3251
111811, 3247
168993, 3247
288146, 3247
69833, 3246
129786, 3246
206743, 3246
25958, 3245
44428, 3245
52875, 3245
73203, 3245
102349, 3245
186876, 3245
217113, 3245
221725, 3245
232944, 3245
233477, 3245
236030, 3245
289070, 3245
123390, 3244
38393, 3243
172408, 3243
148160, 3242
74593, 3239
120906, 3239
239781, 3235
162216, 3232
42791, 3230
73835, 3230
119524, 3230
139166, 3230
143660, 3230
67876, 3229
239321, 3229
183812, 3227
82703, 3226
129246, 3225
230637, 3225
38640, 3224
232115, 3224
76733, 3221
41134, 3218
12602, 3215
59208, 3215
90483, 3215
161063, 3215
176818, 3215
191829, 3215
193167, 3215
230604, 3215
235207, 3215
239247, 3215
258975, 3215
263023, 3215
285402, 3215
191658, 3211
276865, 3211
226331, 3210
158498, 3202
242191, 3202
247228, 3202
130274, 3195
167927, 3195
193151, 3188
59021, 3180
107645, 3180
230659, 3180
242611, 3179
105132, 3178
14476, 3177
253065, 3177
253909, 3177
94257, 3175
101320, 3175
171245, 3175
183227, 3175
195198, 3175
231297, 3175
234692, 3175
263473, 3175
64431, 3166
143027, 3166
178240, 3166
280380, 3166
286904, 3163
32235, 3162
62564, 3162
226839, 3159
147399, 3157
155319, 3157
136074, 3155
22549, 3154
182330, 3153
60366, 3149
89646, 3149
197057, 3143
237192, 3143
288335, 3143
80017, 3142
91589, 3142
246030, 3142
290647, 3142
296108, 3140
211245, 3139
232863, 3136
243762, 3136
291134, 3136
145013, 3135
205627, 3135
223561, 3135
191435, 3132
274097, 3132
275176, 3132
143817, 3131
250117, 3131
37413, 3130
133929, 3130
242522, 3130
288577, 3130
53708, 3125
126374, 3125
129110, 3125
170116, 3125
170909, 3125
216783, 3125
250923, 3125
259398, 3125
194670, 3116
45089, 3115
91027, 3115
142985, 3115
136935, 3108
181023, 3108
205731, 3108
246746, 3108
271525, 3108
285722, 3108
120444, 3103
133795, 3103
142503, 3103
279415, 3103
137303, 3100
172562, 3100
260433, 3098
275959, 3098
227867, 3092
69967, 3091
84511, 3090
113709, 3087
73687, 3086
264731, 3086
281905, 3086
10532, 3085
86218, 3085
225218, 3083
44879, 3082
50983, 3082
61752, 3082
77547, 3082
95866, 3082
101819, 3082
104898, 3082
114703, 3082
114889, 3082
118254, 3082
118411, 3082
126818, 3082
129355, 3082
134137, 3082
139950, 3082
144431, 3082
147208, 3082
149957, 3082
151137, 3082
157891, 3082
176605, 3082
181045, 3082
183786, 3082
191789, 3082
193601, 3082
194500, 3082
204468, 3082
204592, 3082
209793, 3082
218439, 3082
231557, 3082
249517, 3082
253418, 3082
287436, 3082
35184, 3078
37441, 3078
40181, 3078
42721, 3078
46719, 3078
47590, 3078
50866, 3078
54405, 3078
57884, 3078
62248, 3078
62824, 3078
64129, 3078
66374, 3078
67102, 3078
73385, 3078
73513, 3078
73660, 3078
75832, 3078
80334, 3078
83158, 3078
83866, 3078
84102, 3078
89226, 3078
96603, 3078
97578, 3078
97670, 3078
98408, 3078
101360, 3078
105156, 3078
105647, 3078
106841, 3078
112876, 3078
113806, 3078
114597, 3078
115060, 3078
117672, 3078
119563, 3078
119646, 3078
121153, 3078
121689, 3078
122201, 3078
122531, 3078
127598, 3078
130417, 3078
132143, 3078
132256, 3078
133920, 3078
134276, 3078
135990, 3078
137042, 3078
137206, 3078
139006, 3078
139580, 3078
140059, 3078
140460, 3078
142308, 3078
143045, 3078
144796, 3078
148511, 3078
150699, 3078
156045, 3078
156312, 3078
157704, 3078
162851, 3078
163722, 3078
165032, 3078
165482, 3078
167216, 3078
170075, 3078
171584, 3078
172122, 3078
174104, 3078
176186, 3078
176288, 3078
177975, 3078
180837, 3078
185286, 3078
186137, 3078
187445, 3078
192613, 3078
199293, 3078
200418, 3078
201038, 3078
203334, 3078
207964, 3078
212004, 3078
214719, 3078
226756, 3078
227709, 3078
228111, 3078
229566, 3078
239196, 3078
243822, 3078
248248, 3078
250726, 3078
251039, 3078
252285, 3078
253717, 3078
256768, 3078
260651, 3078
260866, 3078
261755, 3078
261934, 3078
263197, 3078
264121, 3078
265703, 3078
266755, 3078
267326, 3078
268293, 3078
268546, 3078
269671, 3078
273705, 3078
273823, 3078
273980, 3078
274595, 3078
275522, 3078
280395, 3078
282328, 3078
283373, 3078
284649, 3078
286257, 3078
286330, 3078
290246, 3078
292969, 3078
295861, 3078
87296, 3073
112093, 3073
265322, 3073
157594, 3072
238159, 3066
251944, 3066
275142, 3066
277437, 3061
220720, 3059
56993, 3057
188892, 3057
296268, 3057
70707, 3054
54550, 3049
76838, 3049
83235, 3049
85108, 3049
98286, 3049
104831, 3049
128891, 3049
131409, 3049
133277, 3049
135941, 3049
141757, 3049
143526, 3049
154114, 3049
157540, 3049
176749, 3049
188416, 3049
190342, 3049
190423, 3049
196700, 3049
205528, 3049
208009, 3049
208914, 3049
211404, 3049
215278, 3049
215896, 3049
221782, 3049
224442, 3049
235330, 3049
271845, 3049
276790, 3049
289424, 3049
294554, 3049
173736, 3039
16759, 3038
228583, 3034
286035, 3032
281193, 3028
224026, 3025
113354, 3024
130323, 3024
141398, 3024
143594, 3024
161742, 3024
172425, 3024
179199, 3024
183656, 3024
185411, 3024
196956, 3024
207921, 3024
210181, 3024
245447, 3024
254450, 3024
269833, 3024
271185, 3024
275187, 3024
278835, 3024
279124, 3024
288202, 3024
289384, 3024
294878, 3024
296305, 3024
40471, 3019
45983, 3019
59319, 3019
64854, 3019
92757, 3019
113741, 3019
145291, 3019
185410, 3019
193461, 3019
209550, 3019
231568, 3019
232426, 3019
156050, 3018
252864, 3016
135077, 3015
116189, 3013
251436, 3013
120503, 3011
289823, 3011
47536, 3006
88784, 3006
108349, 3006
215182, 3006
270083, 3006
115147, 3004
102523, 3002
117130, 3002
153820, 3002
211400, 3000
219326, 3000
204969, 2999
49438, 2997
107849, 2996
65782, 2991
61978, 2987
197915, 2983
26215, 2982
148347, 2982
279734, 2982
199847, 2980
237321, 2980
269262, 2980
295238, 2980
256143, 2977
35836, 2971
81205, 2971
89805, 2971
150460, 2971
253562, 2969
24925, 2967
140398, 2967
183879, 2967
208977, 2967
256914, 2967
269941, 2967
270639, 2967
157045, 2966
183427, 2966
195195, 2966
213339, 2966
233058, 2966
243437, 2966
254229, 2966
276153, 2966
72233, 2965
138281, 2959
152750, 2959
265236, 2959
102319, 2956
153886, 2956
162068, 2956
173574, 2956
118610, 2952
89666, 2951
131509, 2951
172196, 2951
49884, 2947
103303, 2947
117981, 2947
118947, 2947
119436, 2947
120678, 2947
128042, 2947
134190, 2947
134659, 2947
142090, 2947
143989, 2947
178735, 2947
204994, 2947
206396, 2947
260910, 2947
294115, 2947
196075, 2946
147771, 2943
66917, 2936
167056, 2936
167153, 2932
242165, 2932
259734, 2932
58713, 2928
67080, 2928
67892, 2928
68273, 2928
80066, 2928
92411, 2928
118939, 2928
122954, 2928
138739, 2928
140033, 2928
150411, 2928
184167, 2928
204060, 2928
218084, 2928
227942, 2928
240550, 2928
244647, 2928
273286, 2928
276408, 2928
291472, 2928
293715, 2928
287969, 2927
12698, 2924
60525, 2924
110612, 2924
219188, 2924
209775, 2923
226396, 2923
242570, 2921
125723, 2919
22794, 2913
23783, 2908
60673, 2908
71789, 2908
163108, 2908
50913, 2905
212344, 2905
231758, 2902
83607, 2897
92910, 2897
130633, 2897
138170, 2897
138819, 2897
140825, 2897
155962, 2897
173828, 2897
191776, 2897
201253, 2897
225404, 2897
234138, 2897
274637, 2897
277585, 2897
291378, 2897
138508, 2896
198697, 2896
72420, 2895
205868, 2895
96972, 2894
283437, 2892
71452, 2890
54949, 2888
120189, 2888
78033, 2883
91704, 2883
112910, 2883
118976, 2883
121518, 2883
128882, 2883
136497, 2883
138635, 2883
141834, 2883
142658, 2883
182682, 2883
184157, 2883
185501, 2883
189144, 2883
193969, 2883
197466, 2883
199166, 2883
202003, 2883
203838, 2883
206570, 2883
211679, 2883
213109, 2883
217566, 2883
221099, 2883
229481, 2883
230876, 2883
239590, 2883
250608, 2883
250781, 2883
257852, 2883
261919, 2883
272101, 2883
278205, 2883
280432, 2883
290659, 2883
14091, 2881
117852, 2881
262827, 2880
183022, 2879
275964, 2879
85594, 2877
247054, 2877
41323, 2874
203827, 2871
71000, 2859
161399, 2859
163048, 2859
214358, 2859
217816, 2859
245105, 2859
276386, 2859
285764, 2859
191722, 2856
194415, 2856
284766, 2856
173081, 2852
200142, 2852
28549, 2848
34821, 2848
82625, 2848
218686, 2846
199772, 2845
285380, 2845
71990, 2844
200588, 2844
211646, 2844
3682, 2840
133507, 2840
154965, 2840
165470, 2840
167849, 2840
171274, 2840
171357, 2840
193992, 2840
194314, 2840
214564, 2840
223547, 2840
264874, 2840
266773, 2840
268331, 2840
249565, 2836
266420, 2836
174483, 2833
280205, 2833
34028, 2830
66714, 2830
91007, 2830
212635, 2829
174869, 2826
29217, 2825
259045, 2825
263807, 2825
110324, 2819
80390, 2818
80726, 2818
85389, 2818
101187, 2818
141084, 2818
173181, 2818
202994, 2818
208644, 2818
230257, 2818
230350, 2818
236512, 2818
273129, 2818
67721, 2812
119718, 2812
121694, 2812
127290, 2812
180143, 2812
218118, 2812
220089, 2812
223748, 2812
293096, 2812
295889, 2812
295909, 2811
131432, 2809
187808, 2809
217415, 2804
187751, 2801
159808, 2800
114398, 2796
122684, 2796
130990, 2796
141365, 2796
218170, 2796
232126, 2796
77082, 2795
79110, 2795
89228, 2795
92067, 2795
102995, 2795
104060, 2795
143968, 2795
144334, 2795
161020, 2795
166288, 2795
166398, 2795
175405, 2795
178641, 2795
179183, 2795
179342, 2795
183852, 2795
189708, 2795
193272, 2795
201642, 2795
223768, 2795
229450, 2795
243655, 2795
248694, 2795
249530, 2795
265222, 2795
277931, 2795
283519, 2795
112166, 2793
277172, 2793
35421, 2791
36563, 2791
61683, 2791
71024, 2791
93628, 2791
97489, 2791
105145, 2791
134743, 2791
138380, 2791
181069, 2791
254288, 2791
54664, 2790
67767, 2790
195870, 2790
115000, 2787
136028, 2787
84419, 2784
261835, 2783
20109, 2779
265568, 2779
183264, 2765
289522, 2763
132595, 2762
194192, 2762
272516, 2762
248927, 2761
251984, 2760
63515, 2756
77351, 2756
97070, 2756
102105, 2756
103005, 2756
105621, 2756
109622, 2756
114382, 2756
119981, 2756
144080, 2756
147510, 2756
148152, 2756
150193, 2756
181842, 2756
185167, 2756
200859, 2756
223433, 2756
227051, 2756
233471, 2756
256471, 2756
270514, 2756
272227, 2756
272542, 2756
286206, 2756
294405, 2756
152744, 2754
164744, 2754
248049, 2754
47156, 2752
93856, 2752
209910, 2752
218043, 2752
286395, 2751
221024, 2746
274438, 2746
78984, 2744
87024, 2744
98230, 2744
179687, 2744
222721, 2744
270454, 2744
274584, 2744
139272, 2743
184802, 2743
236797, 2743
192146, 2742
209728, 2742
40719, 2740
75095, 2740
122832, 2740
129248, 2740
173446, 2740
234548, 2740
229087, 2735
116333, 2729
35642, 2726
45430, 2726
92801, 2726
96645, 2718
105183, 2718
105734, 2718
127725, 2718
137109, 2718
139606, 2718
156108, 2718
158759, 2718
168283, 2718
170787, 2718
182018, 2718
194121, 2718
198902, 2718
203331, 2718
203611, 2718
222977, 2718
238770, 2718
278977, 2718
280024, 2718
64883, 2714
83815, 2714
94640, 2714
97456, 2714
117395, 2714
139437, 2714
146630, 2714
150391, 2714
169453, 2714
181052, 2714
184213, 2714
213497, 2714
249350, 2714
277128, 2714
211373, 2712
45238, 2711
77905, 2711
89062, 2710
118849, 2707
180682, 2707
187981, 2707
225661, 2707
94697, 2699
97163, 2699
144376, 2699
150208, 2699
161245, 2699
171756, 2699
182040, 2699
255618, 2699
274166, 2699
45868, 2697
56921, 2697
60314, 2697
237155, 2697
69791, 2694
97569, 2694
109763, 2694
118467, 2694
131552, 2694
149833, 2694
170112, 2694
170993, 2694
183700, 2694
188856, 2694
217439, 2694
222352, 2694
230036, 2694
236301, 2694
258368, 2694
261795, 2694
193360, 2690
196496, 2690
258650, 2690
279606, 2690
167869, 2688
290720, 2688
56910, 2687
144169, 2685
144888, 2684
150392, 2684
228181, 2684
273777, 2684
95597, 2683
42128, 2681
67827, 2681
74490, 2681
79455, 2681
84209, 2681
96662, 2681
120658, 2681
129018, 2681
136870, 2681
138600, 2681
140574, 2681
141110, 2681
146482, 2681
150566, 2681
151797, 2681
155937, 2681
167331, 2681
167693, 2681
168006, 2681
179311, 2681
179954, 2681
181696, 2681
184374, 2681
184712, 2681
189496, 2681
192285, 2681
192915, 2681
197605, 2681
202928, 2681
210641, 2681
216789, 2681
220502, 2681
221830, 2681
222270, 2681
222817, 2681
230209, 2681
242601, 2681
243717, 2681
245026, 2681
249279, 2681
250346, 2681
264276, 2681
281144, 2681
288165, 2681
293275, 2681
296580, 2681
4942, 2680
18725, 2680
73776, 2680
130599, 2680
146845, 2680
149429, 2680
159308, 2680
172856, 2680
182587, 2680
215712, 2680
224400, 2680
274768, 2680
24840, 2678
50662, 2678
56670, 2678
74160, 2678
78024, 2678
99235, 2678
114730, 2678
117133, 2678
118480, 2678
137093, 2678
140303, 2678
145333, 2678
147934, 2678
150305, 2678
152025, 2678
168195, 2678
170967, 2678
172253, 2678
176385, 2678
177423, 2678
183195, 2678
184196, 2678
187159, 2678
188442, 2678
195665, 2678
197112, 2678
197954, 2678
204615, 2678
206906, 2678
208090, 2678
208643, 2678
211015, 2678
212724, 2678
225088, 2678
226732, 2678
233386, 2678
248434, 2678
275208, 2678
276447, 2678
278912, 2678
284403, 2678
287747, 2678
292212, 2678
292554, 2678
211858, 2672
34903, 2671
239237, 2671
295192, 2669
198537, 2667
228086, 2667
233998, 2667
266325, 2667
268865, 2667
285949, 2667
238555, 2665
17749, 2664
34480, 2664
162182, 2664
25752, 2663
70541, 2663
174581, 2663
260546, 2663
19070, 2661
93924, 2661
97920, 2661
197745, 2661
294621, 2661
227206, 2660
185453, 2658
115730, 2657
47230, 2655
62632, 2655
65183, 2655
77679, 2655
78413, 2655
82145, 2655
91869, 2655
102538, 2655
106965, 2655
110681, 2655
121523, 2655
134690, 2655
140653, 2655
144052, 2655
170091, 2655
184002, 2655
205819, 2655
206166, 2655
212618, 2655
220964, 2655
268700, 2655
288180, 2655
128658, 2653
60005, 2652
152177, 2652
183857, 2652
95284, 2644
133629, 2644
142559, 2644
142878, 2644
151508, 2644
156777, 2644
194568, 2644
293228, 2644
277758, 2643
45119, 2642
52750, 2642
78966, 2642
82408, 2642
108597, 2642
112384, 2642
162132, 2642
162853, 2642
175778, 2642
182543, 2642
183630, 2642
192560, 2642
196173, 2642
210278, 2642
210633, 2642
216733, 2642
222543, 2642
226687, 2642
257380, 2642
268588, 2642
274029, 2642
59283, 2641
76174, 2641
84629, 2641
89422, 2641
91659, 2641
94399, 2641
106421, 2641
112162, 2641
112456, 2641
121125, 2641
132127, 2641
135204, 2641
144874, 2641
147684, 2641
156833, 2641
173904, 2641
176523, 2641
192101, 2641
193745, 2641
207631, 2641
218999, 2641
228414, 2641
233480, 2641
236236, 2641
257810, 2641
258679, 2641
261445, 2641
263972, 2641
269899, 2641
281720, 2641
282116, 2641
287949, 2641
288219, 2641
288592, 2641
291074, 2641
5143, 2639
154800, 2639
156051, 2639
93859, 2636
89186, 2630
29593, 2629
49906, 2629
51790, 2629
91533, 2629
117823, 2629
118268, 2629
200548, 2629
224558, 2629
244641, 2629
245605, 2629
257092, 2629
24400, 2627
112077, 2627
181150, 2627
28614, 2620
33855, 2620
83933, 2620
296503, 2620
72968, 2619
74163, 2619
114428, 2619
135649, 2619
196382, 2619
296135, 2619
107763, 2610
114184, 2609
11609, 2603
54464, 2603
144434, 2603
149072, 2603
160856, 2603
160972, 2603
167426, 2603
174984, 2603
184837, 2603
198469, 2603
200211, 2603
205971, 2603
221710, 2603
225806, 2603
237041, 2603
239206, 2603
240072, 2603
258742, 2603
270689, 2603
276320, 2603
284594, 2603
289130, 2603
291473, 2603
295384, 2603
28361, 2601
292469, 2601
80684, 2600
71919, 2592
132806, 2592
277093, 2592
107582, 2590
113223, 2590
122392, 2590
145657, 2590
150851, 2590
171086, 2590
178529, 2590
192523, 2590
249065, 2590
293069, 2590
271491, 2589
74626, 2586
75310, 2586
93109, 2586
124990, 2586
146080, 2586
152978, 2586
172406, 2586
201224, 2586
189834, 2583
3408, 2582
41942, 2582
67737, 2582
74538, 2582
103511, 2582
113509, 2582
132623, 2582
183556, 2582
1362, 2578
27524, 2578
27863, 2578
29221, 2578
35429, 2578
39686, 2578
41370, 2578
41433, 2578
53048, 2578
53937, 2578
54208, 2578
57949, 2578
61687, 2578
71975, 2578
72329, 2578
75308, 2578
82743, 2578
83271, 2578
85300, 2578
89203, 2578
89536, 2578
92326, 2578
93960, 2578
100350, 2578
106276, 2578
110516, 2578
110537, 2578
113050, 2578
114882, 2578
115909, 2578
122458, 2578
124736, 2578
127342, 2578
127939, 2578
140307, 2578
140407, 2578
141421, 2578
145312, 2578
155225, 2578
162275, 2578
168607, 2578
169425, 2578
171257, 2578
173356, 2578
174533, 2578
174716, 2578
178776, 2578
182298, 2578
184343, 2578
189060, 2578
190010, 2578
191641, 2578
204244, 2578
210208, 2578
212999, 2578
215591, 2578
218364, 2578
219183, 2578
236217, 2578
237851, 2578
239698, 2578
245934, 2578
250581, 2578
251823, 2578
256666, 2578
257131, 2578
265111, 2578
265616, 2578
286609, 2578
289318, 2578
291660, 2578
294238, 2578
100018, 2577
101566, 2577
125011, 2577
136338, 2577
145522, 2577
162254, 2577
173694, 2577
181864, 2577
204952, 2577
209057, 2577
209189, 2577
226303, 2577
238087, 2577
239761, 2577
268292, 2577
284792, 2577
59797, 2570
62629, 2570
68791, 2570
79180, 2570
82962, 2570
86100, 2570
140743, 2570
174422, 2570
181457, 2570
189856, 2570
194796, 2570
211163, 2570
214154, 2570
220177, 2570
226898, 2570
227338, 2570
247743, 2570
250462, 2570
289986, 2570
294441, 2570
107461, 2568
142214, 2568
158572, 2568
170217, 2568
218215, 2568
268976, 2560
142393, 2559
208873, 2559
247791, 2558
16964, 2557
57319, 2557
262631, 2557
277996, 2555
246158, 2552
88287, 2551
130054, 2551
180966, 2551
189259, 2551
194953, 2551
209234, 2551
212084, 2551
237268, 2551
239241, 2551
276046, 2551
284612, 2551
290552, 2551
218746, 2542
277673, 2542
86311, 2541
161755, 2541
186132, 2541
227901, 2541
242536, 2541
261929, 2541
266252, 2541
272990, 2541
15474, 2540
75563, 2540
170881, 2540
184885, 2540
212529, 2540
242810, 2540
125922, 2538
43273, 2535
179983, 2535
198569, 2535
109055, 2531
238288, 2529
240118, 2529
16205, 2523
31665, 2523
75759, 2523
114006, 2523
269770, 2523
34410, 2522
38597, 2522
40786, 2522
59805, 2522
73908, 2522
84075, 2522
84418, 2522
92279, 2522
109816, 2522
134752, 2522
158248, 2522
41521, 2517
69815, 2517
169167, 2517
228248, 2517
31319, 2513
194985, 2513
198604, 2513
238570, 2513
132527, 2512
150921, 2512
257330, 2512
204539, 2510
89347, 2509
277195, 2508
63936, 2498
258357, 2498
47006, 2497
75774, 2497
64354, 2494
96030, 2494
190367, 2494
213184, 2494
245704, 2494
253033, 2494
267485, 2494
267761, 2494
198714, 2493
267605, 2493
268578, 2493
134899, 2490
32429, 2487
100763, 2487
102541, 2487
132868, 2487
174270, 2487
204739, 2487
232462, 2487
253857, 2487
83506, 2485
113557, 2485
117271, 2485
125965, 2485
145023, 2485
176617, 2485
181787, 2485
207997, 2485
240463, 2485
242107, 2485
261962, 2485
262166, 2485
268462, 2485
283022, 2485
286571, 2485
41263, 2484
90985, 2483
173047, 2483
195754, 2483
199454, 2483
243156, 2483
44637, 2482
166840, 2482
211992, 2482
220708, 2482
289021, 2482
151698, 2481
174158, 2481
123091, 2480
220085, 2480
244832, 2480
273826, 2480
103251, 2475
182538, 2475
190014, 2475
213137, 2475
246533, 2475
267106, 2475
200825, 2474
119268, 2467
191463, 2466
215691, 2464
276684, 2464
158784, 2461
91269, 2460
236938, 2460
185208, 2459
76204, 2457
202678, 2457
52870, 2454
224399, 2454
239559, 2454
290049, 2454
26876, 2452
166260, 2452
219174, 2452
249952, 2452
260047, 2452
281693, 2452
289263, 2452
32567, 2450
125242, 2450
144340, 2450
80682, 2449
96762, 2449
131561, 2449
145639, 2449
284845, 2449
79428, 2447
202040, 2447
38350, 2445
56156, 2445
64025, 2445
73056, 2445
78933, 2445
97322, 2445
107776, 2445
122673, 2445
145241, 2445
145842, 2445
166386, 2445
167105, 2445
175025, 2445
196427, 2445
203255, 2445
203479, 2445
243355, 2445
247467, 2445
254764, 2445
258509, 2445
274241, 2445
274878, 2445
283045, 2445
68914, 2444
109612, 2444
118808, 2444
124835, 2444
184878, 2444
204582, 2444
213409, 2444
217855, 2444
239014, 2444
240076, 2444
295643, 2444
76019, 2439
79363, 2439
86142, 2439
105686, 2439
173772, 2439
58538, 2438
141955, 2438
153236, 2438
209120, 2438
211125, 2438
227970, 2438
283517, 2438
147166, 2435
48725, 2434
64328, 2434
230961, 2434
274322, 2434
76710, 2433
232644, 2431
50039, 2429
80482, 2429
106454, 2429
128874, 2429
133844, 2429
135575, 2429
147176, 2429
150372, 2429
159603, 2429
172739, 2429
174820, 2429
211752, 2429
261487, 2429
264320, 2429
266908, 2429
269695, 2429
280317, 2429
287823, 2429
34702, 2425
31105, 2424
36986, 2424
67639, 2424
75578, 2424
80934, 2424
94042, 2424
96320, 2424
99876, 2424
111267, 2424
119850, 2424
126841, 2424
136591, 2424
146047, 2424
180194, 2424
186582, 2424
193394, 2424
204363, 2424
218450, 2424
255000, 2424
60554, 2423
60558, 2423
68515, 2423
72381, 2423
81852, 2423
109736, 2423
119463, 2423
125957, 2423
127119, 2423
130584, 2423
148133, 2423
177897, 2423
196481, 2423
199101, 2423
205430, 2423
219776, 2423
240646, 2423
263171, 2423
270376, 2423
273186, 2423
273665, 2423
292151, 2423
294675, 2423
294939, 2423
208600, 2422
221973, 2422
139311, 2414
182750, 2414
217827, 2414
19636, 2410
40951, 2410
74982, 2410
92494, 2410
98187, 2410
121229, 2410
122941, 2410
131423, 2410
150388, 2410
171485, 2410
171965, 2410
176418, 2410
189712, 2410
190343, 2410
195482, 2410
211057, 2410
227147, 2410
229939, 2410
239392, 2410
245931, 2410
272754, 2410
280354, 2410
292172, 2410
77993, 2409
79526, 2409
97108, 2409
245897, 2409
19429, 2406
62147, 2405
184331, 2405
55093, 2404
62890, 2404
73588, 2404
110230, 2404
128429, 2404
129881, 2404
131434, 2404
155685, 2404
156960, 2404
161890, 2404
163688, 2404
167787, 2404
169126, 2404
175869, 2404
182604, 2404
183063, 2404
190092, 2404
193080, 2404
194427, 2404
197970, 2404
204525, 2404
209353, 2404
213012, 2404
219992, 2404
224258, 2404
234130, 2404
238654, 2404
239094, 2404
245560, 2404
253111, 2404
256683, 2404
260728, 2404
262692, 2404
263579, 2404
263608, 2404
263615, 2404
269018, 2404
278818, 2404
287321, 2404
289746, 2404
290594, 2404
294402, 2404
137320, 2403
188081, 2403
271027, 2403
58324, 2401
214431, 2401
80262, 2400
93271, 2398
254866, 2394
33328, 2393
112106, 2392
183127, 2392
184021, 2392
275069, 2392
83539, 2391
177113, 2391
272592, 2391
280813, 2391
129294, 2390
95388, 2386
101104, 2385
102847, 2385
106862, 2385
113355, 2385
137518, 2385
177616, 2385
181574, 2385
181591, 2385
192993, 2385
217237, 2385
222505, 2385
230826, 2385
231576, 2385
234440, 2385
248739, 2385
251079, 2385
285323, 2385
290807, 2385
43952, 2384
177629, 2384
148058, 2381
195127, 2381
48141, 2379
48110, 2376
50062, 2376
186483, 2376
266126, 2376
31994, 2375
94777, 2374
101800, 2374
124520, 2374
146023, 2374
181204, 2374
184380, 2374
249059, 2374
260652, 2374
262687, 2374
267198, 2374
278891, 2374
279594, 2374
281748, 2374
283425, 2374
285311, 2374
248333, 2367
93458, 2366
120492, 2366
159034, 2366
190623, 2366
213838, 2366
226404, 2366
145508, 2365
170784, 2365
211492, 2365
217645, 2365
42143, 2362
43299, 2362
45548, 2362
48204, 2362
131857, 2362
166141, 2362
19019, 2360
44937, 2360
85361, 2360
129106, 2360
134317, 2360
141105, 2360
147100, 2360
157141, 2360
159712, 2360
171340, 2360
212661, 2360
227257, 2360
226491, 2359
45019, 2356
183098, 2356
211374, 2356
293517, 2355
98278, 2352
114140, 2352
120718, 2352
122682, 2352
130580, 2352
131391, 2352
136203, 2352
173602, 2352
194635, 2352
200878, 2352
212361, 2352
220247, 2352
228913, 2352
230297, 2352
232985, 2352
269446, 2352
130481, 2351
223116, 2351
21176, 2349
159627, 2346
235279, 2346
295860, 2346
60047, 2345
206064, 2345
268968, 2345
272188, 2345
40617, 2341
63167, 2341
91447, 2341
155866, 2341
169091, 2341
218736, 2341
295495, 2341
1273, 2338
6861, 2338
12422, 2338
33442, 2338
83651, 2338
87192, 2338
177684, 2338
226713, 2338
249286, 2338
278418, 2338
146777, 2337
248775, 2337
61861, 2333
144709, 2333
253665, 2333
27398, 2332
166662, 2332
246152, 2332
52598, 2326
92432, 2326
289205, 2326
172844, 2324
90022, 2323
90164, 2323
115018, 2323
259221, 2323
122911, 2321
222892, 2321
252638, 2321
272428, 2321
150421, 2320
207871, 2320
281932, 2320
111588, 2317
175433, 2317
185596, 2317
219590, 2317
221387, 2317
254079, 2317
285235, 2317
287490, 2312
292365, 2312
117291, 2308
138456, 2308
141265, 2308
211045, 2308
219850, 2308
111913, 2306
144895, 2306
183155, 2306
214111, 2306
230950, 2306
287346, 2306
244452, 2303
126290, 2302
228293, 2300
98276, 2299
146889, 2299
222950, 2299
238595, 2299
278247, 2299
293238, 2299
144988, 2296
259697, 2296
21268, 2293
85188, 2293
161279, 2293
175326, 2293
200002, 2293
122435, 2291
151342, 2291
76677, 2289
82775, 2289
163867, 2289
182352, 2289
54597, 2287
74739, 2287
100911, 2287
120310, 2287
122540, 2287
134211, 2287
137104, 2287
139801, 2287
152391, 2287
160703, 2287
190898, 2287
191109, 2287
202711, 2287
211176, 2287
259014, 2287
27288, 2286
28191, 2286
67751, 2286
74753, 2286
119641, 2286
161621, 2286
190118, 2286
190601, 2286
180169, 2280
189644, 2279
31700, 2278
36992, 2278
47126, 2278
81960, 2278
83026, 2278
101563, 2278
102063, 2278
103503, 2278
119257, 2278
159468, 2278
199186, 2278
213833, 2278
249316, 2278
279611, 2278
289448, 2277
265246, 2275
28633, 2274
90229, 2274
194288, 2274
283632, 2274
54289, 2272
266780, 2272
214880, 2266
252053, 2266
286020, 2265
33286, 2264
83765, 2260
218510, 2260
246801, 2260
20835, 2259
80391, 2259
172544, 2259
284193, 2259
141233, 2258
268783, 2258
150556, 2253
174089, 2253
200929, 2253
23657, 2250
55888, 2250
94086, 2250
165257, 2250
190744, 2250
241932, 2250
262477, 2250
268451, 2250
283792, 2250
104353, 2249
151127, 2249
165111, 2249
189870, 2249
44771, 2247
61107, 2247
124113, 2247
150004, 2247
150330, 2247
178359, 2247
212472, 2247
212924, 2247
130856, 2243
214121, 2243
273517, 2243
5517, 2242
28678, 2242
92031, 2242
115462, 2242
157356, 2242
208301, 2242
232256, 2242
242866, 2242
279495, 2242
235136, 2240
252980, 2240
55538, 2239
114738, 2239
131992, 2239
188994, 2239
288182, 2239
161046, 2238
177224, 2238
98599, 2236
108950, 2236
116745, 2236
132839, 2236
133381, 2236
148425, 2236
151046, 2236
216591, 2236
248352, 2236
251623, 2236
14426, 2235
62315, 2235
231463, 2235
245305, 2235
283661, 2235
50393, 2229
31524, 2228
72937, 2227
159191, 2227
8187, 2225
52968, 2225
223573, 2225
253430, 2225
49151, 2223
100523, 2223
7212, 2222
140965, 2216
238925, 2216
102024, 2215
163208, 2212
214126, 2212
131689, 2210
147016, 2210
208723, 2210
294642, 2210
192390, 2208
202111, 2205
293717, 2205
262193, 2203
13772, 2202
14605, 2202
23237, 2202
27809, 2202
28209, 2202
30736, 2202
33961, 2202
34342, 2202
39542, 2202
40075, 2202
50305, 2202
54802, 2202
56689, 2202
60881, 2202
61000, 2202
64910, 2202
66366, 2202
68441, 2202
71832, 2202
72204, 2202
74070, 2202
77474, 2202
78541, 2202
82403, 2202
83305, 2202
84690, 2202
86778, 2202
92562, 2202
96925, 2202
101954, 2202
108072, 2202
115585, 2202
123603, 2202
126248, 2202
127481, 2202
133326, 2202
149281, 2202
167907, 2202
182319, 2202
188000, 2202
199401, 2202
211177, 2202
234671, 2202
237541, 2202
238437, 2202
51305, 2201
60385, 2201
106772, 2201
289229, 2201
63965, 2199
115524, 2199
118684, 2199
63431, 2197
103728, 2197
116149, 2196
244365, 2195
234579, 2194
139737, 2193
63633, 2192
109096, 2192
123989, 2192
251962, 2192
278269, 2192
285220, 2192
290630, 2192
164370, 2191
269040, 2191
111573, 2189
113989, 2187
142324, 2187
169071, 2187
179185, 2187
287987, 2187
30283, 2183
52650, 2183
114863, 2183
155956, 2183
157823, 2183
285973, 2183
86483, 2182
154028, 2182
179435, 2182
254432, 2175
252033, 2173
174583, 2172
65883, 2171
94160, 2171
94544, 2171
120525, 2171
155132, 2171
206611, 2171
285271, 2171
150285, 2168
162148, 2165
272024, 2165
98774, 2164
56179, 2160
113602, 2160
150212, 2160
154738, 2160
170025, 2160
186179, 2160
287492, 2160
238735, 2157
68584, 2156
80872, 2152
138303, 2152
217703, 2152
238005, 2152
87523, 2149
289379, 2149
252859, 2147
102007, 2146
114413, 2146
158775, 2146
182010, 2146
209399, 2146
166080, 2144
296158, 2144
16903, 2143
24764, 2143
186642, 2141
195155, 2141
16493, 2139
38361, 2139
51450, 2139
62690, 2139
69856, 2139
77050, 2139
130040, 2139
171298, 2139
200337, 2139
279295, 2139
284983, 2139
113514, 2138
26164, 2137
34490, 2137
56896, 2137
64724, 2137
98343, 2137
128212, 2137
156341, 2137
156476, 2137
209023, 2137
232525, 2137
290518, 2137
25117, 2136
29929, 2136
129567, 2136
174145, 2136
55525, 2134
138208, 2134
108323, 2133
127386, 2133
245414, 2133
75944, 2132
260395, 2132
132820, 2131
189206, 2131
246156, 2131
253097, 2131
236528, 2129
216904, 2128
16044, 2127
28544, 2127
44037, 2127
44091, 2127
62116, 2127
73226, 2127
73710, 2127
103903, 2127
108782, 2127
141847, 2127
158518, 2127
197902, 2127
200696, 2127
246662, 2127
6351, 2123
27580, 2123
35067, 2123
72357, 2123
76306, 2123
84425, 2123
87667, 2123
103307, 2123
108741, 2123
118303, 2123
120233, 2123
124182, 2123
133983, 2123
156124, 2123
175192, 2123
211895, 2123
228225, 2123
253449, 2123
292265, 2123
294264, 2123
82865, 2122
223584, 2122
246965, 2122
278645, 2122
151480, 2121
245465, 2121
88132, 2120
105889, 2120
110904, 2120
136905, 2120
204081, 2120
215285, 2120
224738, 2120
256123, 2120
273094, 2120
290904, 2117
69611, 2113
175531, 2112
112919, 2111
116674, 2111
119113, 2111
161060, 2111
206246, 2111
234588, 2111
235757, 2111
247896, 2111
293964, 2111
54875, 2109
94349, 2107
248425, 2107
130243, 2106
142123, 2106
212762, 2104
223581, 2104
161802, 2103
234044, 2102
172495, 2097
41226, 2095
13087, 2093
289992, 2093
48733, 2090
91045, 2090
95871, 2090
202310, 2090
202347, 2090
209245, 2090
253335, 2090
261653, 2090
21890, 2087
55762, 2087
68356, 2087
188583, 2087
254395, 2085
82396, 2084
192430, 2084
204531, 2084
196898, 2083
18806, 2082
104809, 2081
197120, 2081
121431, 2080
152019, 2077
171040, 2077
236185, 2077
207608, 2076
221180, 2076
87141, 2074
267938, 2074
63049, 2072
51487, 2065
101741, 2063
181627, 2063
14538, 2062
99221, 2062
169646, 2062
272310, 2061
277801, 2061
229048, 2058
270374, 2058
199558, 2057
252482, 2057
30487, 2055
205679, 2055
101511, 2054
36572, 2052
219388, 2052
248052, 2052
75694, 2051
104385, 2051
132112, 2051
198668, 2051
221435, 2051
282829, 2051
30123, 2050
291087, 2050
47609, 2040
66539, 2040
74222, 2040
294605, 2040
72865, 2038
124607, 2038
145428, 2038
279308, 2038
33478, 2037
94695, 2037
99839, 2037
111450, 2037
126083, 2037
179471, 2037
199265, 2037
213837, 2037
213921, 2037
218800, 2037
222033, 2037
235379, 2037
246083, 2037
246860, 2037
251574, 2037
264352, 2037
268936, 2037
294348, 2037
82090, 2035
99368, 2035
107309, 2035
16133, 2034
20307, 2034
22633, 2034
63267, 2034
104545, 2034
115463, 2034
223048, 2034
284580, 2032
5633, 2031
101392, 2031
198838, 2028
231976, 2028
257719, 2028
294194, 2028
155801, 2027
30559, 2026
50224, 2026
176139, 2026
190620, 2026
212810, 2026
238520, 2026
264629, 2026
288584, 2026
92970, 2023
131928, 2022
199915, 2021
277691, 2021
229304, 2019
252621, 2018
161914, 2016
135806, 2015
205270, 2015
220981, 2015
275143, 2015
49993, 2012
51593, 2012
92231, 2012
130070, 2012
140765, 2012
143723, 2012
147391, 2012
159632, 2012
160378, 2012
170674, 2012
178845, 2012
179245, 2012
205010, 2012
210854, 2012
216628, 2012
229663, 2012
230728, 2012
238870, 2012
285011, 2012
291129, 2012
90200, 2011
52468, 2010
58437, 2010
18455, 2007
55749, 2007
231827, 2007
255040, 2007
86266, 2006
192972, 2005
274023, 2000
285136, 2000
287074, 2000
167832, 1999
233898, 1999
234252, 1996
192569, 1995
174061, 1993
277081, 1993
57005, 1992
72060, 1992
121820, 1992
134355, 1992
161962, 1992
154235, 1990
213489, 1990
271307, 1990
280121, 1990
295201, 1990
238524, 1989
253925, 1988
44491, 1987
61425, 1987
116315, 1987
136197, 1987
162825, 1987
186896, 1987
260203, 1987
269947, 1987
270439, 1987
276571, 1987
276581, 1987
81077, 1984
112806, 1984
145369, 1984
219355, 1984
248203, 1984
206119, 1983
194587, 1982
77518, 1977
108767, 1977
15484, 1976
89826, 1976
169652, 1976
281245, 1976
118646, 1974
172224, 1974
178415, 1972
218635, 1972
282270, 1972
106871, 1971
166936, 1971
10126, 1970
59408, 1970
248095, 1970
46069, 1969
161345, 1969
198162, 1969
214322, 1969
217273, 1969
242860, 1969
291161, 1969
121266, 1968
153478, 1968
158213, 1968
200787, 1968
230638, 1968
240054, 1968
247778, 1968
251169, 1968
274408, 1968
286077, 1968
10147, 1967
22707, 1967
59173, 1967
68892, 1967
95481, 1967
106248, 1967
139819, 1967
171318, 1967
176522, 1967
287309, 1967
24985, 1966
105097, 1966
114961, 1965
191511, 1965
193768, 1965
203280, 1965
207263, 1965
260477, 1965
271616, 1965
271894, 1965
26459, 1964
56749, 1964
64696, 1964
82706, 1964
88881, 1964
88953, 1964
90289, 1964
90493, 1964
92369, 1964
99756, 1964
118904, 1964
128676, 1964
130938, 1964
133713, 1964
139795, 1964
151563, 1964
152708, 1964
153751, 1964
157701, 1964
158869, 1964
159657, 1964
169325, 1964
175095, 1964
182685, 1964
196402, 1964
199557, 1964
201130, 1964
209739, 1964
215613, 1964
232501, 1964
238338, 1964
250464, 1964
277483, 1964
278222, 1964
285485, 1964
285891, 1964
286863, 1964
70246, 1963
83884, 1963
89107, 1963
146695, 1963
267204, 1963
113382, 1962
50762, 1961
226941, 1958
137165, 1957
116454, 1956
117944, 1956
128901, 1956
161635, 1956
209308, 1956
227408, 1956
271934, 1956
231115, 1954
273325, 1954
21739, 1952
84401, 1952
138993, 1952
269560, 1952
111954, 1951
123040, 1951
151577, 1951
167562, 1951
186501, 1951
221983, 1951
232201, 1951
5880, 1950
69637, 1950
205142, 1950
244353, 1950
272371, 1950
54481, 1949
90780, 1949
27484, 1948
54734, 1948
149735, 1948
259694, 1948
275982, 1948
53296, 1947
204266, 1947
232015, 1946
289602, 1946
94826, 1945
150035, 1945
250066, 1945
259616, 1945
6852, 1943
60886, 1941
62831, 1941
83544, 1941
111289, 1941
113164, 1941
239983, 1941
245961, 1941
52091, 1937
112893, 1937
185438, 1934
27879, 1932
50032, 1932
50728, 1932
52567, 1932
53624, 1932
56928, 1932
169405, 1932
4299, 1929
101066, 1929
14183, 1928
20550, 1928
24158, 1928
26703, 1928
30129, 1928
40009, 1928
51560, 1928
56327, 1928
67341, 1928
69616, 1928
72206, 1928
76986, 1928
86575, 1928
95836, 1928
108677, 1928
112916, 1928
126833, 1928
137642, 1928
163054, 1928
245849, 1928
56848, 1927
78018, 1927
81047, 1927
83292, 1927
97671, 1927
106431, 1927
109216, 1927
119977, 1927
127192, 1927
135920, 1927
136971, 1927
137027, 1927
144383, 1927
151530, 1927
176305, 1927
183349, 1927
186295, 1927
189463, 1927
192440, 1927
218872, 1927
221476, 1927
233199, 1927
242950, 1927
246313, 1927
248275, 1927
250366, 1927
257108, 1927
269632, 1927
270078, 1927
276553, 1927
278647, 1927
280367, 1927
291850, 1927
294087, 1927
295004, 1927
295801, 1927
19065, 1924
27199, 1924
213521, 1923
222282, 1923
46857, 1921
38758, 1918
50467, 1918
51756, 1918
52744, 1918
53183, 1918
55145, 1918
58909, 1918
58987, 1918
59837, 1918
63790, 1918
66191, 1918
66719, 1918
66806, 1918
67455, 1918
68832, 1918
70979, 1918
74369, 1918
74517, 1918
81709, 1918
83778, 1918
84299, 1918
86242, 1918
86407, 1918
87559, 1918
88927, 1918
90698, 1918
93046, 1918
97801, 1918
98209, 1918
99217, 1918
100299, 1918
103458, 1918
104536, 1918
107218, 1918
107390, 1918
108298, 1918
108320, 1918
112537, 1918
113540, 1918
116686, 1918
119759, 1918
121178, 1918
123446, 1918
123677, 1918
126224, 1918
128218, 1918
129853, 1918
130740, 1918
131638, 1918
132613, 1918
140424, 1918
142518, 1918
143332, 1918
144537, 1918
145049, 1918
148636, 1918
150268, 1918
152202, 1918
152413, 1918
152996, 1918
153306, 1918
153826, 1918
156804, 1918
160413, 1918
167070, 1918
167280, 1918
171497, 1918
173135, 1918
173362, 1918
174792, 1918
183523, 1918
184564, 1918
186616, 1918
187245, 1918
191305, 1918
194209, 1918
194494, 1918
196731, 1918
202116, 1918
202515, 1918
202738, 1918
212754, 1918
216065, 1918
218859, 1918
219563, 1918
219588, 1918
225804, 1918
227873, 1918
240414, 1918
249181, 1918
255220, 1918
268682, 1918
270926, 1918
288736, 1918
80834, 1914
175964, 1914
235645, 1914
198847, 1912
65645, 1911
73459, 1911
79211, 1911
79449, 1911
100529, 1911
105996, 1911
111323, 1911
119227, 1911
142992, 1911
143697, 1911
158125, 1911
247269, 1911
265303, 1911
277446, 1911
18025, 1910
280728, 1910
13624, 1909
40974, 1909
104237, 1904
170155, 1904
171916, 1904
206791, 1904
9788, 1903
180195, 1896
202211, 1896
254817, 1896
293445, 1896
20807, 1894
80923, 1894
41394, 1891
169654, 1891
185036, 1891
126151, 1890
16754, 1888
98552, 1888
155417, 1888
231052, 1888
277828, 1888
242285, 1884
210355, 1883
258252, 1882
132038, 1879
199349, 1879
22074, 1876
229222, 1874
280520, 1874
8609, 1873
50826, 1873
162117, 1871
68034, 1870
233816, 1870
28674, 1867
37865, 1867
47180, 1867
59055, 1867
64589, 1867
66915, 1867
68231, 1867
77166, 1867
78285, 1867
81256, 1867
82257, 1867
83909, 1867
85846, 1867
91935, 1867
95006, 1867
105127, 1867
113071, 1867
125948, 1867
128013, 1867
129280, 1867
131162, 1867
141824, 1867
147900, 1867
148025, 1867
149316, 1867
151071, 1867
154689, 1867
156479, 1867
158341, 1867
160770, 1867
161613, 1867
162834, 1867
163466, 1867
167213, 1867
170579, 1867
170929, 1867
175199, 1867
176624, 1867
177260, 1867
177262, 1867
185097, 1867
185622, 1867
192217, 1867
192418, 1867
192542, 1867
193056, 1867
194278, 1867
194941, 1867
194957, 1867
195058, 1867
200049, 1867
200978, 1867
202551, 1867
205628, 1867
211669, 1867
217500, 1867
224053, 1867
227793, 1867
228184, 1867
230506, 1867
238564, 1867
243954, 1867
251889, 1867
255741, 1867
256067, 1867
260985, 1867
263202, 1867
264655, 1867
268729, 1867
271240, 1867
276374, 1867
276909, 1867
277080, 1867
277317, 1867
278598, 1867
283975, 1867
284342, 1867
285406, 1867
287909, 1867
288161, 1867
292202, 1867
292668, 1867
296524, 1867
185143, 1861
2867, 1860
63676, 1860
218440, 1860
223769, 1860
249277, 1860
258161, 1860
148326, 1859
21898, 1858
92175, 1858
96959, 1858
186971, 1858
196660, 1858
275927, 1858
90416, 1857
101411, 1857
107857, 1857
148407, 1857
149835, 1857
179524, 1857
218019, 1857
222930, 1857
230247, 1857
241593, 1857
248457, 1857
253419, 1857
258901, 1857
83630, 1856
134498, 1856
156665, 1856
265588, 1856
269029, 1856
82953, 1855
19004, 1851
83813, 1849
235605, 1849
49051, 1848
68050, 1848
93994, 1848
149489, 1848
153318, 1848
167299, 1848
225923, 1848
111547, 1844
162485, 1844
22769, 1841
41386, 1838
115125, 1838
219631, 1838
8749, 1832
18097, 1832
25724, 1832
26960, 1832
33535, 1832
34782, 1832
35308, 1832
35804, 1832
37580, 1832
48366, 1832
50979, 1832
57172, 1832
71425, 1832
75920, 1832
83466, 1832
100610, 1832
131129, 1832
135124, 1832
138430, 1832
145406, 1832
209680, 1832
210948, 1832
4882, 1830
79047, 1830
19253, 1829
41517, 1829
45931, 1829
163818, 1829
139579, 1827
40908, 1826
54022, 1826
71378, 1826
100008, 1826
247503, 1825
4404, 1824
42296, 1824
164393, 1824
281768, 1824
86788, 1821
281235, 1821
8563, 1817
10273, 1817
10790, 1817
11533, 1817
21141, 1817
24254, 1817
25416, 1817
26129, 1817
26422, 1817
30285, 1817
32376, 1817
33046, 1817
33473, 1817
36618, 1817
37699, 1817
42356, 1817
42612, 1817
48317, 1817
52303, 1817
52540, 1817
55614, 1817
63812, 1817
64399, 1817
69496, 1817
70441, 1817
70982, 1817
71071, 1817
71666, 1817
96209, 1817
107038, 1817
121870, 1817
132133, 1817
136406, 1817
139325, 1817
144652, 1817
144909, 1817
154966, 1817
165574, 1817
242410, 1817
280277, 1817
177477, 1816
34354, 1815
256928, 1815
33095, 1813
65766, 1813
89870, 1812
99048, 1812
136630, 1812
188255, 1812
228001, 1810
274103, 1810
15575, 1809
16820, 1809
21716, 1809
22250, 1809
23791, 1809
195782, 1809
32913, 1807
85791, 1807
116590, 1807
229369, 1807
248463, 1807
272987, 1807
16103, 1806
22251, 1806
26818, 1806
30962, 1806
53403, 1806
63113, 1806
64651, 1806
82462, 1806
96751, 1806
145478, 1806
191645, 1806
140053, 1805
165181, 1805
176448, 1805
80564, 1804
136770, 1804
10297, 1803
17671, 1803
91177, 1803
109118, 1803
121780, 1803
143823, 1803
183466, 1803
10360, 1801
49830, 1801
274339, 1801
17864, 1800
22428, 1800
22614, 1800
26823, 1800
26952, 1800
27164, 1800
41399, 1800
47657, 1800
54395, 1800
56829, 1800
79984, 1800
108655, 1800
115611, 1800
199413, 1800
213353, 1800
223357, 1800
281224, 1800
287111, 1798
224582, 1797
81435, 1796
32396, 1795
142405, 1795
173230, 1795
184276, 1795
202702, 1795
45259, 1794
54962, 1794
147114, 1794
154843, 1794
12574, 1792
32321, 1792
122653, 1792
44141, 1791
62698, 1791
69260, 1791
124911, 1791
128438, 1791
255643, 1791
67400, 1790
122817, 1790
279208, 1790
280097, 1790
25419, 1788
25581, 1788
50235, 1788
50614, 1788
70940, 1788
89187, 1788
109452, 1788
167022, 1788
188620, 1788
189630, 1788
261920, 1788
266764, 1788
296387, 1787
121528, 1785
29070, 1784
31351, 1784
57773, 1784
245671, 1784
17554, 1783
23312, 1783
56032, 1783
68033, 1783
69219, 1783
248710, 1783
264577, 1783
277422, 1783
267898, 1782
38503, 1780
121100, 1780
193989, 1780
295072, 1780
106730, 1779
67059, 1777
103920, 1777
112759, 1777
294692, 1777
6099, 1775
30549, 1775
57430, 1775
61109, 1775
157666, 1775
177839, 1775
27147, 1772
126585, 1771
48636, 1770
102000, 1770
88977, 1769
136745, 1769
62134, 1768
178757, 1767
49479, 1762
92339, 1762
115454, 1762
224808, 1762
250116, 1762
257337, 1762
266505, 1762
216999, 1761
241586, 1761
275592, 1761
32660, 1760
269659, 1760
272622, 1760
96096, 1758
21300, 1757
37511, 1757
85458, 1757
209970, 1755
286441, 1755
109357, 1754
262509, 1753
51931, 1752
156609, 1752
184566, 1752
213700, 1752
20122, 1750
265060, 1750
228235, 1748
16945, 1747
270782, 1747
198010, 1746
237719, 1746
293217, 1746
76420, 1744
40755, 1743
195432, 1743
204189, 1743
165221, 1742
157137, 1741
259461, 1741
41637, 1738
4685, 1736
296541, 1736
233332, 1733
33611, 1732
95035, 1732
171373, 1729
277762, 1729
192802, 1728
292069, 1728
249184, 1727
91587, 1726
29224, 1725
66666, 1723
113432, 1723
29372, 1722
72579, 1722
248489, 1720
291735, 1720
36499, 1719
240340, 1718
160606, 1714
207572, 1714
208819, 1714
252607, 1714
286016, 1714
244260, 1711
227258, 1709
295482, 1709
6675, 1704
7714, 1703
120348, 1703
150464, 1695
244457, 1695
286430, 1695
128518, 1694
145317, 1694
147107, 1694
54982, 1692
59754, 1692
87984, 1691
76525, 1690
246478, 1688
260261, 1688
7930, 1684
124051, 1684
214865, 1683
40654, 1681
134171, 1680
247176, 1680
160833, 1679
180649, 1679
184624, 1679
254846, 1679
50200, 1678
273881, 1678
91274, 1675
202410, 1675
283724, 1675
14676, 1674
55657, 1672
217544, 1672
229283, 1670
292170, 1670
53171, 1669
144071, 1669
232983, 1669
93503, 1666
124622, 1666
126433, 1666
156817, 1666
159019, 1666
217531, 1666
225900, 1666
231191, 1666
239413, 1666
243899, 1666
258199, 1666
280657, 1665
8466, 1662
181797, 1662
269958, 1662
97153, 1661
233674, 1661
240857, 1661
258116, 1661
284455, 1661
45257, 1659
148208, 1659
275810, 1659
284974, 1659
47223, 1653
24927, 1652
111684, 1652
157856, 1652
183964, 1652
9144, 1651
99303, 1651
176504, 1651
257583, 1651
134240, 1649
148052, 1649
285155, 1649
65138, 1647
83265, 1647
144911, 1647
95115, 1645
272900, 1645
274999, 1645
174174, 1644
11570, 1639
272637, 1638
174351, 1637
184816, 1637
169636, 1633
268952, 1633
116871, 1632
201774, 1630
113624, 1624
15583, 1623
171178, 1623
95865, 1622
127738, 1622
103087, 1621
210570, 1616
35755, 1614
78075, 1614
169630, 1614
178854, 1613
77287, 1611
179771, 1611
191356, 1611
255924, 1611
274779, 1611
156668, 1610
12769, 1609
119498, 1608
167968, 1608
294003, 1608
158028, 1607
174146, 1602
41466, 1600
43004, 1599
255946, 1599
172358, 1598
248831, 1598
263273, 1595
39133, 1594
30563, 1593
89589, 1593
119070, 1593
124814, 1593
90244, 1592
129173, 1592
183256, 1592
238689, 1592
25592, 1590
93552, 1590
251718, 1589
92500, 1587
37021, 1586
76859, 1586
207893, 1586
61396, 1585
86331, 1585
104791, 1585
61900, 1580
203483, 1580
232238, 1580
192522, 1579
232023, 1579
251345, 1579
267273, 1579
281912, 1579
75349, 1578
7689, 1576
108806, 1576
161262, 1576
135555, 1573
239301, 1573
295009, 1573
61192, 1572
134802, 1571
19758, 1568
110367, 1568
181815, 1566
61116, 1560
166287, 1560
44027, 1558
129077, 1558
206394, 1558
249769, 1558
34310, 1557
76276, 1557
202252, 1557
241627, 1557
255798, 1557
69044, 1555
81989, 1555
67404, 1553
77471, 1553
96523, 1553
168224, 1553
170700, 1553
171046, 1553
190743, 1553
191394, 1553
193085, 1553
263235, 1553
267641, 1553
84338, 1552
87597, 1552
159804, 1550
50328, 1549
233307, 1549
36372, 1548
66388, 1548
127603, 1548
158895, 1548
179990, 1548
135931, 1547
81359, 1543
234943, 1539
175897, 1538
210274, 1538
228195, 1538
106482, 1537
103129, 1536
200135, 1536
201348, 1536
288561, 1536
294636, 1536
45509, 1535
77174, 1535
39244, 1534
121413, 1534
137121, 1534
73978, 1532
90305, 1532
129222, 1532
174731, 1532
257635, 1532
142166, 1531
235018, 1531
162228, 1530
98597, 1528
210337, 1528
243713, 1526
57572, 1524
104207, 1523
284057, 1521
148367, 1518
55409, 1517
94630, 1516
108488, 1516
89264, 1514
117472, 1514
126781, 1514
231022, 1514
202075, 1513
123379, 1512
267851, 1512
82562, 1509
82758, 1509
93431, 1509
167109, 1509
224832, 1509
25218, 1507
106239, 1507
197997, 1507
222928, 1507
116556, 1502
128440, 1502
181762, 1502
88455, 1500
147344, 1500
147989, 1500
240535, 1500
276778, 1500
287323, 1500
279914, 1499
238826, 1498
31095, 1497
66244, 1497
195842, 1497
151978, 1493
208035, 1493
217562, 1493
232659, 1493
101101, 1491
153216, 1491
186274, 1490
237241, 1489
289908, 1488
124152, 1485
124469, 1482
252461, 1480
290976, 1480
34776, 1479
60126, 1479
42962, 1478
94460, 1478
237210, 1478
65182, 1477
80707, 1477
116696, 1477
141615, 1477
262462, 1477
180632, 1475
101498, 1474
185162, 1473
49978, 1472
137600, 1472
99248, 1471
275202, 1471
77014, 1470
101579, 1470
104423, 1470
188310, 1470
282584, 1470
30527, 1469
189396, 1469
290845, 1469
115090, 1468
244262, 1468
289777, 1468
36628, 1467
61495, 1467
144381, 1464
96441, 1460
98822, 1460
248294, 1460
216269, 1459
98527, 1457
272653, 1456
10748, 1455
20769, 1455
160625, 1455
186688, 1452
195749, 1452
197914, 1452
13954, 1451
14123, 1451
27713, 1451
131863, 1451
242826, 1450
119379, 1449
32278, 1448
229247, 1447
202159, 1446
106956, 1445
187612, 1445
187442, 1443
229191, 1443
216927, 1442
267775, 1442
106495, 1441
279014, 1440
111189, 1438
229774, 1438
37754, 1434
65062, 1434
119360, 1431
75735, 1430
132093, 1430
174919, 1428
117529, 1425
98755, 1424
286796, 1423
115267, 1419
218654, 1419
200942, 1417
224655, 1417
46103, 1416
51500, 1416
91934, 1416
95851, 1416
101194, 1416
103586, 1416
106874, 1416
143082, 1416
174421, 1416
179525, 1416
179811, 1416
219633, 1416
220303, 1416
234143, 1416
23231, 1413
134707, 1412
271567, 1412
263214, 1410
116017, 1409
134405, 1409
201638, 1409
44105, 1407
92343, 1407
187615, 1407
195380, 1407
210984, 1407
264222, 1407
264735, 1407
273127, 1407
128046, 1405
149014, 1405
173359, 1405
91099, 1404
147159, 1404
152399, 1404
154366, 1404
191321, 1404
196076, 1404
196854, 1404
211522, 1404
212363, 1404
246635, 1404
252211, 1404
254678, 1404
278068, 1404
284969, 1404
268548, 1402
29836, 1400
87869, 1399
123974, 1399
194416, 1399
198680, 1399
234428, 1399
252616, 1399
70584, 1398
189930, 1398
128521, 1396
85128, 1393
108755, 1393
164812, 1393
76869, 1392
113022, 1392
114333, 1392
114440, 1392
115240, 1392
119952, 1392
122646, 1392
132851, 1392
134040, 1392
138985, 1392
146552, 1392
166044, 1392
169686, 1392
176563, 1392
178167, 1392
183933, 1392
196174, 1392
198861, 1392
201559, 1392
205000, 1392
215943, 1392
223029, 1392
235283, 1392
267872, 1392
292917, 1392
20081, 1390
47043, 1390
142400, 1390
238693, 1390
14767, 1389
101489, 1388
114442, 1387
149862, 1387
206142, 1387
102048, 1386
156248, 1386
196155, 1386
203968, 1386
292755, 1386
38177, 1384
80008, 1384
114643, 1384
146458, 1384
194659, 1384
219111, 1384
219609, 1384
227235, 1384
236965, 1384
248681, 1384
257610, 1384
259264, 1384
266156, 1384
280213, 1384
228443, 1382
94542, 1380
104473, 1380
115622, 1380
121932, 1380
170822, 1377
252787, 1376
125813, 1374
201395, 1374
56428, 1372
95542, 1372
97963, 1372
106661, 1372
190384, 1372
206963, 1372
222384, 1372
229639, 1372
271468, 1372
51816, 1371
134683, 1371
92622, 1370
82614, 1369
275198, 1369
190668, 1368
240301, 1368
59823, 1367
73052, 1367
124982, 1367
156521, 1367
263969, 1367
272934, 1367
292093, 1367
29865, 1366
289193, 1366
82793, 1365
110951, 1365
125792, 1365
140824, 1365
169261, 1365
191533, 1365
195323, 1365
214059, 1365
222833, 1365
223971, 1365
237625, 1365
251663, 1365
54614, 1363
179861, 1363
120845, 1362
73051, 1361
132991, 1361
243226, 1361
216674, 1360
141992, 1359
242226, 1359
57238, 1358
60219, 1358
68679, 1358
97390, 1358
113259, 1358
116008, 1358
132588, 1358
158191, 1358
179951, 1358
181572, 1358
197417, 1358
212352, 1358
226977, 1358
243179, 1358
284866, 1358
295224, 1358
293337, 1357
253852, 1355
185168, 1354
226819, 1353
287292, 1353
20005, 1352
29598, 1352
280517, 1352
287483, 1352
85014, 1347
168929, 1347
295518, 1347
68355, 1346
95837, 1346
255715, 1346
255828, 1346
11476, 1344
32845, 1344
55022, 1344
83542, 1344
105423, 1344
107492, 1344
109502, 1344
132738, 1344
148254, 1344
155162, 1344
160232, 1344
184212, 1344
205394, 1344
213737, 1344
215610, 1344
220198, 1344
228212, 1344
230948, 1344
260621, 1344
261683, 1344
262515, 1344
272172, 1344
280790, 1344
252159, 1342
276086, 1342
11414, 1341
101888, 1340
72011, 1339
91801, 1339
232869, 1338
203176, 1337
218477, 1336
63465, 1335
67331, 1335
74849, 1335
147703, 1335
162354, 1335
171449, 1335
250047, 1335
255225, 1335
259690, 1335
45737, 1334
184665, 1334
214170, 1334
244197, 1334
260641, 1334
272868, 1334
151940, 1333
30108, 1332
48512, 1332
55841, 1332
76771, 1332
168551, 1332
205688, 1332
224336, 1332
241916, 1332
245348, 1332
245693, 1332
264301, 1332
287528, 1332
291416, 1332
292422, 1332
98559, 1331
186004, 1330
275538, 1330
238487, 1329
6662, 1328
74244, 1328
118809, 1328
161727, 1328
199472, 1328
224370, 1328
173, 1327
37881, 1327
170741, 1327
217664, 1327
227750, 1327
233013, 1327
277881, 1327
99856, 1325
39470, 1324
101588, 1324
145662, 1324
149798, 1324
257436, 1324
286477, 1324
86080, 1323
16625, 1322
29233, 1322
32998, 1320
76740, 1320
87756, 1320
105866, 1320
119766, 1320
126432, 1320
168174, 1320
191560, 1320
204217, 1320
223358, 1320
234318, 1320
235395, 1320
260804, 1320
277199, 1320
38248, 1319
99902, 1319
132170, 1319
171304, 1319
185833, 1319
198629, 1319
225747, 1319
227871, 1319
230365, 1319
231048, 1319
252820, 1319
284589, 1319
289065, 1319
169789, 1317
230213, 1317
196249, 1316
47720, 1315
118850, 1315
267911, 1315
88074, 1314
98431, 1314
171177, 1314
228144, 1314
278675, 1314
68446, 1313
114751, 1313
121822, 1313
133494, 1313
154718, 1313
166510, 1313
186704, 1313
188291, 1313
222596, 1313
289080, 1313
76119, 1309
206358, 1309
184721, 1308
193227, 1308
275284, 1308
26629, 1307
154251, 1307
7856, 1305
177550, 1305
192174, 1305
157237, 1304
22362, 1303
163904, 1301
204988, 1299
216140, 1298
6394, 1297
114511, 1297
180531, 1297
193620, 1297
35844, 1296
66730, 1296
95069, 1296
101848, 1296
131754, 1294
269130, 1294
78639, 1293
229613, 1293
258390, 1293
62914, 1292
267397, 1291
152153, 1290
33742, 1289
59571, 1288
163859, 1288
204762, 1288
244730, 1288
276943, 1288
142340, 1286
225042, 1286
27123, 1285
235228, 1285
191161, 1284
110946, 1283
115115, 1283
45372, 1280
18359, 1279
54629, 1279
59616, 1278
38057, 1277
71871, 1277
116310, 1277
138088, 1277
189130, 1277
203350, 1277
226793, 1277
273496, 1277
48664, 1276
131713, 1276
140440, 1276
152683, 1276
160202, 1276
161994, 1276
167544, 1276
169456, 1276
172164, 1276
172609, 1276
177161, 1276
250530, 1276
262823, 1276
268043, 1276
273432, 1276
281816, 1276
287020, 1276
287374, 1276
296047, 1276
156059, 1275
221194, 1275
107425, 1274
163880, 1274
171517, 1274
189474, 1274
222642, 1274
252177, 1274
263687, 1274
288756, 1274
245936, 1272
282165, 1272
73261, 1271
23921, 1270
233868, 1270
110289, 1269
58253, 1268
148862, 1268
158811, 1268
164702, 1268
268409, 1268
74316, 1267
8131, 1266
41369, 1265
77963, 1265
91919, 1265
250160, 1265
122137, 1264
136236, 1264
234094, 1264
254166, 1264
89802, 1261
73739, 1260
55612, 1259
236297, 1259
239381, 1259
122002, 1258
171363, 1258
49733, 1256
50814, 1256
57598, 1256
61984, 1256
143800, 1256
145746, 1256
160260, 1256
160418, 1256
171240, 1256
175847, 1256
180190, 1256
182044, 1256
186882, 1256
188361, 1256
198009, 1256
200937, 1256
205116, 1256
205478, 1256
210743, 1256
216537, 1256
224110, 1256
224440, 1256
226383, 1256
229703, 1256
232353, 1256
235098, 1256
235750, 1256
239795, 1256
245625, 1256
246696, 1256
248963, 1256
251165, 1256
253744, 1256
260013, 1256
261655, 1256
263422, 1256
267396, 1256
268487, 1256
269385, 1256
279818, 1256
282628, 1256
286110, 1256
295251, 1256
66963, 1255
190941, 1255
225635, 1255
158041, 1253
194141, 1253
114092, 1252
261646, 1252
283723, 1252
78813, 1251
296160, 1251
268235, 1250
292433, 1250
143945, 1249
157478, 1246
25122, 1245
150781, 1244
196100, 1244
175658, 1243
240303, 1243
293726, 1243
127836, 1241
97241, 1240
274202, 1240
280101, 1239
71778, 1238
66628, 1237
82646, 1237
184149, 1237
256001, 1237
39548, 1236
51250, 1236
125121, 1236
107617, 1234
231771, 1234
235036, 1234
164421, 1233
198701, 1233
265858, 1233
35010, 1229
71237, 1229
76514, 1229
100705, 1229
117994, 1229
172459, 1229
204487, 1229
205436, 1229
230484, 1229
232306, 1229
234973, 1229
236781, 1229
3448, 1228
35371, 1226
251071, 1226
147067, 1225
252590, 1225
243154, 1224
92305, 1223
82744, 1222
235130, 1221
258559, 1221
64380, 1220
219789, 1220
292443, 1220
200073, 1219
77195, 1215
259385, 1214
94179, 1213
236359, 1212
29228, 1210
70581, 1210
164623, 1210
166070, 1210
252250, 1210
257215, 1210
261175, 1210
95209, 1208
99538, 1207
164304, 1207
115855, 1205
55094, 1204
65140, 1204
86469, 1204
260442, 1202
39993, 1201
44981, 1201
55036, 1201
130847, 1201
132459, 1201
158477, 1201
232802, 1201
233166, 1201
251197, 1201
263390, 1201
40996, 1200
99744, 1200
220587, 1200
187321, 1198
214346, 1197
238454, 1196
99581, 1194
129527, 1192
198381, 1189
276043, 1189
135700, 1188
164097, 1188
213776, 1188
290257, 1188
22604, 1186
156527, 1186
282747, 1186
639, 1185
119783, 1185
142950, 1185
145441, 1185
288344, 1185
243291, 1183
281459, 1183
52811, 1181
90800, 1181
142158, 1181
254774, 1181
264439, 1181
101597, 1180
261010, 1180
58671, 1178
156785, 1178
31553, 1177
58260, 1177
241660, 1177
57380, 1176
137491, 1176
150131, 1176
169364, 1176
196950, 1176
241454, 1176
255498, 1175
211944, 1174
58999, 1173
32024, 1172
188289, 1172
117853, 1171
280266, 1171
78025, 1168
86320, 1168
273835, 1168
280170, 1168
84768, 1167
91150, 1167
97667, 1167
202392, 1167
83658, 1166
88695, 1166
124353, 1166
125164, 1166
142939, 1166
144576, 1166
150315, 1166
156081, 1166
165313, 1166
168079, 1166
182340, 1166
206980, 1166
235345, 1166
242800, 1166
247990, 1166
249652, 1166
254640, 1166
268536, 1166
41769, 1164
81856, 1164
171721, 1164
207005, 1164
214542, 1164
223996, 1164
16373, 1163
41934, 1163
86363, 1163
99942, 1163
114094, 1163
129994, 1163
188371, 1163
249694, 1163
289001, 1163
44988, 1162
48519, 1162
157778, 1162
227420, 1162
231930, 1162
265310, 1162
28218, 1159
64503, 1159
194923, 1157
204206, 1157
268520, 1157
40449, 1151
49520, 1151
90456, 1151
108348, 1151
59829, 1150
98417, 1150
118887, 1150
161249, 1150
169323, 1150
234461, 1150
168743, 1148
184017, 1148
186813, 1148
239410, 1146
161856, 1145
116440, 1144
180416, 1144
182047, 1144
211175, 1144
230017, 1144
271315, 1144
115378, 1143
129783, 1143
220872, 1142
179481, 1141
184498, 1140
22339, 1139
139982, 1139
215861, 1139
55574, 1135
56456, 1135
73723, 1135
89284, 1135
91595, 1135
98186, 1135
105255, 1135
146278, 1135
147389, 1135
209864, 1135
210993, 1135
232163, 1135
249259, 1135
253138, 1135
257614, 1135
100037, 1134
222818, 1134
170613, 1131
207075, 1131
70173, 1130
87173, 1128
22055, 1127
48892, 1127
83823, 1127
135708, 1125
226739, 1125
266296, 1125
294268, 1125
220075, 1123
203296, 1122
230473, 1120
234542, 1118
47534, 1114
48608, 1114
122655, 1114
158209, 1114
202389, 1114
206916, 1114
243043, 1114
282866, 1114
292775, 1114
128709, 1109
176344, 1109
202061, 1109
288746, 1109
23294, 1108
166849, 1108
285326, 1108
161604, 1106
213894, 1106
250156, 1106
17004, 1105
68537, 1105
269856, 1104
33617, 1103
214633, 1101
253739, 1100
34568, 1099
98805, 1096
104369, 1096
193968, 1096
195503, 1096
235746, 1096
86319, 1095
254685, 1095
142213, 1094
86877, 1092
76438, 1091
104744, 1091
194528, 1090
235859, 1090
269556, 1090
38964, 1089
181972, 1088
147382, 1087
11113, 1086
24343, 1086
218200, 1086
250934, 1085
106585, 1083
255651, 1082
15928, 1080
197761, 1080
275422, 1080
288357, 1080
11544, 1077
134571, 1077
118253, 1075
195115, 1075
208193, 1075
219037, 1075
289254, 1075
135735, 1073
194199, 1073
68277, 1072
96525, 1072
199446, 1072
218066, 1072
228162, 1072
259996, 1072
266132, 1072
221226, 1071
269545, 1071
70429, 1070
100657, 1070
103544, 1070
147643, 1070
153048, 1070
163651, 1070
274072, 1070
289684, 1069
128921, 1068
241151, 1067
26374, 1066
148758, 1065
278784, 1065
153194, 1064
159193, 1064
180455, 1062
210556, 1062
128035, 1061
155419, 1061
216336, 1061
293319, 1061
2767, 1060
90071, 1060
56274, 1059
274664, 1058
92448, 1057
108823, 1056
117252, 1056
117730, 1056
135973, 1056
295931, 1056
183505, 1055
49373, 1053
128361, 1053
39526, 1051
124609, 1051
208824, 1051
115166, 1050
242805, 1049
6032, 1047
70485, 1047
119245, 1047
159286, 1047
174389, 1047
189276, 1047
204115, 1047
213469, 1047
233403, 1047
293765, 1047
78066, 1046
79142, 1046
79582, 1046
191721, 1046
225020, 1046
15406, 1045
15796, 1045
73891, 1045
99888, 1045
119669, 1045
280965, 1045
31195, 1044
251359, 1044
279149, 1044
142279, 1043
187787, 1042
208308, 1042
110796, 1041
196363, 1041
176382, 1040
98865, 1039
156868, 1037
162064, 1037
92593, 1034
183311, 1033
226043, 1032
16344, 1030
61277, 1030
73376, 1030
88921, 1030
140948, 1030
245696, 1030
263072, 1030
220525, 1029
244626, 1029
81665, 1028
140634, 1028
39495, 1026
136149, 1026
243129, 1025
12409, 1024
32035, 1024
118316, 1024
157095, 1024
198276, 1021
147929, 1020
175154, 1020
267261, 1020
53269, 1019
98259, 1019
141019, 1019
207039, 1019
160227, 1018
234565, 1018
22007, 1017
138961, 1017
184770, 1017
185598, 1017
192805, 1017
257691, 1015
137853, 1013
279445, 1013
35451, 1012
71357, 1012
76678, 1012
52234, 1010
57483, 1010
100876, 1010
175746, 1010
203263, 1010
175513, 1008
7233, 1007
58546, 1007
154239, 1007
154862, 1007
192715, 1007
240132, 1007
5772, 1005
50718, 1005
134763, 1005
138287, 1005
97378, 1004
110772, 1004
136719, 1004
253336, 1004
273764, 1004
148871, 1003
118502, 1002
78038, 1001
230739, 1001
60432, 1000
93085, 1000
144601, 1000
147674, 1000
153956, 1000
