140339, 125048
228161, 125048
288870, 125048
25605, 123207
45720, 123207
68325, 123207
86459, 123207
97125, 123207
100874, 123207
108992, 123207
121274, 123207
138826, 123207
143699, 123207
148979, 123207
180237, 123207
202067, 123207
228186, 123207
233928, 123207
242053, 123207
268991, 123207
270029, 123207
281059, 123207
287200, 123207
291315, 123207
57490, 122967
57793, 122967
64864, 122967
67012, 122967
88519, 122967
98499, 122967
121232, 122967
121533, 122967
126955, 122967
144096, 122967
144839, 122967
167856, 122967
203276, 122967
210195, 122967
212814, 122967
218273, 122967
247551, 122967
291897, 122967
202586, 121505
265230, 119898
263389, 111208
295451, 111208
137948, 111076
186104, 111076
125924, 106589
267275, 106589
84, 23173
122, 23173
124, 23173
140, 23173
146, 23173
218, 23173
43138, 23173
43457, 23173
43975, 23173
51837, 23173
54559, 23173
57249, 23173
73436, 23173
164432, 22744
203107, 22744
139, 22250
143, 22250
253, 22156
314, 22156
351, 22156
42424, 22156
44794, 22156
45346, 22156
45809, 22156
54473, 22156
60381, 22156
76419, 22156
83183, 22156
99085, 22156
267781, 22156
108926, 22012
110680, 22012
114980, 22012
115172, 22012
121066, 22012
135482, 22012
139661, 22012
144450, 22012
146335, 22012
104, 21177
117, 21177
168, 21177
223, 21177
1680, 21177
136407, 21177
166844, 21079
184747, 21079
188528, 21079
201918, 21079
254567, 21079
355, 21013
291021, 20888
269, 19538
262, 19385
561, 19229
575, 19229
577, 19229
614, 19229
185509, 19121
186840, 19121
1439, 18530
174752, 18291
186779, 18291
188367, 18291
200107, 18291
217176, 18291
220329, 18291
221134, 18291
221361, 18291
236465, 18291
237386, 18291
252230, 18291
256644, 18291
278558, 18291
193751, 18222
713, 17779
1471, 17403
1496, 17403
1448, 17293
1372, 17057
1557, 17057
810, 17011
861, 17011
869, 17011
931, 17011
448, 16926
1284, 16830
1467, 16830
212115, 16704
1368, 16653
283990, 16643
934, 16624
1001, 16624
513, 16560
517, 16560
479, 16420
962, 16293
1167, 16181
1357, 16159
1363, 16159
1313, 16143
1316, 15697
913, 15584
939, 15584
620, 15544
683, 15544
996, 15509
621, 15436
242081, 15380
217140, 15330
1015, 15150
827, 15119
903, 15119
959, 15119
1330, 15027
1387, 15027
966, 14849
1021, 14849
1275, 14675
1312, 14675
1343, 14675
752, 14567
764, 14567
798, 14567
1238, 14429
1162, 14426
78069, 14426
81416, 14426
117341, 14308
193965, 14308
1233, 14235
969, 14074
1046, 14074
1359, 13987
1311, 13954
1729, 13618
1907, 13618
1938, 13618
1937, 13537
2042, 13537
1136, 13528
1138, 13528
1821, 13482
1867, 13482
1098, 13464
916, 13376
216455, 13331
154098, 13296
1910, 13233
2010, 13233
2019, 13233
1609, 13110
1759, 13110
1803, 13049
1835, 13049
2027, 12792
1551, 12784
2034, 12784
1920, 12747
1964, 12747
1733, 12693
1621, 12421
1686, 12421
276645, 12304
2201, 12155
2435, 12155
2020, 12146
2155, 12146
86076, 12087
1949, 12022
2162, 12022
1706, 11940
1642, 11851
2479, 11562
2560, 11562
2545, 11314
1778, 11255
2342, 11234
2365, 11224
2402, 11224
2099, 11096
2532, 11096
2730, 10360
2803, 10360
2887, 10360
2947, 10360
3047, 10069
44187, 10069
2912, 10028
2801, 9995
3028, 9995
3064, 9995
3068, 9995
3125, 9995
3177, 9995
85106, 9995
95302, 9995
105869, 9995
146544, 9995
175463, 9995
214330, 9995
215603, 9995
248985, 9995
3183, 9990
3055, 9431
3248, 9431
3298, 9431
3455, 9431
3525, 9431
31694, 9431
3327, 9421
3519, 9421
36382, 3388
38336, 3388
39042, 3388
39137, 3388
39266, 3388
39309, 3388
40021, 3388
40366, 3388
42213, 3388
42350, 3388
43270, 3388
52047, 3388
53604, 3388
275624, 3388
6104, 3361
7611, 3361
7993, 3361
8442, 3361
9921, 3361
10470, 3361
10948, 3361
44292, 3361
46171, 3361
209368, 3356
242581, 3356
271374, 3356
20787, 3341
20944, 3341
21352, 3341
21770, 3341
25627, 3341
276297, 3341
283107, 3341
13161, 3326
13196, 3326
14143, 3326
14889, 3326
15042, 3326
15918, 3326
16033, 3326
16912, 3326
16928, 3326
17656, 3326
17773, 3326
20187, 3326
20193, 3326
21817, 3326
22267, 3326
23874, 3326
26410, 3326
28142, 3326
29185, 3326
29579, 3326
29843, 3326
34693, 3326
54672, 3326
67439, 3326
279708, 3326
169845, 3307
25160, 3290
40947, 3290
108218, 3290
115074, 3290
125742, 3290
128167, 3290
131828, 3290
135527, 3290
162983, 3290
6273, 3211
6976, 3211
34172, 3064
53499, 3064
94896, 3064
236484, 3064
237423, 3064
263694, 3064
80945, 3036
82506, 3036
84156, 3036
89898, 3036
97945, 3036
99378, 3036
100508, 3036
100770, 3036
105290, 3036
108949, 3036
110897, 3036
114422, 3036
77678, 2996
118415, 2979
120975, 2979
125999, 2979
128460, 2979
130880, 2979
130900, 2979
132382, 2979
136942, 2979
139039, 2979
145755, 2979
148891, 2979
152361, 2979
156251, 2979
33292, 2970
33522, 2970
33949, 2970
34061, 2970
34291, 2970
35968, 2970
36915, 2970
37368, 2970
41848, 2970
45386, 2970
45636, 2970
52530, 2970
58557, 2970
117303, 2970
118735, 2970
129999, 2970
166161, 2970
169538, 2970
195488, 2970
246228, 2970
266790, 2970
85719, 2962
43176, 2819
43527, 2819
43653, 2819
44398, 2819
50577, 2819
55040, 2819
55322, 2819
60963, 2819
61188, 2819
64699, 2819
68379, 2819
75143, 2819
76388, 2819
84383, 2819
114221, 2819
162200, 2810
167259, 2810
170010, 2810
177720, 2810
186809, 2810
197328, 2810
231819, 2810
67658, 2797
69925, 2797
70706, 2797
71951, 2797
81516, 2797
141600, 2797
165060, 2771
181624, 2771
195859, 2771
61223, 2685
73853, 2685
121930, 2685
130557, 2685
131349, 2685
32692, 2674
38201, 2674
38884, 2674
39704, 2674
265886, 2674
169399, 2543
176098, 2543
184273, 2543
189419, 2543
202378, 2543
139943, 2472
149229, 2472
149972, 2472
156489, 2472
156643, 2472
162044, 2472
192852, 2472
201155, 2472
226514, 2472
228136, 2472
230234, 2472
233508, 2472
233958, 2472
240313, 2472
243075, 2472
256684, 2472
268149, 2472
276065, 2472
277929, 2472
292948, 2472
157364, 2317
168194, 2317
159091, 2232
184032, 2061
192685, 2061
18268, 1746
42904, 1746
45311, 1746
56473, 1746
56596, 1746
57568, 1746
62017, 1746
62184, 1746
80167, 1746
115047, 1746
118982, 1746
131749, 1746
172396, 1746
230860, 1746
234616, 1746
237692, 1746
242219, 1746
252845, 1746
259984, 1746
268984, 1746
164480, 1668
19957, 1626
29667, 1626
32327, 1626
32665, 1626
36678, 1626
37911, 1626
41122, 1626
45455, 1626
52176, 1626
54794, 1626
55746, 1626
56075, 1626
62010, 1626
64085, 1626
65442, 1626
67217, 1626
69563, 1626
72723, 1626
75360, 1626
75800, 1626
80341, 1626
83843, 1626
84693, 1626
86023, 1626
89300, 1626
93126, 1626
99308, 1626
110733, 1626
111769, 1626
113284, 1626
113659, 1626
116251, 1626
122257, 1626
140927, 1626
143781, 1626
155985, 1626
157614, 1626
157899, 1626
191767, 1626
227559, 1626
232169, 1626
237654, 1626
255279, 1626
263468, 1626
269625, 1626
282987, 1626
283237, 1626
288034, 1626
292850, 1626
257686, 1568
260206, 1568
24025, 1565
37764, 1565
37853, 1565
47570, 1565
49835, 1565
55252, 1565
56396, 1565
57341, 1565
74046, 1565
75331, 1565
82344, 1565
94210, 1565
97955, 1565
98959, 1565
99298, 1565
100933, 1565
107432, 1565
111162, 1565
114400, 1565
114452, 1565
119181, 1565
119278, 1565
135197, 1565
138806, 1565
153705, 1565
154519, 1565
167479, 1565
176389, 1565
186618, 1565
201451, 1565
210986, 1565
220929, 1565
258361, 1565
261246, 1565
275233, 1563
205239, 1535
153329, 1517
218464, 1517
269085, 1512
265593, 1418
171117, 1406
119163, 1392
168819, 1335
289362, 1322
4367, 1032
41020, 1032
58702, 1032
63224, 1032
69930, 1032
72288, 1032
83569, 1032
142485, 1032
154110, 1032
188500, 1032
