91070, 117373
94949, 117373
99115, 117373
110585, 117373
118212, 117373
124953, 117373
125386, 117373
125401, 117373
129358, 117373
133179, 117373
133198, 117373
136005, 117373
136601, 117373
146733, 117373
147374, 117373
147447, 117373
148677, 117373
156355, 117373
163230, 117373
168843, 117373
206121, 117373
91884, 110237
104559, 109394
68227, 79999
58788, 43770
55592, 23112
87354, 23112
92540, 23112
123018, 23112
146195, 23112
167519, 23112
171313, 23112
200926, 23112
205798, 23112
227347, 23112
237356, 23112
238315, 23112
240587, 23112
258737, 23112
284734, 23112
66052, 23098
100797, 23098
104679, 23098
110963, 23098
117902, 23098
136378, 23098
151367, 23098
157323, 23098
157798, 23098
176214, 23098
178534, 23098
188554, 23098
190762, 23098
211154, 23098
218949, 23098
220384, 23098
15243, 22534
48587, 22534
105545, 22534
111411, 22534
122562, 22534
123639, 22534
135525, 22534
141727, 22534
144116, 22534
144205, 22534
146586, 22534
154276, 22534
162953, 22534
176526, 22534
195025, 22534
206576, 22534
243202, 22534
256565, 22534
96446, 22352
120940, 22342
215860, 22342
230707, 22342
241313, 22342
257343, 22342
288287, 22342
292989, 22342
106885, 22253
72822, 22224
181793, 22224
183000, 22224
194206, 22224
275296, 22224
279218, 22224
292742, 22224
93799, 22147
119915, 21992
184360, 21992
240148, 21992
117943, 21768
118945, 21768
125672, 21768
73442, 21747
80932, 21747
104591, 21747
127730, 21747
142294, 21747
160136, 21747
174582, 21747
159534, 21369
195111, 21369
214706, 21369
226209, 21369
276562, 21369
24987, 21282
50713, 21282
194866, 21282
226158, 21282
262883, 21282
294336, 21282
52450, 21241
64976, 21241
66885, 21241
67421, 21241
142705, 21241
144581, 21241
148705, 21241
162668, 21241
168026, 21241
207082, 21241
255746, 21241
288715, 21241
292731, 21241
243325, 21214
273459, 21080
229549, 20947
257597, 20947
29814, 20933
111702, 20933
124850, 20933
128608, 20933
175559, 20933
228845, 20933
242811, 20933
56813, 20842
120889, 20842
237992, 20842
286610, 20836
11284, 20817
20027, 20817
56220, 20817
84094, 20817
141010, 20817
144389, 20817
226741, 20817
107686, 20748
114005, 20748
163104, 20748
264520, 20748
104881, 20711
174956, 20681
177620, 20681
217160, 20681
232129, 20681
213782, 20667
221856, 20667
267337, 20667
26802, 20578
49435, 20578
107240, 20578
111600, 20578
129404, 20578
200773, 20578
210370, 20578
268005, 20578
289228, 20578
233005, 20575
285169, 20557
69658, 20556
78067, 20556
88296, 20556
108014, 20556
108839, 20556
111584, 20556
120972, 20556
121913, 20556
122320, 20556
133809, 20556
134515, 20556
147984, 20556
152368, 20556
156210, 20556
162600, 20556
181176, 20556
195850, 20556
207286, 20556
245836, 20556
263401, 20556
199471, 20552
226973, 20552
177187, 20551
48241, 20507
221597, 20507
244175, 20507
264327, 20507
267327, 20507
115435, 20455
188603, 20455
24629, 20449
59678, 20449
186002, 20449
195987, 20449
270924, 20449
245273, 20410
73790, 20399
236840, 20399
38168, 20397
117949, 20397
215318, 20397
260510, 20397
276132, 20397
34024, 20346
72273, 20346
63573, 20330
120028, 20330
157172, 20330
249186, 20330
256086, 20316
37834, 20238
44611, 20238
62982, 20238
69796, 20238
83260, 20238
126081, 20238
144352, 20238
239504, 20238
11153, 20228
47089, 20228
180576, 20228
195248, 20228
276103, 20228
173010, 20149
65873, 20134
83679, 20134
126613, 20134
98415, 20076
118766, 20076
140137, 20076
187315, 20076
214428, 20076
277392, 20076
295692, 20076
75449, 20051
77595, 20051
127999, 20051
188498, 20051
196888, 20051
220764, 20026
9489, 19939
113829, 19939
128817, 19939
30067, 19934
36277, 19934
58237, 19934
61108, 19934
73315, 19934
74695, 19934
74702, 19934
100906, 19934
109344, 19934
112688, 19934
118426, 19934
129231, 19934
171815, 19934
172101, 19915
72152, 19850
226146, 19850
279327, 19850
63877, 19847
71478, 19847
221469, 19847
242316, 19847
199154, 19841
101239, 19832
108230, 19832
191166, 19832
31869, 19805
43073, 19805
49893, 19805
141031, 19805
167376, 19759
179853, 19759
207847, 19759
234241, 19759
261665, 19759
27490, 19715
181571, 19715
75719, 19667
83160, 19667
109731, 19667
109820, 19667
201800, 19667
232035, 19667
247218, 19667
255543, 19667
277404, 19667
280995, 19667
32819, 19640
180213, 19640
282868, 19640
4741, 19629
55313, 19629
273427, 19629
231919, 19627
95133, 19556
201327, 19556
287594, 19556
60125, 19554
130737, 19554
53898, 19523
178442, 19523
190294, 19523
208487, 19523
222448, 19523
7691, 19479
148706, 19479
58389, 19451
87325, 19434
106064, 19434
109418, 19434
138134, 19434
243230, 19434
49981, 19428
69080, 19428
69792, 19428
87519, 19428
101303, 19428
224739, 19428
225406, 19428
287938, 19428
172761, 19426
179973, 19426
190365, 19426
28873, 19396
120568, 19396
148402, 19396
163489, 19396
197044, 19396
212771, 19396
247718, 19396
251263, 19396
263142, 19396
263280, 19396
277354, 19396
280169, 19396
63458, 19380
141917, 19380
199021, 19352
171514, 19351
192240, 19351
204896, 19351
279720, 19351
137365, 19338
55228, 19328
92660, 19328
120464, 19328
202775, 19328
154511, 19316
163328, 19316
204880, 19316
222899, 19316
286792, 19316
96362, 19284
145053, 19284
153423, 19284
235912, 19284
254760, 19284
264245, 19284
268342, 19284
129654, 19257
197085, 19257
128335, 19256
82184, 19222
175338, 19222
212245, 19222
50061, 19203
246322, 19203
262123, 19203
174398, 19198
199812, 19162
88512, 19144
178078, 19128
203585, 19128
54714, 19096
93952, 19096
186755, 19096
192203, 19096
228368, 19096
130252, 19063
237976, 19014
279703, 18997
52823, 18930
57603, 18930
45582, 18870
53211, 18870
103519, 18870
108136, 18870
115550, 18870
166568, 18870
198908, 18870
202440, 18870
275941, 18870
246486, 18851
293802, 18851
91089, 18850
103263, 18839
222332, 18833
121020, 18820
218142, 18820
105115, 18792
86825, 18777
3704, 18773
176865, 18773
13773, 18755
163441, 18755
184339, 18755
290942, 18755
47734, 18719
53910, 18719
81672, 18719
267249, 18719
256219, 18710
153192, 18701
187646, 18701
223661, 18701
245906, 18701
188762, 18697
53031, 18663
10553, 18634
32777, 18627
84519, 18627
78216, 18608
126920, 18608
128017, 18608
181542, 18608
103594, 18605
182625, 18605
233862, 18605
242406, 18605
288402, 18605
118094, 18579
160094, 18578
244885, 18578
289748, 18565
273492, 18539
29942, 18535
118998, 18529
223732, 18529
57645, 18526
59974, 18526
73337, 18526
85134, 18526
98992, 18526
112722, 18526
114387, 18526
114463, 18526
127670, 18526
143199, 18526
187268, 18526
205767, 18526
236088, 18526
99398, 18518
146601, 18518
194032, 18518
196787, 18518
226954, 18518
245095, 18518
245339, 18518
263594, 18518
283035, 18518
287807, 18518
293890, 18518
102073, 18499
41783, 18457
73099, 18457
89064, 18457
113486, 18457
127930, 18457
140513, 18457
141138, 18457
178481, 18457
187171, 18457
188804, 18457
191220, 18457
203764, 18457
233317, 18457
248701, 18457
251690, 18457
261791, 18457
275900, 18457
280708, 18457
274434, 18456
7591, 18442
9983, 18430
86116, 18430
111517, 18430
40091, 18394
50046, 18394
63920, 18394
175271, 18394
227790, 18394
279826, 18394
117066, 18388
177608, 18388
36540, 18364
130027, 18364
147366, 18364
161848, 18364
198678, 18364
283052, 18364
12000, 18358
56045, 18358
76611, 18347
87226, 18347
136016, 18347
139453, 18347
163524, 18347
167137, 18347
212535, 18347
246919, 18347
294519, 18347
63244, 18322
228159, 18322
157235, 18307
256875, 18307
213753, 18290
237751, 18290
243046, 18290
283486, 18290
104042, 18265
128715, 18265
166570, 18265
211250, 18265
90223, 18230
184688, 18228
232066, 18212
29706, 18201
82138, 18201
95764, 18201
279750, 18201
203033, 18192
228887, 18190
59995, 18178
142319, 18178
18503, 18155
26842, 18155
35979, 18152
50193, 18149
124161, 18100
244724, 18100
259466, 18100
276199, 18100
101135, 18082
215129, 18082
292426, 18082
23941, 18071
200215, 18071
8564, 18055
268725, 18010
29641, 17998
32133, 17998
35748, 17998
38620, 17998
39550, 17998
40842, 17998
41894, 17998
44369, 17998
47761, 17998
49573, 17998
52953, 17998
54410, 17998
54927, 17998
57733, 17998
61131, 17998
61798, 17998
69008, 17998
77687, 17998
89608, 17998
93621, 17998
95258, 17998
125953, 17980
160155, 17980
160000, 17978
106117, 17968
130476, 17968
152947, 17968
156834, 17968
167778, 17968
204498, 17968
219416, 17968
219548, 17968
236281, 17968
249689, 17968
274286, 17968
58774, 17953
32784, 17949
92564, 17949
130613, 17949
232793, 17949
255013, 17949
275252, 17899
9708, 17837
15273, 17837
20458, 17837
69220, 17837
77707, 17837
84822, 17837
99629, 17837
107769, 17837
109237, 17837
128226, 17837
168482, 17837
174800, 17837
175911, 17837
177559, 17837
186445, 17837
189274, 17837
202911, 17837
224288, 17837
114982, 17828
197504, 17801
210333, 17801
192335, 17784
275017, 17781
108506, 17734
161817, 17733
183512, 17733
226450, 17733
261761, 17733
273864, 17733
184966, 17686
194977, 17686
258630, 17686
282375, 17686
290704, 17686
234265, 17680
132968, 17648
167151, 17647
194422, 17647
296498, 17647
73771, 17645
206788, 17645
33161, 17615
146781, 17524
188747, 17524
287300, 17524
289158, 17524
99203, 17508
55391, 17492
121416, 17469
177642, 17469
197461, 17469
209555, 17469
221325, 17469
235818, 17469
237322, 17469
251352, 17469
254636, 17469
270001, 17469
270346, 17469
278413, 17469
291200, 17469
64694, 17468
177809, 17468
194298, 17435
244811, 17433
284740, 17433
103178, 17420
116757, 17420
293898, 17380
98275, 17374
133518, 17374
73973, 17364
86593, 17364
97602, 17364
128325, 17364
165620, 17364
203309, 17364
214370, 17364
238125, 17364
253563, 17364
295107, 17364
79780, 17363
91319, 17363
203414, 17352
153254, 17351
124481, 17350
228114, 17350
264636, 17350
104059, 17334
179348, 17334
211961, 17334
19764, 17270
233221, 17270
258461, 17270
160877, 17248
285190, 17248
774, 17224
1247, 17224
90799, 17181
20591, 17178
55192, 17178
126862, 17178
142014, 17178
212825, 17178
215940, 17178
281257, 17178
84540, 17094
130632, 17094
141944, 17094
262175, 17094
272804, 17094
294058, 17094
111005, 17064
276993, 17064
279294, 17064
286663, 17064
51104, 17059
259711, 17059
286253, 17059
295517, 17059
56611, 17055
66916, 17051
107271, 17051
110638, 17051
190260, 17051
212173, 17051
59125, 17028
282990, 17012
204121, 16949
113431, 16909
131257, 16909
182942, 16909
41459, 16900
95224, 16900
201879, 16900
277775, 16900
280662, 16900
206266, 16896
157890, 16875
170097, 16875
183153, 16875
224067, 16837
7757, 16807
262325, 16807
264581, 16807
185965, 16805
193717, 16805
194981, 16805
210791, 16805
33245, 16798
58985, 16798
82485, 16798
93312, 16798
102915, 16798
118215, 16798
145793, 16798
165192, 16798
165895, 16798
131341, 16761
149352, 16761
56344, 16758
69664, 16758
238489, 16758
26357, 16751
269272, 16751
116055, 16715
72413, 16705
204225, 16705
267703, 16705
164862, 16700
218506, 16700
224640, 16700
253202, 16700
276925, 16700
278236, 16700
280438, 16700
237483, 16699
104821, 16693
255254, 16693
154770, 16691
84005, 16631
109476, 16631
132167, 16631
161702, 16631
59811, 16620
160374, 16617
249263, 16609
105463, 16600
133194, 16600
135295, 16600
225153, 16600
201814, 16596
92648, 16583
31512, 16560
59650, 16560
77873, 16560
83034, 16560
101598, 16560
265145, 16560
129090, 16556
176800, 16556
208635, 16556
7307, 16517
11729, 16517
41277, 16517
3325, 16493
89841, 16481
101868, 16481
177087, 16481
256741, 16481
76480, 16479
78796, 16479
124897, 16479
172357, 16479
181097, 16479
201000, 16479
236609, 16479
90525, 16473
267148, 16473
24413, 16459
96818, 16459
209811, 16459
242180, 16459
260927, 16459
281588, 16459
292631, 16459
290464, 16427
116022, 16409
34145, 16398
28055, 16378
167168, 16375
188833, 16375
223023, 16375
278595, 16372
238794, 16361
237979, 16319
165554, 16315
256680, 16315
16977, 16314
252664, 16314
261483, 16314
60252, 16306
238068, 16306
263952, 16306
296417, 16306
129382, 16294
193041, 16294
131121, 16244
134691, 16244
205539, 16244
242145, 16244
229660, 16242
29802, 16240
77406, 16240
202168, 16240
28734, 16212
60973, 16212
65287, 16212
71699, 16212
170120, 16207
291439, 16207
46608, 16199
96754, 16199
176264, 16199
209392, 16199
86500, 16179
172444, 16179
235289, 16179
266577, 16179
2679, 16176
240094, 16161
64921, 16148
115656, 16148
283076, 16138
43913, 16098
76471, 16098
82047, 16098
89739, 16098
98589, 16098
114133, 16098
163120, 16098
171663, 16098
179277, 16098
190369, 16098
203426, 16098
260255, 16098
281089, 16098
28136, 16083
38129, 16083
92375, 16083
105854, 16083
112349, 16083
155118, 16083
179191, 16083
196994, 16083
218857, 16083
222569, 16083
229240, 16083
231747, 16083
232452, 16083
239605, 16083
244395, 16083
266962, 16083
271069, 16083
276511, 16083
284469, 16083
285614, 16083
162109, 16072
66134, 16059
107818, 16059
219915, 16053
136687, 16050
50557, 16038
91980, 16038
25300, 16035
91773, 16035
121341, 16035
130939, 16035
277793, 16035
141025, 16028
33485, 16020
216409, 16020
92856, 16014
131372, 16014
58633, 16013
63945, 16013
147047, 16013
165121, 16013
38426, 16008
168370, 16008
146340, 15981
148497, 15981
190912, 15981
24715, 15980
113792, 15980
160598, 15980
171335, 15980
188564, 15980
207514, 15980
210614, 15980
262142, 15980
267612, 15980
279421, 15980
287098, 15980
56042, 15949
203705, 15949
99272, 15945
142208, 15945
224945, 15945
228166, 15945
258646, 15945
168038, 15924
221589, 15924
228066, 15924
123010, 15922
195898, 15904
227554, 15904
296598, 15904
159379, 15889
272995, 15889
148639, 15888
271982, 15875
20556, 15846
92872, 15846
160715, 15846
192400, 15846
211024, 15846
226782, 15846
243674, 15846
114589, 15803
190599, 15803
237315, 15803
244058, 15803
258784, 15803
105507, 15790
118601, 15790
140253, 15790
206858, 15790
227280, 15790
120585, 15773
193737, 15765
250031, 15765
258198, 15765
263976, 15765
256758, 15760
40893, 15759
46987, 15755
177195, 15755
219142, 15755
129408, 15751
12847, 15698
80118, 15698
250915, 15698
53792, 15693
129092, 15693
215424, 15693
284776, 15693
92789, 15690
179909, 15690
172693, 15673
105616, 15650
222305, 15650
137344, 15647
145944, 15647
146783, 15647
192682, 15647
223876, 15647
268009, 15643
202460, 15642
222127, 15640
252201, 15640
256617, 15640
239215, 15621
258818, 15621
284755, 15621
89272, 15595
106826, 15595
129116, 15595
154450, 15595
270263, 15595
272013, 15595
292211, 15595
127986, 15588
32134, 15561
147963, 15561
242620, 15561
90533, 15546
180176, 15544
90763, 15534
71899, 15516
141829, 15516
282320, 15483
169355, 15457
32886, 15436
96334, 15436
236668, 15436
75746, 15408
182972, 15408
235416, 15408
281115, 15408
127080, 15407
206896, 15407
219600, 15407
243784, 15407
266040, 15407
279715, 15407
126459, 15322
222536, 15322
179710, 15293
213919, 15293
283315, 15293
272475, 15279
28540, 15278
268881, 15278
173941, 15273
278795, 15273
286308, 15273
50521, 15263
121803, 15263
265323, 15263
286722, 15263
91924, 15221
28574, 15201
194762, 15201
195086, 15201
199691, 15201
209729, 15201
235483, 15201
240620, 15201
274108, 15201
278919, 15201
286318, 15201
43515, 15194
146710, 15194
156759, 15194
211731, 15194
247478, 15194
248902, 15194
256442, 15157
47364, 15153
97583, 15153
262757, 15146
99622, 15133
114375, 15132
212674, 15132
39215, 15121
91151, 15121
121050, 15071
217540, 15071
278484, 15071
280450, 15071
294537, 15071
33295, 15068
70690, 15068
118290, 15068
167040, 15068
171745, 15068
139328, 15067
160800, 15067
195675, 15061
39618, 15025
50929, 15025
86891, 15025
108187, 15025
119193, 15025
139364, 15025
191286, 15025
233590, 15025
244037, 15025
257426, 15025
172580, 15001
118879, 14995
264434, 14986
273155, 14943
208276, 14923
261574, 14923
62572, 14899
95304, 14891
237347, 14891
200777, 14872
81979, 14840
97420, 14840
254096, 14840
289762, 14840
17723, 14816
24998, 14816
109760, 14816
131555, 14816
153840, 14816
281997, 14816
109271, 14814
267669, 14814
134556, 14804
15122, 14799
51595, 14799
150303, 14799
266867, 14799
283379, 14795
20708, 14789
25607, 14789
71035, 14789
86143, 14789
100165, 14789
112776, 14789
115577, 14789
132947, 14789
183752, 14789
187344, 14789
263941, 14789
44195, 14785
130702, 14785
205024, 14783
235827, 14783
288478, 14783
293407, 14783
59455, 14778
107779, 14778
135585, 14778
158177, 14778
160327, 14778
184583, 14778
185721, 14778
185861, 14778
207754, 14778
212045, 14778
215199, 14778
232463, 14778
237091, 14778
242055, 14778
243474, 14778
246989, 14778
248711, 14778
249595, 14778
257541, 14778
266879, 14778
289048, 14778
72259, 14774
104803, 14774
119838, 14774
88865, 14762
188852, 14756
296074, 14756
13387, 14748
75976, 14748
133968, 14748
141462, 14748
220887, 14748
245157, 14748
252685, 14748
294226, 14748
216229, 14739
71799, 14731
247084, 14714
125073, 14708
183217, 14705
97720, 14681
121837, 14681
49031, 14669
58421, 14669
68608, 14669
120821, 14669
160680, 14669
163010, 14669
163532, 14669
174463, 14669
215744, 14669
227457, 14669
246097, 14669
249390, 14669
262172, 14669
275004, 14669
294127, 14669
36883, 14644
44004, 14644
51577, 14644
51810, 14644
61629, 14644
66110, 14644
67868, 14644
70936, 14644
73652, 14644
76192, 14644
78802, 14644
84777, 14644
86322, 14644
86343, 14644
93655, 14644
106451, 14644
109177, 14644
116923, 14644
125611, 14644
133723, 14644
150349, 14644
150947, 14644
152727, 14644
154415, 14644
158874, 14644
183132, 14644
195622, 14644
216272, 14644
243798, 14644
269321, 14644
290160, 14644
50639, 14631
148721, 14631
193209, 14631
241897, 14631
252016, 14631
274643, 14631
230171, 14617
37458, 14616
55851, 14616
140772, 14616
72872, 14598
171521, 14597
174170, 14597
158448, 14596
204001, 14596
225859, 14596
283374, 14596
54081, 14585
59129, 14585
66611, 14585
82146, 14585
100144, 14585
142754, 14585
162331, 14585
177058, 14585
94889, 14517
45247, 14515
74825, 14513
265006, 14513
17753, 14456
24660, 14456
27912, 14456
28626, 14456
30389, 14456
45583, 14456
49762, 14456
55143, 14456
65687, 14456
87443, 14456
122553, 14433
148370, 14433
187023, 14433
284073, 14433
94275, 14426
59500, 14382
97144, 14382
159803, 14382
259351, 14382
276198, 14382
36601, 14380
189542, 14378
204508, 14378
81718, 14352
21572, 14347
168023, 14347
264267, 14347
273875, 14347
90377, 14338
51759, 14332
169616, 14324
277780, 14324
142417, 14318
243216, 14318
291649, 14318
219587, 14314
54490, 14310
128674, 14310
214082, 14310
219752, 14310
236193, 14310
272061, 14310
272390, 14310
79593, 14300
80994, 14300
107254, 14300
231655, 14300
228512, 14299
10131, 14282
180067, 14274
187870, 14274
207576, 14274
228643, 14274
96812, 14273
54248, 14186
96132, 14186
122823, 14186
138097, 14186
118419, 14182
125301, 14182
36377, 14174
74894, 14174
89730, 14174
133672, 14174
157569, 14174
199453, 14174
249551, 14174
288143, 14174
290767, 14174
137415, 14170
283879, 14170
30264, 14166
51141, 14166
79804, 14166
82715, 14166
86295, 14166
211541, 14166
224151, 14166
283253, 14166
93101, 14160
169063, 14160
212330, 14160
17818, 14150
12810, 14147
125591, 14138
129879, 14138
140237, 14138
144878, 14138
145450, 14138
149811, 14138
153399, 14138
155994, 14138
158639, 14138
164506, 14138
168531, 14138
168632, 14138
169348, 14138
205882, 14138
206892, 14138
219770, 14138
223105, 14138
280305, 14138
81616, 14135
140432, 14135
149135, 14135
185489, 14135
202056, 14135
204929, 14135
218677, 14135
222887, 14135
230326, 14135
248857, 14135
252400, 14135
267602, 14135
278293, 14135
258927, 14124
165777, 14119
87812, 14118
90516, 14113
21725, 14108
23076, 14108
25495, 14108
26620, 14108
30288, 14108
36973, 14108
37374, 14108
53847, 14108
63559, 14108
64663, 14108
66527, 14108
67002, 14108
69152, 14108
72695, 14108
79664, 14108
85830, 14108
91566, 14108
92091, 14108
93364, 14108
96013, 14108
96388, 14108
97369, 14108
97581, 14108
98565, 14108
104278, 14108
104509, 14108
104957, 14108
108018, 14108
109243, 14108
110679, 14108
120655, 14108
140048, 14108
154901, 14108
225166, 14108
247589, 14108
62356, 14083
115543, 14083
125758, 14083
176742, 14083
222294, 14083
78274, 14082
113987, 14066
193890, 14066
64616, 14056
162988, 14056
33711, 14012
159515, 14012
130098, 13969
156806, 13969
223194, 13969
231459, 13969
171483, 13933
80957, 13924
128824, 13924
159199, 13924
208023, 13924
241021, 13924
192950, 13919
245265, 13919
139803, 13903
196919, 13903
259173, 13903
282037, 13896
175501, 13883
81671, 13869
158941, 13869
263359, 13869
87995, 13864
230904, 13864
12006, 13831
150972, 13831
189521, 13831
264811, 13831
52359, 13791
78084, 13791
105024, 13791
124201, 13791
284164, 13791
59019, 13784
106939, 13784
164139, 13784
171427, 13784
180610, 13784
206026, 13784
264194, 13784
93024, 13762
268319, 13757
210674, 13735
108338, 13731
141555, 13731
168849, 13731
238014, 13731
129856, 13716
105583, 13688
47407, 13675
185569, 13667
281604, 13667
287582, 13667
50107, 13652
125434, 13633
250727, 13633
128781, 13631
80518, 13627
91155, 13627
98283, 13627
146651, 13627
164407, 13627
222357, 13627
235066, 13627
263942, 13627
44872, 13620
219167, 13619
32747, 13546
79330, 13543
77046, 13539
150169, 13539
132765, 13510
140020, 13510
168754, 13510
173248, 13510
187278, 13510
108414, 13507
271042, 13507
124098, 13492
202071, 13492
238132, 13492
266271, 13492
171539, 13490
237405, 13490
240434, 13490
255342, 13490
277864, 13490
37320, 13488
41088, 13488
51554, 13488
51828, 13488
61047, 13488
82449, 13488
264842, 13473
273970, 13430
31981, 13396
59120, 13396
61645, 13396
63375, 13396
76479, 13396
86829, 13396
95886, 13396
229644, 13396
182404, 13351
43528, 13343
284873, 13343
191565, 13320
23678, 13261
165755, 13261
275987, 13261
68365, 13246
121463, 13246
184958, 13246
45071, 13235
261406, 13235
262080, 13235
287144, 13235
182912, 13234
20695, 13198
91397, 13198
136872, 13198
16274, 13195
250838, 13195
247089, 13189
174926, 13182
143521, 13179
214705, 13179
218752, 13179
232033, 13179
277364, 13179
281993, 13179
116297, 13160
178204, 13160
53619, 13148
62130, 13148
79313, 13148
89033, 13148
98505, 13148
100545, 13148
114403, 13148
130285, 13148
133568, 13148
147727, 13148
215698, 13148
244229, 13148
285491, 13148
185002, 13144
196605, 13144
258490, 13144
9014, 13141
115650, 13131
99020, 13125
154631, 13125
193266, 13125
82242, 13124
172680, 13082
221538, 13082
250857, 13075
28177, 13042
239216, 13042
278416, 13039
161781, 13022
182612, 13021
181967, 13016
233684, 13016
9436, 13007
166555, 13007
188791, 13007
261736, 13007
265742, 13007
284020, 13007
286633, 13007
67420, 12993
120027, 12993
199999, 12993
235063, 12993
154135, 12944
122459, 12943
34046, 12941
240487, 12941
185397, 12933
205547, 12861
48342, 12852
60023, 12852
73904, 12852
75012, 12852
81044, 12852
86104, 12852
88389, 12852
100709, 12852
101078, 12852
103569, 12852
110028, 12852
113975, 12852
122686, 12852
125510, 12852
126161, 12852
143135, 12852
145381, 12852
157521, 12852
157795, 12852
165783, 12852
175071, 12852
184858, 12852
203704, 12852
208639, 12852
212956, 12852
228569, 12852
231360, 12852
236379, 12852
244193, 12852
245737, 12852
247789, 12852
249342, 12852
290677, 12852
78780, 12850
182157, 12850
246888, 12812
274943, 12812
132375, 12803
173682, 12803
209171, 12803
222864, 12803
237002, 12803
270893, 12803
286822, 12803
107178, 12792
163152, 12792
89740, 12780
93289, 12780
154897, 12780
245232, 12780
250900, 12780
212986, 12764
40895, 12738
59367, 12738
154937, 12738
162496, 12738
177729, 12738
198856, 12738
225466, 12738
225734, 12738
257795, 12738
280042, 12738
277212, 12726
110410, 12723
255856, 12723
285937, 12723
260830, 12722
201056, 12695
251195, 12680
29282, 12676
241167, 12676
251298, 12676
111477, 12654
163844, 12654
49318, 12625
240227, 12616
257335, 12600
72906, 12583
74395, 12583
29373, 12562
52504, 12562
179164, 12562
194140, 12562
227676, 12562
148478, 12558
73768, 12556
81519, 12540
288484, 12540
206531, 12537
241293, 12537
243607, 12537
247975, 12537
289612, 12537
190339, 12524
56630, 12505
166075, 12505
248663, 12485
230184, 12483
280481, 12479
198376, 12475
129046, 12442
129136, 12442
145378, 12442
279490, 12442
85894, 12441
91273, 12441
133097, 12441
147407, 12441
150352, 12441
189442, 12433
235286, 12433
81289, 12429
101267, 12429
109992, 12429
113346, 12429
123299, 12429
127854, 12429
140522, 12429
147782, 12429
156832, 12429
158061, 12429
159587, 12429
175361, 12429
189292, 12429
193991, 12429
204154, 12429
212011, 12429
223897, 12429
230846, 12429
234400, 12429
240860, 12429
251315, 12429
264014, 12429
283850, 12429
19707, 12413
38683, 12413
45734, 12413
58590, 12413
87611, 12413
257527, 12413
271666, 12413
280503, 12413
65584, 12408
289901, 12405
242269, 12402
248853, 12402
62808, 12373
200800, 12373
241148, 12373
256330, 12373
257519, 12373
185948, 12366
101212, 12361
142691, 12361
14412, 12350
281483, 12350
27311, 12336
247828, 12336
146385, 12323
56572, 12321
136806, 12321
35322, 12308
35969, 12308
37492, 12308
132568, 12308
146474, 12308
209878, 12308
267066, 12308
184833, 12287
229346, 12287
93113, 12277
93459, 12277
132319, 12277
165979, 12277
190391, 12265
260417, 12265
123176, 12254
252803, 12254
67971, 12247
234856, 12247
246345, 12247
285467, 12236
211843, 12235
257772, 12190
145166, 12152
224510, 12152
175667, 12134
212772, 12134
214036, 12134
239193, 12134
280339, 12134
285824, 12134
253763, 12110
170528, 12109
174316, 12108
119451, 12100
231350, 12100
266179, 12100
171659, 12094
136431, 12083
280417, 12082
173263, 12051
18812, 12044
57528, 12044
280982, 12044
185830, 12030
54019, 12023
173481, 12023
215045, 12023
208043, 11999
248722, 11999
270482, 11999
53200, 11983
55157, 11983
250514, 11983
281902, 11983
29900, 11968
39750, 11951
74851, 11951
182515, 11937
230458, 11937
251901, 11937
261854, 11937
277661, 11937
51765, 11916
159212, 11916
215624, 11916
286879, 11916
163959, 11900
210472, 11900
94931, 11892
135607, 11892
141665, 11892
141704, 11892
211454, 11892
216028, 11892
227551, 11892
62056, 11887
77676, 11887
250182, 11887
270932, 11887
68311, 11872
153673, 11872
58297, 11865
164203, 11864
71345, 11829
78319, 11821
103175, 11821
107703, 11821
123985, 11821
143718, 11821
150909, 11821
160795, 11821
167654, 11821
223749, 11821
142587, 11818
202732, 11818
85496, 11813
164231, 11813
50169, 11766
139380, 11758
271775, 11758
12987, 11751
45206, 11751
46483, 11744
19646, 11721
54644, 11702
97835, 11689
4274, 11685
71202, 11671
156074, 11648
217166, 11648
273573, 11648
60725, 11596
89482, 11596
146417, 11596
151313, 11596
160104, 11596
176041, 11596
194364, 11596
196829, 11596
229422, 11596
242739, 11596
256294, 11596
276096, 11596
75845, 11589
211372, 11585
239035, 11572
43626, 11569
149634, 11555
188827, 11546
210205, 11546
215570, 11497
40102, 11493
5173, 11458
55652, 11458
279917, 11454
73360, 11450
90517, 11450
257920, 11450
17921, 11448
19420, 11448
27683, 11448
45666, 11448
50175, 11448
58064, 11448
62094, 11448
64590, 11448
87104, 11448
100633, 11448
214696, 11427
130198, 11420
134092, 11420
167369, 11420
240242, 11420
210325, 11408
228017, 11408
254381, 11306
274432, 11304
111792, 11261
26105, 11257
32782, 11257
287524, 11257
27800, 11253
32912, 11253
60352, 11253
63752, 11253
66339, 11253
72145, 11253
76577, 11253
83659, 11253
85345, 11253
89214, 11253
100000, 11253
113268, 11253
125942, 11253
144599, 11253
146596, 11253
180960, 11253
183224, 11253
191084, 11253
192935, 11253
200533, 11253
210821, 11253
218871, 11253
254087, 11253
258432, 11253
280604, 11253
157512, 11231
37228, 11213
115332, 11213
197114, 11213
276470, 11213
83495, 11203
254244, 11203
222227, 11193
74363, 11187
187538, 11174
117645, 11171
69032, 11150
36369, 11142
138509, 11127
170591, 11127
181695, 11127
195780, 11127
290259, 11117
250952, 11104
296589, 11104
165633, 11092
168705, 11072
259139, 11038
93379, 10968
22298, 10959
72374, 10959
34673, 10956
42059, 10935
163431, 10935
95922, 10931
119270, 10931
124960, 10924
218265, 10916
223653, 10872
279883, 10855
255570, 10828
168851, 10826
52573, 10817
85362, 10817
111330, 10813
124043, 10813
261532, 10813
94727, 10799
109220, 10799
136014, 10799
166318, 10799
179897, 10799
238351, 10799
259878, 10799
72588, 10788
236397, 10771
46475, 10732
207407, 10730
293265, 10611
361, 10604
97161, 10601
222403, 10593
218405, 10563
29750, 10557
39079, 10552
48987, 10552
52547, 10552
53389, 10552
54016, 10552
55991, 10552
274790, 10552
31605, 10542
32346, 10542
42655, 10542
60151, 10542
70608, 10542
72752, 10542
195393, 10514
189127, 10496
145235, 10480
225440, 10480
162593, 10467
269571, 10467
54886, 10445
27373, 10439
147014, 10439
207147, 10439
249093, 10439
257494, 10439
278391, 10439
286322, 10428
190947, 10405
288411, 10405
42149, 10370
6078, 10343
35561, 10343
68546, 10343
229108, 10343
209602, 10336
107445, 10320
217619, 10311
14687, 10303
31806, 10303
58736, 10301
171983, 10301
286338, 10301
147620, 10300
222470, 10300
271083, 10296
27587, 10293
161955, 10293
205256, 10293
194529, 10288
24466, 10286
77417, 10286
87376, 10286
15000, 10268
72823, 10268
80982, 10268
111398, 10265
168364, 10265
183553, 10265
186384, 10265
191225, 10265
193910, 10265
195639, 10265
204778, 10265
208762, 10265
266076, 10265
105415, 10258
213238, 10212
264113, 10212
209961, 10209
89024, 10173
131578, 10168
137844, 10168
196781, 10168
51601, 10152
282577, 10152
217489, 10113
90903, 10112
157426, 10112
129624, 10101
102486, 10094
121863, 10080
39408, 10074
184551, 10072
213458, 10072
235686, 10072
294413, 10072
285452, 10061
113096, 10054
81926, 9996
28196, 9989
8055, 9981
193930, 9981
257393, 9981
101740, 9965
29165, 9897
204804, 9872
226494, 9872
57838, 9843
146251, 9834
158951, 9817
250073, 9815
43075, 9776
106334, 9772
138243, 9772
288465, 9772
290799, 9772
183781, 9766
189690, 9766
217204, 9766
270255, 9766
277239, 9766
281260, 9766
87335, 9756
141060, 9756
21340, 9743
79834, 9743
146276, 9743
282648, 9743
283368, 9743
36509, 9715
123802, 9715
180319, 9713
78592, 9697
122268, 9697
189190, 9697
235373, 9695
170858, 9686
285751, 9662
207694, 9649
248809, 9649
53774, 9639
119068, 9628
35119, 9601
46731, 9601
102355, 9601
132858, 9601
195484, 9601
252152, 9588
198499, 9584
54049, 9581
140208, 9581
44494, 9539
74995, 9539
161419, 9537
83193, 9533
136280, 9533
170124, 9533
295464, 9533
165439, 9530
46184, 9521
98889, 9521
183498, 9521
184110, 9521
195511, 9521
195787, 9521
229019, 9521
246605, 9521
287997, 9521
166392, 9520
15756, 9518
42378, 9518
65968, 9518
92762, 9518
288865, 9518
140128, 9511
115812, 9504
109046, 9497
194180, 9497
198292, 9493
150505, 9486
117220, 9472
158668, 9472
230353, 9472
81230, 9463
255771, 9449
41986, 9424
73824, 9424
89400, 9424
116119, 9424
176757, 9424
236300, 9424
292679, 9424
221703, 9397
294250, 9395
262483, 9340
43588, 9332
229168, 9332
291303, 9332
285213, 9312
234117, 9306
119656, 9296
209859, 9296
72675, 9245
13906, 9227
37563, 9204
40041, 9204
40050, 9204
110878, 9204
146561, 9204
88299, 9202
11510, 9189
68095, 9189
203636, 9186
212060, 9176
59702, 9165
63980, 9158
188836, 9158
241468, 9158
279968, 9158
119370, 9146
137190, 9146
227183, 9121
84552, 9103
32275, 9076
56305, 9069
172378, 9040
252118, 9040
60545, 9031
44339, 9020
94519, 9020
150597, 9020
213072, 9020
267101, 9020
33547, 9010
137032, 9010
169931, 9010
211289, 9010
220553, 9010
235785, 8987
259836, 8987
292380, 8978
19082, 8972
22244, 8972
9303, 8926
31990, 8920
59286, 8920
81031, 8920
79187, 8918
78510, 8880
100432, 8871
148983, 8870
257059, 8855
279806, 8855
198059, 8852
293859, 8830
66581, 8795
140700, 8795
124496, 8760
180754, 8760
271812, 8760
186015, 8749
87069, 8747
73635, 8744
98045, 8744
165233, 8725
54416, 8700
176970, 8696
186972, 8696
194240, 8696
39368, 8691
99777, 8689
190619, 8689
176066, 8668
271379, 8668
127032, 8651
147154, 8651
242423, 8651
69335, 8644
70811, 8644
93433, 8644
94188, 8644
108746, 8644
151334, 8644
282019, 8644
130750, 8602
262062, 8600
293610, 8589
229290, 8581
245771, 8561
294321, 8561
164800, 8553
35808, 8540
39978, 8540
75531, 8540
190026, 8540
133085, 8499
274955, 8492
192471, 8465
260223, 8465
260865, 8465
55548, 8454
76927, 8454
218553, 8431
95769, 8424
172637, 8424
203700, 8383
91507, 8381
171199, 8381
179663, 8381
77315, 8368
128763, 8368
233074, 8365
210956, 8323
224991, 8319
168210, 8311
156132, 8310
183591, 8299
185672, 8299
187778, 8299
294393, 8299
170286, 8280
292856, 8276
14364, 8258
129772, 8258
92181, 8246
185562, 8238
94124, 8220
252342, 8208
172473, 8157
279570, 8157
77871, 8138
238526, 8128
225519, 8127
193859, 8112
72445, 8048
30642, 8026
294448, 8013
11066, 8007
248674, 8006
268625, 8006
191940, 7988
126303, 7987
74866, 7978
83231, 7974
70959, 7972
157457, 7972
41642, 7961
222189, 7961
24956, 7930
250878, 7930
36946, 7916
182152, 7915
223012, 7915
257238, 7915
32860, 7893
11010, 7890
122326, 7853
15693, 7851
284785, 7842
50666, 7818
216171, 7756
277457, 7756
68731, 7750
53180, 7740
38498, 7717
12720, 7714
86299, 7662
93061, 7662
153876, 7662
165318, 7662
63910, 7632
170024, 7632
77113, 7623
85557, 7623
164985, 7623
186244, 7623
196389, 7623
225197, 7623
259649, 7623
294236, 7623
202760, 7584
54989, 7565
130841, 7565
152039, 7565
170669, 7565
234460, 7565
117880, 7560
125134, 7538
231322, 7513
274001, 7513
282489, 7504
256798, 7471
272579, 7471
57780, 7447
104061, 7441
124556, 7441
241079, 7441
252148, 7441
279820, 7441
82866, 7427
42481, 7410
113848, 7410
103680, 7360
272352, 7360
13575, 7358
45768, 7307
27411, 7305
189777, 7282
67408, 7254
108398, 7254
291017, 7254
60578, 7228
118034, 7228
168545, 7228
203672, 7219
103339, 7111
35908, 7103
215822, 7103
236039, 7103
8458, 7068
194001, 7061
68586, 7055
172488, 7055
239745, 7055
66809, 7038
108302, 7038
246023, 7038
279973, 7038
172493, 7036
147649, 7035
214777, 7035
26515, 7009
132606, 7009
165721, 7009
75144, 6987
177754, 6987
66061, 6953
71219, 6937
103446, 6937
209579, 6928
254390, 6926
113366, 6922
81624, 6901
129026, 6888
15131, 6883
44651, 6883
168367, 6824
245006, 6820
247573, 6820
161584, 6809
25303, 6794
126871, 6791
119663, 6788
224662, 6788
67498, 6781
99363, 6781
180413, 6781
233641, 6781
54638, 6779
58040, 6779
53351, 6755
169156, 6751
62807, 6739
149988, 6739
171604, 6739
225999, 6739
237394, 6739
292821, 6724
195457, 6709
159206, 6707
141106, 6685
160932, 6685
242650, 6685
292751, 6685
262998, 6677
69254, 6669
252768, 6669
102404, 6630
156931, 6614
290114, 6614
140142, 6613
239571, 6612
247730, 6583
10364, 6571
50674, 6564
125821, 6553
127199, 6553
145708, 6553
148221, 6553
179795, 6553
227177, 6553
246510, 6553
284812, 6553
66601, 6547
285151, 6547
18211, 6546
89060, 6539
185863, 6539
73930, 6527
31975, 6518
70236, 6518
79245, 6518
90391, 6518
103552, 6518
104913, 6518
109367, 6518
138021, 6518
167506, 6518
171623, 6518
178286, 6518
182681, 6518
189997, 6518
244171, 6518
244617, 6518
249683, 6518
268361, 6518
272178, 6518
280036, 6518
290025, 6518
295208, 6518
58422, 6516
68904, 6509
91847, 6509
99467, 6509
206920, 6502
93699, 6469
141290, 6469
175081, 6469
191414, 6469
279643, 6469
282076, 6469
289832, 6469
143535, 6444
8525, 6433
81426, 6423
104128, 6423
129882, 6423
284124, 6423
36880, 6421
76394, 6421
85550, 6421
214869, 6421
45078, 6413
135543, 6412
45090, 6406
45963, 6406
52939, 6406
100836, 6406
151652, 6406
228989, 6406
238569, 6406
215237, 6387
187392, 6370
292068, 6368
247974, 6338
2658, 6319
187094, 6318
294164, 6318
205342, 6309
197823, 6305
209687, 6305
242899, 6305
244129, 6305
249912, 6305
73125, 6302
237986, 6292
293067, 6292
235541, 6287
83371, 6269
168835, 6266
226272, 6228
1229, 6221
157857, 6221
242672, 6221
266807, 6221
142118, 6218
261273, 6218
106302, 6217
183878, 6191
186209, 6191
191257, 6191
274805, 6191
281488, 6191
204873, 6189
204916, 6182
173226, 6179
28459, 6174
125945, 6172
177077, 6169
141000, 6163
9355, 6156
190204, 6151
269711, 6150
50872, 6147
29433, 6138
289212, 6131
258334, 6121
11705, 6113
251481, 6112
86596, 6097
258551, 6097
85047, 6095
141487, 6095
283832, 6095
288523, 6095
230740, 6088
80896, 6083
171052, 6083
216834, 6083
170096, 6075
269629, 6062
187259, 6060
31465, 6043
135132, 6043
235713, 6041
20494, 6033
131273, 6025
117729, 6010
226106, 5997
251416, 5997
253253, 5997
278258, 5997
212820, 5992
40022, 5978
60404, 5978
171336, 5978
52300, 5964
96152, 5964
109520, 5964
126323, 5964
194745, 5964
274880, 5964
9706, 5960
35145, 5959
135018, 5952
264975, 5952
130180, 5918
183185, 5918
42235, 5899
39227, 5896
150794, 5896
171946, 5896
248066, 5896
265418, 5896
268781, 5896
292417, 5896
131921, 5868
199487, 5868
112054, 5856
124459, 5856
289365, 5815
164652, 5809
115671, 5789
48757, 5788
172149, 5788
291857, 5787
265503, 5769
276058, 5757
144403, 5726
13045, 5719
44191, 5719
92828, 5719
99163, 5719
128751, 5719
296139, 5719
39075, 5712
99886, 5703
31983, 5699
109639, 5699
66148, 5697
35947, 5693
74691, 5693
135430, 5693
141437, 5693
144244, 5693
168744, 5693
176744, 5693
182659, 5693
227702, 5693
234381, 5693
238306, 5693
244567, 5693
258425, 5693
264402, 5693
266464, 5693
275141, 5693
276409, 5693
288843, 5693
289601, 5693
51679, 5686
271597, 5679
206708, 5659
79346, 5657
98500, 5647
144170, 5625
41446, 5622
80893, 5599
193705, 5599
230788, 5599
231660, 5599
95841, 5596
178404, 5596
66747, 5592
261581, 5572
202182, 5557
277574, 5542
251732, 5533
62610, 5528
42136, 5526
76567, 5526
228175, 5526
231026, 5526
174064, 5522
206690, 5518
94151, 5510
14082, 5505
32901, 5505
53441, 5505
96919, 5505
285224, 5505
5372, 5458
197267, 5458
199544, 5458
235364, 5458
115107, 5449
112540, 5445
76689, 5427
90497, 5427
102606, 5427
104122, 5427
107974, 5427
115906, 5427
120578, 5427
133909, 5427
140827, 5427
146567, 5427
153916, 5427
155706, 5427
163766, 5427
179085, 5427
180772, 5427
181231, 5427
192027, 5427
195547, 5427
196276, 5427
197301, 5427
198508, 5427
213673, 5427
228602, 5427
231047, 5427
241981, 5427
247318, 5427
247422, 5427
251420, 5427
251581, 5427
253417, 5427
257727, 5427
268516, 5427
270577, 5427
280225, 5427
281393, 5427
282007, 5427
294184, 5427
74895, 5412
187719, 5403
278497, 5403
44950, 5398
143035, 5398
217999, 5389
37676, 5366
3829, 5355
46114, 5355
68389, 5355
244745, 5351
165761, 5349
198294, 5349
221351, 5349
261143, 5349
81149, 5331
88952, 5331
123932, 5330
166500, 5330
166660, 5330
120506, 5301
129844, 5292
31389, 5279
39172, 5279
69394, 5279
74171, 5279
111011, 5279
117891, 5279
119247, 5279
121221, 5279
148247, 5279
152535, 5279
165230, 5279
183667, 5279
189184, 5279
198416, 5279
261986, 5279
263278, 5279
266281, 5279
294422, 5279
247345, 5277
58625, 5266
225647, 5265
8588, 5248
208214, 5240
279582, 5235
33797, 5232
73514, 5201
264369, 5201
292527, 5201
142689, 5200
236642, 5192
22195, 5190
6842, 5187
64874, 5184
117702, 5182
273771, 5182
279115, 5182
49256, 5166
177595, 5131
283190, 5096
272022, 5084
120832, 5077
170382, 5063
13041, 5036
2430, 5026
215054, 5026
185937, 5023
63161, 5001
236028, 4988
150485, 4985
201952, 4976
287394, 4973
161933, 4945
269581, 4945
288550, 4945
237651, 4943
280721, 4943
242472, 4927
283167, 4927
117577, 4921
183969, 4910
87050, 4901
69840, 4897
102475, 4897
74554, 4893
60940, 4889
80678, 4864
85980, 4864
42165, 4863
42295, 4863
82765, 4863
85920, 4863
86797, 4863
90240, 4863
107368, 4863
131143, 4863
135371, 4863
180341, 4863
189249, 4863
207182, 4863
229328, 4863
252869, 4863
295440, 4863
158943, 4835
49277, 4832
44585, 4830
76554, 4830
22451, 4818
90253, 4817
272669, 4817
187887, 4812
2886, 4801
57814, 4801
105207, 4801
118552, 4801
122370, 4801
124763, 4801
125139, 4801
196506, 4801
224615, 4801
238516, 4801
238948, 4801
250925, 4801
251158, 4801
256847, 4801
285125, 4801
292861, 4801
293846, 4801
16737, 4796
36005, 4796
44916, 4796
45700, 4796
46468, 4796
80640, 4796
99566, 4796
103849, 4796
115888, 4796
122259, 4796
129485, 4796
132848, 4796
134295, 4796
144807, 4796
146254, 4796
161498, 4796
170008, 4796
170282, 4796
182286, 4796
182532, 4796
189669, 4796
199146, 4796
199173, 4796
218507, 4796
219802, 4796
222498, 4796
222761, 4796
227430, 4796
233130, 4796
239678, 4796
241770, 4796
245227, 4796
248085, 4796
256438, 4796
262747, 4796
266458, 4796
270882, 4796
273920, 4796
275342, 4796
296487, 4796
9902, 4792
52430, 4792
98221, 4792
37357, 4778
39675, 4759
51909, 4752
272842, 4752
212080, 4733
2222, 4722
57799, 4707
71337, 4692
179914, 4692
230945, 4692
255989, 4692
292119, 4692
114881, 4686
206070, 4686
276802, 4686
284054, 4686
246312, 4673
229759, 4670
266998, 4667
195410, 4657
33599, 4654
90068, 4654
125256, 4654
185611, 4654
260639, 4654
287915, 4654
6525, 4644
223530, 4643
191611, 4641
271913, 4641
278158, 4641
19433, 4630
190048, 4630
5878, 4628
25048, 4627
115938, 4604
238553, 4604
2128, 4598
40340, 4583
129686, 4583
225464, 4583
257443, 4583
100532, 4571
102557, 4571
185900, 4569
216865, 4569
219874, 4569
232738, 4569
255170, 4569
290800, 4569
39307, 4566
110246, 4566
112739, 4566
206860, 4566
208523, 4566
260848, 4566
92334, 4537
64236, 4533
117643, 4533
127122, 4533
132285, 4533
211461, 4533
254067, 4533
178006, 4526
116648, 4474
192597, 4473
196163, 4473
104951, 4465
209826, 4465
55891, 4457
234784, 4457
260563, 4451
87807, 4450
93733, 4450
267521, 4450
280609, 4449
9991, 4441
12437, 4441
14748, 4441
126315, 4441
146911, 4441
154973, 4441
230583, 4441
256367, 4441
275158, 4441
284977, 4441
290399, 4441
112007, 4437
29314, 4425
130630, 4422
276793, 4415
7003, 4414
11806, 4414
23671, 4414
36310, 4414
60584, 4414
73958, 4414
81019, 4414
83621, 4414
90876, 4414
92275, 4414
98359, 4414
98891, 4414
104474, 4414
112013, 4414
124439, 4414
133474, 4414
137552, 4414
150146, 4414
150892, 4414
166536, 4414
173460, 4414
176994, 4414
134465, 4410
133135, 4385
284277, 4382
8902, 4373
215891, 4351
128567, 4331
140452, 4323
78800, 4318
156778, 4318
8779, 4316
15659, 4316
17042, 4316
29691, 4316
30096, 4316
32320, 4316
47432, 4316
72639, 4316
78653, 4316
84755, 4316
88535, 4316
91349, 4316
92818, 4316
99165, 4316
105218, 4316
120084, 4316
121162, 4316
129167, 4316
130590, 4316
133213, 4316
134838, 4316
135317, 4316
135335, 4316
138987, 4316
139297, 4316
142851, 4316
146590, 4316
148429, 4316
148895, 4316
152746, 4316
177469, 4316
178852, 4316
179891, 4316
183305, 4316
185547, 4316
189295, 4316
193538, 4316
195091, 4316
195562, 4316
198038, 4316
199325, 4316
207745, 4316
219209, 4316
221562, 4316
236423, 4316
237118, 4316
237136, 4316
241844, 4316
244556, 4316
262374, 4316
266718, 4316
269987, 4316
274676, 4316
275722, 4316
278441, 4316
282844, 4316
284849, 4316
116881, 4314
159306, 4314
187049, 4314
232051, 4314
7768, 4303
18773, 4303
29002, 4303
31421, 4303
49155, 4303
57521, 4303
58722, 4303
60622, 4303
72126, 4303
83676, 4303
88701, 4303
92696, 4303
112440, 4303
115843, 4303
121003, 4303
131934, 4303
139553, 4303
164856, 4303
177772, 4303
187713, 4303
199260, 4303
206104, 4303
206284, 4303
206801, 4303
220794, 4303
224986, 4303
226497, 4303
238698, 4303
240274, 4303
242732, 4303
242937, 4303
254672, 4303
269658, 4303
269896, 4303
279925, 4303
279939, 4303
284782, 4303
9869, 4292
11390, 4292
39177, 4288
226875, 4288
87630, 4285
92064, 4285
8380, 4283
283402, 4282
32537, 4277
45337, 4277
104408, 4277
153936, 4277
180767, 4277
188710, 4277
127904, 4276
248435, 4276
161054, 4268
130810, 4264
247173, 4257
235245, 4251
24993, 4250
37599, 4250
49822, 4250
76962, 4250
92582, 4250
114744, 4250
128631, 4250
132861, 4250
148645, 4250
163996, 4250
171182, 4250
201437, 4250
211615, 4250
221317, 4250
223711, 4250
230402, 4250
232069, 4250
232683, 4250
243993, 4250
244920, 4250
252941, 4250
264894, 4250
269475, 4250
272150, 4250
277561, 4250
288563, 4250
290678, 4250
291376, 4250
293806, 4250
135689, 4231
164565, 4204
264202, 4203
15309, 4189
175512, 4185
121088, 4171
32169, 4170
51103, 4170
83699, 4157
279376, 4157
93637, 4154
69698, 4150
86799, 4150
165248, 4150
255604, 4150
27974, 4146
33349, 4146
283652, 4146
19584, 4138
82254, 4138
44659, 4129
96010, 4129
99181, 4129
115705, 4129
143511, 4129
162019, 4129
219406, 4129
227104, 4129
285113, 4129
61771, 4123
37546, 4120
220743, 4092
22417, 4091
105810, 4091
109735, 4091
113371, 4091
181230, 4091
40752, 4090
72597, 4090
224889, 4090
8167, 4087
11060, 4087
90717, 4087
105962, 4087
210604, 4087
251561, 4087
283586, 4087
287776, 4087
178293, 4082
230872, 4082
77669, 4080
98571, 4077
117980, 4077
202867, 4075
13134, 4072
14705, 4072
78990, 4072
160044, 4072
164283, 4072
178560, 4072
205635, 4072
231585, 4072
241470, 4072
244192, 4072
260103, 4072
278366, 4072
288254, 4072
289681, 4072
7398, 4064
277031, 4061
214151, 4051
210692, 4050
215856, 4027
35217, 4017
51783, 4017
157686, 4017
174113, 4017
210985, 4017
276613, 4017
45342, 3995
89693, 3995
134236, 3995
237070, 3995
237562, 3993
52361, 3989
41079, 3987
51351, 3987
214862, 3987
33718, 3986
124561, 3986
150849, 3986
50709, 3984
84987, 3984
12150, 3979
192525, 3979
157931, 3978
158335, 3978
236418, 3978
119271, 3975
21412, 3969
50442, 3964
146685, 3951
120392, 3933
26723, 3929
127150, 3927
72477, 3925
30566, 3920
233690, 3918
149100, 3902
284937, 3902
71708, 3898
97751, 3898
22305, 3887
52177, 3887
117555, 3887
216961, 3887
23490, 3879
130800, 3869
205667, 3869
148695, 3855
27257, 3848
99432, 3846
24317, 3838
79987, 3838
9745, 3837
181886, 3835
197490, 3835
287252, 3835
218808, 3832
58290, 3831
97694, 3828
17204, 3825
135830, 3825
45996, 3815
227721, 3815
24074, 3798
80916, 3785
174810, 3785
295878, 3785
153415, 3778
114467, 3771
44501, 3769
48299, 3769
70900, 3769
79407, 3769
123325, 3769
175808, 3769
194148, 3769
275939, 3769
109499, 3756
272163, 3756
136168, 3755
229818, 3755
154219, 3742
143015, 3740
194463, 3740
191440, 3738
197434, 3738
210347, 3733
66870, 3728
282039, 3728
42210, 3725
162333, 3725
11050, 3713
68758, 3713
97499, 3713
125170, 3713
165163, 3713
241673, 3713
295329, 3713
73845, 3705
199352, 3705
88764, 3704
89476, 3702
97853, 3701
146201, 3701
149015, 3701
210596, 3701
283894, 3701
295319, 3701
55442, 3691
16462, 3689
22678, 3689
75664, 3687
147795, 3683
235305, 3679
254961, 3679
133241, 3676
261039, 3676
20315, 3673
84863, 3671
265877, 3667
190117, 3658
15139, 3654
108922, 3654
171275, 3654
175915, 3654
116177, 3653
28094, 3645
74822, 3643
207496, 3643
223977, 3643
247692, 3643
192820, 3642
200208, 3642
37048, 3640
52385, 3639
224048, 3639
255257, 3639
292934, 3639
3803, 3634
223087, 3629
28940, 3623
65668, 3623
106110, 3623
110266, 3623
3756, 3622
102790, 3622
71657, 3619
139474, 3616
66119, 3603
11470, 3599
226013, 3599
194033, 3589
31305, 3582
46414, 3581
55230, 3581
247913, 3564
142270, 3563
140369, 3559
146249, 3555
262533, 3554
49898, 3552
172766, 3552
207340, 3543
49047, 3537
137196, 3537
9201, 3529
125949, 3527
203758, 3527
59657, 3526
145180, 3517
145275, 3507
101790, 3502
118291, 3492
256572, 3480
245334, 3479
9295, 3476
16704, 3476
21167, 3474
229767, 3473
152842, 3453
15030, 3448
47158, 3434
15400, 3420
217688, 3420
56874, 3418
63981, 3418
165196, 3418
206568, 3418
223959, 3418
260100, 3418
69994, 3408
95905, 3408
100957, 3408
151015, 3408
164084, 3408
236377, 3408
237144, 3408
245691, 3408
289014, 3408
75226, 3405
214877, 3403
122498, 3397
281167, 3395
46247, 3388
222924, 3388
10032, 3373
164877, 3356
145519, 3355
242071, 3355
5000, 3354
161184, 3352
107031, 3351
112311, 3351
114938, 3351
182235, 3351
244988, 3351
45054, 3350
120480, 3345
280439, 3345
288391, 3326
50478, 3323
213653, 3322
149198, 3321
4704, 3320
252545, 3317
192242, 3311
137739, 3309
151482, 3309
167611, 3309
258358, 3309
193199, 3302
258572, 3300
77390, 3299
216914, 3299
7039, 3298
47408, 3283
54112, 3266
10955, 3256
273680, 3255
51841, 3254
219041, 3254
248355, 3254
259158, 3254
60246, 3247
98762, 3247
99551, 3247
190728, 3247
279572, 3246
244959, 3245
22505, 3243
4400, 3223
158246, 3219
239151, 3219
101699, 3209
267236, 3198
20085, 3188
28736, 3182
30834, 3182
241166, 3176
268283, 3169
133788, 3166
180327, 3166
35837, 3160
21627, 3147
79572, 3147
61370, 3142
21654, 3141
115358, 3140
145105, 3135
246139, 3131
248436, 3117
25021, 3115
287470, 3115
30545, 3111
47074, 3111
52267, 3105
56150, 3101
16451, 3093
51186, 3079
83759, 3078
145219, 3078
38094, 3077
266789, 3073
91960, 3062
122097, 3062
121830, 3060
91625, 3059
12735, 3058
150574, 3058
22104, 3054
247213, 3028
277608, 3025
59447, 3024
135479, 3024
23265, 3012
60475, 3012
78789, 3009
87810, 3009
94490, 3009
96070, 3009
98233, 3009
101837, 3009
104748, 3009
140932, 3009
153841, 3009
178576, 3009
227360, 3009
63696, 2996
274569, 2995
211621, 2994
245236, 2993
25994, 2987
194623, 2976
123283, 2971
144163, 2971
153351, 2971
156090, 2971
209721, 2971
210635, 2971
224028, 2971
225355, 2971
64905, 2965
17797, 2960
32902, 2960
226832, 2960
285538, 2960
197769, 2954
285670, 2954
58549, 2951
79576, 2948
122322, 2948
69900, 2946
107995, 2932
188505, 2931
234607, 2924
222131, 2921
156279, 2920
93999, 2914
173403, 2914
238814, 2913
245153, 2912
237453, 2901
258076, 2898
135719, 2896
164458, 2895
283319, 2895
41959, 2892
13963, 2891
28001, 2891
79810, 2891
91285, 2891
143232, 2891
170241, 2891
197747, 2891
118364, 2890
149046, 2890
136991, 2884
187845, 2884
249800, 2871
71775, 2869
56241, 2857
98626, 2857
234950, 2856
21715, 2854
211170, 2854
45957, 2849
53687, 2849
163948, 2841
34964, 2840
169104, 2840
190879, 2838
215297, 2838
59314, 2834
6338, 2823
56250, 2823
39825, 2817
42861, 2817
178157, 2814
279341, 2814
90768, 2811
114802, 2810
61724, 2809
197438, 2809
32177, 2805
191768, 2805
152993, 2804
153479, 2804
187913, 2804
21581, 2803
38348, 2803
121642, 2801
180840, 2799
5419, 2784
232739, 2780
26313, 2777
115420, 2777
35222, 2769
194514, 2769
112393, 2762
47296, 2761
111306, 2761
154879, 2761
21576, 2758
85732, 2754
117099, 2754
53830, 2753
56893, 2750
70371, 2750
96185, 2750
132025, 2744
34219, 2742
116026, 2742
121700, 2742
164135, 2742
194704, 2742
207388, 2742
58317, 2732
140319, 2727
146884, 2727
204943, 2727
225273, 2727
228429, 2727
251928, 2727
20009, 2723
73840, 2717
15483, 2715
202405, 2715
82223, 2710
97292, 2704
8083, 2703
56770, 2701
131765, 2701
206354, 2701
113632, 2693
171349, 2693
296373, 2692
44071, 2686
185992, 2685
62710, 2674
67995, 2674
99297, 2674
292632, 2674
1734, 2670
32652, 2670
59567, 2670
59993, 2670
109724, 2669
142599, 2669
143835, 2669
192670, 2669
193733, 2669
231473, 2669
258575, 2669
282972, 2661
77399, 2651
195715, 2651
232313, 2651
192599, 2650
113606, 2644
116941, 2638
197950, 2638
274399, 2636
140806, 2622
173384, 2622
121490, 2618
154763, 2618
169859, 2618
287549, 2618
12990, 2617
6164, 2616
96312, 2616
157120, 2616
280538, 2616
13347, 2615
35849, 2615
140211, 2615
153130, 2615
169188, 2615
223773, 2615
115119, 2614
147554, 2603
281699, 2602
7091, 2593
156805, 2591
180596, 2591
206889, 2591
219610, 2591
286624, 2591
296162, 2589
205979, 2588
72435, 2579
74734, 2579
84846, 2579
130025, 2579
260048, 2579
54877, 2578
146169, 2578
230642, 2575
150889, 2572
17944, 2568
143895, 2565
270571, 2565
246319, 2563
17756, 2559
120721, 2559
32990, 2558
291654, 2552
17193, 2551
112509, 2551
26305, 2546
89572, 2546
101451, 2546
162049, 2546
177408, 2546
202475, 2543
207365, 2543
108239, 2536
263869, 2534
5079, 2533
262711, 2531
101878, 2522
111810, 2522
111820, 2522
125446, 2522
145012, 2522
41503, 2520
21050, 2501
87840, 2501
177368, 2501
257376, 2501
281420, 2501
130320, 2500
66990, 2498
90709, 2498
117930, 2498
136275, 2498
180620, 2498
267999, 2498
72946, 2496
156120, 2496
232409, 2496
37057, 2493
249974, 2493
145248, 2479
254683, 2476
13121, 2474
165339, 2474
283285, 2474
11971, 2473
20866, 2473
25442, 2473
40532, 2473
81035, 2473
122486, 2473
143238, 2473
120509, 2472
152179, 2472
36960, 2466
91674, 2466
247792, 2466
27402, 2465
20653, 2464
34629, 2464
47518, 2464
95212, 2464
111245, 2464
125267, 2464
169492, 2464
186548, 2464
205585, 2464
255639, 2464
11000, 2462
20110, 2462
64863, 2462
87911, 2462
292857, 2462
184139, 2461
217851, 2459
172824, 2458
198002, 2453
112010, 2449
156872, 2449
197141, 2449
254077, 2449
173484, 2444
176677, 2444
204935, 2444
81511, 2443
51349, 2442
65967, 2442
80787, 2442
36281, 2441
202700, 2440
191024, 2435
223913, 2435
15792, 2434
131263, 2434
134991, 2434
204264, 2434
240671, 2434
266199, 2434
32260, 2431
90017, 2427
2877, 2423
231381, 2423
42714, 2422
106291, 2421
225314, 2420
238447, 2420
242586, 2420
276120, 2420
139957, 2418
35833, 2416
20468, 2415
165497, 2415
15643, 2414
27643, 2414
44976, 2414
58667, 2414
76048, 2414
77366, 2414
87782, 2414
87917, 2414
94709, 2414
95387, 2414
114899, 2414
183101, 2414
207733, 2414
207883, 2414
275565, 2414
289320, 2414
154620, 2413
13014, 2412
15097, 2412
26977, 2412
30383, 2412
41294, 2412
41532, 2412
45488, 2412
64941, 2412
75315, 2412
87285, 2412
243247, 2412
1702, 2411
35336, 2411
56240, 2411
93437, 2411
256492, 2411
257438, 2411
277171, 2411
19104, 2409
142934, 2409
200908, 2409
239943, 2409
8474, 2406
71486, 2406
167500, 2406
186, 2404
188489, 2403
241610, 2403
78076, 2400
151412, 2398
142414, 2393
25390, 2390
47242, 2390
90424, 2385
10417, 2372
16510, 2372
20129, 2372
27381, 2372
36694, 2372
56978, 2372
67677, 2372
93257, 2372
150942, 2372
197736, 2372
201701, 2372
42044, 2369
13233, 2368
121785, 2368
147820, 2368
264332, 2368
15869, 2367
20830, 2367
51419, 2367
133763, 2367
168237, 2367
4055, 2365
34787, 2365
77553, 2365
212135, 2365
254321, 2365
273335, 2365
11009, 2361
12002, 2361
20000, 2361
81429, 2361
30311, 2359
91164, 2359
35479, 2357
253366, 2357
203788, 2349
261840, 2349
22896, 2345
29020, 2345
33539, 2345
51871, 2345
53437, 2345
152018, 2345
231314, 2345
250036, 2345
293457, 2345
243604, 2344
73836, 2342
113180, 2342
134085, 2342
250486, 2342
46081, 2341
272133, 2340
296333, 2340
89282, 2337
55957, 2336
207269, 2336
220645, 2336
109434, 2333
237470, 2333
33173, 2330
78114, 2330
256245, 2330
296015, 2330
109746, 2329
34488, 2325
46190, 2324
135412, 2324
72344, 2322
124316, 2321
227739, 2321
26601, 2319
94647, 2319
168267, 2319
197742, 2319
266525, 2319
81891, 2317
294242, 2312
107099, 2311
140569, 2310
18158, 2307
12073, 2304
23536, 2304
25548, 2304
135422, 2304
199898, 2304
213068, 2304
216868, 2304
271460, 2304
277062, 2304
277628, 2304
9241, 2302
16692, 2302
25556, 2302
28570, 2302
85414, 2302
138418, 2302
187155, 2302
206432, 2302
295164, 2302
251483, 2294
150292, 2291
30645, 2285
53943, 2285
151841, 2285
166698, 2285
50144, 2278
123315, 2278
24687, 2268
57651, 2267
23521, 2266
109519, 2265
28462, 2262
72511, 2261
17688, 2253
34194, 2248
134404, 2248
157914, 2248
247968, 2246
291008, 2246
12416, 2242
113450, 2242
127210, 2242
146437, 2242
216590, 2242
267438, 2242
70589, 2235
276356, 2235
52970, 2234
68360, 2234
98193, 2234
161654, 2234
174911, 2234
35298, 2233
61807, 2233
86211, 2233
264072, 2233
273577, 2233
163311, 2227
202933, 2227
188543, 2225
215077, 2225
229955, 2225
55234, 2224
58476, 2224
68005, 2224
126912, 2224
170815, 2224
260842, 2224
196096, 2220
268318, 2220
120147, 2218
34010, 2214
71617, 2214
79688, 2214
171591, 2214
198378, 2214
199562, 2214
257127, 2214
105955, 2213
195873, 2213
55680, 2207
152638, 2207
176711, 2207
46757, 2206
204262, 2205
288532, 2205
105548, 2197
174759, 2197
14831, 2195
24019, 2193
38356, 2193
194384, 2193
221518, 2193
132691, 2189
128944, 2188
33044, 2187
58715, 2187
114122, 2187
138403, 2187
222366, 2187
253636, 2187
275394, 2187
283874, 2187
296080, 2186
232553, 2183
28404, 2179
106493, 2179
19719, 2177
30452, 2177
42066, 2177
57137, 2177
68015, 2177
73448, 2177
155394, 2177
175522, 2177
228113, 2174
62341, 2173
115568, 2173
260246, 2173
275314, 2173
113609, 2172
280431, 2172
80400, 2171
108579, 2171
123901, 2171
204774, 2171
15778, 2168
57915, 2164
89567, 2163
13992, 2161
122794, 2155
219881, 2155
4607, 2151
6212, 2151
52645, 2151
59479, 2151
61345, 2151
123436, 2151
168184, 2151
259283, 2151
1984, 2149
31130, 2149
34087, 2149
41136, 2149
43899, 2149
178955, 2149
12928, 2148
33929, 2148
137378, 2148
170610, 2148
193755, 2148
287830, 2148
1957, 2145
87188, 2145
131781, 2145
141087, 2145
161514, 2145
172916, 2145
16623, 2141
156890, 2139
194453, 2139
242836, 2139
150691, 2138
138348, 2137
119780, 2134
60549, 2131
28886, 2126
31220, 2126
69172, 2126
176930, 2126
34243, 2125
262441, 2125
148503, 2124
74026, 2123
214482, 2123
280464, 2123
149516, 2121
40227, 2117
122978, 2116
289109, 2114
126052, 2113
294837, 2113
258826, 2110
92421, 2106
158132, 2106
128771, 2101
184096, 2097
96396, 2095
23295, 2093
31081, 2091
77291, 2091
14464, 2090
15977, 2086
121553, 2086
230612, 2086
20792, 2085
65462, 2082
162024, 2082
179682, 2082
109411, 2079
276446, 2076
5743, 2072
23431, 2072
53255, 2072
208571, 2067
287006, 2067
19979, 2065
55603, 2065
202898, 2064
40613, 2061
52894, 2061
9127, 2055
39445, 2054
157265, 2054
4490, 2053
87148, 2051
33371, 2050
28378, 2048
44875, 2048
294635, 2044
34078, 2041
108261, 2041
250891, 2041
7719, 2040
18438, 2040
5635, 2035
99344, 2035
143140, 2035
191651, 2035
204758, 2035
225549, 2035
243966, 2035
244857, 2034
156617, 2033
164845, 2033
64250, 2032
67653, 2032
107214, 2032
111000, 2032
113537, 2032
131172, 2032
132719, 2032
158054, 2032
184200, 2032
188796, 2032
201341, 2032
237886, 2032
267288, 2032
296456, 2032
13504, 2030
600, 2028
48466, 2028
76006, 2028
183599, 2028
40235, 2026
54993, 2025
2862, 2020
7712, 2020
11181, 2020
18526, 2020
22257, 2020
22836, 2020
26614, 2020
29965, 2020
33387, 2020
42949, 2020
47727, 2020
57486, 2020
73478, 2020
77141, 2020
90725, 2020
115507, 2020
135138, 2020
172927, 2020
175428, 2020
205703, 2020
212318, 2020
224590, 2020
228891, 2020
236585, 2020
172612, 2019
246406, 2017
15946, 2012
116387, 2008
122479, 2008
267179, 2008
4344, 2003
282934, 1999
4464, 1998
93573, 1996
42264, 1994
38701, 1988
40106, 1988
219579, 1988
108205, 1986
214167, 1985
37151, 1983
15105, 1979
158785, 1979
146075, 1978
215089, 1976
292924, 1976
110690, 1974
157464, 1973
161132, 1973
131691, 1971
23537, 1969
268561, 1968
11143, 1966
30609, 1966
258487, 1964
4189, 1963
48914, 1963
178588, 1963
99601, 1962
62873, 1958
41826, 1957
142410, 1957
271608, 1956
268073, 1955
33818, 1951
54339, 1951
56048, 1951
67380, 1951
133422, 1951
139517, 1951
4079, 1950
61540, 1950
112323, 1950
182511, 1949
51847, 1946
185855, 1945
192398, 1942
258283, 1941
16227, 1940
61399, 1940
150808, 1940
7508, 1937
24048, 1936
286213, 1936
20758, 1935
66031, 1932
80042, 1932
136494, 1932
225516, 1932
55613, 1930
263077, 1930
27033, 1929
4999, 1927
80120, 1926
214450, 1926
28663, 1925
45314, 1925
288038, 1922
122427, 1919
219767, 1919
223563, 1919
255893, 1919
80126, 1916
122883, 1915
162529, 1915
165914, 1915
203616, 1915
296310, 1915
229785, 1914
256964, 1914
21393, 1912
36949, 1912
204024, 1912
36823, 1909
42980, 1898
120479, 1898
92393, 1897
82181, 1895
88133, 1895
156756, 1895
255596, 1895
169130, 1893
205567, 1893
10732, 1892
13293, 1892
258531, 1892
59897, 1890
35716, 1889
140949, 1889
242682, 1889
16220, 1886
109778, 1884
131400, 1884
51501, 1879
61449, 1879
68455, 1879
72291, 1879
84375, 1879
93608, 1879
100130, 1879
106066, 1879
130063, 1879
141266, 1879
160185, 1879
33126, 1877
33667, 1870
71363, 1869
145891, 1869
45990, 1867
85525, 1867
104415, 1867
242091, 1867
20423, 1860
120724, 1860
7267, 1859
122302, 1859
170785, 1859
56887, 1857
99206, 1857
101151, 1857
101507, 1857
109511, 1857
114369, 1857
135240, 1857
141989, 1857
146188, 1857
147524, 1857
148286, 1857
154868, 1857
155828, 1857
162944, 1857
167329, 1857
168010, 1857
169547, 1857
174826, 1857
178706, 1857
182214, 1857
182306, 1857
186340, 1857
194043, 1857
205151, 1857
205167, 1857
207166, 1857
209471, 1857
211042, 1857
211291, 1857
214978, 1857
229917, 1857
231803, 1857
240099, 1857
240351, 1857
243316, 1857
247749, 1857
252313, 1857
263781, 1857
264080, 1857
272931, 1857
291427, 1857
293198, 1857
11977, 1855
13625, 1855
16585, 1855
39765, 1855
72788, 1855
134773, 1855
171434, 1855
250885, 1855
278138, 1855
250052, 1849
103364, 1847
151981, 1846
178538, 1846
251210, 1846
280311, 1846
122671, 1845
54919, 1843
282622, 1841
134767, 1840
23320, 1835
31595, 1835
36218, 1835
49509, 1835
119061, 1835
160735, 1835
162619, 1835
202304, 1835
224241, 1835
269311, 1835
39566, 1832
49797, 1832
274472, 1830
998, 1828
76752, 1827
242346, 1826
21040, 1825
148581, 1825
73814, 1824
76213, 1824
92832, 1824
94815, 1823
95075, 1822
115693, 1821
221881, 1821
160137, 1820
68673, 1819
103745, 1819
111339, 1819
119657, 1819
164223, 1819
189543, 1819
206219, 1819
206330, 1819
213957, 1819
218883, 1819
226532, 1819
250459, 1819
253693, 1819
261911, 1819
261927, 1819
200582, 1818
249695, 1818
119251, 1817
220224, 1817
2577, 1816
156202, 1816
159479, 1816
47688, 1814
167526, 1813
1299, 1810
14643, 1810
27278, 1810
36840, 1810
40525, 1810
43708, 1810
46771, 1810
60933, 1810
71825, 1810
96270, 1810
115057, 1810
152444, 1810
164498, 1810
173312, 1810
127005, 1809
169788, 1803
135389, 1802
176390, 1802
210017, 1802
210652, 1802
274470, 1802
136465, 1798
69369, 1791
10475, 1785
22988, 1785
39494, 1785
97939, 1785
107745, 1785
164558, 1785
182395, 1785
234165, 1785
267219, 1785
92086, 1784
139546, 1784
226301, 1784
159557, 1783
101007, 1782
136491, 1781
2502, 1779
73185, 1775
132475, 1775
157881, 1775
4538, 1774
46575, 1774
211093, 1774
105567, 1770
127951, 1770
154668, 1770
192770, 1770
198638, 1770
239557, 1770
245239, 1770
271364, 1770
282010, 1770
292141, 1770
213904, 1768
35813, 1765
78294, 1765
53305, 1761
38235, 1759
108392, 1759
147607, 1759
65564, 1754
78606, 1754
139330, 1754
149841, 1754
76588, 1753
146384, 1753
171784, 1753
174532, 1753
190085, 1753
198340, 1753
32617, 1747
36295, 1747
155770, 1747
198245, 1746
283687, 1740
142997, 1736
8561, 1735
15824, 1734
75645, 1732
282127, 1732
60668, 1731
2432, 1727
206724, 1727
51384, 1726
84441, 1721
9823, 1719
16105, 1719
25650, 1719
29708, 1719
66658, 1719
95339, 1719
104314, 1719
108243, 1719
112652, 1719
120748, 1719
147320, 1719
149436, 1719
159090, 1719
161760, 1719
171066, 1719
172156, 1719
187117, 1719
248965, 1719
250565, 1719
254156, 1719
29530, 1718
82774, 1718
107802, 1718
126849, 1718
167940, 1718
178408, 1718
192140, 1718
122754, 1714
145769, 1714
72932, 1710
262485, 1709
200529, 1706
165489, 1705
96002, 1702
235910, 1702
179589, 1701
244358, 1701
145684, 1700
208094, 1699
100747, 1696
59287, 1694
44681, 1691
86098, 1691
91169, 1691
107548, 1691
115722, 1691
243073, 1691
61765, 1690
81042, 1690
107574, 1690
130753, 1690
209384, 1690
39956, 1686
166371, 1686
9944, 1685
124686, 1684
169521, 1683
72758, 1682
177327, 1681
204918, 1679
10056, 1678
81135, 1676
87832, 1676
103666, 1676
113107, 1676
120622, 1676
141151, 1676
179767, 1676
193217, 1676
196351, 1676
214080, 1676
219279, 1676
232678, 1676
237387, 1676
239855, 1676
260525, 1676
262463, 1676
275071, 1676
277505, 1676
5458, 1670
140940, 1670
163956, 1670
219055, 1670
283176, 1670
285183, 1667
98305, 1666
127561, 1666
73888, 1664
90379, 1664
124380, 1664
69894, 1662
140149, 1662
224786, 1662
18356, 1660
37419, 1660
99883, 1660
245181, 1660
101175, 1659
25286, 1654
27290, 1654
30671, 1654
127959, 1654
182516, 1654
281447, 1654
98903, 1652
33700, 1649
278443, 1647
27690, 1646
28740, 1646
147238, 1645
279725, 1645
19282, 1644
22519, 1644
30972, 1644
53472, 1644
103500, 1644
112348, 1644
197815, 1644
254367, 1644
290018, 1644
50434, 1643
76874, 1643
79462, 1643
82797, 1643
85259, 1643
95241, 1643
98043, 1643
105594, 1643
117146, 1643
126812, 1643
138067, 1643
141553, 1643
142136, 1643
146252, 1643
150977, 1643
151002, 1643
161218, 1643
163226, 1643
168581, 1643
172613, 1643
173065, 1643
173504, 1643
185523, 1643
186033, 1643
189125, 1643
190184, 1643
193883, 1643
201230, 1643
201435, 1643
201595, 1643
205647, 1643
212222, 1643
212897, 1643
214432, 1643
215749, 1643
217795, 1643
233848, 1643
238474, 1643
238902, 1643
239428, 1643
240395, 1643
244839, 1643
246122, 1643
254105, 1643
268837, 1643
285094, 1643
38895, 1640
149951, 1640
197248, 1637
82893, 1636
84179, 1636
38945, 1634
124761, 1634
230884, 1631
229338, 1630
286809, 1630
83788, 1629
256822, 1629
133077, 1627
167078, 1627
175072, 1627
198707, 1627
227384, 1627
244611, 1627
249734, 1627
286228, 1627
295016, 1627
172591, 1626
164392, 1624
110396, 1623
111085, 1623
203587, 1623
229768, 1623
266254, 1623
101550, 1622
129759, 1622
134289, 1622
168868, 1622
169733, 1622
174807, 1622
276753, 1622
287879, 1622
288973, 1619
53917, 1617
22060, 1615
25846, 1615
55050, 1615
135653, 1615
226679, 1615
236386, 1615
245159, 1615
270167, 1615
100851, 1614
122980, 1614
147748, 1614
180604, 1614
38385, 1613
86668, 1610
106013, 1610
126325, 1610
138534, 1607
189714, 1607
272210, 1607
23054, 1605
31816, 1605
179140, 1605
13500, 1604
56204, 1604
64521, 1604
76056, 1604
128059, 1604
286920, 1602
20564, 1598
38367, 1598
40346, 1598
111239, 1598
133157, 1598
164207, 1598
211482, 1598
22657, 1594
27245, 1594
28415, 1594
43541, 1594
58704, 1594
76871, 1594
91412, 1594
100710, 1594
111705, 1594
112511, 1594
127375, 1594
127760, 1594
128282, 1594
146237, 1594
156463, 1594
171202, 1594
172053, 1594
174652, 1594
180606, 1594
180729, 1594
192621, 1594
209385, 1594
212229, 1594
221003, 1594
232785, 1594
270825, 1594
276872, 1594
287438, 1594
295142, 1594
216178, 1591
244620, 1591
152917, 1590
12730, 1589
20649, 1589
29984, 1589
46871, 1589
63387, 1589
85078, 1589
112165, 1589
228391, 1589
255717, 1589
24018, 1588
185585, 1588
147390, 1587
72308, 1586
29094, 1583
44484, 1583
48362, 1583
118172, 1583
118651, 1583
130047, 1583
247735, 1583
270903, 1583
277577, 1583
287075, 1583
105750, 1582
219061, 1582
84981, 1579
188131, 1578
99782, 1577
126409, 1577
147519, 1577
158365, 1577
177064, 1577
197465, 1577
220954, 1577
221658, 1577
234887, 1577
251103, 1577
272958, 1577
286514, 1576
133018, 1575
134354, 1575
171925, 1574
88267, 1573
111055, 1573
113507, 1573
264401, 1572
93216, 1571
259292, 1569
10624, 1568
90984, 1568
292557, 1568
61075, 1565
98013, 1565
114524, 1565
156503, 1565
162356, 1565
168474, 1565
206863, 1565
219194, 1565
228557, 1565
282028, 1561
15499, 1559
256100, 1559
44955, 1557
134913, 1557
183506, 1557
184586, 1557
185893, 1557
190262, 1557
209080, 1557
211985, 1557
230343, 1557
234325, 1557
238290, 1557
250777, 1557
254128, 1557
260522, 1557
263160, 1557
265977, 1557
267857, 1557
288928, 1557
290550, 1557
186010, 1554
227428, 1554
240033, 1554
159089, 1553
132525, 1552
140080, 1552
146054, 1552
156532, 1552
174252, 1552
182300, 1552
204185, 1552
223229, 1552
231309, 1552
249359, 1552
262537, 1552
270387, 1552
178164, 1547
180639, 1547
53280, 1540
68412, 1540
70214, 1540
95724, 1540
96513, 1540
118401, 1540
154163, 1540
187996, 1540
193174, 1540
197948, 1540
247931, 1540
255364, 1540
262856, 1540
273557, 1540
289259, 1540
239796, 1539
19130, 1538
31533, 1538
44752, 1538
55466, 1538
61682, 1538
68478, 1538
89931, 1538
95110, 1538
97015, 1538
118868, 1538
124595, 1538
130428, 1538
135683, 1538
137985, 1538
166977, 1538
172687, 1538
173483, 1538
176629, 1538
184225, 1538
214221, 1538
220801, 1538
258274, 1538
261064, 1538
262682, 1538
282310, 1538
70225, 1537
71180, 1537
125644, 1537
197708, 1537
170322, 1536
209824, 1534
2060, 1533
169125, 1533
149387, 1531
151492, 1531
186497, 1531
204635, 1531
253478, 1531
255082, 1531
261739, 1531
46801, 1530
216407, 1530
15652, 1529
38669, 1528
28684, 1526
43110, 1525
72542, 1525
113712, 1525
127352, 1525
135770, 1525
182607, 1525
195539, 1525
212136, 1525
224878, 1525
225160, 1525
237896, 1525
240838, 1525
217161, 1524
19036, 1523
25644, 1523
26348, 1523
29025, 1523
30068, 1523
38470, 1523
42690, 1523
43863, 1523
59814, 1523
91093, 1523
98225, 1523
107467, 1523
120818, 1523
128380, 1523
130977, 1523
137253, 1523
139156, 1523
148661, 1523
155518, 1523
167555, 1523
177452, 1523
178127, 1523
183833, 1523
184228, 1523
184570, 1523
215185, 1523
226182, 1523
276413, 1523
292003, 1523
13217, 1522
15458, 1522
23627, 1522
33183, 1522
39076, 1522
49407, 1522
59461, 1522
81525, 1522
82021, 1522
82760, 1522
88168, 1522
118832, 1522
167574, 1522
168526, 1522
184609, 1522
256296, 1522
186874, 1517
130113, 1516
165345, 1516
171559, 1516
218625, 1516
263366, 1514
100775, 1513
11363, 1512
164556, 1512
245670, 1512
3132, 1507
212014, 1507
108915, 1504
109634, 1504
154496, 1504
201035, 1504
263123, 1504
100891, 1503
103843, 1503
205458, 1501
84329, 1500
256275, 1500
151537, 1497
185324, 1497
147504, 1494
197228, 1493
212098, 1493
215882, 1493
102449, 1492
49221, 1488
50708, 1488
82690, 1488
92911, 1488
104165, 1488
127245, 1488
130287, 1488
140505, 1488
146030, 1488
154913, 1488
192292, 1488
261484, 1488
46391, 1487
75021, 1487
203459, 1487
210762, 1487
249858, 1487
268655, 1487
283439, 1487
94747, 1486
106540, 1486
108278, 1486
110165, 1486
118787, 1486
279867, 1486
286690, 1486
109336, 1484
240619, 1484
175318, 1483
233393, 1483
80448, 1482
163358, 1482
171085, 1482
174851, 1482
187207, 1482
189813, 1482
229303, 1482
240036, 1482
253872, 1482
258662, 1482
264677, 1482
274620, 1482
281694, 1482
131465, 1481
208794, 1481
220220, 1481
278373, 1481
283817, 1481
25331, 1478
89911, 1478
134375, 1478
186100, 1477
279990, 1475
103867, 1473
4001, 1469
12931, 1469
88571, 1469
118773, 1469
225411, 1469
227170, 1469
262604, 1469
264412, 1469
280506, 1469
293313, 1469
73036, 1467
160527, 1467
97902, 1466
211449, 1466
222069, 1466
241018, 1466
59962, 1464
130342, 1464
171793, 1464
212655, 1464
237630, 1464
43767, 1463
86584, 1463
26841, 1462
180544, 1462
27040, 1461
133545, 1461
80453, 1460
4680, 1459
162848, 1459
285678, 1459
126000, 1457
146791, 1457
149801, 1457
169530, 1457
274922, 1457
2038, 1456
72515, 1456
103996, 1456
125526, 1456
132474, 1456
144311, 1456
145336, 1456
163538, 1456
219700, 1456
222296, 1456
232612, 1456
258371, 1456
271903, 1456
293693, 1456
46263, 1455
100667, 1455
211869, 1455
244108, 1455
109722, 1453
112217, 1453
211599, 1453
244421, 1453
4181, 1451
67657, 1450
108602, 1448
154351, 1446
261793, 1446
273208, 1443
65059, 1441
208906, 1441
285030, 1441
51459, 1439
85580, 1439
92218, 1439
51789, 1437
213319, 1437
238355, 1437
10238, 1435
84668, 1435
243071, 1435
93326, 1434
144193, 1434
19434, 1431
53831, 1431
20966, 1430
46972, 1430
37305, 1429
248048, 1429
256854, 1429
258051, 1429
48594, 1428
95436, 1428
208189, 1428
17583, 1427
31032, 1427
46572, 1427
56132, 1427
65573, 1427
85406, 1427
85653, 1427
86923, 1427
104144, 1427
122067, 1427
127475, 1427
134377, 1427
140015, 1427
141489, 1427
155348, 1427
188849, 1427
210125, 1427
218907, 1427
220223, 1427
229455, 1427
230299, 1427
246654, 1427
288226, 1427
39274, 1426
77268, 1426
34386, 1425
48157, 1425
103582, 1425
190093, 1425
232791, 1425
234056, 1425
269160, 1425
270823, 1425
65344, 1423
96413, 1423
123192, 1423
128924, 1423
129141, 1423
136894, 1423
141179, 1423
141858, 1423
145775, 1423
160191, 1423
160322, 1423
160533, 1423
161589, 1423
168601, 1423
172364, 1423
178620, 1423
179151, 1423
181245, 1423
188337, 1423
192331, 1423
193568, 1423
196684, 1423
197154, 1423
203771, 1423
212961, 1423
219777, 1423
222486, 1423
224405, 1423
225937, 1423
226167, 1423
226274, 1423
226342, 1423
231663, 1423
232223, 1423
234315, 1423
245550, 1423
247240, 1423
248745, 1423
258583, 1423
259842, 1423
267364, 1423
269482, 1423
270244, 1423
273986, 1423
277194, 1423
285448, 1423
295462, 1423
73543, 1420
117302, 1420
119982, 1420
128982, 1420
96300, 1419
244469, 1419
278475, 1419
37766, 1418
44325, 1418
49019, 1418
49461, 1418
18224, 1417
61469, 1416
110828, 1416
120071, 1416
190269, 1416
285706, 1416
57406, 1415
1703, 1413
53288, 1413
55318, 1413
92870, 1413
96718, 1413
140593, 1413
157949, 1413
182134, 1413
201152, 1413
207261, 1413
269066, 1413
274650, 1413
289450, 1413
290972, 1413
175265, 1412
288612, 1412
55785, 1411
101948, 1411
116091, 1410
205996, 1410
177170, 1409
186661, 1409
229919, 1409
235142, 1409
133378, 1408
222290, 1408
294, 1407
47187, 1407
61063, 1407
83665, 1405
94131, 1405
96921, 1405
115278, 1405
205859, 1405
231707, 1405
274328, 1405
274904, 1405
34535, 1404
61422, 1404
79072, 1404
203421, 1404
180640, 1403
111512, 1400
136996, 1400
149054, 1400
157612, 1400
169551, 1400
189007, 1400
196931, 1400
197989, 1400
204207, 1400
213181, 1400
218234, 1400
232253, 1400
247578, 1400
247996, 1400
252255, 1400
254582, 1400
256430, 1400
261036, 1400
265216, 1400
273484, 1400
279628, 1400
288248, 1400
28376, 1399
241715, 1399
232314, 1398
22140, 1397
256195, 1397
46785, 1396
145774, 1396
238346, 1396
259073, 1396
56737, 1395
89636, 1395
125634, 1395
159526, 1392
163042, 1392
42981, 1389
20407, 1387
26797, 1387
41551, 1387
41897, 1387
66040, 1387
69232, 1387
87144, 1387
124273, 1387
165916, 1387
166749, 1387
185085, 1387
193531, 1387
200585, 1387
204263, 1387
219427, 1387
245710, 1387
251819, 1387
62956, 1386
117389, 1386
145234, 1386
161208, 1385
223564, 1385
98218, 1384
142838, 1383
168153, 1383
248387, 1383
197097, 1382
266319, 1381
56822, 1379
92333, 1376
105573, 1376
167436, 1376
196828, 1376
246015, 1376
255632, 1376
260497, 1376
261568, 1376
264397, 1376
21411, 1374
225705, 1374
219344, 1373
254147, 1373
285159, 1373
27210, 1372
88709, 1372
53182, 1371
208668, 1371
228874, 1371
255591, 1371
256881, 1371
105746, 1370
202209, 1370
259161, 1370
54233, 1368
126607, 1368
199987, 1368
222413, 1368
274358, 1368
98213, 1367
176174, 1366
41844, 1365
79755, 1365
228227, 1365
270295, 1365
272569, 1365
274368, 1365
295554, 1365
34150, 1364
95272, 1363
112631, 1363
133264, 1363
217053, 1363
230996, 1363
279126, 1363
285295, 1363
19037, 1362
23558, 1362
143219, 1362
212127, 1362
230066, 1362
289537, 1361
165926, 1359
238313, 1359
44279, 1358
210227, 1358
203184, 1357
5476, 1356
130234, 1355
157041, 1355
217195, 1355
145967, 1354
291304, 1354
285287, 1352
115624, 1350
138089, 1350
208409, 1350
226995, 1350
256753, 1350
153784, 1349
7722, 1348
200024, 1348
81126, 1347
294390, 1347
18946, 1346
22215, 1345
62277, 1345
91335, 1345
137501, 1345
175770, 1345
217050, 1345
107685, 1343
134323, 1343
160173, 1343
182804, 1343
183639, 1343
184146, 1343
193277, 1343
204354, 1343
207823, 1343
210198, 1343
215128, 1343
223081, 1343
227754, 1343
227843, 1343
229458, 1343
242171, 1343
244623, 1343
247871, 1343
248179, 1343
248959, 1343
250642, 1343
251031, 1343
251529, 1343
256651, 1343
258481, 1343
260756, 1343
263330, 1343
263357, 1343
268821, 1343
274489, 1343
278169, 1343
281078, 1343
285226, 1343
287125, 1343
288993, 1343
291845, 1343
292607, 1343
145995, 1342
196423, 1341
231435, 1341
54370, 1339
286836, 1336
17370, 1333
287630, 1333
108010, 1328
56687, 1325
103069, 1325
115326, 1325
119243, 1325
137652, 1325
205207, 1325
275641, 1325
63872, 1323
37713, 1320
51193, 1320
70894, 1320
125505, 1320
154283, 1320
175005, 1320
197810, 1320
226471, 1320
210861, 1319
117162, 1318
167612, 1318
286559, 1318
47549, 1313
172162, 1311
80270, 1309
119420, 1308
168507, 1308
133592, 1307
211285, 1307
36909, 1306
63604, 1304
157482, 1304
174342, 1304
210192, 1304
237428, 1304
243547, 1304
23027, 1303
60147, 1303
85568, 1303
68224, 1301
183507, 1301
183713, 1301
206797, 1301
216012, 1301
216706, 1301
219024, 1301
247411, 1301
251161, 1301
253778, 1301
270088, 1301
280004, 1301
291921, 1301
46072, 1300
50186, 1300
64024, 1300
167985, 1300
239645, 1300
274070, 1300
275364, 1300
159125, 1299
28261, 1298
31950, 1296
78408, 1293
98263, 1291
120488, 1291
186624, 1291
220046, 1291
252860, 1291
255023, 1291
62670, 1290
9711, 1289
124685, 1288
50468, 1287
67744, 1287
237485, 1287
259238, 1287
267620, 1287
134243, 1286
174256, 1283
259308, 1281
15700, 1280
205700, 1279
63337, 1278
18801, 1277
236424, 1276
136768, 1274
31594, 1273
265190, 1273
13059, 1271
113329, 1271
278176, 1271
101584, 1270
212164, 1270
13413, 1268
131901, 1268
277186, 1268
79307, 1267
74910, 1265
211021, 1265
100644, 1264
227891, 1264
234419, 1264
25866, 1263
28306, 1263
38392, 1262
101612, 1262
177225, 1262
218073, 1262
283564, 1262
282140, 1261
33402, 1260
54988, 1260
68345, 1260
247536, 1260
143852, 1257
32496, 1256
252161, 1256
97142, 1254
137714, 1254
253203, 1254
78240, 1253
84679, 1253
231181, 1253
48004, 1252
198304, 1252
25312, 1251
62268, 1251
246521, 1251
281979, 1251
80076, 1249
277765, 1249
38842, 1248
110013, 1248
217188, 1248
233597, 1248
247016, 1248
59473, 1247
90538, 1247
109094, 1247
127932, 1247
143248, 1247
168840, 1247
200930, 1247
246403, 1247
182585, 1246
27345, 1245
127969, 1245
77150, 1244
231856, 1244
290225, 1244
236287, 1243
20309, 1241
8639, 1239
65220, 1239
41114, 1237
103969, 1237
111527, 1237
142922, 1237
165645, 1237
187062, 1237
188953, 1237
240081, 1237
247994, 1237
275745, 1237
294356, 1237
202243, 1236
236819, 1236
201545, 1235
8780, 1233
19545, 1232
24224, 1232
28328, 1232
34559, 1232
36676, 1232
52169, 1232
56489, 1232
66169, 1232
81451, 1232
84152, 1232
119110, 1232
144003, 1232
147604, 1232
154113, 1232
161330, 1232
161542, 1232
163795, 1232
164186, 1232
166616, 1232
167467, 1232
168268, 1232
169837, 1232
177492, 1232
177676, 1232
177961, 1232
187561, 1232
197616, 1232
200381, 1232
201856, 1232
204764, 1232
208826, 1232
213337, 1232
218218, 1232
218817, 1232
220843, 1232
223459, 1232
225645, 1232
232209, 1232
232895, 1232
237893, 1232
241237, 1232
242688, 1232
248315, 1232
260284, 1232
261093, 1232
277185, 1232
281215, 1232
285718, 1232
287151, 1232
289380, 1232
291383, 1232
292873, 1232
251750, 1231
41771, 1230
49504, 1230
53481, 1230
65957, 1230
78234, 1230
170969, 1230
226207, 1230
229013, 1230
230729, 1230
234871, 1230
237686, 1230
240469, 1230
241628, 1230
281124, 1230
287175, 1230
272922, 1229
32325, 1228
267704, 1227
40054, 1224
73748, 1224
88852, 1224
89525, 1224
119741, 1224
130657, 1224
144030, 1224
162106, 1224
204218, 1224
242295, 1224
253530, 1224
262261, 1224
276715, 1224
204113, 1223
279105, 1223
70153, 1222
99407, 1221
18123, 1217
69333, 1217
220110, 1217
69076, 1216
80598, 1216
124243, 1216
150134, 1216
154230, 1216
241133, 1216
290065, 1216
31743, 1212
124553, 1212
183636, 1212
36293, 1211
134688, 1210
106658, 1209
136675, 1209
177203, 1209
195372, 1209
212369, 1209
216819, 1209
136446, 1208
226886, 1208
81750, 1207
105175, 1207
263933, 1207
84745, 1206
122924, 1206
52754, 1203
145854, 1203
206875, 1202
226581, 1202
263129, 1202
293613, 1202
2909, 1198
16138, 1198
27798, 1198
60093, 1198
82528, 1198
100943, 1198
150997, 1198
194937, 1198
293396, 1198
149271, 1196
91695, 1195
83769, 1191
35637, 1190
78820, 1190
85591, 1190
55533, 1189
58658, 1188
251075, 1188
36975, 1185
58274, 1185
92298, 1185
94764, 1185
96505, 1185
106634, 1185
139327, 1185
142281, 1185
146584, 1185
161651, 1185
181076, 1185
183682, 1185
204448, 1185
249756, 1185
292101, 1185
26801, 1183
5987, 1182
18033, 1182
19009, 1182
44877, 1182
50104, 1182
56117, 1182
61496, 1182
69342, 1182
101462, 1182
131479, 1182
136562, 1182
173730, 1182
11076, 1181
100988, 1180
120431, 1180
201791, 1180
20155, 1176
230677, 1175
618, 1174
50764, 1174
53360, 1174
58062, 1174
62791, 1174
73938, 1174
78912, 1174
79588, 1174
86141, 1174
89438, 1174
93953, 1174
101518, 1174
124358, 1174
124368, 1174
127494, 1174
133802, 1174
135002, 1174
139454, 1174
148312, 1174
158620, 1174
159644, 1174
163436, 1174
163856, 1174
172306, 1174
174332, 1174
175545, 1174
185991, 1174
213358, 1174
216777, 1174
218971, 1174
227859, 1174
233193, 1174
246042, 1174
250008, 1174
260524, 1174
270741, 1174
277697, 1174
145020, 1173
157338, 1173
239034, 1173
268458, 1173
6751, 1172
99890, 1172
47363, 1171
58192, 1171
227391, 1171
133606, 1170
234118, 1170
271271, 1170
40033, 1168
51062, 1168
61991, 1168
70517, 1168
98601, 1168
115103, 1168
140826, 1168
141062, 1168
145724, 1168
177696, 1168
179913, 1168
182555, 1168
189134, 1168
192663, 1168
210609, 1168
213352, 1168
213605, 1168
215383, 1168
217751, 1168
222678, 1168
224222, 1168
224926, 1168
226006, 1168
236748, 1168
242715, 1168
249748, 1168
254236, 1168
255843, 1168
262006, 1168
262458, 1168
262648, 1168
271134, 1168
275705, 1168
283407, 1168
283735, 1168
158659, 1166
194247, 1166
240853, 1166
162177, 1165
272315, 1165
28441, 1164
42818, 1162
160805, 1162
229506, 1162
15063, 1160
16327, 1160
25653, 1160
90133, 1160
141742, 1160
201555, 1160
241186, 1160
251781, 1160
264179, 1160
27745, 1159
112837, 1159
208272, 1159
271930, 1159
282205, 1159
174636, 1157
270007, 1157
270740, 1157
7163, 1156
190651, 1156
172931, 1154
27787, 1153
31246, 1153
36842, 1153
81977, 1153
106546, 1153
106942, 1153
102190, 1152
154500, 1152
61882, 1151
221213, 1151
273649, 1151
167580, 1150
255419, 1150
258016, 1150
62063, 1148
75704, 1148
84906, 1148
109165, 1148
132087, 1148
167501, 1148
221253, 1148
233207, 1148
241479, 1148
248341, 1148
269368, 1148
30709, 1147
118931, 1147
26890, 1145
52596, 1145
56070, 1145
68794, 1145
75147, 1145
78603, 1145
92676, 1145
94389, 1145
100932, 1145
109930, 1145
116087, 1145
124813, 1145
134460, 1145
142153, 1145
143463, 1145
146018, 1145
150494, 1145
155776, 1145
157653, 1145
160215, 1145
170548, 1145
195796, 1145
226164, 1145
226915, 1145
229493, 1145
232064, 1145
242733, 1145
255246, 1145
270702, 1145
289641, 1145
30685, 1144
65306, 1144
71072, 1144
77901, 1144
111282, 1144
140316, 1144
144769, 1144
150106, 1144
153644, 1144
155088, 1144
203543, 1144
205219, 1144
254280, 1144
259527, 1144
293246, 1144
272342, 1142
139225, 1141
266739, 1141
35192, 1140
48222, 1140
84653, 1140
137287, 1140
226156, 1139
260494, 1139
106588, 1138
228672, 1138
14744, 1137
42227, 1137
46141, 1137
64030, 1137
101030, 1137
111435, 1137
114015, 1137
123905, 1137
135443, 1137
163548, 1137
171614, 1137
175732, 1137
178277, 1137
179517, 1137
242719, 1137
261726, 1137
262114, 1137
282971, 1137
13353, 1134
59838, 1134
42087, 1133
44666, 1133
57480, 1133
64361, 1133
65740, 1133
89641, 1133
97647, 1133
150148, 1133
151476, 1133
245726, 1133
254500, 1133
282504, 1133
228751, 1132
284878, 1132
157283, 1130
216986, 1130
18761, 1128
138510, 1128
266699, 1128
268299, 1128
52339, 1127
63689, 1127
118723, 1127
129439, 1127
234105, 1127
18312, 1126
244215, 1126
22056, 1125
41095, 1125
119201, 1125
161138, 1125
213823, 1125
245450, 1125
253822, 1125
69592, 1124
78782, 1124
89210, 1124
96930, 1124
111380, 1124
121760, 1124
138782, 1124
148519, 1124
148970, 1124
158797, 1124
174216, 1124
204164, 1124
204210, 1124
210145, 1124
211696, 1124
213532, 1124
237208, 1124
237994, 1124
247802, 1124
255533, 1124
265220, 1124
273570, 1124
279525, 1124
279729, 1124
281081, 1124
15984, 1123
134694, 1123
137113, 1123
44432, 1122
166337, 1122
175794, 1121
42133, 1119
114950, 1119
208209, 1119
210035, 1119
242612, 1119
1612, 1118
21745, 1118
30701, 1118
51004, 1118
59206, 1118
60207, 1118
65523, 1118
100396, 1118
118236, 1118
125442, 1118
144198, 1118
146125, 1118
149453, 1118
153152, 1118
153686, 1118
157903, 1118
180215, 1118
189583, 1118
207119, 1118
215132, 1118
217594, 1118
220104, 1118
224443, 1118
241228, 1118
245456, 1118
130024, 1117
135221, 1117
147248, 1116
32505, 1115
103632, 1114
175315, 1114
283498, 1114
3900, 1113
52806, 1113
56058, 1113
56760, 1113
64174, 1113
73716, 1113
84144, 1113
103575, 1113
103827, 1113
104145, 1113
111546, 1113
139754, 1113
139922, 1113
177673, 1113
186503, 1113
196845, 1113
206903, 1113
208498, 1113
210345, 1113
218522, 1113
228051, 1113
228445, 1113
244417, 1113
245513, 1113
248870, 1113
259287, 1113
294839, 1113
60143, 1112
66426, 1112
77316, 1112
123266, 1112
171534, 1112
187194, 1112
252179, 1112
118346, 1111
165102, 1111
179678, 1111
187064, 1111
102531, 1110
130182, 1110
178816, 1110
192554, 1110
225555, 1110
261815, 1110
264515, 1110
294179, 1110
76211, 1109
80132, 1109
29867, 1108
85815, 1108
107018, 1108
253128, 1108
259346, 1108
277745, 1108
72246, 1107
144373, 1107
229264, 1107
120053, 1106
123247, 1106
137970, 1106
150304, 1106
206221, 1106
216021, 1106
218099, 1106
254669, 1106
265352, 1106
1782, 1105
41723, 1105
44045, 1105
91370, 1105
175023, 1105
28542, 1104
176766, 1103
255615, 1103
14879, 1101
82147, 1101
98005, 1101
102346, 1101
109734, 1101
21205, 1100
39645, 1100
55239, 1100
259843, 1100
18984, 1099
30738, 1099
143978, 1099
290432, 1099
21583, 1098
31479, 1098
98855, 1097
150591, 1097
188579, 1097
242229, 1097
251228, 1097
27163, 1096
44366, 1096
48734, 1096
54263, 1096
62834, 1096
67551, 1096
70625, 1096
79710, 1096
133369, 1096
152723, 1096
157029, 1096
182270, 1096
202520, 1096
203877, 1096
222481, 1096
224421, 1096
227083, 1096
232901, 1096
250552, 1096
285325, 1096
290911, 1096
141797, 1095
30050, 1094
145763, 1094
150833, 1094
19665, 1093
82687, 1093
137862, 1093
199427, 1091
87007, 1090
35623, 1089
53053, 1089
77088, 1089
149470, 1089
211974, 1089
233161, 1089
293086, 1089
16870, 1088
79055, 1088
38265, 1087
79606, 1087
137850, 1087
138706, 1087
143658, 1086
96710, 1085
115863, 1085
249480, 1085
25351, 1084
26091, 1084
55973, 1084
181042, 1084
264576, 1084
272129, 1084
278150, 1084
109219, 1082
100996, 1081
230955, 1081
24494, 1080
44554, 1080
44892, 1080
54897, 1080
75954, 1080
30542, 1079
51966, 1079
57635, 1079
62391, 1079
98481, 1079
100630, 1079
135078, 1079
154227, 1079
163734, 1079
165705, 1079
193618, 1079
199176, 1079
200260, 1079
296448, 1079
241142, 1078
8170, 1077
17334, 1077
17804, 1077
21846, 1077
41403, 1077
42333, 1077
47250, 1077
52046, 1077
61960, 1077
69361, 1077
71803, 1077
74759, 1077
80838, 1077
97708, 1077
109039, 1077
109940, 1077
111371, 1077
116006, 1077
123027, 1077
126449, 1077
133087, 1077
135889, 1077
138957, 1077
153003, 1077
155351, 1077
161227, 1077
164082, 1077
164612, 1077
165264, 1077
174690, 1077
181303, 1077
191194, 1077
194450, 1077
202193, 1077
210354, 1077
212008, 1077
218359, 1077
227339, 1077
235911, 1077
244426, 1077
247258, 1077
250771, 1077
252231, 1077
255823, 1077
263111, 1077
269574, 1077
273726, 1077
278376, 1077
288682, 1077
289659, 1077
172618, 1076
201627, 1076
72112, 1075
268215, 1075
194372, 1074
14278, 1073
28029, 1073
47341, 1073
90561, 1073
215909, 1071
32526, 1070
138105, 1070
176882, 1070
208059, 1070
41343, 1069
116508, 1067
33090, 1066
34909, 1066
51559, 1066
53412, 1066
77054, 1066
101047, 1066
105546, 1066
105802, 1066
135350, 1066
172815, 1066
200405, 1066
207766, 1066
209606, 1066
214909, 1066
230867, 1066
234212, 1066
239424, 1066
254348, 1066
267077, 1066
269431, 1066
271737, 1066
281959, 1066
286677, 1066
290192, 1066
145622, 1065
114393, 1064
185655, 1064
217424, 1064
220190, 1064
234297, 1064
241382, 1064
82009, 1062
84482, 1062
164762, 1062
17932, 1060
58642, 1060
268377, 1060
49220, 1059
155608, 1059
157791, 1059
190375, 1059
213524, 1059
218327, 1059
220751, 1059
236361, 1059
237478, 1059
47853, 1058
128876, 1058
218833, 1058
232640, 1058
277541, 1058
18064, 1057
42908, 1057
80404, 1057
83576, 1057
94863, 1057
113129, 1057
153710, 1057
171073, 1057
193508, 1057
202796, 1057
220489, 1057
247648, 1057
250307, 1057
255374, 1057
267683, 1057
627, 1056
56959, 1056
136359, 1056
145981, 1056
151561, 1056
19339, 1055
111390, 1055
181226, 1055
259917, 1055
196030, 1054
295225, 1054
23582, 1053
176387, 1053
200668, 1053
204259, 1053
29618, 1052
36232, 1052
67119, 1052
88530, 1052
90180, 1052
259748, 1052
270724, 1052
133016, 1051
254536, 1051
51106, 1050
68165, 1050
71781, 1050
80958, 1050
85418, 1050
95341, 1050
104937, 1050
110284, 1050
113643, 1050
114967, 1050
117084, 1050
121037, 1050
124204, 1050
127451, 1050
131345, 1050
135034, 1050
140576, 1050
141241, 1050
145206, 1050
146007, 1050
149318, 1050
154195, 1050
154333, 1050
202234, 1050
216100, 1050
226161, 1050
233606, 1050
240833, 1050
243976, 1050
245509, 1050
265106, 1050
276580, 1050
293035, 1050
46760, 1049
49413, 1049
68009, 1049
79210, 1049
82494, 1049
88508, 1049
97843, 1049
101076, 1049
105569, 1049
106729, 1049
132116, 1049
138932, 1049
139930, 1049
154512, 1049
168957, 1049
176393, 1049
183747, 1049
187754, 1049
188332, 1049
192092, 1049
203851, 1049
207860, 1049
208307, 1049
209042, 1049
212480, 1049
227459, 1049
233993, 1049
235993, 1049
242247, 1049
246584, 1049
247667, 1049
248449, 1049
253724, 1049
279621, 1049
285586, 1049
285650, 1049
286784, 1049
289891, 1049
292542, 1049
295010, 1049
86069, 1048
150659, 1048
156975, 1048
186849, 1048
10965, 1047
22965, 1047
263874, 1047
33428, 1046
133431, 1046
146208, 1046
197801, 1046
209797, 1046
216424, 1046
231145, 1046
46296, 1045
136234, 1045
81746, 1044
138848, 1044
199997, 1044
190767, 1043
63212, 1042
166652, 1042
67139, 1041
266463, 1041
122429, 1040
149235, 1040
165152, 1040
188508, 1040
51651, 1039
152627, 1039
189441, 1039
273084, 1039
295316, 1039
295680, 1039
7042, 1038
117293, 1038
18298, 1037
30024, 1037
140668, 1037
210067, 1037
226296, 1037
77933, 1036
235656, 1036
294461, 1036
32888, 1035
140694, 1035
143870, 1035
186086, 1035
30887, 1034
83731, 1034
116182, 1034
163263, 1034
41924, 1033
23916, 1032
66342, 1032
262170, 1032
268222, 1032
80663, 1031
117581, 1031
153831, 1031
75914, 1030
141914, 1030
149552, 1030
195950, 1030
172259, 1029
33784, 1027
2754, 1026
5542, 1026
45169, 1026
95707, 1026
120650, 1026
289933, 1025
52478, 1024
6053, 1023
41007, 1023
72135, 1022
86493, 1022
192697, 1022
197119, 1022
208949, 1020
292123, 1020
3338, 1019
11701, 1019
77421, 1019
150725, 1019
3705, 1018
6929, 1018
19817, 1018
26035, 1018
33998, 1018
37416, 1018
70143, 1018
80630, 1018
94985, 1018
98708, 1018
125652, 1018
135086, 1018
160038, 1018
173087, 1018
181827, 1018
189172, 1018
214456, 1018
229582, 1018
230361, 1018
233616, 1018
243738, 1018
249804, 1018
278883, 1018
285162, 1018
90331, 1016
117450, 1016
177793, 1016
227700, 1016
238976, 1016
284036, 1016
55702, 1015
200733, 1015
257324, 1015
71726, 1013
70163, 1012
76609, 1012
98404, 1012
99545, 1012
119625, 1012
157820, 1012
236360, 1012
124807, 1011
20858, 1010
4413, 1009
11847, 1009
114962, 1009
203747, 1009
116092, 1008
230102, 1008
195223, 1007
196443, 1007
252302, 1007
265755, 1007
290508, 1006
49257, 1005
95210, 1005
49379, 1004
240038, 1004
293471, 1004
10627, 1003
34641, 1003
92610, 1003
123970, 1003
130907, 1003
231344, 1003
253195, 1003
185687, 1001
208972, 1001
142968, 1000
190297, 1000
