1350, 136313
2078, 136313
2598, 136313
66230, 136313
2901, 134666
2914, 131940
2512, 131599
2890, 131599
2925, 131599
2982, 131599
3090, 131599
25380, 131599
185465, 131599
1855, 128012
1955, 128012
2618, 128012
2991, 128012
3106, 128012
6581, 128012
15936, 128012
66729, 128012
226638, 128012
37774, 127796
2436, 126966
3111, 126966
136255, 119036
30433, 118754
2358, 108233
17689, 73945
19525, 73945
29684, 70585
27773, 66449
41838, 65498
50453, 65498
1995, 64952
55398, 64645
10123, 64410
10659, 64358
17179, 64358
18692, 64358
20172, 64358
20657, 64358
5474, 63880
22108, 63880
12627, 62086
12774, 62086
13146, 62086
7007, 61939
9367, 61939
9882, 61939
23177, 61939
27631, 61939
31055, 61939
36250, 61799
67884, 61799
35, 61004
8482, 61004
12058, 61004
15190, 61004
16207, 61004
17346, 61004
19902, 61004
20096, 61004
21094, 61004
25748, 61004
29399, 61004
44897, 61004
49644, 61004
179602, 61004
164579, 60497
205384, 60497
2, 59337
163, 59337
22282, 59337
93701, 59337
104029, 59337
3903, 58861
12573, 58861
205, 58241
562, 58241
5418, 58241
73683, 58241
3381, 57955
5171, 56264
36471, 56264
13858, 55613
884, 55081
3195, 55081
1181, 54525
1823, 54525
2282, 54525
65058, 54525
69268, 54509
1099, 54056
1201, 54056
3091, 52848
3468, 52009
5806, 52009
181680, 50587
23211, 50258
116096, 50258
122769, 50258
13896, 42931
221613, 42843
113, 41626
5556, 41485
178117, 40047
179256, 40047
259363, 40047
263254, 40047
275073, 40047
235914, 38922
139490, 38475
192091, 38475
234775, 38475
242515, 38475
278316, 38475
213410, 36559
255036, 36559
201735, 36020
294795, 36020
235246, 35650
215376, 35402
284001, 35402
68029, 35363
11653, 35023
13506, 35023
13846, 35023
13959, 35023
14248, 35023
14593, 35023
14638, 35023
16457, 35023
116476, 35023
152142, 34443
193410, 34443
227839, 34443
223802, 33764
11957, 33760
13028, 33760
13230, 33760
15233, 33760
16570, 33760
16844, 33760
17048, 33760
17134, 33760
17463, 33760
17595, 33760
17906, 33760
18348, 33760
18505, 33760
18715, 33760
18848, 33760
19102, 33760
19989, 33760
20182, 33760
44798, 33760
73613, 33760
105877, 33760
140790, 33760
161505, 33760
170427, 33760
173218, 33760
240449, 33760
250543, 33760
290433, 33760
291263, 33760
7271, 33668
7321, 33668
9151, 33668
18184, 33668
21509, 33411
25066, 33411
25095, 33411
25154, 33411
25853, 33411
26194, 33411
26831, 33411
27379, 33411
27651, 33411
27980, 33411
28040, 33411
28547, 33411
29283, 33411
29742, 33411
72703, 33411
21785, 33236
21908, 33236
22644, 33236
23411, 33236
101829, 33236
169367, 33236
205166, 33236
261405, 33236
296385, 33236
15935, 32948
22671, 32948
282841, 32948
19514, 32895
95896, 32895
22818, 32611
24091, 32611
25918, 32611
28227, 32611
28440, 32611
28610, 32611
43440, 32611
58166, 32611
217646, 32611
167391, 32391
6664, 32246
87600, 32205
92775, 32205
7686, 32051
31513, 31860
8622, 31009
8870, 31009
10023, 31009
81868, 29279
133292, 29052
5801, 28776
8395, 28776
8397, 28776
91693, 28299
85589, 27893
85674, 27893
86314, 27893
86977, 27893
91737, 27893
92984, 27893
103279, 27893
105950, 27893
147376, 27893
148783, 27893
180510, 27893
187503, 27893
51848, 27786
76196, 27702
117934, 27702
122112, 27702
127729, 27702
129612, 27702
135203, 27702
141842, 27702
141958, 27702
143700, 27702
145424, 27702
151139, 27702
294407, 27702
72290, 27621
128937, 26101
180474, 26101
154330, 25148
155875, 25148
159442, 25148
168468, 25148
196451, 25148
123169, 24679
126016, 24679
136020, 24679
136805, 24679
137127, 24679
142130, 24679
145594, 24679
156421, 24679
159625, 24679
161342, 24679
162240, 24679
167294, 24679
186255, 24588
117653, 24434
117737, 24344
150780, 24244
201772, 24244
212343, 24244
149148, 24076
132609, 24014
136165, 24014
138117, 24014
140227, 24014
144899, 24014
150820, 24014
154611, 24014
124240, 23919
130002, 23919
132421, 23919
140084, 23919
140853, 23919
148384, 23919
157968, 23919
159324, 23919
164710, 23919
173055, 23919
135063, 23778
147720, 23778
131315, 23774
170330, 23774
224567, 23493
198119, 23484
233919, 23484
135466, 22837
121407, 22827
130741, 22827
29982, 22736
31190, 22736
36225, 22736
39478, 22736
40809, 22736
41670, 22736
42941, 22736
45911, 22736
38125, 22725
106290, 22401
137837, 22401
138673, 22401
142148, 22401
151082, 22401
153561, 22401
158764, 22401
160689, 22401
161223, 22401
168477, 22401
169072, 22401
171370, 22401
180077, 22401
188917, 22401
198250, 22401
202275, 22401
205281, 22401
220815, 22401
150562, 21944
208180, 21944
91921, 21831
121195, 21831
125404, 21831
125550, 21831
139379, 21831
150465, 21831
164569, 21831
176495, 21831
197876, 21831
141394, 21820
150570, 21820
164472, 21820
147092, 21742
106122, 21664
107924, 21664
110578, 21664
115563, 21664
116536, 21664
120823, 21664
121978, 21664
135622, 21664
135854, 21664
136945, 21664
144054, 21664
145677, 21664
159741, 21664
162980, 21664
166810, 21664
180204, 21664
231494, 21664
101558, 21513
135035, 20880
176233, 19856
191346, 19162
178675, 18638
206535, 18638
227019, 18638
262595, 18128
235970, 17083
292355, 17083
36138, 12784
90179, 12784
116690, 11271
9314, 10645
22555, 10645
23998, 10645
36453, 10645
38134, 10645
41714, 10645
55404, 10645
62298, 10645
84403, 10645
92906, 10645
101911, 10645
103696, 10645
134442, 10645
154860, 10645
171129, 10645
185312, 10645
262086, 10645
281503, 10645
162531, 10569
100654, 10482
38090, 10323
163279, 10205
108711, 9953
94652, 9791
131099, 9729
132031, 9708
167651, 9708
232230, 9708
238006, 9708
251672, 9708
286001, 9708
289195, 9708
133267, 9707
168937, 9707
177870, 9707
183130, 9707
198333, 9707
198513, 9707
201842, 9707
211026, 9707
214321, 9707
232658, 9707
235356, 9707
245210, 9707
282476, 9707
286596, 9707
38159, 9572
94220, 9328
120891, 9328
124371, 9328
131712, 9328
137782, 9328
140264, 9328
141362, 9328
152186, 9328
164777, 9328
167773, 9328
172418, 9328
187144, 9328
206487, 9328
208706, 9328
217261, 9328
221275, 9328
221504, 9328
221902, 9328
241376, 9328
241972, 9328
243541, 9328
246463, 9328
248656, 9328
252844, 9328
256418, 9328
259181, 9328
264602, 9328
264736, 9328
265525, 9328
283303, 9328
283636, 9328
286524, 9328
292078, 9328
293204, 9328
293436, 9328
296314, 9328
123396, 9226
143190, 9195
293089, 9195
2045, 9194
11478, 9194
14146, 9194
36104, 9194
38653, 9194
38876, 9194
74080, 9194
76520, 9194
82634, 9194
95344, 9194
101849, 9194
115546, 9194
146484, 9194
166528, 9194
166686, 9194
191219, 9194
250161, 9194
208168, 9151
170005, 8990
19071, 8947
110869, 8947
124793, 8947
128795, 8947
131245, 8947
132102, 8947
132665, 8947
135788, 8947
137325, 8947
147415, 8947
149295, 8947
152665, 8947
153138, 8947
166938, 8947
199013, 8947
203377, 8947
203593, 8947
242859, 8947
253840, 8859
89766, 8842
159838, 8792
7116, 8746
110096, 8721
26926, 8719
142278, 8700
75410, 8689
44791, 8667
51244, 8667
52759, 8667
64433, 8667
75481, 8667
104370, 8667
124287, 8667
87940, 8573
105098, 8573
110995, 8573
130273, 8573
134376, 8573
140157, 8573
140371, 8573
140850, 8573
143177, 8573
147361, 8573
173318, 8573
204441, 8573
216962, 8573
244206, 8573
253381, 8573
271562, 8573
119970, 8568
224578, 8568
263417, 8568
282158, 8568
170226, 8416
180872, 8416
189566, 8416
191815, 8416
227372, 8416
238886, 8416
120887, 8329
188580, 8329
108177, 8286
1132, 8258
4209, 8258
90275, 8258
172535, 8258
52581, 8184
59067, 8184
61421, 8184
62765, 8184
64714, 8184
66914, 8184
147826, 8184
122291, 8162
130259, 8162
135959, 8162
138257, 8162
143085, 8162
147387, 8162
152698, 8162
158225, 8162
168599, 8162
169337, 8162
184697, 8162
188197, 8162
236839, 8162
240782, 8162
260015, 8162
276422, 8162
49626, 8094
89411, 8094
90343, 8094
95298, 8094
114208, 8094
15275, 8089
36771, 8071
74453, 8071
101761, 8071
119499, 8071
22686, 8021
203168, 8021
255765, 8021
283784, 8021
294534, 8021
140621, 7927
141500, 7927
182385, 7927
183981, 7927
189438, 7927
197217, 7927
208440, 7927
211705, 7927
237403, 7927
262718, 7927
271283, 7927
109961, 7917
146702, 7917
150814, 7917
165555, 7917
247557, 7917
91214, 7911
98590, 7911
100331, 7911
144656, 7911
74762, 7908
127179, 7888
159934, 7888
101459, 7754
41692, 7734
101262, 7669
130169, 7669
138776, 7669
153623, 7669
199138, 7669
211922, 7669
217194, 7669
219335, 7669
219550, 7669
220379, 7669
220707, 7669
220893, 7669
223885, 7669
247141, 7669
259100, 7669
263260, 7669
265025, 7669
279931, 7669
290510, 7669
99793, 7659
105319, 7659
110968, 7659
112900, 7659
129729, 7659
142928, 7659
10541, 7648
18257, 7648
36342, 7597
53527, 7597
110797, 7508
130289, 7508
185417, 7508
154786, 7478
247627, 7478
12214, 7431
14027, 7431
15609, 7431
166763, 7352
19394, 7067
21279, 7067
235838, 7053
48149, 7050
55713, 7050
55985, 7050
58869, 7050
59087, 7050
64475, 7050
89388, 6971
102305, 6971
103312, 6971
107604, 6971
109913, 6971
114250, 6971
119045, 6971
124857, 6971
216213, 6920
158110, 6868
59627, 6837
68160, 6837
65423, 6262
65893, 6243
70610, 6243
72768, 6243
74145, 6243
85342, 5858
99659, 5655
164732, 5026
26528, 4149
123225, 4134
23074, 3515
49450, 3515
60029, 3515
70555, 3515
91707, 3515
96101, 3515
96211, 3515
102899, 3515
107694, 3515
113510, 3515
114848, 3515
124892, 3515
136993, 3515
141297, 3515
146572, 3515
152717, 3515
156818, 3515
159984, 3515
180156, 3515
186312, 3515
189126, 3515
194718, 3515
206575, 3515
209899, 3515
225992, 3515
242910, 3515
249714, 3515
254533, 3515
271264, 3515
293102, 3515
296399, 3515
33391, 3503
68780, 3503
82500, 3503
105146, 3503
212301, 3503
223800, 3503
246117, 3503
251774, 3503
268855, 3503
85583, 3487
181015, 3487
222032, 3487
264485, 3487
288407, 3487
291553, 3487
25304, 3475
49547, 3475
51809, 3475
56614, 3475
65884, 3475
66051, 3475
77821, 3475
103871, 3475
105486, 3475
109503, 3475
113217, 3475
118895, 3475
135126, 3475
142078, 3475
148176, 3475
153576, 3475
169090, 3475
176837, 3475
202427, 3475
230918, 3475
231497, 3475
242088, 3475
260055, 3475
273887, 3475
289892, 3475
292428, 3475
171956, 3446
264999, 3446
52910, 3443
60181, 3443
70379, 3443
74540, 3443
80226, 3443
81644, 3443
88799, 3443
93578, 3443
94979, 3443
95359, 3443
96081, 3443
114717, 3443
115406, 3443
133581, 3443
144476, 3443
159321, 3443
174857, 3443
181296, 3443
210201, 3443
249904, 3443
170354, 3428
191059, 3428
287459, 3428
293739, 3428
112835, 3410
228267, 3410
251296, 3410
156274, 3396
156825, 3396
181276, 3396
217958, 3396
248817, 3396
251150, 3396
289250, 3396
292550, 3396
211103, 3384
244956, 3384
102171, 3383
144314, 3383
156197, 3383
158079, 3383
159746, 3383
160722, 3383
160831, 3383
173896, 3383
179709, 3383
184702, 3383
190907, 3383
212126, 3383
212611, 3383
223287, 3383
224707, 3383
226654, 3383
233636, 3383
249117, 3383
252594, 3383
253324, 3383
260624, 3383
260655, 3383
261372, 3383
266413, 3383
287032, 3383
293107, 3383
34865, 3375
279393, 3375
80431, 3362
109999, 3360
127177, 3360
170296, 3360
171043, 3360
180033, 3360
189346, 3360
236535, 3360
262568, 3360
267352, 3360
275855, 3360
282702, 3360
291972, 3360
79866, 3359
93291, 3359
276236, 3359
96507, 3355
150384, 3355
240119, 3355
119324, 3353
131507, 3353
56256, 3350
84361, 3346
87286, 3346
88097, 3346
101642, 3346
106632, 3346
121654, 3346
123073, 3346
132329, 3346
153255, 3346
155780, 3346
172851, 3346
179794, 3346
183477, 3346
185253, 3346
212798, 3346
224538, 3346
228677, 3346
235840, 3346
238491, 3346
252998, 3346
253271, 3346
257526, 3346
262117, 3346
272194, 3345
201226, 3342
81715, 3337
111576, 3337
11669, 3323
31695, 3323
48950, 3323
180932, 3316
182627, 3316
88127, 3305
106246, 3305
109854, 3305
94558, 3288
148029, 3288
59180, 3285
107343, 3285
111313, 3285
112667, 3285
114772, 3285
130141, 3285
132657, 3285
133617, 3285
134801, 3285
138856, 3285
149332, 3285
152715, 3285
166177, 3285
201721, 3285
202472, 3285
86102, 3283
126649, 3283
235749, 3283
240295, 3283
244903, 3283
205629, 3267
184510, 3256
24185, 3250
97877, 3250
136648, 3250
163144, 3250
243678, 3250
112175, 3248
138144, 3248
216626, 3248
256161, 3248
29188, 3245
52102, 3245
52818, 3245
54443, 3245
91796, 3245
112632, 3245
124976, 3245
131044, 3245
138959, 3245
169482, 3245
172405, 3245
178666, 3245
180367, 3245
197137, 3245
216971, 3245
231244, 3245
243586, 3245
244326, 3245
252445, 3245
260769, 3245
276507, 3245
295188, 3245
65947, 3224
56599, 3202
154447, 3202
267062, 3202
77798, 3196
208464, 3196
224759, 3196
182572, 3173
124615, 3158
172948, 3158
225092, 3158
240967, 3158
229622, 3151
27674, 3102
44914, 3102
45472, 3102
50161, 3102
53078, 3102
56208, 3102
65854, 3102
65895, 3102
68595, 3102
81568, 3102
8847, 3081
49809, 3081
198635, 3080
5511, 3068
111103, 3068
136380, 3068
167054, 3068
101552, 3061
161647, 3061
190588, 3061
271037, 3061
276855, 3061
292912, 3061
2800, 3060
31345, 3060
31347, 3060
36859, 3060
57536, 3054
54268, 3053
33208, 3052
144276, 3052
233184, 3052
196111, 3038
119587, 3024
126378, 3024
264751, 3021
10220, 3012
11503, 3012
15843, 3012
19166, 3012
30532, 3012
109919, 3012
152851, 3012
128124, 3004
38223, 3003
52903, 3003
146179, 3003
197255, 3003
203971, 2992
237240, 2992
48478, 2985
51021, 2985
147888, 2985
248276, 2985
8816, 2978
9726, 2978
37263, 2978
97909, 2978
261077, 2946
127954, 2945
25472, 2928
173242, 2916
75782, 2909
100968, 2909
194572, 2909
207655, 2909
241587, 2909
247252, 2909
264048, 2909
269081, 2909
274304, 2909
70125, 2908
122093, 2908
129651, 2908
181994, 2908
225429, 2908
233625, 2908
236653, 2908
265392, 2908
266380, 2908
275860, 2908
132934, 2898
142991, 2898
169812, 2898
186389, 2898
239268, 2898
249149, 2898
259834, 2898
263547, 2898
22212, 2880
169388, 2880
107165, 2874
229873, 2870
246502, 2868
14, 2861
192025, 2861
253313, 2861
121833, 2844
163673, 2844
166853, 2844
181951, 2844
222351, 2844
276018, 2844
161393, 2833
73817, 2832
75756, 2832
115372, 2832
212314, 2832
262497, 2832
196756, 2817
83996, 2815
130844, 2815
81635, 2809
221350, 2804
91077, 2797
151589, 2797
187446, 2797
211657, 2797
242183, 2797
246227, 2797
280160, 2797
296402, 2797
109893, 2794
283474, 2792
153093, 2789
131506, 2783
158592, 2783
178307, 2783
182113, 2783
190168, 2783
209419, 2783
205162, 2780
131048, 2776
24900, 2772
62046, 2772
67693, 2772
155070, 2772
270481, 2772
63055, 2770
121417, 2770
153352, 2770
213114, 2770
269343, 2770
62359, 2761
107405, 2761
124088, 2761
184234, 2761
6570, 2760
32060, 2738
104846, 2738
126525, 2738
233191, 2738
258167, 2738
149779, 2726
162831, 2726
176395, 2726
195233, 2726
197502, 2726
279672, 2726
291573, 2726
270209, 2699
8993, 2697
4048, 2670
119010, 2670
138655, 2670
126694, 2667
231987, 2667
244423, 2667
13255, 2666
195946, 2662
142182, 2651
106944, 2649
282850, 2647
128009, 2643
150668, 2643
173347, 2643
212119, 2643
194768, 2640
169383, 2638
280948, 2638
234178, 2621
51761, 2617
95910, 2617
133664, 2617
162911, 2617
164387, 2617
170708, 2617
187196, 2617
227234, 2617
228784, 2617
241617, 2617
246265, 2617
250889, 2617
257961, 2617
287514, 2617
287771, 2617
296225, 2617
61967, 2614
97096, 2614
170215, 2614
177776, 2614
75623, 2604
100737, 2598
258860, 2598
73445, 2592
99679, 2592
192872, 2592
282647, 2592
128956, 2583
172214, 2583
186309, 2583
196007, 2583
199355, 2583
221694, 2583
240897, 2583
245808, 2583
255821, 2583
273065, 2583
71635, 2580
171260, 2580
252704, 2580
277071, 2580
97847, 2579
203449, 2579
243221, 2579
268507, 2579
57879, 2573
166306, 2573
92929, 2565
237275, 2565
141141, 2554
287124, 2554
214600, 2545
234426, 2545
295813, 2545
279380, 2543
283328, 2543
295236, 2543
41023, 2540
64535, 2540
106816, 2540
207919, 2538
66226, 2534
70677, 2534
130410, 2534
130941, 2534
191787, 2534
249710, 2534
280206, 2533
49118, 2525
56558, 2525
83075, 2525
123752, 2525
178875, 2525
83085, 2519
100069, 2519
107293, 2519
31579, 2508
38599, 2508
48712, 2508
60676, 2508
65162, 2508
83457, 2508
90834, 2508
93083, 2508
99825, 2508
102286, 2508
107594, 2508
113754, 2508
115714, 2508
122038, 2508
127385, 2508
136085, 2508
153896, 2508
168620, 2508
211286, 2508
243709, 2508
22919, 2501
77213, 2501
90076, 2501
107160, 2501
111788, 2501
120630, 2501
130898, 2501
132526, 2501
137061, 2501
154079, 2501
156891, 2501
165409, 2501
165500, 2501
166998, 2501
171625, 2501
174331, 2501
179415, 2501
182975, 2501
186585, 2501
189891, 2501
194956, 2501
197963, 2501
204428, 2501
207660, 2501
213001, 2501
226299, 2501
228669, 2501
231926, 2501
239223, 2501
249053, 2501
251882, 2501
252442, 2501
253503, 2501
253894, 2501
258360, 2501
260548, 2501
265027, 2501
276221, 2501
280051, 2501
285895, 2501
291722, 2501
296136, 2501
62238, 2494
164972, 2486
176822, 2486
171466, 2480
107581, 2477
205837, 2477
288251, 2477
265715, 2476
29627, 2471
233863, 2470
263046, 2470
235922, 2456
9007, 2450
121808, 2449
105774, 2448
289339, 2448
120943, 2443
252141, 2434
95414, 2431
104174, 2425
264365, 2424
49012, 2419
68124, 2418
68258, 2418
110436, 2418
125776, 2418
127102, 2418
132454, 2418
144148, 2418
148481, 2418
154315, 2418
155570, 2418
159254, 2418
167915, 2418
169268, 2418
175394, 2418
192403, 2418
192964, 2418
211544, 2418
222600, 2418
225822, 2418
242803, 2418
243165, 2418
272556, 2418
289351, 2418
31638, 2411
76522, 2411
113603, 2411
172868, 2411
245087, 2411
248767, 2411
54895, 2407
87251, 2407
97150, 2407
103374, 2407
104159, 2407
109823, 2407
120328, 2407
170983, 2407
176276, 2407
192229, 2407
211652, 2407
226665, 2407
228354, 2407
241209, 2407
275800, 2407
105855, 2396
161968, 2396
163231, 2396
182672, 2396
214285, 2396
217673, 2396
223170, 2396
224383, 2396
229005, 2396
251800, 2396
253781, 2396
264269, 2396
271589, 2396
284030, 2396
294410, 2396
295471, 2396
10831, 2392
12202, 2392
55974, 2392
182579, 2389
209947, 2389
11464, 2388
67049, 2388
13061, 2372
111945, 2372
24405, 2357
115520, 2357
133164, 2357
154848, 2355
163220, 2355
5702, 2351
99755, 2351
107569, 2351
181749, 2351
193734, 2351
195677, 2351
270783, 2351
272039, 2351
90660, 2350
178168, 2350
103207, 2348
124480, 2348
218950, 2348
247221, 2348
283030, 2348
120923, 2344
241176, 2344
251444, 2344
256713, 2344
262527, 2344
295414, 2344
203963, 2343
108545, 2337
111912, 2337
121904, 2337
263298, 2337
290520, 2337
292936, 2337
10780, 2334
179573, 2331
36985, 2327
9532, 2326
109194, 2326
184126, 2326
192211, 2326
209309, 2326
239325, 2326
264487, 2326
162082, 2322
177432, 2322
213927, 2322
229771, 2322
238809, 2322
257617, 2322
274181, 2322
283568, 2322
7688, 2321
9232, 2321
12077, 2321
14502, 2321
17939, 2321
22157, 2321
54514, 2321
55534, 2321
69419, 2321
83172, 2321
157872, 2321
271173, 2321
131756, 2319
149695, 2319
230750, 2319
259982, 2319
283984, 2319
293611, 2319
108336, 2318
292204, 2318
285461, 2316
292801, 2306
70920, 2300
142010, 2300
169568, 2300
257477, 2300
272686, 2294
116616, 2281
160849, 2281
192490, 2281
184160, 2279
264361, 2270
241020, 2257
7329, 2254
85526, 2254
222134, 2254
233449, 2254
284553, 2254
60305, 2253
175160, 2251
266305, 2251
20373, 2250
16168, 2249
86760, 2248
152191, 2248
218913, 2248
80165, 2246
167264, 2246
262133, 2246
294074, 2246
179610, 2245
61129, 2243
148569, 2243
155298, 2243
185919, 2243
196239, 2243
219010, 2243
220130, 2243
239158, 2243
252194, 2243
280210, 2243
287904, 2243
266929, 2241
283316, 2239
92704, 2236
60439, 2228
136041, 2228
175928, 2228
180968, 2228
207042, 2228
217919, 2228
248321, 2228
271821, 2228
280460, 2228
290886, 2228
294215, 2228
156684, 2226
235382, 2223
105995, 2221
177424, 2216
182499, 2216
206779, 2216
296091, 2216
26692, 2215
98019, 2215
150451, 2215
145163, 2208
73072, 2205
116836, 2195
143686, 2182
230409, 2181
246656, 2181
270600, 2181
275026, 2181
267393, 2180
40069, 2179
241866, 2179
116221, 2176
222307, 2176
21972, 2172
20980, 2168
28511, 2168
145893, 2166
160700, 2166
238829, 2166
239436, 2166
168530, 2162
279846, 2162
122675, 2159
185993, 2159
244723, 2159
10883, 2156
44574, 2156
277618, 2153
66505, 2150
250869, 2150
125233, 2139
7228, 2138
151746, 2138
277041, 2138
97625, 2137
106120, 2137
292411, 2137
84506, 2136
214924, 2136
228625, 2136
235957, 2136
245313, 2136
293840, 2136
127556, 2131
23486, 2125
43112, 2125
46409, 2125
53012, 2125
125290, 2125
142981, 2125
42640, 2118
49428, 2118
153434, 2117
234566, 2117
89677, 2115
86549, 2114
123172, 2114
282374, 2114
88908, 2112
30118, 2106
38610, 2100
48122, 2100
51689, 2100
58434, 2100
58753, 2100
59433, 2100
60027, 2100
66999, 2100
85061, 2100
217726, 2100
260406, 2098
51995, 2094
224146, 2094
28721, 2092
199722, 2092
282047, 2092
199100, 2087
204973, 2073
51018, 2069
100825, 2069
130162, 2069
133243, 2069
136867, 2069
184953, 2069
210096, 2069
235116, 2069
270341, 2069
285695, 2069
153197, 2058
159738, 2058
173200, 2058
90293, 2056
127219, 2056
19259, 2045
194583, 2045
196629, 2045
200434, 2045
288698, 2045
230422, 2042
288104, 2042
36482, 2041
149697, 2036
216851, 2036
289816, 2036
191336, 2035
157848, 2027
76835, 2026
227394, 2026
59721, 2025
243619, 2021
154685, 2018
84505, 2015
38532, 2011
48686, 2007
76693, 2007
76781, 2007
52166, 2006
210755, 1998
92309, 1997
11379, 1994
105001, 1993
147260, 1993
197774, 1993
198137, 1992
91791, 1984
148779, 1983
95070, 1981
229445, 1979
108021, 1976
78014, 1971
293993, 1968
17975, 1959
52458, 1959
221556, 1959
4709, 1957
213564, 1957
244789, 1957
83859, 1953
185316, 1953
160762, 1951
38924, 1949
57492, 1949
255678, 1949
43595, 1947
54363, 1947
168272, 1947
192243, 1947
203942, 1947
205932, 1947
239840, 1947
71614, 1932
127885, 1932
153342, 1932
202262, 1932
200247, 1931
235832, 1931
271859, 1931
21580, 1928
71886, 1928
138090, 1928
223782, 1926
244791, 1926
255156, 1926
159560, 1924
237850, 1923
165595, 1919
232203, 1918
173177, 1917
187396, 1917
259025, 1917
261098, 1917
268414, 1917
241640, 1914
275770, 1914
185874, 1905
3878, 1904
3954, 1904
4373, 1904
4459, 1904
4546, 1904
4729, 1904
4754, 1904
4800, 1904
4979, 1904
37593, 1904
38444, 1904
38862, 1904
41305, 1904
45525, 1904
130003, 1904
140763, 1904
164893, 1904
166949, 1904
176278, 1904
264062, 1893
143599, 1892
284068, 1892
22753, 1886
50040, 1886
61581, 1886
111184, 1886
67387, 1881
115265, 1881
162919, 1881
182939, 1881
250050, 1881
287311, 1881
165946, 1880
177951, 1880
212624, 1880
82994, 1879
258172, 1876
196092, 1875
206170, 1875
211617, 1875
260330, 1875
270381, 1875
3771, 1873
174440, 1869
213262, 1869
145055, 1865
61604, 1855
43300, 1851
81571, 1846
155401, 1846
259130, 1846
254994, 1842
139833, 1836
177928, 1836
194790, 1836
282610, 1836
45743, 1834
125547, 1834
222152, 1828
161441, 1823
217268, 1812
103426, 1810
118703, 1796
81353, 1792
92288, 1792
100953, 1792
129829, 1792
205279, 1792
162156, 1789
194816, 1785
49263, 1778
65049, 1778
67485, 1778
171183, 1778
251824, 1778
37595, 1775
3646, 1774
4128, 1774
4133, 1774
4349, 1774
4392, 1774
41185, 1774
45079, 1774
93242, 1771
203740, 1771
242175, 1768
122096, 1764
172887, 1764
186606, 1764
68225, 1754
57006, 1748
260991, 1748
252341, 1747
125038, 1745
289052, 1744
206682, 1723
211390, 1723
184911, 1715
40806, 1707
110824, 1707
134699, 1707
267145, 1707
273588, 1707
4715, 1706
5195, 1706
5215, 1706
5275, 1706
5311, 1706
5315, 1706
5492, 1706
5629, 1706
6186, 1706
45812, 1706
47467, 1706
54508, 1706
144287, 1706
120427, 1705
209166, 1705
237054, 1705
94736, 1697
159443, 1696
177047, 1691
143673, 1690
215521, 1689
173291, 1684
259171, 1684
276063, 1684
294509, 1683
4956, 1681
209964, 1671
129912, 1668
249713, 1668
200311, 1666
249929, 1666
269922, 1666
71744, 1655
266783, 1655
42366, 1651
213349, 1651
48021, 1647
171400, 1643
92782, 1641
62881, 1639
72501, 1639
147465, 1639
230080, 1639
56447, 1627
111299, 1627
145941, 1620
219445, 1619
53573, 1617
168576, 1617
195486, 1617
279010, 1617
115848, 1616
245643, 1614
121680, 1609
221235, 1609
239420, 1609
47901, 1606
74843, 1606
82104, 1606
87038, 1606
87124, 1606
94506, 1606
118708, 1606
122377, 1606
149518, 1606
160204, 1606
166254, 1606
169147, 1606
39162, 1602
52634, 1602
96741, 1602
240532, 1602
242856, 1601
13254, 1600
205403, 1600
148293, 1599
177551, 1586
80690, 1584
105824, 1584
163758, 1584
148244, 1574
185694, 1574
266920, 1570
21216, 1569
226061, 1568
8551, 1567
73761, 1567
104989, 1567
257261, 1563
45152, 1562
61229, 1562
64481, 1562
181444, 1562
240341, 1562
275090, 1562
200927, 1557
233655, 1557
31925, 1554
145986, 1548
86049, 1545
161153, 1545
214246, 1545
276041, 1545
292498, 1545
178934, 1540
180762, 1540
218920, 1540
233261, 1540
117179, 1539
185475, 1539
46647, 1538
210202, 1538
264216, 1537
281820, 1537
196852, 1532
73342, 1529
42594, 1528
248576, 1528
87924, 1523
232937, 1521
242949, 1521
162048, 1520
236602, 1512
92933, 1511
113020, 1511
124708, 1511
166281, 1511
182861, 1511
212929, 1511
293590, 1511
287342, 1510
213801, 1509
145868, 1508
110086, 1507
192756, 1507
229577, 1507
277576, 1507
174455, 1506
181719, 1506
258790, 1503
294829, 1500
157827, 1498
21678, 1497
76657, 1497
192215, 1496
181369, 1494
86261, 1491
117608, 1491
152707, 1491
167107, 1491
204862, 1491
230580, 1491
278031, 1491
289348, 1490
86798, 1488
88049, 1488
147792, 1488
163068, 1488
167824, 1488
75179, 1483
141916, 1483
211225, 1482
44511, 1479
90930, 1478
50470, 1476
121320, 1476
260600, 1476
68321, 1475
281597, 1475
159710, 1472
94571, 1469
45441, 1467
66466, 1467
146029, 1467
218873, 1467
198305, 1466
13759, 1464
27568, 1464
73759, 1464
141312, 1464
149328, 1464
211169, 1464
249257, 1464
85356, 1463
217697, 1463
233903, 1462
99559, 1461
277887, 1461
110012, 1459
145748, 1459
157599, 1459
189596, 1459
253400, 1459
274478, 1459
51477, 1458
61793, 1457
115065, 1457
69594, 1456
146854, 1456
214490, 1456
277046, 1456
248617, 1452
122979, 1451
145201, 1451
273384, 1451
275471, 1451
58939, 1450
207679, 1450
171380, 1449
262941, 1449
278974, 1448
82043, 1447
92936, 1447
97266, 1447
141242, 1447
144375, 1447
25731, 1445
169515, 1445
254914, 1445
219547, 1444
292901, 1444
58986, 1441
87072, 1441
235559, 1440
231531, 1439
288128, 1437
129279, 1436
53892, 1433
191378, 1433
201413, 1433
205512, 1433
226371, 1433
23156, 1432
284596, 1432
117958, 1426
146858, 1426
240219, 1426
268076, 1426
76238, 1423
214935, 1423
241629, 1423
250697, 1423
28237, 1421
195313, 1417
254047, 1416
280918, 1416
34063, 1415
184948, 1415
148317, 1412
20052, 1410
31865, 1408
180419, 1408
211683, 1408
251755, 1408
252639, 1408
268006, 1408
54933, 1407
67164, 1407
251054, 1404
294681, 1403
61074, 1397
68349, 1397
98997, 1397
102796, 1397
256018, 1397
64831, 1395
86308, 1395
97763, 1395
110056, 1395
114457, 1395
133737, 1395
228039, 1395
261903, 1395
286570, 1395
289111, 1395
110575, 1393
116078, 1393
162303, 1392
231901, 1390
32151, 1389
92348, 1389
108651, 1389
117684, 1389
121140, 1389
165296, 1389
60741, 1388
174314, 1388
33779, 1387
63950, 1387
151952, 1387
181458, 1387
197264, 1386
91041, 1385
95618, 1385
115292, 1385
134027, 1385
136401, 1385
140831, 1385
166975, 1385
186738, 1385
187026, 1385
212463, 1385
216383, 1385
221287, 1385
253172, 1385
253300, 1385
262176, 1385
288729, 1385
294072, 1385
41814, 1384
50810, 1384
188010, 1384
169808, 1383
239353, 1383
243282, 1383
259267, 1383
269775, 1383
280066, 1383
146133, 1382
210589, 1382
236074, 1382
15741, 1381
169208, 1381
169923, 1381
126099, 1378
24439, 1375
52616, 1375
82034, 1375
134823, 1375
291208, 1375
292951, 1374
256799, 1373
21512, 1371
109338, 1371
153510, 1371
160679, 1371
185741, 1371
214074, 1371
248401, 1371
266992, 1371
292741, 1371
250636, 1370
207211, 1369
28329, 1367
87533, 1365
117471, 1365
208376, 1365
241102, 1365
7584, 1363
95720, 1363
157668, 1363
235596, 1363
280129, 1363
177597, 1362
102831, 1359
173952, 1359
245304, 1359
18116, 1358
192494, 1357
249600, 1357
204587, 1356
28082, 1355
45018, 1355
177265, 1355
212768, 1355
222116, 1355
281216, 1355
189330, 1353
25520, 1351
82301, 1351
140091, 1351
237276, 1351
259826, 1351
92388, 1350
245537, 1350
97377, 1347
179313, 1347
264470, 1346
60414, 1345
184893, 1345
41705, 1344
197387, 1342
219159, 1342
248899, 1341
254421, 1341
113861, 1336
263147, 1335
20759, 1334
217803, 1334
139552, 1333
57001, 1330
67282, 1330
68419, 1330
34534, 1329
77031, 1329
218110, 1329
27150, 1328
94961, 1328
201252, 1327
220385, 1327
231107, 1327
122918, 1326
193450, 1320
245824, 1320
95565, 1318
130745, 1315
208104, 1315
74049, 1313
33462, 1312
217232, 1312
146450, 1311
207820, 1311
241385, 1311
63784, 1308
179176, 1308
201899, 1308
248100, 1308
269852, 1308
74687, 1307
24789, 1306
102792, 1306
115535, 1306
223460, 1306
223699, 1306
237243, 1306
248901, 1306
287400, 1306
86332, 1305
126972, 1304
286296, 1304
55889, 1303
17278, 1302
136321, 1302
238122, 1302
261163, 1302
145645, 1300
890, 1299
112533, 1299
116900, 1299
123235, 1299
226001, 1299
192948, 1297
57569, 1295
143040, 1294
147434, 1294
211418, 1294
79364, 1293
83997, 1293
207646, 1293
269714, 1293
258279, 1292
106067, 1290
223222, 1290
241086, 1290
186048, 1289
223599, 1289
229824, 1289
15855, 1286
39114, 1286
73218, 1286
199417, 1286
204772, 1286
215460, 1286
235894, 1286
282450, 1286
205398, 1282
136343, 1274
152897, 1274
179411, 1274
281415, 1274
52803, 1273
158868, 1273
123663, 1271
232849, 1271
246419, 1271
27474, 1268
31559, 1265
68004, 1265
111096, 1265
155564, 1265
253790, 1265
287379, 1265
180347, 1261
181086, 1261
183366, 1260
207002, 1260
224964, 1260
46260, 1256
49847, 1256
56871, 1256
84378, 1256
120660, 1256
123952, 1256
222963, 1256
238855, 1256
252388, 1256
283394, 1256
82067, 1255
215690, 1255
260319, 1253
42442, 1250
69979, 1250
145961, 1250
162637, 1250
193809, 1250
172237, 1248
212283, 1248
226084, 1248
242874, 1248
260082, 1248
64311, 1247
183032, 1245
34306, 1244
74065, 1244
94691, 1244
107964, 1244
154472, 1244
177121, 1244
84291, 1243
100616, 1243
217052, 1242
3115, 1241
3167, 1241
3238, 1241
3312, 1241
31249, 1241
40420, 1241
109690, 1241
112116, 1241
223497, 1241
236335, 1241
280985, 1241
283345, 1241
274213, 1239
284365, 1239
190797, 1238
37435, 1237
227734, 1235
66817, 1233
101473, 1233
150733, 1233
67110, 1231
72076, 1231
79489, 1231
83083, 1231
111418, 1231
204711, 1231
11803, 1228
136665, 1228
252149, 1228
30176, 1227
47427, 1224
51271, 1224
81176, 1224
175268, 1224
184971, 1224
49857, 1223
214962, 1223
252376, 1223
34068, 1222
251032, 1221
185328, 1219
174456, 1214
204186, 1213
234960, 1213
29661, 1212
68026, 1212
68459, 1212
112262, 1208
113816, 1208
192382, 1208
220458, 1208
242956, 1208
4385, 1207
42278, 1207
48267, 1207
79771, 1207
112691, 1207
196062, 1207
236369, 1207
293700, 1207
44758, 1206
289309, 1206
66325, 1203
71317, 1203
75805, 1202
145965, 1201
181646, 1200
92304, 1199
137817, 1199
287158, 1199
91236, 1198
199572, 1198
23668, 1196
69963, 1196
80259, 1196
86321, 1196
147400, 1196
243244, 1196
255343, 1196
259528, 1196
273333, 1196
282677, 1196
287240, 1196
81796, 1195
217570, 1195
60536, 1192
120467, 1192
131453, 1192
133676, 1192
218180, 1192
277398, 1192
274494, 1189
221731, 1185
291969, 1185
46422, 1184
78965, 1184
140680, 1184
154122, 1184
266708, 1184
23070, 1183
115509, 1183
245739, 1183
247001, 1183
10863, 1182
247942, 1181
153322, 1179
211244, 1179
146199, 1178
169766, 1178
229202, 1178
181700, 1176
218640, 1176
238723, 1176
294048, 1176
201581, 1174
142602, 1173
153689, 1173
261224, 1171
273324, 1171
22200, 1170
23392, 1170
56394, 1170
126588, 1170
167043, 1170
22994, 1169
27614, 1169
130366, 1169
131490, 1169
244679, 1169
35241, 1168
150754, 1168
200348, 1168
288684, 1168
63928, 1167
144137, 1166
71146, 1165
164235, 1165
199252, 1165
253908, 1165
263034, 1165
5634, 1163
63497, 1163
173487, 1163
36821, 1162
78150, 1162
195828, 1161
99567, 1158
133834, 1158
166520, 1158
243720, 1158
105864, 1157
157583, 1157
244085, 1157
274985, 1157
281096, 1157
155652, 1156
160294, 1155
170376, 1154
202436, 1154
250647, 1154
88018, 1153
102045, 1153
114395, 1153
127970, 1153
136979, 1153
138674, 1153
147571, 1153
160529, 1153
196166, 1153
225136, 1153
264578, 1153
271072, 1153
283563, 1153
155410, 1152
17706, 1150
240174, 1150
181327, 1148
182024, 1148
91600, 1147
175366, 1146
235805, 1146
208559, 1145
35766, 1144
56177, 1144
107000, 1144
169622, 1144
184638, 1144
253974, 1143
104203, 1142
150258, 1142
228954, 1142
97304, 1140
129135, 1140
136923, 1139
211069, 1137
58096, 1135
100566, 1135
149504, 1135
188527, 1135
243663, 1135
247571, 1135
259614, 1135
205045, 1133
48942, 1132
271176, 1131
165733, 1130
255834, 1130
270960, 1130
292666, 1130
116460, 1129
253803, 1129
274992, 1129
290141, 1129
289983, 1128
55654, 1127
263962, 1127
271419, 1127
31076, 1126
51829, 1126
124560, 1126
147117, 1126
178469, 1126
192803, 1126
204165, 1126
226566, 1126
230823, 1126
248378, 1126
252072, 1126
270784, 1126
282145, 1126
284274, 1126
292719, 1126
22161, 1125
178497, 1125
245076, 1125
269305, 1125
252242, 1124
291421, 1123
190255, 1120
291675, 1120
294855, 1120
236346, 1119
252185, 1119
296267, 1119
91204, 1118
228640, 1118
3179, 1112
40348, 1112
109291, 1111
165202, 1111
286657, 1110
197908, 1109
272560, 1109
12370, 1108
198282, 1108
237811, 1108
244121, 1108
119148, 1105
218947, 1105
73582, 1104
76526, 1104
100283, 1104
105592, 1104
108518, 1104
108569, 1104
135083, 1104
144117, 1104
148092, 1104
158744, 1104
159255, 1104
170115, 1104
173348, 1104
177869, 1104
243869, 1104
246987, 1104
256232, 1104
278115, 1104
284401, 1104
18924, 1103
65281, 1103
119402, 1103
149417, 1103
212591, 1103
29582, 1102
44352, 1102
50526, 1102
53055, 1102
60301, 1102
98459, 1102
127886, 1102
136713, 1102
137562, 1102
145264, 1102
150750, 1102
200670, 1102
200865, 1102
279414, 1102
285005, 1102
135588, 1101
177214, 1101
248647, 1101
269963, 1100
9361, 1099
14648, 1099
32371, 1099
43033, 1099
50690, 1099
63283, 1099
72282, 1099
94965, 1099
100136, 1099
100434, 1099
100863, 1099
110526, 1099
113201, 1099
127582, 1099
134358, 1099
134958, 1099
139482, 1099
155730, 1099
157379, 1099
157601, 1099
159767, 1099
182349, 1099
186061, 1099
193542, 1099
215884, 1099
218400, 1099
227663, 1099
243987, 1099
245438, 1099
248371, 1099
251972, 1099
271713, 1099
275155, 1099
286939, 1099
160954, 1098
35594, 1097
71717, 1097
129176, 1097
155017, 1097
59003, 1093
91376, 1093
121994, 1093
159936, 1093
208242, 1093
240491, 1093
244810, 1093
251486, 1093
271010, 1093
273825, 1093
42033, 1092
61733, 1092
87550, 1092
135996, 1092
186023, 1092
270079, 1092
272996, 1092
282493, 1092
288891, 1092
66330, 1091
182731, 1091
219580, 1091
246908, 1091
115977, 1090
103212, 1089
143174, 1089
213931, 1089
275442, 1089
242961, 1088
226435, 1087
50081, 1085
64159, 1085
224329, 1085
230984, 1085
252332, 1085
101140, 1084
121860, 1084
52480, 1082
69509, 1082
153635, 1082
168323, 1082
211706, 1082
219122, 1082
250035, 1082
250767, 1082
294797, 1082
149563, 1081
99779, 1080
115475, 1080
126367, 1080
135232, 1080
151564, 1080
169909, 1080
199549, 1080
208629, 1080
281523, 1080
37769, 1079
109559, 1079
117602, 1079
155030, 1079
169113, 1079
170450, 1079
187393, 1079
226879, 1079
244666, 1079
258837, 1079
260735, 1079
240433, 1078
273811, 1078
207538, 1077
134217, 1076
8642, 1075
149326, 1075
150341, 1075
172888, 1075
180333, 1075
208141, 1075
214309, 1075
218535, 1075
224614, 1075
251845, 1075
254891, 1075
255190, 1075
256427, 1075
272403, 1075
273895, 1075
292173, 1075
45499, 1074
227643, 1074
32544, 1072
89364, 1072
230451, 1070
24775, 1069
153246, 1069
181796, 1069
202222, 1069
127242, 1068
146758, 1068
231411, 1068
235923, 1068
259456, 1068
296538, 1059
75067, 1058
201159, 1058
269513, 1058
1889, 1056
161927, 1056
191358, 1056
264150, 1056
30253, 1054
85776, 1054
172992, 1054
204235, 1054
212291, 1054
249176, 1054
51367, 1053
82402, 1053
224708, 1053
269946, 1053
98513, 1052
175871, 1052
178213, 1052
179472, 1052
209771, 1052
216684, 1052
116279, 1050
138519, 1050
141701, 1050
181517, 1050
228848, 1050
241556, 1050
270187, 1050
273545, 1050
285374, 1050
290212, 1050
6084, 1049
6222, 1049
6336, 1049
6500, 1049
6656, 1049
6763, 1049
6857, 1049
6940, 1049
7146, 1049
7255, 1049
58925, 1049
61139, 1049
66307, 1049
71103, 1049
72573, 1049
107124, 1049
115996, 1049
155833, 1049
181383, 1049
182156, 1049
235435, 1049
252248, 1049
268489, 1049
291569, 1049
71260, 1048
199424, 1048
275727, 1048
157365, 1047
188705, 1047
234155, 1047
116245, 1045
123482, 1045
283660, 1045
4990, 1042
5110, 1042
5362, 1042
5445, 1042
5888, 1042
5926, 1042
50918, 1042
59485, 1042
110967, 1042
153662, 1042
169640, 1042
171397, 1042
83565, 1041
102807, 1040
148182, 1040
197743, 1040
246850, 1040
294100, 1040
9808, 1039
19093, 1039
69804, 1039
115948, 1039
124032, 1039
127566, 1039
203370, 1039
213882, 1039
216215, 1039
223944, 1039
278889, 1039
183510, 1038
260102, 1038
282053, 1038
48611, 1037
153677, 1037
165180, 1037
39464, 1036
106825, 1036
116644, 1036
182164, 1036
200096, 1036
208538, 1036
209390, 1036
241944, 1036
246388, 1036
247393, 1036
248664, 1036
264042, 1036
292378, 1036
122293, 1035
66316, 1034
279881, 1034
290272, 1034
59315, 1033
106206, 1033
182411, 1033
87254, 1032
68654, 1030
57075, 1029
85367, 1029
98089, 1029
149615, 1029
166330, 1029
237115, 1029
244137, 1029
289793, 1029
13348, 1028
26608, 1028
40685, 1028
98858, 1028
105798, 1028
137719, 1028
137875, 1028
139974, 1028
140218, 1028
212646, 1028
287608, 1028
58204, 1027
121505, 1027
151704, 1027
170804, 1027
191127, 1027
260333, 1027
16099, 1026
55187, 1025
56764, 1025
146359, 1025
162292, 1025
172382, 1025
213843, 1025
221065, 1025
230363, 1025
69890, 1024
81625, 1024
87549, 1024
95787, 1024
106523, 1024
110357, 1024
129613, 1024
131305, 1024
149346, 1024
161152, 1024
183885, 1024
215500, 1024
241346, 1024
251076, 1024
255079, 1024
275560, 1024
282216, 1024
288209, 1024
289902, 1024
59597, 1023
225331, 1023
104712, 1022
124956, 1021
242955, 1021
6331, 1020
6457, 1020
15956, 1020
80647, 1020
240030, 1020
25535, 1019
27688, 1019
29410, 1019
29838, 1019
40485, 1019
43289, 1019
55163, 1019
131914, 1019
132359, 1019
148585, 1019
156967, 1019
156974, 1019
161809, 1019
172792, 1019
197201, 1019
197574, 1019
206225, 1019
220424, 1019
221428, 1019
221611, 1019
243036, 1019
255569, 1019
271804, 1019
281479, 1019
73452, 1016
111010, 1016
28131, 1015
132431, 1015
278782, 1015
45277, 1014
75386, 1014
95976, 1014
164874, 1014
168659, 1014
185026, 1014
239494, 1014
57578, 1012
110101, 1012
120723, 1012
137924, 1012
202829, 1011
230769, 1011
242747, 1011
214881, 1010
220721, 1010
82769, 1009
128739, 1009
61338, 1008
134400, 1008
295799, 1006
148416, 1005
171168, 1005
210594, 1005
130177, 1003
155005, 1003
217475, 1003
76257, 1000
92057, 1000
107556, 1000
152594, 1000
155672, 1000
209354, 1000
211072, 1000
219660, 1000
233446, 1000
240161, 1000
253190, 1000
256710, 1000
267436, 1000
294158, 1000
