222951, 142627
96004, 139299
189974, 139299
236584, 136134
238409, 136134
244312, 136134
266918, 136134
44068, 130838
150291, 130838
154734, 130838
162862, 130838
166567, 130838
169223, 130838
171652, 130838
174358, 130838
178841, 130838
183918, 130838
185407, 130838
185904, 130838
189830, 130838
190207, 130838
195657, 130838
195742, 130838
196437, 130838
197416, 130838
202353, 130838
203207, 130838
203991, 130838
204179, 130838
214979, 130838
215837, 130838
217133, 130838
219506, 130838
221095, 130838
223587, 130838
225959, 130838
228372, 130838
232521, 130838
233828, 130838
233930, 130838
239444, 130838
243240, 130838
252106, 130838
254328, 130838
256952, 130838
258554, 130838
267958, 130838
270038, 130838
274038, 130838
278778, 130838
280658, 130838
286803, 130838
289370, 130838
290406, 130838
291146, 130838
291468, 130838
194577, 125130
224023, 125130
170013, 123635
192923, 123635
202835, 123635
212551, 123635
228000, 123635
231057, 123635
236611, 123635
246702, 123635
247180, 123635
249718, 123635
249911, 123635
254392, 123635
255034, 123635
255485, 123635
261902, 123635
262732, 123635
263438, 123635
265309, 123635
266848, 123635
267026, 123635
267771, 123635
270364, 123635
272991, 123635
273646, 123635
276066, 123635
277619, 123635
278262, 123635
282378, 123635
284327, 123635
289778, 123635
293573, 123635
295844, 123635
73562, 122829
103564, 122829
112152, 122829
130516, 122829
143603, 122829
146451, 122829
159239, 122829
172388, 122829
181017, 122829
189624, 122829
214085, 122829
268953, 122829
226332, 119512
240825, 119512
187040, 116280
234312, 116280
237171, 116280
243682, 116280
248543, 116280
249140, 116280
259604, 116280
270054, 116280
271480, 116280
277141, 116280
280203, 116280
285549, 116280
287707, 116280
289631, 116280
293539, 116280
287882, 114524
290854, 114524
85202, 108375
105978, 108375
107609, 108375
107870, 108375
127568, 108375
132204, 108375
154677, 108375
156380, 108375
246994, 108375
249214, 108375
256102, 108375
269563, 108375
279272, 108375
293076, 108375
216184, 103768
292971, 103768
253784, 102776
107829, 94478
273651, 94478
110884, 89121
116160, 89121
170799, 89121
184727, 89121
218012, 89121
292393, 89121
76066, 83154
93702, 83154
100686, 83154
116979, 83154
139030, 83154
150008, 83154
232741, 83154
272838, 83154
275530, 83154
285562, 83154
287838, 83154
287854, 83154
292769, 83154
5566, 77296
7389, 77296
13586, 77296
19993, 77296
21455, 77296
22258, 77296
22290, 77296
62591, 77296
77890, 77296
40156, 77265
100405, 77265
223631, 77265
252897, 77265
22213, 76568
28494, 76568
81985, 76568
9216, 75964
11452, 75964
22341, 75964
23923, 75964
24907, 75964
49475, 75964
55720, 75964
19020, 75805
23121, 75805
12638, 75196
13987, 75196
17420, 75196
20616, 75196
88015, 75196
37598, 75144
59955, 75144
74427, 75144
49588, 75102
113037, 75102
189998, 75102
204860, 75102
286050, 75102
3062, 75051
9133, 75051
15121, 75051
15414, 75051
15490, 75051
16014, 75051
170777, 75051
15491, 74166
29470, 74043
31387, 74043
82880, 74043
126385, 74043
144162, 74043
280065, 73369
198556, 72857
223572, 72857
236490, 72857
89481, 72854
112982, 72854
70953, 72835
90389, 72835
33379, 72580
33614, 72580
36496, 72580
40433, 72580
42566, 72580
43039, 72580
43818, 72580
55270, 72580
62084, 72580
68941, 72580
69910, 72580
82217, 72580
82718, 72580
83773, 72580
115648, 72580
209738, 72580
256700, 72580
257268, 72580
265446, 72580
266004, 72580
26954, 72499
34008, 72499
65710, 72499
75853, 72499
79224, 72499
88136, 72499
115253, 72499
160056, 72499
47795, 72328
57445, 72328
65316, 72328
45492, 72188
49810, 72188
66120, 72188
66756, 72188
66946, 72188
74624, 72188
75643, 72188
78588, 72188
103712, 72188
116187, 72188
122643, 72188
122680, 72188
130930, 72188
147324, 72188
148075, 72188
152096, 72188
181641, 72188
226714, 72188
251886, 72188
35443, 72132
19481, 72129
51307, 72129
61426, 72129
127705, 72129
129378, 72129
242265, 72129
27576, 72120
24152, 71912
30326, 71912
32662, 71912
33520, 71912
37110, 71912
39327, 71912
39500, 71912
42063, 71912
48343, 71912
52499, 71912
55304, 71912
64810, 71912
65431, 71912
67355, 71912
68628, 71912
68689, 71912
70310, 71912
75859, 71912
77059, 71912
87095, 71912
88602, 71912
96130, 71912
97137, 71912
98360, 71912
98522, 71912
126942, 71912
144011, 71912
159213, 71912
166546, 71912
215763, 71912
219695, 71912
226121, 71912
241758, 71912
257453, 71912
291374, 71912
199233, 71617
2082, 71399
3472, 71399
113301, 71302
119999, 71302
130593, 71302
132884, 71302
136982, 71302
147867, 71302
159791, 71302
215579, 71302
274871, 71302
285841, 71302
68769, 71169
78193, 71169
82971, 71169
88715, 71169
90837, 71169
148809, 71169
150306, 71169
166574, 71169
171949, 71169
182333, 71169
182965, 71169
191566, 71169
218372, 71169
156282, 71166
195374, 71166
210613, 71166
215188, 71166
223351, 71166
223408, 71166
246614, 71166
255234, 71166
255992, 71166
272003, 71166
277798, 71166
279430, 71166
285745, 71166
90934, 71111
110686, 71111
129458, 71111
137969, 71111
161131, 71111
163277, 71111
163415, 71111
171573, 71111
201404, 71111
224618, 71111
236604, 71111
269781, 71111
247328, 70993
276535, 70993
283699, 70993
1174, 70948
7706, 70948
34107, 70948
53029, 70948
72061, 70948
72527, 70948
91355, 70948
101978, 70948
120691, 70948
190707, 70948
194087, 70948
199641, 70817
103703, 70692
292520, 70692
108198, 70538
149636, 70538
161244, 70538
166233, 70538
192358, 70538
195798, 70538
206701, 70538
211582, 70538
220886, 70538
39037, 70348
115404, 70348
133786, 70348
136537, 70348
150709, 70348
170971, 70348
212812, 70348
217323, 70348
221137, 70348
268157, 70348
285046, 70348
154138, 69647
186783, 69647
197334, 69647
274326, 69647
147969, 69578
156406, 69578
163460, 69578
171522, 69578
173017, 69578
184148, 69578
188947, 69578
189839, 69578
198448, 69578
200146, 69578
202171, 69578
211500, 69578
213312, 69578
228149, 69578
243407, 69578
276918, 69578
129297, 69306
136949, 69306
152809, 69306
201138, 69306
219031, 69306
85072, 69269
128733, 69269
151808, 69269
210680, 69269
245697, 69269
248421, 69269
266966, 69269
276777, 69269
287063, 69269
79204, 69212
120049, 69212
122428, 69212
150150, 69212
176250, 69212
167449, 68947
227318, 68947
229907, 68947
232994, 68947
242128, 68947
263361, 68947
264968, 68947
284187, 68947
284605, 68947
100939, 68657
6259, 68636
81082, 68636
85186, 68636
140380, 68636
192507, 68636
183813, 68585
78228, 68524
95788, 68338
150387, 68338
160437, 68338
185292, 68338
225669, 68338
269988, 68338
296445, 68338
61784, 68321
67394, 68321
69537, 68321
77163, 68321
88833, 68321
181271, 68321
217668, 68321
256670, 68321
85032, 68198
510, 67909
125163, 67799
139696, 67799
140735, 67799
144086, 67799
148546, 67799
157609, 67799
190629, 67799
192698, 67799
202147, 67799
216201, 67799
220375, 67799
238834, 67799
87290, 67289
140665, 67289
144409, 67289
149381, 67289
162010, 67289
178837, 67289
182746, 67289
287888, 66865
295572, 66865
78276, 66813
249354, 66813
249653, 66813
150187, 66790
32387, 66757
78185, 66757
86423, 66757
92920, 66757
102974, 66757
114869, 66757
145819, 66757
182997, 66757
198713, 66757
230545, 66757
251526, 66757
125570, 66564
145903, 66237
181921, 66237
189409, 66237
217705, 66237
231508, 66237
244288, 66237
254884, 66237
281341, 66237
285898, 66237
16909, 66005
36367, 66005
41975, 66005
52919, 66005
53175, 66005
53366, 66005
58155, 66005
76916, 66005
77716, 66005
78395, 66005
86780, 66005
105534, 66005
108549, 66005
138364, 66005
140711, 66005
145985, 66005
149063, 66005
160565, 66005
162352, 66005
163606, 66005
177894, 66005
179110, 66005
188105, 66005
194074, 66005
205814, 66005
217736, 66005
230012, 66005
234748, 66005
249188, 66005
258833, 66005
284095, 66005
185067, 64756
272538, 64756
275584, 64756
282262, 64756
73420, 64720
77928, 64720
15369, 64371
39216, 63909
135681, 63909
162878, 63909
119617, 63657
288085, 63031
82028, 62960
204677, 62692
115733, 62600
179527, 62434
7113, 62406
33444, 62406
120059, 61949
8189, 60665
56185, 60665
85937, 60665
87402, 60665
146057, 60665
167626, 60665
73375, 59490
189894, 59490
277349, 57795
21978, 56583
50250, 56563
78137, 56485
18458, 56421
129085, 56398
145143, 55868
166135, 55083
235355, 55083
267634, 55083
17377, 54522
131448, 44954
170326, 44913
117449, 36995
55219, 34765
12730, 34407
63387, 34407
112165, 34407
13500, 34051
56204, 34051
64521, 34051
76056, 34051
128059, 34051
19130, 33995
31533, 33995
44752, 33995
55466, 33995
61682, 33995
68478, 33995
89931, 33995
95110, 33995
97015, 33995
118868, 33995
124595, 33995
130428, 33995
135683, 33995
137985, 33995
166977, 33995
172687, 33995
173483, 33995
176629, 33995
184225, 33995
214221, 33995
220801, 33995
258274, 33995
261064, 33995
262682, 33995
282310, 33995
19036, 33971
25644, 33971
26348, 33971
29025, 33971
30068, 33971
38470, 33971
42690, 33971
43863, 33971
59814, 33971
91093, 33971
98225, 33971
107467, 33971
120818, 33971
128380, 33971
130977, 33971
137253, 33971
139156, 33971
148661, 33971
155518, 33971
167555, 33971
177452, 33971
178127, 33971
183833, 33971
184228, 33971
184570, 33971
215185, 33971
226182, 33971
276413, 33971
292003, 33971
13217, 33821
15458, 33821
23627, 33821
39076, 33821
49407, 33821
59461, 33821
81525, 33821
82021, 33821
82760, 33821
88168, 33821
118832, 33821
167574, 33821
168526, 33821
184609, 33821
125644, 33643
197708, 33643
209824, 33489
17583, 33369
31032, 33369
46572, 33369
56132, 33369
65573, 33369
85406, 33369
85653, 33369
86923, 33369
104144, 33369
122067, 33369
127475, 33369
134377, 33369
141489, 33369
155348, 33369
188849, 33369
210125, 33369
218907, 33369
220223, 33369
230299, 33369
246654, 33369
288226, 33369
20649, 33298
29984, 33298
46871, 33298
85078, 33298
228391, 33298
255717, 33298
149387, 33285
151492, 33285
255082, 33285
261739, 33285
244620, 33050
20407, 32642
26797, 32642
41551, 32642
41897, 32642
66040, 32642
69232, 32642
124273, 32642
165916, 32642
166749, 32642
185085, 32642
193531, 32642
200585, 32642
204263, 32642
219427, 32642
245710, 32642
251819, 32642
219194, 31502
294, 30726
196423, 30704
231435, 30704
54233, 30601
192464, 29944
280554, 29609
20275, 29368
39566, 27393
15063, 27283
16327, 27283
141742, 27283
201555, 27283
241186, 27283
264179, 27283
18033, 27263
19009, 27263
44877, 27263
50104, 27263
56117, 27263
251, 27256
36975, 27168
94764, 27168
14643, 27130
27278, 27130
36840, 27130
40525, 27130
43708, 27130
60933, 27130
71825, 27130
96270, 27130
115057, 27130
164498, 27130
173312, 27130
251075, 26868
24224, 26691
28328, 26691
34559, 26691
36676, 26691
56489, 26691
66169, 26691
81451, 26691
154113, 26691
92393, 26625
42980, 26587
16138, 26464
27798, 26464
60093, 26464
82528, 26464
100943, 26464
150997, 26464
194937, 26464
293396, 26464
30685, 26343
65306, 26343
71072, 26343
77901, 26343
111282, 26343
140316, 26343
144769, 26343
150106, 26343
153644, 26343
155088, 26343
203543, 26343
205219, 26343
254280, 26343
293246, 26343
120724, 26112
69592, 26101
78782, 26101
89210, 26101
96930, 26101
111380, 26101
121760, 26101
138782, 26101
148519, 26101
148970, 26101
158797, 26101
174216, 26101
204164, 26101
204210, 26101
210145, 26101
211696, 26101
213532, 26101
237994, 26101
247802, 26101
255533, 26101
265220, 26101
279525, 26101
279729, 26101
281081, 26101
73814, 26076
52, 26061
627, 26025
148742, 25446
122427, 25374
219767, 25374
223563, 25374
10175, 24387
166051, 24162
52339, 24038
63689, 24038
118723, 24038
129439, 24038
262170, 23780
133302, 23141
67804, 22911
30671, 22490
178144, 22209
229785, 21956
256964, 21956
63337, 21722
559, 21578
134767, 21230
83769, 21168
91370, 20596
101550, 20439
129759, 20439
134289, 20439
138510, 20439
168868, 20439
169733, 20439
174807, 20439
266699, 20439
268299, 20439
287879, 20439
20348, 20102
109542, 19168
273901, 19168
141797, 16887
39492, 15797
45058, 15797
46316, 15797
73975, 15797
101390, 15797
106512, 15797
107749, 15797
122816, 15797
144221, 15797
166277, 15797
174831, 15797
289826, 15797
288378, 15732
146208, 15699
197801, 15699
209797, 15699
216424, 15699
279990, 15640
2038, 15069
256706, 13121
83633, 11701
158150, 11211
68948, 9518
133138, 9518
102531, 8404
130182, 8404
82147, 8350
98005, 8350
102346, 8350
109734, 8350
211120, 8210
66680, 8177
94110, 8177
158944, 8177
203809, 8177
231424, 8177
231426, 8177
235653, 8177
274310, 8177
111390, 8125
176565, 8107
132725, 8056
28029, 7986
44077, 7910
156975, 7789
51106, 7787
20858, 7738
80663, 7725
117581, 7725
153831, 7725
184116, 7689
54878, 7673
25317, 7353
168841, 7321
242182, 7321
44150, 7226
42041, 7203
50363, 7203
56055, 7203
60440, 7203
172278, 7203
281040, 7203
71781, 7166
95341, 7166
104937, 7166
110284, 7166
113643, 7166
114967, 7166
117084, 7166
121037, 7166
124204, 7166
127451, 7166
135034, 7166
140576, 7166
141241, 7166
145206, 7166
146007, 7166
149318, 7166
154333, 7166
202234, 7166
216100, 7166
233606, 7166
245509, 7166
265106, 7166
181226, 7077
53725, 7058
69600, 7058
160038, 6652
173087, 6652
229582, 6652
233616, 6652
243738, 6652
278883, 6652
21583, 6605
31479, 6605
36842, 6531
237208, 6508
160797, 6458
188142, 6458
195307, 6458
28542, 6455
35192, 6452
48222, 6452
99506, 6419
115630, 6419
122785, 6419
124291, 6419
128179, 6419
134389, 6419
136718, 6419
139412, 6419
143581, 6419
149905, 6419
151114, 6419
153540, 6419
156432, 6419
167673, 6419
191204, 6419
194772, 6419
213101, 6419
217301, 6419
242419, 6419
268485, 6419
281953, 6419
282454, 6419
102282, 6393
195256, 6393
199236, 6393
44432, 6216
40033, 6206
51062, 6206
61991, 6206
70517, 6206
98601, 6206
115103, 6206
140826, 6206
141062, 6206
145724, 6206
177696, 6206
179913, 6206
182555, 6206
189134, 6206
192663, 6206
210609, 6206
213352, 6206
213605, 6206
222678, 6206
224222, 6206
224926, 6206
226006, 6206
236748, 6206
242715, 6206
249748, 6206
254236, 6206
255843, 6206
262006, 6206
262458, 6206
262648, 6206
271134, 6206
275705, 6206
283407, 6206
283735, 6206
145020, 6186
157338, 6186
239034, 6186
268458, 6186
166337, 6134
26890, 6128
52596, 6128
56070, 6128
68794, 6128
75147, 6128
78603, 6128
94389, 6128
100932, 6128
109930, 6128
116087, 6128
124813, 6128
134460, 6128
142153, 6128
143463, 6128
146018, 6128
150494, 6128
155776, 6128
157653, 6128
160215, 6128
170548, 6128
195796, 6128
226164, 6128
226915, 6128
229493, 6128
232064, 6128
242733, 6128
255246, 6128
270702, 6128
289641, 6128
64361, 6068
35637, 6062
42087, 6057
44666, 6057
57480, 6057
65740, 6057
89641, 6057
97647, 6057
150148, 6057
151476, 6057
245726, 6057
254500, 6057
282504, 6057
199080, 6051
179367, 6048
239742, 6048
178816, 6046
192554, 6046
225555, 6046
261815, 6046
264515, 6046
110461, 6033
129346, 6033
190891, 6033
195011, 6033
210496, 6015
41723, 6012
171100, 5996
8170, 5959
17334, 5959
17804, 5959
21846, 5959
42333, 5959
47250, 5959
52046, 5959
61960, 5959
71803, 5959
80838, 5959
97708, 5959
109039, 5959
109940, 5959
111371, 5959
123027, 5959
126449, 5959
133087, 5959
135889, 5959
138957, 5959
161227, 5959
164082, 5959
164612, 5959
165264, 5959
174690, 5959
181303, 5959
191194, 5959
202193, 5959
210354, 5959
212008, 5959
218359, 5959
227339, 5959
235911, 5959
244426, 5959
247258, 5959
250771, 5959
252231, 5959
255823, 5959
263111, 5959
269574, 5959
273726, 5959
278376, 5959
288682, 5959
289659, 5959
55973, 5956
181042, 5956
264576, 5956
272129, 5956
278150, 5956
176872, 5949
248479, 5949
259312, 5949
98481, 5941
154227, 5941
165705, 5941
193618, 5941
199176, 5929
143658, 5923
267224, 5922
194450, 5901
24494, 5883
44554, 5883
44892, 5883
54897, 5883
75954, 5883
87007, 5877
41343, 5871
62325, 5853
159387, 5816
166312, 5811
203487, 5811
269166, 5811
276564, 5811
276985, 5811
278118, 5811
69702, 5798
69906, 5798
146097, 5798
147573, 5798
147818, 5798
148887, 5798
150018, 5798
151523, 5798
156701, 5798
157339, 5798
159794, 5798
167198, 5798
175357, 5798
181800, 5798
182350, 5798
182864, 5798
186328, 5798
186545, 5798
191170, 5798
193802, 5798
194334, 5798
198938, 5798
199040, 5798
205791, 5798
216639, 5798
222588, 5798
224724, 5798
228424, 5798
233063, 5798
234483, 5798
237556, 5798
241318, 5798
241702, 5798
242989, 5798
245588, 5798
248414, 5798
248994, 5798
254090, 5798
256083, 5798
257694, 5798
260594, 5798
261635, 5798
261693, 5798
261844, 5798
266091, 5798
270006, 5798
274948, 5798
275440, 5798
275502, 5798
276810, 5798
277925, 5798
278423, 5798
283506, 5798
284198, 5798
284759, 5798
286919, 5798
287977, 5798
291852, 5798
293855, 5798
294327, 5798
295244, 5798
33402, 5792
54988, 5792
144677, 5790
62063, 5723
84906, 5723
109165, 5723
132087, 5723
167501, 5723
221253, 5723
233207, 5723
241479, 5723
248341, 5723
65220, 5698
30709, 5695
62670, 5689
86069, 5655
123660, 5606
156843, 5606
157160, 5606
166558, 5606
172651, 5606
178191, 5606
183148, 5606
184367, 5606
187569, 5606
227402, 5606
228444, 5606
237901, 5606
238404, 5606
239120, 5606
241959, 5606
247330, 5606
265128, 5606
270058, 5606
283329, 5606
289585, 5606
176387, 5547
200668, 5547
218593, 5475
36293, 5303
33428, 5297
199324, 5275
273240, 5192
43999, 5146
106588, 5124
67500, 5096
179956, 5082
239923, 5082
276903, 5082
60500, 5049
70104, 5049
152626, 5049
205225, 5049
241942, 5049
269506, 5049
27345, 5037
127969, 5037
98263, 5022
97814, 5021
181500, 5013
77150, 5007
33247, 4975
16870, 4877
14879, 4846
22965, 4839
32526, 4780
82009, 4689
10627, 4682
88508, 4680
18298, 4675
25351, 4653
26091, 4653
184793, 4615
12081, 4607
116378, 4582
5382, 4484
201886, 4484
201509, 4483
216282, 4483
22574, 4440
242159, 4219
242848, 4206
280805, 4206
26927, 4199
26606, 4170
11293, 4114
106258, 4114
35672, 4105
257334, 4099
21720, 4083
69131, 4083
26646, 3883
115275, 3772
19390, 3731
28563, 3731
40601, 3731
40652, 3731
43210, 3731
168309, 3448
116026, 3421
77399, 3415
16390, 3401
28378, 3389
26169, 3376
282934, 3349
153624, 3338
296080, 3231
33044, 3218
58715, 3218
114122, 3218
138403, 3218
222366, 3218
253636, 3218
283874, 3218
127945, 3191
129472, 3191
135370, 3191
170683, 3191
179842, 3191
215601, 3191
55234, 3182
68005, 3182
126912, 3182
170815, 3182
184996, 3157
184200, 3079
7508, 3049
2862, 3012
7712, 3012
11181, 3012
18526, 3012
22257, 3012
26614, 3012
29965, 3012
33387, 3012
42949, 3012
47727, 3012
57486, 3012
73478, 3012
77141, 3012
115507, 3012
135138, 3012
224590, 3012
228891, 3012
7719, 2978
18438, 2978
33818, 2962
54339, 2962
56048, 2962
67380, 2962
133422, 2962
139517, 2962
152993, 2930
153479, 2930
187913, 2930
600, 2928
4344, 2928
36823, 2919
15778, 2893
14831, 2861
61399, 2846
88699, 2816
60549, 2770
13992, 2768
231145, 2762
98903, 2754
159372, 2705
190418, 2705
119625, 2701
130025, 2659
156805, 2653
180596, 2653
206889, 2653
219610, 2653
286624, 2653
246319, 2593
55370, 2576
24562, 2542
37766, 2504
49019, 2504
49461, 2504
23968, 2500
32888, 2455
98708, 2455
181827, 2455
189172, 2455
214456, 2455
230361, 2455
23916, 2443
29618, 2443
36232, 2443
67119, 2443
88530, 2443
90180, 2443
80958, 2432
85418, 2432
154195, 2432
240833, 2432
276580, 2432
293035, 2432
268222, 2423
157890, 2400
170097, 2400
183153, 2400
105616, 2369
182196, 2369
222085, 2369
222305, 2369
75645, 2345
272133, 2341
296333, 2341
26802, 2323
49435, 2323
107240, 2323
111600, 2323
129404, 2323
200773, 2323
210370, 2323
268005, 2323
289228, 2323
120479, 2308
126862, 2307
203033, 2307
281257, 2307
55228, 2306
92660, 2306
120464, 2306
202775, 2306
75719, 2304
83160, 2304
109731, 2304
109820, 2304
201800, 2304
232035, 2304
247218, 2304
255543, 2304
277404, 2304
280995, 2304
30050, 2303
96710, 2303
150833, 2303
228887, 2301
230632, 2299
78216, 2255
126920, 2255
128017, 2255
181542, 2255
266463, 2242
24293, 2240
43519, 2240
55307, 2240
68617, 2240
277212, 2237
172680, 2234
221538, 2234
110142, 2228
111792, 2227
98305, 2217
165554, 2215
256680, 2215
120529, 2212
16977, 2209
252664, 2209
261483, 2209
240038, 2203
213753, 2201
237751, 2201
243046, 2201
283486, 2201
131121, 2196
134691, 2196
205539, 2196
242145, 2196
151981, 2195
178538, 2195
251210, 2195
280311, 2195
58985, 2194
82485, 2194
155608, 2192
218327, 2192
236361, 2192
237478, 2192
66052, 2191
100797, 2191
104679, 2191
110963, 2191
117902, 2191
136378, 2191
151367, 2191
157323, 2191
157798, 2191
176214, 2191
178534, 2191
188554, 2191
190762, 2191
211154, 2191
218949, 2191
220384, 2191
33245, 2188
93312, 2188
102915, 2188
118215, 2188
130907, 2188
145166, 2188
145793, 2188
165192, 2188
165895, 2188
224510, 2188
113431, 2186
131257, 2186
182942, 2186
55592, 2184
87354, 2184
92540, 2184
123018, 2184
146195, 2184
167519, 2184
171313, 2184
200926, 2184
205798, 2184
227347, 2184
237356, 2184
238315, 2184
240587, 2184
258737, 2184
284734, 2184
174956, 2178
177620, 2178
217160, 2178
232129, 2178
56344, 2174
69664, 2174
238489, 2174
121416, 2169
177642, 2169
197461, 2169
209555, 2169
221325, 2169
235818, 2169
237322, 2169
251352, 2169
254636, 2169
270001, 2169
270346, 2169
278413, 2169
291200, 2169
208498, 2167
218522, 2167
154511, 2163
163328, 2163
204880, 2163
222899, 2163
286792, 2163
41459, 2149
95224, 2149
201879, 2149
277775, 2149
280662, 2149
240227, 2148
70163, 2143
157820, 2143
213904, 2141
230867, 2139
243325, 2135
52450, 2133
64976, 2133
66885, 2133
67421, 2133
142705, 2133
144581, 2133
148705, 2133
162668, 2133
168026, 2133
207082, 2133
255746, 2133
288715, 2133
292731, 2133
71726, 2128
164800, 2128
227700, 2128
238976, 2128
284036, 2128
26424, 2123
30700, 2123
40853, 2123
54158, 2123
68841, 2123
91561, 2123
105507, 2119
118601, 2119
140253, 2119
206858, 2119
227280, 2119
130638, 2109
178245, 2109
213580, 2109
290893, 2109
59995, 2107
142319, 2107
15243, 2105
48587, 2105
105545, 2105
111411, 2105
122562, 2105
123639, 2105
135525, 2105
141727, 2105
144116, 2105
144205, 2105
146586, 2105
154276, 2105
162953, 2105
176526, 2105
195025, 2105
206576, 2105
243202, 2105
256565, 2105
152627, 2098
159528, 2098
219915, 2098
43913, 2093
76471, 2093
82047, 2093
89739, 2093
98589, 2093
114133, 2093
163120, 2093
171663, 2093
179277, 2093
190369, 2093
203426, 2093
260255, 2093
281089, 2093
231922, 2092
28136, 2087
38129, 2087
72822, 2087
92375, 2087
105854, 2087
112349, 2087
155118, 2087
179191, 2087
181793, 2087
183000, 2087
194206, 2087
196994, 2087
218857, 2087
222569, 2087
229240, 2087
231747, 2087
232452, 2087
239605, 2087
244395, 2087
266962, 2087
271069, 2087
275296, 2087
276511, 2087
279218, 2087
284469, 2087
285614, 2087
292742, 2087
93799, 2078
200209, 2077
177187, 2075
71899, 2074
93433, 2074
113232, 2074
141829, 2074
157257, 2074
282019, 2074
250307, 2064
24715, 2063
113792, 2063
160598, 2063
171335, 2063
188564, 2063
188787, 2063
207514, 2063
210614, 2063
262142, 2063
267612, 2063
275660, 2063
279421, 2063
287098, 2063
106885, 2060
120940, 2060
215860, 2060
230707, 2060
241313, 2060
257343, 2060
288287, 2060
292989, 2060
38168, 2057
117949, 2057
215318, 2057
260510, 2057
276132, 2057
73790, 2051
236840, 2051
208972, 2046
55642, 2045
56641, 2045
96446, 2045
112531, 2045
124694, 2045
139328, 2045
160800, 2045
235384, 2045
284423, 2045
172101, 2041
232804, 2041
246800, 2041
88865, 2039
175501, 2038
158943, 2035
59455, 2034
107779, 2034
135585, 2034
158177, 2034
160327, 2034
184583, 2034
185721, 2034
185861, 2034
207754, 2034
212045, 2034
215199, 2034
232463, 2034
237091, 2034
242055, 2034
243474, 2034
246989, 2034
248711, 2034
249595, 2034
257541, 2034
266879, 2034
289048, 2034
119915, 2029
184360, 2029
240148, 2029
83231, 2026
116092, 2022
196030, 2022
13387, 2019
75976, 2019
133968, 2019
141462, 2019
220887, 2019
245157, 2019
252685, 2019
294226, 2019
256086, 2017
31208, 2014
33435, 2014
46691, 2014
63573, 2011
120028, 2011
157172, 2011
249186, 2011
98415, 1984
118766, 1984
140137, 1984
187315, 1984
214428, 1984
277392, 1984
295692, 1984
171521, 1977
174170, 1977
68311, 1971
153673, 1971
73768, 1969
189542, 1963
204508, 1963
73442, 1961
80932, 1961
104591, 1961
127730, 1961
142294, 1961
160136, 1961
174582, 1961
60252, 1959
238068, 1959
263952, 1959
296417, 1959
246486, 1955
293802, 1955
117943, 1954
118945, 1954
125672, 1954
205345, 1944
29942, 1942
291048, 1938
40091, 1932
50046, 1932
63920, 1932
175271, 1932
227790, 1932
279826, 1932
88083, 1926
126925, 1926
217954, 1923
199021, 1920
137365, 1917
225143, 1917
36601, 1915
254865, 1915
76611, 1910
87226, 1910
136016, 1910
139453, 1910
163524, 1910
167137, 1910
212535, 1910
246919, 1910
294519, 1910
29814, 1908
111702, 1908
124850, 1908
128608, 1908
175559, 1908
228845, 1908
242811, 1908
280339, 1905
285824, 1905
176351, 1902
229660, 1902
32784, 1901
92564, 1901
130613, 1901
229549, 1901
232793, 1901
255013, 1901
257597, 1901
46608, 1900
96754, 1900
176264, 1900
209392, 1900
130252, 1899
95764, 1898
172473, 1898
279570, 1898
279750, 1898
87812, 1895
30264, 1890
51141, 1890
79804, 1890
82715, 1890
86295, 1890
56042, 1889
203705, 1889
35979, 1888
145622, 1888
125591, 1884
129879, 1884
140237, 1884
144878, 1884
145450, 1884
149811, 1884
153399, 1884
155994, 1884
158639, 1884
164506, 1884
168531, 1884
168632, 1884
169348, 1884
205882, 1884
206892, 1884
219770, 1884
223105, 1884
280305, 1884
268725, 1874
48241, 1869
221597, 1869
244175, 1869
264327, 1869
267327, 1869
156866, 1866
207381, 1866
28873, 1865
120568, 1865
148402, 1865
163489, 1865
197044, 1865
212771, 1865
224067, 1865
247718, 1865
251263, 1865
263142, 1865
263280, 1865
277354, 1865
280169, 1865
33711, 1862
159515, 1862
7757, 1856
259308, 1856
262325, 1856
264581, 1856
222332, 1852
104059, 1851
179348, 1851
199471, 1851
211961, 1851
226973, 1851
99398, 1847
146601, 1847
194032, 1847
196787, 1847
226954, 1847
245095, 1847
245339, 1847
263594, 1847
283035, 1847
287807, 1847
293890, 1847
105115, 1846
153254, 1843
53792, 1841
129092, 1841
144170, 1841
215424, 1841
284776, 1841
78780, 1837
182157, 1837
7307, 1834
11729, 1834
41277, 1834
237939, 1834
224991, 1829
48342, 1826
60023, 1826
73904, 1826
75012, 1826
81044, 1826
86104, 1826
88389, 1826
100709, 1826
101078, 1826
103569, 1826
110028, 1826
113975, 1826
122686, 1826
125510, 1826
126161, 1826
143135, 1826
145381, 1826
157521, 1826
157795, 1826
165783, 1826
175071, 1826
184858, 1826
203704, 1826
208639, 1826
212956, 1826
228569, 1826
231360, 1826
236379, 1826
244193, 1826
245737, 1826
247789, 1826
249342, 1826
290677, 1826
115435, 1825
154770, 1825
188603, 1825
160078, 1824
64921, 1823
115656, 1823
273459, 1823
46420, 1819
69658, 1818
78067, 1818
88296, 1818
108014, 1818
108839, 1818
111584, 1818
120972, 1818
121913, 1818
122320, 1818
133809, 1818
134515, 1818
147984, 1818
152368, 1818
156210, 1818
162600, 1818
181176, 1818
195850, 1818
207286, 1818
245836, 1818
263401, 1818
170120, 1816
291439, 1816
272475, 1813
165633, 1811
86500, 1807
172444, 1807
235289, 1807
266577, 1807
198376, 1806
56813, 1804
120889, 1804
237992, 1804
28765, 1803
65199, 1803
19764, 1801
132375, 1800
173682, 1800
209171, 1800
222864, 1800
237002, 1800
270893, 1800
286822, 1800
107686, 1798
114005, 1798
163104, 1798
264520, 1798
159638, 1790
266674, 1790
101239, 1788
108230, 1788
191166, 1788
206266, 1788
194724, 1785
91089, 1779
47734, 1775
53910, 1775
81672, 1775
176800, 1775
208635, 1775
267249, 1775
193737, 1774
250031, 1774
258198, 1774
263976, 1774
160374, 1771
11284, 1770
20027, 1770
56220, 1770
63877, 1770
71478, 1770
84094, 1770
141010, 1770
144389, 1770
221469, 1770
226741, 1770
242316, 1770
24987, 1767
50713, 1767
194866, 1767
226158, 1767
262883, 1767
294336, 1767
89841, 1766
101868, 1766
177087, 1766
256741, 1766
233005, 1764
7691, 1762
148706, 1762
283562, 1762
9708, 1761
15273, 1761
20458, 1761
69220, 1761
77707, 1761
84822, 1761
107769, 1761
109237, 1761
128226, 1761
168482, 1761
174800, 1761
175911, 1761
177559, 1761
186445, 1761
189274, 1761
202911, 1761
224288, 1761
159534, 1760
195111, 1760
214706, 1760
226209, 1760
245273, 1760
276562, 1760
185965, 1757
193717, 1757
194981, 1757
210791, 1757
213782, 1755
221856, 1755
267337, 1755
172693, 1751
184966, 1749
194977, 1749
258630, 1749
282375, 1749
290704, 1749
256758, 1748
169616, 1744
277780, 1744
89272, 1738
106826, 1738
129116, 1738
154450, 1738
180319, 1738
270263, 1738
272013, 1738
292211, 1738
178078, 1733
203585, 1733
20556, 1731
92872, 1731
160715, 1731
192400, 1731
211024, 1731
226782, 1731
243674, 1731
69900, 1726
9489, 1725
113829, 1725
128817, 1725
144030, 1716
162106, 1716
228512, 1716
242295, 1716
105583, 1715
24629, 1710
34024, 1710
59678, 1710
72273, 1710
186002, 1710
195987, 1710
270924, 1710
43515, 1706
60125, 1706
130737, 1706
146710, 1706
156759, 1706
211731, 1706
247478, 1706
248902, 1706
259139, 1706
133606, 1704
232066, 1702
28574, 1699
194762, 1699
195086, 1699
199691, 1699
209729, 1699
235483, 1699
240620, 1699
274108, 1699
278919, 1699
286318, 1699
286610, 1697
182912, 1696
20695, 1695
91397, 1695
136872, 1695
50061, 1694
246322, 1694
262123, 1694
30067, 1689
36277, 1689
58237, 1689
61108, 1689
73315, 1689
74695, 1689
74702, 1689
100906, 1689
109344, 1689
112688, 1689
118426, 1689
129231, 1689
171815, 1689
104042, 1688
128715, 1688
166570, 1688
172761, 1688
179973, 1688
190365, 1688
211250, 1688
96362, 1687
145053, 1687
153423, 1687
235912, 1687
254760, 1687
264245, 1687
268342, 1687
18503, 1683
26842, 1683
287399, 1681
220764, 1675
285169, 1670
109271, 1669
267669, 1669
119370, 1668
137190, 1668
192682, 1661
223876, 1661
11153, 1659
47089, 1659
180576, 1659
195248, 1659
276103, 1659
69840, 1654
102475, 1654
17723, 1653
24998, 1653
109760, 1653
131555, 1653
153840, 1653
212060, 1653
281997, 1653
114982, 1651
68365, 1650
121463, 1650
184958, 1650
37834, 1648
44611, 1648
62982, 1648
69796, 1648
83260, 1648
126081, 1648
144352, 1648
146781, 1648
188747, 1648
239504, 1648
287300, 1648
289158, 1648
198059, 1646
53898, 1643
160000, 1643
178442, 1643
190294, 1643
208487, 1643
222448, 1643
106117, 1642
130476, 1642
152947, 1642
156834, 1642
167778, 1642
204498, 1642
219416, 1642
219548, 1642
236281, 1642
249689, 1642
274286, 1642
5372, 1641
35947, 1641
74691, 1641
135430, 1641
141437, 1641
144244, 1641
168744, 1641
176744, 1641
182659, 1641
197267, 1641
199154, 1641
199544, 1641
227702, 1641
234381, 1641
235364, 1641
238306, 1641
244567, 1641
258425, 1641
264402, 1641
266464, 1641
275141, 1641
276409, 1641
288843, 1641
289601, 1641
51759, 1640
44950, 1639
143035, 1639
219587, 1639
99203, 1637
14082, 1636
32901, 1636
53441, 1636
96919, 1636
285224, 1636
25300, 1634
71345, 1634
91773, 1634
121341, 1634
130939, 1634
277793, 1634
39618, 1633
50929, 1633
66916, 1633
86891, 1633
107271, 1633
108187, 1633
110638, 1633
119193, 1633
139364, 1633
171514, 1633
190260, 1633
191286, 1633
192240, 1633
204896, 1633
212173, 1633
233590, 1633
244037, 1633
257426, 1633
279720, 1633
121020, 1631
218142, 1631
82184, 1630
129654, 1630
175338, 1630
197085, 1630
212245, 1630
31975, 1629
70236, 1629
79245, 1629
90391, 1629
103552, 1629
104913, 1629
109367, 1629
138021, 1629
167506, 1629
171623, 1629
178286, 1629
182681, 1629
189997, 1629
244171, 1629
244617, 1629
249683, 1629
268361, 1629
272178, 1629
273155, 1629
280036, 1629
290025, 1629
295208, 1629
279703, 1628
289748, 1626
45582, 1625
53211, 1625
103519, 1625
108136, 1625
115550, 1625
166568, 1625
198908, 1625
202440, 1625
275941, 1625
75746, 1623
167376, 1623
179853, 1623
182972, 1623
183217, 1623
207847, 1623
234241, 1623
235416, 1623
261665, 1623
281115, 1623
32777, 1620
84519, 1620
9983, 1618
86116, 1618
111517, 1618
197504, 1618
210333, 1618
127080, 1617
206896, 1617
243784, 1617
266040, 1617
279715, 1617
29706, 1616
50193, 1616
82138, 1616
101135, 1616
118419, 1616
125301, 1616
215129, 1616
292426, 1616
41783, 1614
73099, 1614
89064, 1614
113486, 1614
127930, 1614
140513, 1614
141138, 1614
178481, 1614
187171, 1614
188804, 1614
191220, 1614
203764, 1614
233317, 1614
248701, 1614
251690, 1614
261791, 1614
275900, 1614
280708, 1614
4741, 1612
55313, 1612
65873, 1612
83679, 1612
126613, 1612
273427, 1612
180357, 1611
25495, 1610
30288, 1610
69152, 1610
92091, 1610
93364, 1610
87325, 1609
106064, 1609
109418, 1609
138134, 1609
243230, 1609
21725, 1604
23076, 1604
26620, 1604
36973, 1604
37374, 1604
53847, 1604
63559, 1604
64663, 1604
66527, 1604
67002, 1604
72695, 1604
79664, 1604
85830, 1604
91566, 1604
96013, 1604
96388, 1604
97369, 1604
97581, 1604
98565, 1604
104278, 1604
104509, 1604
104957, 1604
108018, 1604
108506, 1604
109243, 1604
110679, 1604
120655, 1604
140048, 1604
154901, 1604
225166, 1604
247589, 1604
145989, 1603
3704, 1600
13773, 1600
99629, 1600
163441, 1600
176865, 1600
184339, 1600
290942, 1600
2886, 1599
57814, 1599
105207, 1599
118552, 1599
122370, 1599
124763, 1599
125139, 1599
196506, 1599
224615, 1599
238516, 1599
238948, 1599
250925, 1599
251158, 1599
256847, 1599
285125, 1599
292861, 1599
293846, 1599
275017, 1598
57645, 1597
59974, 1597
73337, 1597
85134, 1597
98992, 1597
112722, 1597
114387, 1597
114463, 1597
127670, 1597
143199, 1597
173010, 1597
187268, 1597
205767, 1597
236088, 1597
263333, 1597
160094, 1596
244885, 1596
42136, 1594
76567, 1594
228175, 1594
231026, 1594
198814, 1593
103594, 1592
182625, 1592
233862, 1592
242406, 1592
288402, 1592
2679, 1590
64616, 1590
162988, 1590
99622, 1589
129686, 1584
225464, 1584
257443, 1584
59019, 1583
106939, 1583
164139, 1583
171427, 1583
180610, 1583
206026, 1583
242472, 1583
264194, 1583
283167, 1583
55391, 1580
56572, 1580
136806, 1580
12006, 1579
150972, 1579
189521, 1579
264811, 1579
117066, 1577
177608, 1577
146340, 1576
148497, 1576
190912, 1576
271083, 1574
125821, 1572
127199, 1572
145708, 1572
148221, 1572
179795, 1572
180098, 1572
227177, 1572
246510, 1572
271256, 1572
284812, 1572
58774, 1570
275252, 1570
125953, 1566
124481, 1565
228114, 1565
264636, 1565
132968, 1564
24466, 1563
77417, 1563
87376, 1563
44872, 1562
219167, 1562
98275, 1559
133518, 1559
31389, 1558
39172, 1558
69394, 1558
74171, 1558
83759, 1558
111011, 1558
117891, 1558
119247, 1558
121221, 1558
145219, 1558
148247, 1558
152535, 1558
165230, 1558
183667, 1558
189184, 1558
198416, 1558
261986, 1558
263278, 1558
266281, 1558
294422, 1558
51104, 1555
73973, 1555
86593, 1555
97602, 1555
128325, 1555
165620, 1555
203309, 1555
214370, 1555
238125, 1555
253563, 1555
259711, 1555
286253, 1555
295107, 1555
295517, 1555
3325, 1554
31869, 1553
43073, 1553
49893, 1553
141031, 1553
39307, 1551
110246, 1551
112739, 1551
206860, 1551
208523, 1551
260848, 1551
90799, 1550
93699, 1550
141290, 1550
175081, 1550
191414, 1550
279643, 1550
282076, 1550
289832, 1550
73771, 1548
206788, 1548
64236, 1545
117643, 1545
127122, 1545
132285, 1545
211461, 1545
254067, 1545
56611, 1544
76689, 1543
90497, 1543
102606, 1543
103178, 1543
104122, 1543
104881, 1543
107974, 1543
115906, 1543
116757, 1543
120578, 1543
133909, 1543
140827, 1543
146567, 1543
153916, 1543
155706, 1543
163766, 1543
179085, 1543
180772, 1543
181231, 1543
192027, 1543
195547, 1543
196276, 1543
197301, 1543
198508, 1543
213673, 1543
228602, 1543
231047, 1543
241981, 1543
247318, 1543
247422, 1543
251420, 1543
251581, 1543
253417, 1543
257727, 1543
268516, 1543
270577, 1543
280225, 1543
281393, 1543
282007, 1543
294184, 1543
213238, 1539
264113, 1539
186015, 1538
290464, 1535
116881, 1534
159306, 1534
185855, 1534
187049, 1534
232051, 1534
194298, 1533
204121, 1533
292068, 1532
79330, 1531
157857, 1526
242672, 1526
266807, 1526
85894, 1524
91273, 1524
133097, 1524
147407, 1524
150352, 1524
203414, 1524
7003, 1523
11806, 1523
23671, 1523
36310, 1523
60584, 1523
73958, 1523
81019, 1523
83621, 1523
90876, 1523
92275, 1523
98359, 1523
98891, 1523
104474, 1523
112013, 1523
124439, 1523
133474, 1523
137552, 1523
150146, 1523
150892, 1523
161781, 1523
166536, 1523
173460, 1523
176994, 1523
12847, 1522
80118, 1522
250915, 1522
39227, 1521
150794, 1521
171946, 1521
248066, 1521
265418, 1521
268781, 1521
292417, 1521
167168, 1520
188833, 1520
223023, 1520
16737, 1519
36005, 1519
44916, 1519
45700, 1519
46468, 1519
80640, 1519
99566, 1519
103849, 1519
115888, 1519
122259, 1519
129485, 1519
132848, 1519
134295, 1519
144807, 1519
146254, 1519
161498, 1519
167151, 1519
170008, 1519
170282, 1519
182286, 1519
182532, 1519
189669, 1519
194422, 1519
199146, 1519
199173, 1519
218507, 1519
219802, 1519
222498, 1519
222761, 1519
227430, 1519
233130, 1519
239678, 1519
241770, 1519
245227, 1519
248085, 1519
256438, 1519
262747, 1519
266458, 1519
270882, 1519
273920, 1519
275342, 1519
296487, 1519
296498, 1519
81289, 1513
101267, 1513
109992, 1513
113346, 1513
123299, 1513
127854, 1513
140522, 1513
147782, 1513
156832, 1513
158061, 1513
159587, 1513
175361, 1513
189292, 1513
193991, 1513
204154, 1513
212011, 1513
223897, 1513
230846, 1513
234400, 1513
240860, 1513
251315, 1513
264014, 1513
283850, 1513
197823, 1511
209687, 1511
242899, 1511
244129, 1511
249912, 1511
52823, 1510
57603, 1510
142689, 1509
7768, 1503
18773, 1503
29002, 1503
31421, 1503
49155, 1503
57521, 1503
58722, 1503
60622, 1503
72126, 1503
83676, 1503
88701, 1503
92696, 1503
112440, 1503
115843, 1503
121003, 1503
131934, 1503
139553, 1503
164856, 1503
177772, 1503
187713, 1503
199260, 1503
204225, 1503
206104, 1503
206284, 1503
206801, 1503
220794, 1503
224986, 1503
226497, 1503
238698, 1503
240274, 1503
242732, 1503
242937, 1503
254672, 1503
267703, 1503
269658, 1503
269896, 1503
279925, 1503
279939, 1503
284782, 1503
27311, 1498
247828, 1498
80896, 1496
171052, 1496
216834, 1496
87335, 1494
141060, 1494
42295, 1491
96812, 1491
28177, 1490
39408, 1490
239216, 1490
52300, 1488
96152, 1488
109520, 1488
126323, 1488
160877, 1488
194745, 1488
274880, 1488
285190, 1488
19433, 1487
64694, 1487
177809, 1487
190048, 1487
33599, 1485
90068, 1485
125256, 1485
185611, 1485
260639, 1485
287915, 1485
49981, 1484
69080, 1484
69792, 1484
87519, 1484
97835, 1484
101303, 1484
224739, 1484
225406, 1484
287938, 1484
17753, 1483
24660, 1483
27912, 1483
28626, 1483
30389, 1483
45583, 1483
49762, 1483
55143, 1483
65687, 1483
87443, 1483
79780, 1479
91319, 1479
49031, 1478
58421, 1478
68608, 1478
120821, 1478
160680, 1478
163010, 1478
163532, 1478
174463, 1478
215744, 1478
227457, 1478
246097, 1478
249390, 1478
262172, 1478
275004, 1478
294127, 1478
774, 1477
1247, 1477
161817, 1477
183512, 1477
226450, 1477
261761, 1477
273864, 1477
201814, 1475
19707, 1474
38683, 1474
45734, 1474
58590, 1474
87611, 1474
257527, 1474
271666, 1474
280503, 1474
40893, 1471
87630, 1469
92064, 1469
251195, 1469
35322, 1466
35969, 1466
37492, 1466
132568, 1466
146474, 1466
168835, 1466
209878, 1466
267066, 1466
282990, 1466
238794, 1464
44659, 1463
96010, 1463
99181, 1463
115705, 1463
143511, 1463
162019, 1463
219406, 1463
227104, 1463
285113, 1463
237483, 1462
256219, 1462
271982, 1460
32537, 1459
45337, 1459
104408, 1459
118998, 1459
123176, 1459
153936, 1459
180767, 1459
187887, 1459
188710, 1459
214066, 1459
223732, 1459
252803, 1459
278595, 1458
272995, 1457
235373, 1456
84540, 1453
130632, 1453
141944, 1453
262175, 1453
272804, 1453
294058, 1453
29641, 1452
32133, 1452
35748, 1452
38620, 1452
39550, 1452
40842, 1452
41894, 1452
44369, 1452
47761, 1452
49573, 1452
52953, 1452
54410, 1452
54927, 1452
57733, 1452
61131, 1452
61798, 1452
69008, 1452
77687, 1452
89608, 1452
93621, 1452
95258, 1452
26357, 1451
118607, 1451
269272, 1451
204873, 1450
58476, 1448
124161, 1448
244724, 1448
259466, 1448
276199, 1448
50169, 1446
13906, 1445
184688, 1444
54019, 1443
173481, 1443
211460, 1443
215045, 1443
123283, 1440
144163, 1440
153351, 1440
156090, 1440
183878, 1440
186209, 1440
191257, 1440
209721, 1440
210635, 1440
224028, 1440
225355, 1440
274805, 1440
281488, 1440
253763, 1436
87995, 1432
94931, 1432
135607, 1432
141665, 1432
141704, 1432
211454, 1432
216028, 1432
227551, 1432
230904, 1432
237979, 1431
78789, 1428
87810, 1428
94490, 1428
96070, 1428
98233, 1428
101837, 1428
104748, 1428
140932, 1428
178576, 1428
227360, 1428
239215, 1428
258818, 1428
284755, 1428
72152, 1427
226146, 1427
279327, 1427
235713, 1419
114589, 1417
114881, 1417
190599, 1417
202460, 1417
206070, 1417
237315, 1417
244058, 1417
258784, 1417
276802, 1417
284054, 1417
36540, 1413
130027, 1413
147366, 1413
161848, 1413
198678, 1413
283052, 1413
107445, 1412
145235, 1411
225440, 1411
148639, 1408
222127, 1407
252201, 1407
256617, 1407
20591, 1405
31512, 1405
55192, 1405
59650, 1405
77873, 1405
83034, 1405
101598, 1405
142014, 1405
212825, 1405
215940, 1405
265145, 1405
24993, 1403
33161, 1403
37599, 1403
49822, 1403
76962, 1403
92582, 1403
114744, 1403
128631, 1403
132861, 1403
148645, 1403
163996, 1403
171182, 1403
201437, 1403
211615, 1403
221317, 1403
223711, 1403
230402, 1403
232069, 1403
232683, 1403
243993, 1403
244920, 1403
252941, 1403
264894, 1403
269475, 1403
272150, 1403
277561, 1403
288563, 1403
290678, 1403
291376, 1403
293806, 1403
28540, 1402
168038, 1402
221589, 1402
228066, 1402
251732, 1402
268881, 1402
285974, 1402
239035, 1398
29314, 1396
99272, 1395
142208, 1395
224945, 1395
228166, 1395
258646, 1395
86596, 1392
258551, 1392
268009, 1390
19584, 1389
82254, 1389
78319, 1387
103175, 1387
107703, 1387
123985, 1387
143718, 1387
150909, 1387
160795, 1387
167654, 1387
223749, 1387
46483, 1386
51909, 1386
59811, 1386
90525, 1385
267148, 1385
8779, 1384
15659, 1384
17042, 1384
29691, 1384
30096, 1384
32320, 1384
47432, 1384
72639, 1384
78653, 1384
84755, 1384
88535, 1384
91349, 1384
92818, 1384
99165, 1384
105218, 1384
120084, 1384
121162, 1384
129090, 1384
129167, 1384
130590, 1384
133213, 1384
134838, 1384
135317, 1384
135335, 1384
138987, 1384
139297, 1384
142851, 1384
146590, 1384
148429, 1384
148895, 1384
152746, 1384
177469, 1384
178852, 1384
179891, 1384
183305, 1384
185547, 1384
187719, 1384
189295, 1384
193538, 1384
195091, 1384
195562, 1384
198038, 1384
199325, 1384
207745, 1384
219209, 1384
221562, 1384
236423, 1384
237118, 1384
237136, 1384
241844, 1384
244556, 1384
262374, 1384
266718, 1384
269987, 1384
274676, 1384
275722, 1384
278441, 1384
278497, 1384
282844, 1384
284849, 1384
32134, 1382
147963, 1382
242620, 1382
116022, 1381
53031, 1378
117729, 1377
11510, 1376
24413, 1376
68095, 1376
96818, 1376
126547, 1376
209811, 1376
242180, 1376
249263, 1376
260927, 1376
281588, 1376
292631, 1376
219600, 1375
185900, 1374
216865, 1374
219874, 1374
232738, 1374
255170, 1374
290800, 1374
39079, 1373
48987, 1373
52547, 1373
53389, 1373
54016, 1373
55991, 1373
274790, 1373
80678, 1372
85980, 1372
72872, 1369
200777, 1368
31605, 1367
32346, 1367
42655, 1367
60151, 1367
70608, 1367
72752, 1367
90223, 1364
153192, 1362
187646, 1362
223661, 1362
245906, 1362
187392, 1361
92789, 1359
179909, 1359
209961, 1358
81718, 1354
121050, 1354
217540, 1354
278484, 1354
280450, 1354
294537, 1354
76480, 1350
78796, 1350
124897, 1350
172357, 1350
181097, 1350
201000, 1350
236609, 1350
135689, 1346
28734, 1345
60973, 1345
65287, 1345
71699, 1345
9869, 1344
11390, 1344
158335, 1344
165761, 1343
198294, 1343
221351, 1343
261143, 1343
129856, 1340
9991, 1339
12437, 1339
14748, 1339
126315, 1339
146911, 1339
154973, 1339
230583, 1339
247084, 1339
256367, 1339
275158, 1339
284977, 1339
290399, 1339
71799, 1333
107031, 1328
112311, 1328
114938, 1328
182235, 1328
244988, 1328
164862, 1325
218506, 1325
224640, 1325
253202, 1325
276925, 1325
278236, 1325
280438, 1325
240094, 1323
187538, 1322
92856, 1321
72413, 1318
48757, 1313
172149, 1313
79576, 1312
109046, 1311
110410, 1311
194180, 1311
255856, 1311
285937, 1311
94275, 1310
283379, 1310
87807, 1309
267521, 1309
9295, 1307
16704, 1307
74995, 1307
137739, 1306
151482, 1306
164877, 1306
167611, 1306
166500, 1302
7039, 1301
56874, 1301
58297, 1301
165196, 1301
206568, 1301
223959, 1301
260100, 1301
233690, 1300
115671, 1299
229510, 1298
249994, 1298
50557, 1297
91980, 1297
59125, 1293
223653, 1293
37676, 1292
215570, 1292
90903, 1290
157426, 1290
208276, 1287
261574, 1287
260563, 1285
5173, 1283
55652, 1283
10131, 1282
179710, 1280
213919, 1280
283315, 1280
22305, 1272
52177, 1272
117555, 1272
229767, 1272
44195, 1268
130702, 1268
231660, 1267
53200, 1266
55157, 1266
75449, 1266
77595, 1266
127999, 1266
188498, 1266
196888, 1266
250514, 1266
281902, 1266
17921, 1265
19420, 1265
27683, 1265
45666, 1265
50175, 1265
58064, 1265
62094, 1265
64590, 1265
87104, 1265
100633, 1265
213653, 1265
159379, 1264
222764, 1264
199812, 1262
22417, 1259
44494, 1259
105810, 1259
109735, 1259
113371, 1259
130198, 1259
134092, 1259
167369, 1259
181230, 1259
240242, 1259
104821, 1258
255254, 1258
130810, 1256
174398, 1252
35217, 1250
51783, 1250
157686, 1250
174113, 1250
210985, 1250
230171, 1248
121490, 1247
154763, 1247
169859, 1247
287549, 1247
5000, 1246
29750, 1241
13134, 1239
14705, 1239
78990, 1239
160044, 1239
164283, 1239
178560, 1239
205635, 1239
231585, 1239
241470, 1239
244192, 1239
260103, 1239
278366, 1239
288254, 1239
289681, 1239
264434, 1238
37563, 1236
40041, 1236
110878, 1236
146561, 1236
32819, 1227
84552, 1227
180213, 1227
282868, 1227
46987, 1225
177195, 1225
219142, 1225
42165, 1219
82765, 1219
85920, 1219
86797, 1219
90240, 1219
107368, 1219
131143, 1219
135371, 1219
180341, 1219
189249, 1219
207182, 1219
229328, 1219
252869, 1219
295440, 1219
180067, 1213
187870, 1213
207576, 1213
228643, 1213
66134, 1212
107818, 1212
111477, 1210
160155, 1208
127986, 1207
32747, 1200
80518, 1199
91155, 1199
98283, 1199
146651, 1199
164407, 1199
222357, 1199
235066, 1199
263942, 1199
8564, 1198
78274, 1198
153130, 1195
162109, 1195
102073, 1193
121088, 1193
132765, 1192
140020, 1192
168754, 1192
173248, 1192
187278, 1192
15122, 1190
51595, 1190
58633, 1190
63945, 1190
147047, 1190
150303, 1190
165121, 1190
266867, 1190
125434, 1186
250727, 1186
93101, 1185
169063, 1185
212330, 1185
63458, 1180
141917, 1180
35119, 1178
46731, 1178
102355, 1178
132858, 1178
195484, 1178
9014, 1176
73360, 1173
90517, 1173
257920, 1173
90763, 1169
236397, 1167
124098, 1164
202071, 1164
238132, 1164
266271, 1164
75226, 1162
95304, 1162
137344, 1162
145944, 1162
146783, 1162
237347, 1162
108414, 1159
271042, 1159
260830, 1157
191565, 1156
41079, 1155
51351, 1155
214862, 1155
277608, 1154
98571, 1153
117980, 1153
182404, 1153
143521, 1151
214705, 1151
218752, 1151
232033, 1151
262757, 1151
277364, 1151
281993, 1151
257335, 1149
34145, 1143
90516, 1143
256442, 1142
195675, 1141
20708, 1140
25607, 1140
71035, 1140
86143, 1140
100165, 1140
112776, 1140
115577, 1140
132947, 1140
165777, 1140
183752, 1140
187344, 1140
263941, 1140
11050, 1137
68758, 1137
97499, 1137
125170, 1137
165163, 1137
241673, 1137
295329, 1137
130098, 1133
156806, 1133
223194, 1133
231459, 1133
188762, 1131
7591, 1130
172580, 1130
18812, 1126
57528, 1126
280982, 1126
45247, 1123
99020, 1123
154631, 1123
193266, 1123
85496, 1119
90717, 1119
105962, 1119
126459, 1119
164231, 1119
210604, 1119
222536, 1119
251561, 1119
283586, 1119
287776, 1119
81979, 1118
97420, 1118
254096, 1118
289762, 1118
293898, 1118
27490, 1116
37458, 1116
55851, 1116
140772, 1116
163959, 1116
181571, 1116
210472, 1116
195898, 1114
227554, 1114
296598, 1114
91924, 1113
168851, 1113
58389, 1112
170286, 1112
214151, 1112
293610, 1112
62572, 1111
95133, 1111
201327, 1111
229290, 1111
257772, 1111
287594, 1111
68586, 1107
172488, 1107
239745, 1107
37228, 1103
115332, 1103
197114, 1103
276470, 1103
82242, 1101
206920, 1101
15131, 1099
44651, 1099
234265, 1097
280439, 1097
39215, 1096
91151, 1096
118094, 1090
31990, 1086
59286, 1086
81031, 1086
50709, 1083
84987, 1083
108338, 1082
141555, 1082
168849, 1082
238014, 1082
206531, 1081
241293, 1081
243607, 1081
247975, 1081
289612, 1081
72259, 1079
86825, 1079
104803, 1079
119838, 1079
129382, 1078
193041, 1078
37320, 1074
41088, 1074
51554, 1074
51828, 1074
61047, 1074
78510, 1074
54714, 1073
93952, 1073
186755, 1073
192203, 1073
228368, 1073
131341, 1072
149352, 1072
188852, 1072
296074, 1072
10553, 1071
62356, 1071
115543, 1071
125758, 1071
176742, 1071
222294, 1071
290259, 1070
29802, 1068
77406, 1068
184833, 1068
202168, 1068
229346, 1068
106302, 1067
49047, 1062
137196, 1062
150432, 1060
262483, 1060
274434, 1057
231919, 1055
59500, 1053
97144, 1053
159803, 1053
234607, 1053
259351, 1053
276198, 1053
285213, 1053
273492, 1052
88512, 1051
128335, 1050
125073, 1046
173941, 1043
278795, 1043
286308, 1043
192335, 1042
148478, 1040
63244, 1038
228159, 1038
103263, 1036
111330, 1034
124043, 1034
261532, 1034
94124, 1031
123010, 1029
237976, 1029
35808, 1028
36880, 1028
39978, 1028
75531, 1028
76394, 1028
85550, 1028
190026, 1028
214869, 1028
77669, 1025
54638, 1024
58040, 1024
29373, 1023
52504, 1023
67971, 1023
179164, 1023
194140, 1023
227676, 1023
234856, 1023
246345, 1023
268319, 1022
71337, 1020
179914, 1020
230945, 1020
255989, 1020
292119, 1020
43528, 1019
141025, 1019
284873, 1019
93024, 1018
111005, 1018
276993, 1018
279294, 1018
286663, 1018
13045, 1017
44191, 1017
92828, 1017
99163, 1017
128751, 1017
296139, 1017
224527, 1011
52359, 1010
78084, 1010
105024, 1010
124201, 1010
284164, 1010
233221, 1009
258461, 1009
282489, 1006
157235, 1004
256875, 1004
239571, 1003
