109898, 122485
131774, 122485
132931, 122485
135139, 122485
144377, 122485
152121, 122485
156586, 122485
156884, 122485
160521, 122485
164526, 122485
165830, 122485
173924, 122485
181652, 122485
182758, 122485
191494, 122485
191515, 122485
194692, 122485
194876, 122485
197427, 122485
200808, 122485
210815, 122485
223934, 122485
224577, 122485
229820, 122485
283481, 122485
165954, 121521
96712, 120861
103211, 120861
119200, 120861
121641, 120861
127140, 120861
157479, 120861
164323, 120861
165081, 120861
197118, 117146
93646, 116017
85492, 111226
104082, 111226
156222, 59604
225129, 59604
179847, 57680
217226, 57472
218835, 57472
242543, 57472
122503, 54386
205026, 54386
120850, 53866
147461, 52480
192882, 52480
220179, 52480
150293, 51612
113347, 50930
14860, 42255
30298, 42255
39733, 42255
42007, 42255
52925, 42255
56501, 42255
73912, 42255
105296, 42255
110514, 42255
53391, 41757
60292, 41757
78459, 41757
81351, 41757
118491, 41757
120024, 41757
138835, 41757
120592, 38810
207900, 38810
223244, 38810
228936, 38810
264902, 38810
74131, 38713
104552, 38713
112113, 38713
169117, 38713
180494, 38713
184337, 38713
206106, 38713
217689, 38713
241063, 38713
259007, 38713
269549, 38713
271272, 38713
49160, 37948
17275, 34849
215939, 33358
94580, 32523
290752, 19782
105737, 19183
124216, 19183
130440, 19183
177678, 19183
195868, 19183
202249, 19183
210954, 19183
272192, 19183
130108, 14752
121827, 7698
182188, 7698
200600, 7698
202891, 7698
203938, 7698
248385, 7698
263783, 7698
29365, 7578
90224, 7578
166814, 7578
169590, 7578
183131, 7578
203857, 7578
208797, 7578
62381, 7560
197675, 7560
203669, 7560
258089, 7560
129942, 7524
56529, 7494
59432, 7494
66986, 7494
75552, 7494
78720, 7494
79516, 7494
89568, 7494
93479, 7494
95324, 7494
102519, 7494
107514, 7494
111963, 7494
114318, 7494
117833, 7494
122518, 7494
123636, 7494
124108, 7494
132481, 7494
135094, 7494
142135, 7494
151791, 7494
153320, 7494
157226, 7494
167293, 7494
171991, 7494
173681, 7494
176881, 7494
177414, 7494
177697, 7494
184410, 7494
192454, 7494
195595, 7494
199437, 7494
221770, 7494
221924, 7494
231820, 7494
241170, 7494
260895, 7494
277459, 7494
277710, 7494
280485, 7494
293203, 7494
198886, 7485
166612, 7385
3093, 7373
109425, 7344
131283, 7344
174557, 7344
188958, 7344
201937, 7344
206167, 7344
209545, 7344
220054, 7344
72333, 7321
85978, 7321
141354, 7321
165305, 7321
173405, 7321
184513, 7321
248023, 7321
55559, 7220
60079, 7220
73481, 7220
82318, 7220
90532, 7220
94810, 7220
97226, 7220
107035, 7220
137601, 7220
153692, 7220
161605, 7220
166285, 7220
176081, 7220
198323, 7220
217759, 7220
247539, 7220
33699, 7215
71391, 7215
111127, 7215
177295, 7215
219227, 7215
285313, 7215
21487, 7213
202372, 7213
211203, 7213
266066, 7135
65832, 7122
69185, 7122
70570, 7122
79758, 7122
83156, 7122
97824, 7122
129741, 7122
131957, 7122
133340, 7122
134491, 7122
150572, 7122
157913, 7122
159860, 7122
159871, 7122
162084, 7122
170705, 7122
184415, 7122
208768, 7122
212949, 7122
214087, 7122
214716, 7122
220074, 7122
226171, 7122
229059, 7122
230374, 7122
231965, 7122
233070, 7122
233811, 7122
234442, 7122
240962, 7122
243618, 7122
246633, 7122
246937, 7122
249217, 7122
252030, 7122
252420, 7122
264658, 7122
266885, 7122
283363, 7122
285260, 7122
289568, 7122
36002, 7119
86462, 7119
214444, 7118
216527, 7118
218661, 7118
221972, 7118
236769, 7118
278036, 7118
285486, 7118
201199, 7107
61051, 7036
106201, 7036
172732, 7036
225449, 7036
240949, 7036
242798, 7036
252550, 7036
263124, 7036
281918, 7036
281934, 7036
13515, 7019
36969, 7019
47894, 7019
48522, 7019
85655, 7019
119743, 7019
140933, 7019
167523, 7019
247819, 7019
37407, 6971
42804, 6971
73924, 6971
91016, 6971
116339, 6971
132347, 6971
142898, 6971
165835, 6971
181717, 6971
191229, 6971
191985, 6971
199128, 6971
202206, 6971
208268, 6971
209055, 6971
222049, 6971
229509, 6971
239527, 6971
278832, 6971
283488, 6971
20368, 6939
22528, 6939
27756, 6939
51924, 6939
59030, 6939
79778, 6939
91699, 6939
133359, 6939
137895, 6939
208330, 6939
149880, 6931
162326, 6912
275461, 6912
8369, 6911
20707, 6911
33925, 6911
47191, 6911
57827, 6911
70703, 6911
17347, 6909
51912, 6909
64634, 6909
95457, 6909
101703, 6909
118349, 6909
167247, 6909
197193, 6909
201139, 6909
203120, 6909
203666, 6909
212660, 6909
225095, 6909
231230, 6909
237525, 6909
237860, 6909
247529, 6909
277666, 6909
281780, 6909
57697, 6875
122946, 6875
144589, 6875
145015, 6875
145352, 6875
146182, 6875
151757, 6875
173337, 6875
190875, 6875
246743, 6875
250491, 6875
261634, 6875
268736, 6875
281011, 6875
288593, 6875
78688, 6874
78736, 6874
84858, 6874
117955, 6874
120761, 6874
132320, 6874
142229, 6874
148579, 6874
153316, 6874
164380, 6874
179094, 6874
183001, 6874
203834, 6874
212666, 6874
229430, 6874
100670, 6842
127202, 6842
136953, 6842
172129, 6842
206250, 6842
209255, 6842
269008, 6842
6991, 6830
39644, 6830
42055, 6830
50140, 6830
55898, 6830
59940, 6830
60684, 6830
67552, 6830
73711, 6830
73830, 6830
74717, 6830
121400, 6830
132174, 6830
135160, 6830
147591, 6830
157199, 6830
167748, 6830
191740, 6830
201663, 6830
248072, 6830
249886, 6830
264727, 6830
281258, 6830
98157, 6826
186576, 6826
191344, 6826
197318, 6826
211316, 6826
216293, 6826
237958, 6826
273080, 6826
5896, 6807
12095, 6807
14579, 6807
15254, 6807
19393, 6807
23433, 6807
38770, 6807
40182, 6807
54483, 6807
56693, 6807
84130, 6807
102603, 6807
106087, 6807
107112, 6807
117627, 6807
118777, 6807
120640, 6807
121156, 6807
122743, 6807
128267, 6807
131672, 6807
142899, 6807
146405, 6807
176485, 6807
181940, 6807
185999, 6807
193092, 6807
206257, 6807
211299, 6807
231434, 6807
248277, 6807
254131, 6807
262362, 6807
263545, 6807
264335, 6807
265494, 6807
277903, 6807
288022, 6807
295628, 6807
157671, 6800
64001, 6786
68082, 6786
80646, 6786
106669, 6786
158018, 6786
161269, 6786
48177, 6785
26005, 6770
94613, 6770
296177, 6770
188246, 6768
22345, 6738
32732, 6738
35505, 6738
36856, 6738
42507, 6738
43198, 6738
45779, 6738
53068, 6738
59390, 6738
63586, 6738
68174, 6738
76294, 6738
77229, 6738
82530, 6738
89573, 6738
91470, 6738
119167, 6738
121996, 6738
152033, 6738
193100, 6738
202733, 6738
208653, 6738
209735, 6738
233577, 6738
257483, 6738
15677, 6735
30847, 6735
39064, 6735
48521, 6735
50323, 6735
60765, 6735
80952, 6735
112143, 6735
114789, 6735
115066, 6735
155893, 6735
195736, 6735
221834, 6735
235291, 6735
171932, 6722
187979, 6713
197060, 6713
219691, 6713
244554, 6713
251337, 6713
255447, 6713
263015, 6713
122215, 6701
17836, 6682
70626, 6682
144700, 6682
151286, 6682
198599, 6682
224555, 6682
248471, 6682
255694, 6682
264097, 6682
276161, 6682
296569, 6682
33229, 6667
88874, 6667
88974, 6667
125943, 6667
143072, 6667
191927, 6667
196474, 6667
214896, 6667
236500, 6667
256649, 6667
291241, 6667
74277, 6654
13538, 6653
15966, 6653
19523, 6653
34012, 6653
42534, 6653
49976, 6653
66266, 6653
80215, 6653
85850, 6653
85861, 6653
97462, 6653
134890, 6653
147173, 6653
156259, 6653
159774, 6653
181448, 6653
208414, 6653
210281, 6653
228490, 6653
230640, 6653
248058, 6653
254713, 6653
255086, 6653
273885, 6653
85900, 6652
271466, 6649
29449, 6638
70301, 6638
71197, 6638
92206, 6638
49017, 6625
53291, 6625
229676, 6625
63668, 6615
116916, 6615
182545, 6615
183460, 6615
270449, 6615
91076, 6594
119371, 6594
120597, 6594
205595, 6594
40640, 6589
43526, 6589
101525, 6589
108696, 6589
125594, 6589
135488, 6589
271629, 6589
5983, 6581
17719, 6581
27333, 6581
36055, 6581
56364, 6581
78071, 6581
83555, 6581
84555, 6581
90385, 6581
107977, 6581
130142, 6581
131647, 6581
135235, 6581
145431, 6581
158396, 6581
177986, 6581
217380, 6581
220200, 6581
231389, 6581
241639, 6581
247363, 6581
254670, 6581
255657, 6581
267307, 6581
283421, 6581
125429, 6550
13193, 6544
33644, 6544
34166, 6544
57200, 6544
60744, 6544
61786, 6544
81228, 6544
82487, 6544
86858, 6544
114865, 6544
153664, 6544
174245, 6544
188683, 6544
230686, 6544
242839, 6544
259821, 6544
284536, 6544
123539, 6542
171859, 6542
217088, 6542
289812, 6542
6364, 6539
22687, 6539
32167, 6539
39667, 6539
89778, 6539
102888, 6539
165765, 6539
21673, 6535
90662, 6535
115882, 6535
227731, 6535
255690, 6535
40197, 6521
41921, 6521
85483, 6521
102919, 6521
109351, 6521
121964, 6521
186258, 6521
221370, 6521
232339, 6521
294197, 6521
38814, 6511
43538, 6511
70906, 6511
71603, 6511
87094, 6511
93610, 6511
135354, 6511
140223, 6511
143418, 6511
151335, 6511
154012, 6511
172105, 6511
180757, 6511
181750, 6511
182337, 6511
204945, 6511
235006, 6511
236286, 6511
240803, 6511
244234, 6511
252741, 6511
270673, 6511
272887, 6511
275149, 6511
276763, 6511
280489, 6511
291363, 6511
291743, 6511
291775, 6511
292322, 6511
21384, 6508
30094, 6508
65328, 6508
72140, 6508
91904, 6508
92189, 6508
95287, 6508
107208, 6508
113266, 6508
114668, 6508
120948, 6508
123287, 6508
146898, 6508
155315, 6508
172431, 6508
174885, 6508
175263, 6508
182636, 6508
191674, 6508
223201, 6508
226940, 6508
235499, 6508
249923, 6508
282585, 6508
290759, 6508
42812, 6505
52064, 6505
70749, 6505
70791, 6505
76005, 6505
77419, 6505
79022, 6505
80613, 6505
96713, 6505
97077, 6505
99687, 6505
105714, 6505
109100, 6505
116968, 6505
121963, 6505
122996, 6505
124044, 6505
132640, 6505
133656, 6505
147104, 6505
154572, 6505
159597, 6505
160037, 6505
160249, 6505
172335, 6505
173220, 6505
176551, 6505
206232, 6505
208159, 6505
210650, 6505
228189, 6505
240900, 6505
244940, 6505
245606, 6505
254235, 6505
255196, 6505
256280, 6505
260625, 6505
268591, 6505
283166, 6505
291973, 6505
43545, 6494
112686, 6494
127803, 6494
160998, 6494
285142, 6494
34815, 6490
58621, 6490
148428, 6490
158139, 6490
169741, 6490
174273, 6490
214531, 6490
236838, 6490
257028, 6490
264496, 6490
274598, 6490
21594, 6475
34249, 6475
119607, 6475
177015, 6475
177653, 6475
190360, 6475
198750, 6475
202617, 6475
219545, 6475
248146, 6475
46055, 6454
154126, 6454
258626, 6454
9136, 6453
39852, 6453
86247, 6453
110779, 6453
132782, 6453
143547, 6453
206923, 6453
249032, 6453
50077, 6450
235836, 6450
249462, 6450
261248, 6450
13290, 6429
30789, 6429
37189, 6429
54928, 6429
59895, 6429
62138, 6429
79344, 6429
148140, 6429
166654, 6429
173154, 6429
179102, 6429
179583, 6429
186356, 6429
213401, 6429
219570, 6429
224105, 6429
232613, 6429
233979, 6429
260337, 6429
261526, 6429
270278, 6429
271070, 6429
271558, 6429
277554, 6429
281642, 6429
290477, 6429
123785, 6426
70685, 6422
123620, 6422
188730, 6422
190765, 6422
228094, 6422
241674, 6422
252153, 6422
122699, 6407
214874, 6396
73347, 6384
117361, 6384
128199, 6384
144962, 6384
148074, 6384
172341, 6384
246930, 6384
273612, 6383
24917, 6376
89433, 6376
200772, 6376
22037, 6375
56027, 6375
77806, 6375
160872, 6375
169612, 6375
243646, 6375
243989, 6375
245434, 6375
277782, 6375
35986, 6362
85353, 6362
117630, 6362
156986, 6362
169403, 6362
199061, 6362
229099, 6362
231639, 6362
250243, 6362
266836, 6362
33505, 6358
48459, 6358
65443, 6358
153513, 6358
189864, 6358
200844, 6358
276025, 6358
172940, 6349
211187, 6349
12395, 6348
84594, 6348
136202, 6348
190446, 6348
218757, 6348
270084, 6348
285627, 6348
288586, 6348
293507, 6348
30381, 6343
47945, 6343
120796, 6343
240330, 6343
257179, 6343
126156, 6335
129719, 6335
34789, 6331
41601, 6331
43561, 6331
50796, 6331
68985, 6331
79939, 6331
85007, 6331
91743, 6331
110695, 6331
119121, 6331
122171, 6331
151016, 6331
224780, 6331
260309, 6331
57606, 6323
86722, 6316
139544, 6316
268811, 6309
160718, 6303
268609, 6303
22720, 6302
64973, 6302
68485, 6302
115498, 6302
118024, 6302
123727, 6302
127607, 6302
128351, 6302
157613, 6302
186277, 6302
190516, 6302
201695, 6302
209093, 6302
209988, 6302
243982, 6302
244771, 6302
81517, 6281
193230, 6281
240849, 6281
211704, 6279
216892, 6279
222452, 6279
228521, 6279
231897, 6279
250214, 6279
191079, 6278
104330, 6274
151159, 6274
223241, 6274
53299, 6263
86326, 6263
119415, 6263
134044, 6263
137210, 6263
156244, 6263
178217, 6263
207805, 6263
47717, 6261
96734, 6261
109984, 6261
131786, 6261
184393, 6261
186275, 6261
196532, 6261
197471, 6261
212146, 6261
233548, 6261
263258, 6261
66720, 6259
82527, 6259
87127, 6259
91512, 6259
110085, 6259
122546, 6259
136561, 6259
148950, 6259
172099, 6259
172676, 6259
176454, 6259
184645, 6259
185885, 6259
196616, 6259
230735, 6259
235851, 6259
260636, 6259
281070, 6259
294000, 6259
112221, 6236
126450, 6236
170045, 6236
216678, 6236
280020, 6236
55247, 6231
104746, 6231
125315, 6231
178692, 6231
192505, 6231
195847, 6231
196116, 6231
212389, 6231
227515, 6231
269940, 6231
270868, 6231
288850, 6231
57534, 6229
143612, 6229
181420, 6229
191677, 6229
39355, 6226
65720, 6226
117435, 6226
138815, 6226
193020, 6226
227907, 6226
257919, 6226
74981, 6222
42177, 6204
58735, 6204
80218, 6204
94083, 6204
94991, 6204
98388, 6204
98507, 6204
99351, 6204
101874, 6204
128758, 6204
129762, 6204
137699, 6204
160518, 6204
217722, 6204
227030, 6204
249590, 6204
261055, 6204
167371, 6196
185111, 6196
194483, 6196
222559, 6196
79458, 6176
86260, 6176
141456, 6176
182112, 6176
246483, 6176
283010, 6176
62800, 6173
113640, 6173
194677, 6173
242462, 6173
273251, 6173
273806, 6173
237223, 6170
279882, 6170
20809, 6155
36830, 6155
85001, 6155
103346, 6155
151221, 6155
151247, 6155
194933, 6155
216482, 6155
241056, 6155
21385, 6139
68242, 6139
82807, 6139
83213, 6139
84613, 6139
85700, 6139
105010, 6139
115811, 6139
122269, 6139
134587, 6139
136029, 6139
141976, 6139
143715, 6139
161052, 6139
163259, 6139
169419, 6139
174393, 6139
175929, 6139
183150, 6139
186475, 6139
188786, 6139
199450, 6139
199504, 6139
203361, 6139
209293, 6139
214218, 6139
218554, 6139
228249, 6139
230196, 6139
232445, 6139
237003, 6139
243616, 6139
246829, 6139
263225, 6139
287548, 6139
291834, 6139
295248, 6139
23326, 6132
72577, 6132
75354, 6132
90434, 6132
107415, 6132
110620, 6132
146083, 6132
226525, 6132
262676, 6132
287704, 6132
293749, 6132
78749, 6129
265698, 6129
269208, 6129
288501, 6129
9644, 6122
13804, 6122
37910, 6122
42049, 6122
46067, 6122
50530, 6122
52814, 6122
59905, 6122
66807, 6122
74118, 6122
85616, 6122
99003, 6122
114076, 6122
114322, 6122
119488, 6122
126660, 6122
129044, 6122
130807, 6122
146902, 6122
159172, 6122
173265, 6122
184728, 6122
198706, 6122
222000, 6122
238314, 6122
242211, 6122
263587, 6122
106731, 6116
251789, 6116
23531, 6108
24770, 6108
266422, 6108
64727, 6103
83507, 6103
190195, 6103
37530, 6098
56736, 6098
65876, 6098
69778, 6098
70311, 6098
92441, 6098
93436, 6098
97727, 6098
103096, 6098
114052, 6098
115309, 6098
130784, 6098
137336, 6098
163273, 6098
173223, 6098
199232, 6098
208903, 6098
215316, 6098
221507, 6098
228654, 6098
244578, 6098
246504, 6098
253573, 6098
255785, 6098
274471, 6098
292672, 6098
28846, 6097
79198, 6097
232870, 6097
293037, 6097
92058, 6096
126625, 6096
137616, 6096
156308, 6096
157273, 6096
158456, 6096
272070, 6096
31084, 6094
97572, 6086
241336, 6086
40005, 6080
89512, 6080
106261, 6080
108422, 6080
126185, 6080
167505, 6080
196943, 6080
214787, 6080
242301, 6077
81909, 6072
115390, 6072
114432, 6067
142237, 6067
259214, 6067
284828, 6067
171396, 6059
185140, 6059
37132, 6034
111917, 6034
212356, 6034
68369, 6030
75443, 6030
129954, 6030
199465, 6030
223101, 6030
104812, 6020
110782, 6020
128782, 6020
177434, 6020
280212, 6020
174081, 6017
287880, 6007
186112, 6006
257325, 5996
218297, 5993
259208, 5993
4141, 5988
115899, 5988
126706, 5988
141275, 5988
161862, 5988
194601, 5988
231658, 5988
240422, 5988
242952, 5988
251421, 5988
279164, 5988
94388, 5976
143825, 5976
231688, 5976
236731, 5976
52899, 5972
89450, 5972
111496, 5972
180061, 5972
187212, 5972
192978, 5965
109718, 5953
115303, 5953
109439, 5948
179363, 5945
41523, 5942
53963, 5942
57898, 5942
58853, 5942
61082, 5942
67227, 5942
80244, 5942
88256, 5942
95854, 5942
102702, 5942
104651, 5942
111932, 5942
113761, 5942
119560, 5942
119620, 5942
121084, 5942
129652, 5942
134828, 5942
137661, 5942
140301, 5942
163927, 5942
171391, 5942
173430, 5942
178579, 5942
207449, 5942
216602, 5942
219377, 5942
35301, 5941
46392, 5941
47477, 5941
48874, 5941
58337, 5941
60325, 5941
77770, 5941
81820, 5941
113280, 5941
113534, 5941
139471, 5941
146839, 5941
160425, 5941
162415, 5941
163171, 5941
176975, 5941
191389, 5941
205082, 5941
208096, 5941
228645, 5941
260189, 5941
263435, 5941
266174, 5941
267417, 5941
288005, 5941
33803, 5940
142562, 5940
173819, 5940
180146, 5940
153268, 5924
202895, 5924
36429, 5909
62292, 5909
92570, 5909
96705, 5909
158559, 5909
159491, 5909
159574, 5909
190012, 5909
194650, 5909
194808, 5909
213450, 5909
216594, 5909
234720, 5909
236909, 5909
274366, 5909
288847, 5909
185708, 5903
207137, 5903
43165, 5902
247856, 5902
112335, 5864
80671, 5856
279781, 5856
272693, 5842
234422, 5834
286941, 5834
64795, 5833
197081, 5833
241366, 5833
83899, 5827
149449, 5827
218637, 5825
157894, 5819
188822, 5819
210917, 5819
169209, 5813
102848, 5808
241204, 5808
57287, 5807
68800, 5807
122030, 5796
228233, 5783
80432, 5782
142758, 5782
146992, 5782
227063, 5782
279515, 5782
287872, 5782
42691, 5771
232765, 5771
59707, 5768
158610, 5768
221032, 5768
223809, 5768
125036, 5747
133665, 5747
200999, 5747
266116, 5747
16577, 5728
30406, 5728
50405, 5728
59781, 5728
90039, 5728
107554, 5728
114934, 5728
147570, 5728
153035, 5728
162533, 5728
163156, 5728
200883, 5728
212158, 5728
213948, 5728
222473, 5728
228170, 5728
269372, 5728
275064, 5728
278274, 5728
24932, 5718
49803, 5718
51921, 5718
183957, 5718
156217, 5717
287073, 5708
64742, 5685
243167, 5685
8572, 5673
12662, 5673
49968, 5673
65845, 5673
122455, 5673
136249, 5673
148961, 5673
174708, 5673
179413, 5673
244597, 5673
49136, 5666
65270, 5666
161259, 5663
13994, 5656
104610, 5638
119157, 5638
128910, 5638
188670, 5638
210057, 5638
212248, 5638
9281, 5625
18708, 5625
22911, 5621
57660, 5619
103538, 5619
200417, 5619
212423, 5619
216216, 5619
225365, 5619
244035, 5619
291079, 5619
165095, 5613
206527, 5609
12282, 5602
128211, 5602
236960, 5602
287794, 5602
289678, 5602
215931, 5575
93298, 5565
273572, 5565
78622, 5564
214592, 5539
155786, 5527
204223, 5527
293523, 5527
176745, 5522
178447, 5522
232449, 5522
274604, 5522
131077, 5518
16767, 5514
17870, 5514
24301, 5514
64218, 5512
69356, 5512
74798, 5512
175857, 5512
234676, 5512
295428, 5512
25985, 5506
51185, 5506
59272, 5506
68289, 5506
71725, 5506
80706, 5506
82117, 5506
84414, 5506
100674, 5506
111404, 5506
124244, 5506
127852, 5506
132756, 5506
182668, 5506
264731, 5481
220720, 5476
43808, 5467
58591, 5467
63026, 5467
64732, 5467
71498, 5467
73918, 5467
114761, 5467
123760, 5467
165078, 5467
182287, 5458
70156, 5440
160196, 5437
73687, 5423
281905, 5423
41015, 5413
43816, 5413
129622, 5413
216412, 5402
238683, 5402
273582, 5402
36097, 5400
248907, 5397
49014, 5394
50213, 5394
55812, 5394
56664, 5394
66013, 5394
73675, 5394
81247, 5394
86486, 5394
93698, 5394
94938, 5394
96032, 5394
97911, 5394
108698, 5394
109698, 5394
114792, 5394
125296, 5394
126263, 5394
129301, 5394
131740, 5394
153711, 5394
156795, 5394
158412, 5394
198982, 5394
210408, 5394
295938, 5394
26308, 5384
155222, 5384
263864, 5379
48900, 5376
53327, 5376
103415, 5376
114560, 5376
117311, 5376
129834, 5376
186625, 5376
216862, 5376
264299, 5376
37441, 5374
47590, 5374
105647, 5374
137042, 5374
139006, 5374
186137, 5374
38670, 5358
92558, 5358
97392, 5358
135932, 5358
182376, 5358
39127, 5336
43085, 5336
85697, 5336
89975, 5336
100854, 5336
104682, 5336
128297, 5336
136341, 5336
144157, 5336
152673, 5336
164721, 5336
165819, 5336
169215, 5336
199614, 5336
203035, 5336
213305, 5336
243785, 5336
245871, 5336
249535, 5336
260137, 5336
261644, 5336
264501, 5336
269322, 5336
275897, 5336
277252, 5336
275537, 5326
253156, 5322
293804, 5322
6814, 5320
86850, 5320
149227, 5320
175753, 5320
215874, 5320
228006, 5320
230600, 5320
290327, 5320
106925, 5318
80442, 5306
97313, 5306
103645, 5306
110529, 5306
122306, 5306
225814, 5306
239912, 5306
257326, 5306
260447, 5306
282247, 5306
205938, 5300
22794, 5293
51795, 5288
78304, 5288
128497, 5288
148649, 5288
49322, 5271
204969, 5270
46222, 5259
208404, 5259
217890, 5254
221744, 5254
223855, 5254
239781, 5240
236810, 5238
34872, 5235
43106, 5235
156864, 5235
177229, 5235
181123, 5235
214726, 5235
218249, 5235
294341, 5235
43721, 5229
50018, 5229
133766, 5229
82116, 5217
201496, 5217
270370, 5217
119461, 5215
81108, 5210
230674, 5210
69939, 5202
251250, 5202
265571, 5202
28837, 5195
43280, 5195
133679, 5195
137467, 5195
140745, 5195
76733, 5191
209685, 5166
293108, 5166
138508, 5153
95721, 5145
143533, 5145
50343, 5135
149974, 5134
154824, 5134
50390, 5131
55945, 5131
74870, 5131
77427, 5131
79692, 5131
82836, 5131
119687, 5131
139446, 5131
191197, 5131
221331, 5131
228440, 5131
230248, 5131
235776, 5131
248075, 5131
249241, 5131
250385, 5131
261342, 5131
265052, 5131
269140, 5131
31842, 5129
48721, 5129
227550, 5129
23700, 5124
26233, 5124
49652, 5124
50234, 5124
62348, 5124
109397, 5124
113834, 5124
131605, 5124
166317, 5124
257069, 5124
145221, 5122
114574, 5116
140414, 5116
151463, 5116
162036, 5116
235230, 5116
6503, 5115
229625, 5115
271415, 5115
11695, 5099
40337, 5099
64710, 5099
90629, 5099
109368, 5099
112725, 5099
121362, 5099
140943, 5099
146322, 5099
193956, 5099
213345, 5099
217324, 5099
120928, 5093
128097, 5093
137646, 5093
31717, 5072
217415, 5072
70295, 5060
117161, 5053
141434, 5053
177383, 5053
235032, 5039
135077, 5037
14314, 5036
80570, 5036
159801, 5036
236075, 5036
35036, 5033
38788, 5033
82798, 5033
86785, 5033
92139, 5033
92827, 5033
104435, 5033
108034, 5033
109662, 5033
109712, 5033
115551, 5033
116954, 5033
119974, 5033
123498, 5033
127164, 5033
130091, 5033
135218, 5033
135358, 5033
136703, 5033
137933, 5033
141667, 5033
147925, 5033
153883, 5033
157537, 5033
160896, 5033
164061, 5033
164766, 5033
166946, 5033
172716, 5033
182645, 5033
184422, 5033
190927, 5033
194602, 5033
203338, 5033
203537, 5033
204996, 5033
210750, 5033
211968, 5033
218235, 5033
220057, 5033
234728, 5033
235008, 5033
237350, 5033
238803, 5033
239689, 5033
255777, 5033
260812, 5033
268305, 5033
269426, 5033
273163, 5033
274059, 5033
275917, 5033
277718, 5033
293502, 5033
189310, 5017
241903, 5017
92754, 4997
213491, 4997
108029, 4995
129509, 4995
228458, 4995
262150, 4995
48394, 4991
62523, 4991
63457, 4991
65560, 4991
221439, 4991
286341, 4991
156050, 4982
97726, 4976
256756, 4976
285796, 4967
223356, 4963
265635, 4963
294643, 4963
84511, 4960
103845, 4958
191891, 4958
224474, 4958
96569, 4941
125344, 4941
186211, 4941
90412, 4938
155895, 4938
160292, 4938
282669, 4938
68855, 4924
144393, 4924
108140, 4886
112639, 4886
164299, 4886
131417, 4884
210374, 4884
238606, 4884
179904, 4868
118750, 4861
34326, 4851
99073, 4851
146206, 4851
165027, 4851
172933, 4851
175675, 4851
207245, 4851
257645, 4851
291982, 4851
252193, 4819
13511, 4811
91829, 4811
119849, 4811
134753, 4811
193182, 4811
271798, 4811
119362, 4789
147158, 4789
144360, 4788
181888, 4788
274616, 4788
281112, 4788
285999, 4788
291764, 4788
68144, 4787
161254, 4775
38443, 4771
44286, 4771
80892, 4771
101399, 4771
288304, 4771
12873, 4768
17435, 4768
231515, 4768
139307, 4763
282709, 4763
148285, 4760
191288, 4760
235931, 4760
282555, 4760
293931, 4760
29217, 4750
259045, 4750
263807, 4750
14613, 4741
51489, 4741
87348, 4741
225912, 4741
175728, 4736
63338, 4730
86810, 4730
193847, 4729
63316, 4720
256788, 4720
15779, 4719
42528, 4719
43256, 4719
59611, 4719
65393, 4719
75184, 4719
145785, 4719
164730, 4719
51363, 4715
201440, 4715
280771, 4715
284797, 4715
295644, 4715
37784, 4697
43624, 4697
51471, 4697
176542, 4697
214235, 4697
215192, 4697
111811, 4691
168993, 4691
288146, 4691
30417, 4684
47704, 4684
90819, 4684
102590, 4684
110292, 4684
159496, 4684
208480, 4684
223325, 4684
191658, 4677
249841, 4677
276865, 4677
246786, 4675
192146, 4674
209728, 4674
63166, 4662
60673, 4661
71789, 4661
163108, 4661
214848, 4659
227777, 4659
296336, 4659
63023, 4653
66836, 4653
91739, 4653
116477, 4653
146101, 4653
208415, 4653
219687, 4653
256963, 4653
285936, 4653
7601, 4652
9493, 4652
11117, 4652
41911, 4652
65009, 4652
149545, 4652
177994, 4652
247562, 4652
54751, 4641
143817, 4637
250117, 4637
129110, 4635
250923, 4635
119118, 4630
21118, 4621
78918, 4621
104487, 4621
115112, 4621
188063, 4621
193981, 4621
213213, 4621
225656, 4621
292398, 4621
115730, 4620
152744, 4619
164744, 4619
248049, 4619
229972, 4603
254718, 4603
48547, 4598
232649, 4568
270083, 4545
225663, 4544
213472, 4532
85228, 4512
213267, 4512
232387, 4512
117130, 4505
153820, 4505
94257, 4495
101320, 4495
171245, 4495
195198, 4495
231297, 4495
234692, 4495
263473, 4495
27945, 4494
205206, 4494
167927, 4492
60453, 4490
121478, 4478
222146, 4478
89666, 4477
131509, 4477
172196, 4477
82410, 4474
286602, 4471
60210, 4462
120906, 4460
130274, 4454
78984, 4453
87024, 4453
98230, 4453
179687, 4453
222721, 4453
270454, 4453
274584, 4453
160898, 4436
170773, 4436
197622, 4436
173419, 4430
208520, 4430
62362, 4425
93787, 4422
284330, 4416
53383, 4402
184327, 4402
96972, 4398
125723, 4393
95952, 4387
126177, 4387
126894, 4387
128118, 4387
136178, 4387
162990, 4387
164176, 4387
168155, 4387
189279, 4387
192282, 4387
200532, 4387
224327, 4387
227618, 4387
245622, 4387
250677, 4387
265028, 4387
278898, 4387
284443, 4387
5152, 4374
30204, 4374
30977, 4374
82393, 4374
89217, 4374
99727, 4374
104695, 4374
111237, 4374
147305, 4374
170716, 4374
175610, 4374
186035, 4374
192695, 4374
206254, 4374
233551, 4374
234642, 4374
235531, 4374
236669, 4374
242079, 4374
255940, 4374
294322, 4374
83607, 4373
92910, 4373
130633, 4373
138170, 4373
138819, 4373
140825, 4373
155962, 4373
173828, 4373
191776, 4373
201253, 4373
234138, 4373
274637, 4373
277585, 4373
291378, 4373
117291, 4357
138456, 4357
141265, 4357
211045, 4357
219850, 4357
28549, 4347
82625, 4347
225994, 4344
261835, 4344
286035, 4343
271887, 4336
198384, 4329
46856, 4326
190033, 4326
134791, 4312
58023, 4307
99339, 4307
139597, 4307
140628, 4307
171705, 4307
176858, 4307
206941, 4307
222994, 4307
224451, 4307
259961, 4307
278707, 4307
93856, 4303
218043, 4303
88784, 4287
108349, 4287
40209, 4282
94969, 4282
110958, 4282
113694, 4282
126154, 4282
127591, 4282
131718, 4282
148418, 4282
151029, 4282
151771, 4282
166278, 4282
166348, 4282
210914, 4282
253222, 4282
257013, 4282
264814, 4282
292952, 4282
296191, 4282
204282, 4276
86305, 4275
98058, 4275
115583, 4275
144935, 4275
276083, 4275
89501, 4268
92945, 4268
166529, 4268
200588, 4260
211646, 4260
107582, 4256
113223, 4256
122392, 4256
145657, 4256
150851, 4256
171086, 4256
178529, 4256
192523, 4256
249065, 4256
268783, 4246
100523, 4241
41134, 4235
145200, 4231
147936, 4231
189992, 4231
68928, 4220
145348, 4220
245415, 4213
266706, 4213
151389, 4203
87592, 4193
148359, 4193
164502, 4193
14476, 4173
253065, 4173
253909, 4173
275142, 4170
122834, 4168
29083, 4150
273144, 4149
196341, 4147
212698, 4147
29534, 4138
43522, 4136
50789, 4136
56852, 4136
57957, 4136
58044, 4136
66381, 4136
68921, 4136
71462, 4136
80745, 4136
89660, 4136
93362, 4136
102179, 4136
120015, 4136
125130, 4136
132427, 4136
144541, 4136
192983, 4136
239961, 4136
284089, 4136
67400, 4135
122817, 4135
255885, 4135
279208, 4135
280097, 4135
224582, 4130
237719, 4109
293217, 4109
290405, 4105
198010, 4104
69967, 4098
110652, 4094
238190, 4094
257169, 4094
260441, 4094
287244, 4094
157137, 4092
81812, 4084
119891, 4084
124632, 4084
170210, 4084
235557, 4084
77926, 4083
82153, 4083
88120, 4083
94980, 4083
109373, 4083
113229, 4083
155764, 4083
205853, 4083
266857, 4083
276365, 4083
51931, 4080
156609, 4080
213700, 4080
287619, 4073
48288, 4068
175962, 4068
153129, 4062
35104, 4049
109879, 4039
249979, 4039
189612, 4038
235947, 4038
36967, 4037
55727, 4037
177896, 4037
184067, 4037
201386, 4037
274964, 4037
74593, 4033
223349, 4031
244023, 4031
245419, 4031
251984, 4028
146777, 4027
248775, 4027
126290, 4025
155502, 4025
247054, 4025
269829, 4025
94351, 4018
206790, 4018
125626, 4012
34922, 4008
120127, 4008
211417, 4008
17903, 4003
49931, 4003
54682, 4003
83393, 4003
85995, 4003
95083, 4003
97511, 4003
97549, 4003
105865, 4003
119174, 4003
128706, 4003
145462, 4003
163184, 4003
188058, 4003
205242, 4003
211575, 4003
212748, 4003
229489, 4003
245852, 4003
245858, 4003
261878, 4003
287404, 4003
118849, 4000
180682, 4000
187981, 4000
225661, 4000
143957, 3997
54664, 3994
67767, 3994
195870, 3994
177954, 3985
162216, 3984
56216, 3981
118271, 3981
178979, 3981
215213, 3981
282899, 3981
232115, 3976
128658, 3975
48494, 3955
140887, 3953
164336, 3953
231545, 3953
144888, 3949
150392, 3949
228181, 3949
273777, 3949
211373, 3943
162119, 3926
197057, 3923
237192, 3923
288335, 3923
153171, 3920
184827, 3920
139202, 3915
112077, 3914
155854, 3914
178465, 3914
196033, 3914
281235, 3914
292650, 3914
92231, 3910
130070, 3910
140765, 3910
143723, 3910
147391, 3910
160378, 3910
170674, 3910
179245, 3910
205010, 3910
210854, 3910
216628, 3910
229663, 3910
230728, 3910
238870, 3910
285011, 3910
291129, 3910
131474, 3906
172372, 3906
176607, 3906
215666, 3906
243730, 3906
29503, 3903
131295, 3901
294760, 3901
218019, 3899
40076, 3885
114961, 3880
191511, 3880
193768, 3880
203280, 3880
207263, 3880
260477, 3880
271616, 3880
271894, 3880
277758, 3880
197915, 3876
3408, 3874
74538, 3874
103511, 3874
113509, 3874
132623, 3874
183556, 3874
69171, 3873
86091, 3873
154271, 3873
16127, 3867
92175, 3867
167395, 3867
169954, 3867
126965, 3861
234972, 3861
128687, 3860
168021, 3860
149835, 3859
161447, 3850
48204, 3849
123390, 3849
131857, 3849
160947, 3849
166141, 3849
288960, 3849
125922, 3848
62248, 3843
233170, 3842
242264, 3842
209769, 3826
255195, 3826
268578, 3821
123936, 3819
99278, 3814
50385, 3807
157594, 3806
151698, 3804
174158, 3804
267898, 3799
54597, 3796
74739, 3796
100911, 3796
120310, 3796
122540, 3796
134211, 3796
137104, 3796
139801, 3796
152391, 3796
160703, 3796
190898, 3796
191109, 3796
202711, 3796
211176, 3796
259014, 3796
81435, 3788
47006, 3784
75774, 3784
216999, 3778
241586, 3778
275592, 3778
123091, 3771
273826, 3771
10049, 3765
26638, 3765
46821, 3765
62699, 3765
101887, 3765
124633, 3765
148206, 3765
227627, 3765
227983, 3765
263411, 3765
267993, 3765
130481, 3761
242570, 3759
32429, 3753
100763, 3753
102541, 3753
132868, 3753
174270, 3753
204739, 3753
232462, 3753
253857, 3753
109278, 3745
218746, 3743
277673, 3743
133929, 3740
242522, 3740
72233, 3739
102332, 3738
144269, 3738
148939, 3738
157692, 3738
53296, 3736
252864, 3734
142123, 3728
254866, 3726
74626, 3718
75310, 3718
93109, 3718
124990, 3718
146080, 3718
152978, 3718
201224, 3718
60366, 3716
89646, 3716
214431, 3716
258309, 3712
38350, 3705
38437, 3705
56156, 3705
64025, 3705
73056, 3705
78933, 3705
97322, 3705
107776, 3705
116189, 3705
122673, 3705
145241, 3705
145842, 3705
166386, 3705
167105, 3705
175025, 3705
196427, 3705
203255, 3705
203479, 3705
243355, 3705
247467, 3705
251436, 3705
254764, 3705
258509, 3705
271491, 3705
274241, 3705
274878, 3705
283045, 3705
14183, 3702
26703, 3702
40009, 3702
69616, 3702
72206, 3702
95836, 3702
137642, 3702
163054, 3702
80017, 3698
91589, 3698
246030, 3698
290647, 3698
185208, 3695
259884, 3683
268452, 3683
134899, 3679
129119, 3677
103251, 3675
182538, 3675
190014, 3675
213137, 3675
246533, 3675
267106, 3675
244441, 3674
245263, 3674
281193, 3661
223116, 3656
40654, 3646
65645, 3644
73459, 3644
79211, 3644
79449, 3644
100529, 3644
105996, 3644
111323, 3644
119227, 3644
142992, 3644
143697, 3644
158125, 3644
247269, 3644
265303, 3644
277446, 3644
38758, 3640
50467, 3640
51756, 3640
52744, 3640
53183, 3640
55145, 3640
58909, 3640
58987, 3640
59837, 3640
63790, 3640
66191, 3640
66719, 3640
66806, 3640
67455, 3640
68832, 3640
70979, 3640
74369, 3640
74517, 3640
81709, 3640
83778, 3640
84299, 3640
86242, 3640
86407, 3640
87559, 3640
88927, 3640
90698, 3640
93046, 3640
97801, 3640
98209, 3640
99217, 3640
100299, 3640
103458, 3640
104536, 3640
107218, 3640
107390, 3640
108298, 3640
108320, 3640
112537, 3640
113540, 3640
116686, 3640
119759, 3640
121178, 3640
123446, 3640
123677, 3640
126224, 3640
128218, 3640
129853, 3640
130740, 3640
131638, 3640
132613, 3640
140424, 3640
142518, 3640
143332, 3640
144537, 3640
145049, 3640
148636, 3640
150268, 3640
152202, 3640
152413, 3640
152996, 3640
153306, 3640
153826, 3640
156804, 3640
160413, 3640
167070, 3640
167280, 3640
171497, 3640
173135, 3640
173362, 3640
174792, 3640
183523, 3640
184564, 3640
186616, 3640
187245, 3640
191305, 3640
194209, 3640
194494, 3640
196731, 3640
202515, 3640
202738, 3640
212754, 3640
216065, 3640
218859, 3640
219563, 3640
219588, 3640
225804, 3640
227873, 3640
240414, 3640
249181, 3640
255220, 3640
268682, 3640
270926, 3640
288736, 3640
40908, 3639
54022, 3639
71378, 3639
100008, 3639
59021, 3638
107645, 3638
230659, 3638
107849, 3636
53708, 3632
118610, 3632
126374, 3632
170116, 3632
170909, 3632
216783, 3632
259398, 3632
82703, 3629
145013, 3628
120444, 3625
133795, 3625
142503, 3625
176597, 3625
243719, 3625
279415, 3625
68515, 3620
72381, 3620
109736, 3620
196481, 3620
199101, 3620
263171, 3620
273665, 3620
26400, 3619
30548, 3619
34163, 3619
63103, 3619
118203, 3619
194619, 3619
199753, 3619
267762, 3619
28633, 3617
73379, 3617
90229, 3617
94621, 3617
101104, 3617
102847, 3617
106862, 3617
113355, 3617
137518, 3617
138281, 3617
152750, 3617
177616, 3617
181574, 3617
181591, 3617
191168, 3617
192993, 3617
194288, 3617
217237, 3617
221786, 3617
222505, 3617
230826, 3617
231576, 3617
234440, 3617
248739, 3617
251079, 3617
265236, 3617
285323, 3617
290807, 3617
291646, 3617
241256, 3616
49051, 3612
68050, 3612
93994, 3612
149489, 3612
225923, 3612
43537, 3608
44434, 3608
73571, 3608
88537, 3608
112779, 3608
153318, 3608
167299, 3608
294110, 3608
231976, 3593
226839, 3590
114140, 3586
122682, 3586
130580, 3586
131391, 3586
220247, 3586
269446, 3586
76175, 3585
58417, 3583
1273, 3581
6861, 3581
12422, 3581
33442, 3581
83651, 3581
87192, 3581
122307, 3581
177684, 3581
226713, 3581
247100, 3581
249286, 3581
271246, 3581
278418, 3581
102523, 3576
183812, 3570
191435, 3569
274097, 3569
275176, 3569
31994, 3564
87296, 3563
112093, 3563
265322, 3563
44689, 3561
291127, 3561
294648, 3561
209775, 3559
226396, 3559
38393, 3556
172408, 3556
41521, 3551
69815, 3551
228248, 3551
37865, 3548
47180, 3548
59055, 3548
64589, 3548
66915, 3548
68231, 3548
77166, 3548
78285, 3548
81256, 3548
82257, 3548
83909, 3548
95006, 3548
105127, 3548
113071, 3548
125948, 3548
128013, 3548
129280, 3548
131162, 3548
141824, 3548
147900, 3548
148025, 3548
149316, 3548
151071, 3548
154689, 3548
156479, 3548
158341, 3548
160770, 3548
161613, 3548
162834, 3548
163466, 3548
167213, 3548
170579, 3548
170929, 3548
175199, 3548
176624, 3548
177260, 3548
177262, 3548
185097, 3548
192217, 3548
192418, 3548
192542, 3548
193056, 3548
194278, 3548
194941, 3548
194957, 3548
195058, 3548
200049, 3548
200978, 3548
202551, 3548
205628, 3548
211669, 3548
218440, 3548
223769, 3548
224053, 3548
227793, 3548
228184, 3548
230506, 3548
238564, 3548
249277, 3548
251889, 3548
255741, 3548
256067, 3548
260985, 3548
263202, 3548
264655, 3548
268729, 3548
271240, 3548
276374, 3548
276909, 3548
277080, 3548
277317, 3548
278598, 3548
283975, 3548
284342, 3548
285406, 3548
287909, 3548
288161, 3548
292202, 3548
292668, 3548
219326, 3547
240831, 3546
189870, 3545
158498, 3532
242191, 3532
247228, 3532
131432, 3530
187808, 3530
148160, 3529
190744, 3528
241932, 3528
283792, 3528
232863, 3526
243762, 3526
291134, 3526
173081, 3525
26215, 3523
89870, 3523
99048, 3523
136630, 3523
148347, 3523
279734, 3523
183227, 3521
28049, 3520
49717, 3520
207626, 3520
214813, 3520
238159, 3520
251944, 3520
181204, 3519
188255, 3519
285311, 3519
19019, 3512
44937, 3512
85361, 3512
129106, 3512
134317, 3512
147100, 3512
157141, 3512
171340, 3512
212661, 3512
227257, 3512
131689, 3510
208723, 3510
294642, 3510
70587, 3507
173736, 3504
178845, 3504
78033, 3502
91704, 3502
112910, 3502
118976, 3502
121518, 3502
128882, 3502
136497, 3502
138635, 3502
141834, 3502
142658, 3502
182682, 3502
184157, 3502
185501, 3502
189144, 3502
193969, 3502
197466, 3502
199166, 3502
202003, 3502
203838, 3502
206570, 3502
211679, 3502
213109, 3502
217566, 3502
221099, 3502
229481, 3502
230876, 3502
239590, 3502
250608, 3502
250781, 3502
257852, 3502
261919, 3502
265222, 3502
272101, 3502
278205, 3502
280432, 3502
290659, 3502
94777, 3501
101800, 3501
124520, 3501
146023, 3501
184380, 3501
249059, 3501
262687, 3501
267198, 3501
293193, 3501
60047, 3495
268968, 3495
147771, 3493
10126, 3491
59408, 3491
3682, 3490
133507, 3490
154965, 3490
165470, 3490
167849, 3490
171274, 3490
171357, 3490
194314, 3490
214564, 3490
223547, 3490
264874, 3490
266773, 3490
268331, 3490
248927, 3488
45019, 3479
260433, 3473
275959, 3473
183264, 3470
149069, 3465
177721, 3465
113557, 3463
125965, 3463
145023, 3463
176617, 3463
181787, 3463
207997, 3463
240463, 3463
242107, 3463
261962, 3463
262166, 3463
268462, 3463
283022, 3463
286571, 3463
22733, 3455
98599, 3454
108950, 3454
132839, 3454
133381, 3454
148425, 3454
151046, 3454
216591, 3454
248352, 3454
251623, 3454
93458, 3453
12602, 3446
59208, 3446
90483, 3446
101741, 3446
161063, 3446
176818, 3446
181627, 3446
191829, 3446
193167, 3446
230604, 3446
235207, 3446
239247, 3446
258975, 3446
263023, 3446
285402, 3446
55093, 3445
62890, 3445
73588, 3445
110230, 3445
128429, 3445
129881, 3445
131434, 3445
155685, 3445
156960, 3445
161890, 3445
163688, 3445
167787, 3445
169126, 3445
175869, 3445
182604, 3445
183063, 3445
190092, 3445
193080, 3445
194427, 3445
196075, 3445
197970, 3445
204525, 3445
209353, 3445
213012, 3445
219992, 3445
224258, 3445
234130, 3445
238654, 3445
239094, 3445
245560, 3445
253111, 3445
256683, 3445
260728, 3445
262692, 3445
263579, 3445
263608, 3445
263615, 3445
269018, 3445
278818, 3445
287321, 3445
289746, 3445
290594, 3445
294402, 3445
37413, 3444
227867, 3444
288577, 3444
272310, 3441
277801, 3441
40617, 3439
63167, 3439
91447, 3439
155866, 3439
169091, 3439
218736, 3439
268796, 3438
62147, 3437
184331, 3437
20550, 3435
24158, 3435
30129, 3435
51560, 3435
56327, 3435
67341, 3435
76986, 3435
86575, 3435
108677, 3435
112916, 3435
126833, 3435
245849, 3435
20515, 3433
33003, 3433
34112, 3433
100663, 3433
120070, 3433
290057, 3433
35117, 3432
56993, 3430
188892, 3430
296268, 3430
26459, 3411
64696, 3411
82706, 3411
88881, 3411
88953, 3411
90289, 3411
90493, 3411
99756, 3411
118904, 3411
128676, 3411
130938, 3411
139795, 3411
151563, 3411
153751, 3411
158869, 3411
159657, 3411
169325, 3411
175095, 3411
182685, 3411
196402, 3411
199557, 3411
201130, 3411
209739, 3411
215613, 3411
232501, 3411
250464, 3411
277483, 3411
278222, 3411
285485, 3411
286863, 3411
129246, 3410
230637, 3410
41226, 3408
224026, 3402
82865, 3400
246965, 3400
238288, 3398
54289, 3397
132595, 3393
194192, 3393
272516, 3393
72060, 3386
226331, 3382
115000, 3380
136028, 3380
193151, 3377
130856, 3374
205142, 3367
47156, 3358
209910, 3358
211245, 3353
286904, 3349
19636, 3348
40951, 3348
74982, 3348
92494, 3348
98187, 3348
121229, 3348
122941, 3348
131423, 3348
150388, 3348
171485, 3348
171965, 3348
176418, 3348
189712, 3348
190343, 3348
195482, 3348
211057, 3348
227147, 3348
229939, 3348
239392, 3348
245931, 3348
272754, 3348
280354, 3348
292172, 3348
41394, 3347
162148, 3347
169654, 3347
185036, 3347
189644, 3345
212635, 3342
262827, 3342
49438, 3338
281768, 3331
80872, 3329
138303, 3329
217703, 3329
50728, 3328
56848, 3327
78018, 3327
81047, 3327
83292, 3327
97671, 3327
106431, 3327
109216, 3327
119977, 3327
127192, 3327
135920, 3327
136971, 3327
137027, 3327
144383, 3327
151530, 3327
176305, 3327
183349, 3327
186295, 3327
189463, 3327
192440, 3327
218872, 3327
221476, 3327
233199, 3327
242950, 3327
246313, 3327
248275, 3327
250366, 3327
257108, 3327
269632, 3327
270078, 3327
276553, 3327
278647, 3327
291850, 3327
294087, 3327
295004, 3327
295801, 3327
76859, 3319
207893, 3319
163208, 3318
214126, 3318
284580, 3316
136935, 3315
181023, 3315
205731, 3315
246746, 3315
271525, 3315
285722, 3315
50583, 3313
105132, 3312
134355, 3311
178415, 3311
121266, 3310
158213, 3310
200787, 3310
240054, 3310
247778, 3310
274408, 3310
286077, 3310
15484, 3301
89826, 3301
169652, 3301
281245, 3301
272024, 3296
248203, 3286
174583, 3282
15474, 3281
75563, 3281
184885, 3281
226941, 3279
272987, 3279
111954, 3278
123040, 3278
142214, 3278
151577, 3278
158572, 3278
167562, 3278
170217, 3278
186501, 3278
221983, 3278
232201, 3278
107763, 3271
6016, 3268
26063, 3268
27844, 3268
33640, 3268
105243, 3268
124127, 3268
182330, 3268
35642, 3264
45430, 3264
92801, 3264
203827, 3262
223581, 3259
267204, 3258
211895, 3256
159808, 3252
169167, 3251
67721, 3249
119718, 3249
121694, 3249
127290, 3249
180143, 3249
218118, 3249
220089, 3249
223748, 3249
293096, 3249
295889, 3249
107461, 3245
218215, 3245
286020, 3245
83544, 3244
245961, 3244
77925, 3243
173096, 3243
186642, 3243
47230, 3239
62632, 3239
65183, 3239
77679, 3239
78413, 3239
82145, 3239
91869, 3239
102538, 3239
106965, 3239
110681, 3239
121523, 3239
134690, 3239
140653, 3239
144052, 3239
170091, 3239
184002, 3239
205819, 3239
206166, 3239
212618, 3239
220964, 3239
268700, 3239
288180, 3239
129294, 3238
206064, 3235
218686, 3235
272188, 3235
277437, 3235
27398, 3222
166662, 3222
246152, 3222
130151, 3220
234570, 3220
254234, 3220
142393, 3219
208873, 3219
42631, 3215
60659, 3215
106770, 3215
270845, 3215
60005, 3214
152177, 3214
183857, 3214
280728, 3212
221024, 3211
274438, 3211
24840, 3209
50662, 3209
56670, 3209
74160, 3209
74963, 3209
78024, 3209
95790, 3209
99235, 3209
114398, 3209
114730, 3209
117133, 3209
118480, 3209
122684, 3209
123809, 3209
130990, 3209
135806, 3209
137093, 3209
140303, 3209
141365, 3209
145333, 3209
145457, 3209
147934, 3209
150305, 3209
152025, 3209
168195, 3209
169945, 3209
170967, 3209
172253, 3209
176385, 3209
177423, 3209
183195, 3209
184196, 3209
187159, 3209
188442, 3209
188538, 3209
195658, 3209
195665, 3209
197112, 3209
197954, 3209
204615, 3209
206906, 3209
208090, 3209
208643, 3209
211015, 3209
212724, 3209
218170, 3209
220981, 3209
225088, 3209
226732, 3209
232126, 3209
233386, 3209
248434, 3209
275208, 3209
276447, 3209
278912, 3209
284403, 3209
287747, 3209
292212, 3209
292554, 3209
296108, 3206
205627, 3204
223561, 3204
25117, 3202
29929, 3202
256143, 3202
258357, 3197
54464, 3193
144434, 3193
149072, 3193
160856, 3193
160972, 3193
167426, 3193
174984, 3193
184837, 3193
198469, 3193
200211, 3193
205971, 3193
221710, 3193
225806, 3193
237041, 3193
239206, 3193
240072, 3193
258742, 3193
270689, 3193
276320, 3193
284594, 3193
289130, 3193
291473, 3193
295384, 3193
262193, 3190
285220, 3189
177629, 3185
115147, 3183
161755, 3182
186132, 3182
227901, 3182
242536, 3182
261929, 3182
266252, 3182
272990, 3182
193992, 3181
253562, 3180
296158, 3176
79428, 3172
202040, 3172
8187, 3171
52968, 3171
132038, 3166
54875, 3164
63515, 3161
77351, 3161
97070, 3161
102105, 3161
103005, 3161
105621, 3161
109622, 3161
114382, 3161
119981, 3161
144080, 3161
147510, 3161
148152, 3161
150193, 3161
181842, 3161
185167, 3161
200859, 3161
223433, 3161
227051, 3161
233471, 3161
256471, 3161
270514, 3161
272227, 3161
272542, 3161
280277, 3161
286206, 3161
294405, 3161
52468, 3160
58437, 3160
91045, 3159
202310, 3159
202347, 3159
209245, 3159
34480, 3158
242165, 3157
259734, 3157
17864, 3156
41386, 3155
77082, 3155
79110, 3155
83095, 3155
89228, 3155
91269, 3155
92067, 3155
102995, 3155
104060, 3155
115125, 3155
143968, 3155
144334, 3155
161020, 3155
166288, 3155
166398, 3155
175405, 3155
178641, 3155
179183, 3155
179342, 3155
183852, 3155
189708, 3155
193272, 3155
201642, 3155
219631, 3155
223768, 3155
226888, 3155
229450, 3155
236938, 3155
243655, 3155
248694, 3155
249530, 3155
277931, 3155
283519, 3155
77993, 3152
79526, 3152
97108, 3152
245897, 3152
86483, 3150
154028, 3150
179435, 3150
58538, 3148
141955, 3148
153236, 3148
209120, 3148
211125, 3148
227970, 3148
283517, 3148
68914, 3145
109612, 3145
118808, 3145
124835, 3145
184878, 3145
204582, 3145
213409, 3145
217855, 3145
239014, 3145
240076, 3145
295643, 3145
239559, 3139
110612, 3136
247112, 3135
40719, 3134
75095, 3134
122832, 3134
129248, 3134
173446, 3134
234548, 3134
89186, 3133
71452, 3129
99368, 3125
131754, 3125
282829, 3125
89062, 3123
174483, 3122
280205, 3122
104353, 3114
151127, 3114
165111, 3114
188000, 3109
69791, 3107
97569, 3107
109763, 3107
118467, 3107
131552, 3107
149833, 3107
170112, 3107
170993, 3107
183700, 3107
188856, 3107
217439, 3107
222352, 3107
230036, 3107
236301, 3107
258368, 3107
261795, 3107
70707, 3106
289522, 3102
9788, 3100
32390, 3100
100018, 3099
101566, 3099
125011, 3099
136338, 3099
145522, 3099
162254, 3099
173694, 3099
181864, 3099
204952, 3099
209057, 3099
209189, 3099
226303, 3099
238087, 3099
239761, 3099
268292, 3099
284792, 3099
16964, 3095
57319, 3095
262631, 3095
268976, 3093
139272, 3090
184802, 3090
236797, 3090
71990, 3086
57419, 3081
286395, 3080
4942, 3079
18725, 3079
73776, 3079
130599, 3079
146845, 3079
149429, 3079
159308, 3079
172856, 3079
182587, 3079
215712, 3079
224400, 3079
274768, 3079
45119, 3078
52750, 3078
78966, 3078
82408, 3078
108597, 3078
112384, 3078
162132, 3078
162853, 3078
175778, 3078
182543, 3078
183630, 3078
192560, 3078
196173, 3078
210278, 3078
210633, 3078
216733, 3078
222543, 3078
226687, 3078
257380, 3078
268588, 3078
274029, 3078
137320, 3077
163818, 3077
188081, 3077
213339, 3077
233058, 3077
243437, 3077
254229, 3077
271027, 3077
263759, 3076
165181, 3073
176448, 3073
45363, 3072
143865, 3072
184717, 3072
203560, 3072
231150, 3072
254644, 3072
98278, 3068
120718, 3068
136203, 3068
173602, 3068
194635, 3068
200878, 3068
212361, 3068
228913, 3068
230297, 3068
232985, 3068
248095, 3067
252859, 3067
220085, 3063
244832, 3063
36576, 3059
88287, 3058
130054, 3058
180966, 3058
189259, 3058
194953, 3058
209234, 3058
212084, 3058
237268, 3058
239241, 3058
276046, 3058
284612, 3058
290552, 3058
112166, 3057
277172, 3057
60886, 3053
62831, 3053
111289, 3053
113164, 3053
239983, 3053
50913, 3048
212344, 3048
5880, 3046
69637, 3046
244353, 3046
272371, 3046
94544, 3043
285271, 3043
41942, 3042
67737, 3042
65499, 3041
66452, 3041
75705, 3041
223618, 3041
254447, 3041
258654, 3041
296217, 3041
196898, 3039
19070, 3037
93924, 3037
97920, 3037
197745, 3037
294621, 3037
159179, 3036
197973, 3036
41323, 3035
64883, 3035
83815, 3035
94640, 3035
97456, 3035
117395, 3035
139437, 3035
146630, 3035
150391, 3035
169453, 3035
181052, 3035
184213, 3035
213497, 3035
249350, 3035
277128, 3035
174061, 3032
9588, 3031
21176, 3031
32976, 3031
38696, 3031
41263, 3031
53197, 3031
55455, 3031
60972, 3031
64094, 3031
66668, 3031
92679, 3031
94886, 3031
103319, 3031
109093, 3031
110567, 3031
112761, 3031
114623, 3031
131250, 3031
134806, 3031
135477, 3031
177139, 3031
195963, 3031
224856, 3031
84491, 3029
132806, 3027
72420, 3026
205868, 3026
225218, 3024
144169, 3019
236359, 3017
113382, 3013
228293, 3012
28614, 3009
33855, 3009
60554, 3009
60558, 3009
83933, 3009
125957, 3009
148133, 3009
177897, 3009
219776, 3009
296503, 3009
48141, 3005
25752, 2989
70541, 2989
174581, 2989
71001, 2988
225404, 2988
219195, 2986
95597, 2983
281693, 2982
114184, 2976
24400, 2975
110324, 2970
209970, 2970
286441, 2970
93271, 2966
245704, 2966
269659, 2965
272622, 2965
20109, 2963
265568, 2963
50039, 2962
128874, 2962
147176, 2962
150372, 2962
221059, 2962
264320, 2962
266908, 2962
287823, 2962
295909, 2962
35184, 2961
40181, 2961
42721, 2961
46719, 2961
50866, 2961
54405, 2961
57884, 2961
62824, 2961
64129, 2961
66374, 2961
67102, 2961
73385, 2961
73513, 2961
73660, 2961
75832, 2961
80334, 2961
83158, 2961
83866, 2961
84102, 2961
89226, 2961
96603, 2961
97578, 2961
97670, 2961
98408, 2961
101360, 2961
105156, 2961
106841, 2961
112876, 2961
113806, 2961
114597, 2961
115060, 2961
117672, 2961
119563, 2961
119646, 2961
121153, 2961
121689, 2961
122201, 2961
122531, 2961
127598, 2961
130417, 2961
132143, 2961
132256, 2961
133920, 2961
134276, 2961
135990, 2961
137206, 2961
139580, 2961
140059, 2961
140460, 2961
142308, 2961
143045, 2961
144796, 2961
148511, 2961
150699, 2961
156045, 2961
156312, 2961
157704, 2961
162851, 2961
163722, 2961
165032, 2961
165482, 2961
167216, 2961
170075, 2961
171584, 2961
172122, 2961
174104, 2961
176186, 2961
176288, 2961
177975, 2961
180837, 2961
185286, 2961
187445, 2961
192613, 2961
199293, 2961
200418, 2961
201038, 2961
203334, 2961
207964, 2961
212004, 2961
214719, 2961
226756, 2961
227709, 2961
228111, 2961
229566, 2961
239196, 2961
243822, 2961
248248, 2961
250726, 2961
251039, 2961
252285, 2961
253717, 2961
256768, 2961
260651, 2961
260866, 2961
261755, 2961
261934, 2961
263197, 2961
264121, 2961
265703, 2961
266755, 2961
267326, 2961
268293, 2961
268546, 2961
269671, 2961
273705, 2961
273823, 2961
273980, 2961
274595, 2961
275522, 2961
280395, 2961
282328, 2961
283373, 2961
284649, 2961
286257, 2961
286330, 2961
290246, 2961
292969, 2961
295861, 2961
46857, 2959
148058, 2956
179983, 2956
195127, 2956
48110, 2955
265858, 2954
50062, 2947
186483, 2947
266126, 2947
63965, 2942
118684, 2942
228086, 2941
268865, 2941
14538, 2940
93366, 2939
136821, 2939
143904, 2939
194072, 2939
221387, 2939
250634, 2939
285235, 2939
295386, 2939
95388, 2938
126232, 2936
199136, 2936
238555, 2936
293082, 2936
28361, 2935
41433, 2935
145312, 2935
171257, 2935
182298, 2935
292469, 2935
74222, 2932
119268, 2932
294605, 2932
83506, 2930
16754, 2927
155417, 2927
231052, 2927
277828, 2927
185453, 2923
234044, 2923
175964, 2921
99221, 2914
169646, 2914
252033, 2914
90985, 2913
173047, 2913
195754, 2913
199454, 2913
243156, 2913
229087, 2910
166260, 2907
219174, 2907
249952, 2907
289263, 2907
21268, 2906
85188, 2906
161279, 2906
175326, 2906
199772, 2906
200002, 2906
236242, 2906
94697, 2903
97163, 2903
144376, 2903
150208, 2903
161245, 2903
171756, 2903
182040, 2903
255618, 2903
274166, 2903
5517, 2901
28678, 2901
92031, 2901
115462, 2901
157356, 2901
208301, 2901
232256, 2901
242866, 2901
279495, 2901
44637, 2898
166840, 2898
211992, 2898
220708, 2898
289021, 2898
283437, 2892
79984, 2890
115611, 2890
199413, 2890
223357, 2890
281224, 2890
192390, 2889
198847, 2888
141233, 2886
120878, 2881
7714, 2879
76019, 2879
79363, 2879
86142, 2879
105686, 2879
120348, 2879
173772, 2879
28191, 2874
74753, 2874
190118, 2874
218477, 2873
116440, 2872
271315, 2872
121100, 2866
193989, 2866
295072, 2866
45868, 2860
56921, 2860
60314, 2860
122435, 2858
151342, 2858
83539, 2854
177113, 2854
272592, 2854
280813, 2854
97151, 2851
75944, 2850
260395, 2850
77174, 2848
87523, 2848
289379, 2848
265246, 2845
266780, 2845
213489, 2844
17391, 2843
20835, 2843
260652, 2840
278891, 2840
279594, 2840
281748, 2840
283425, 2840
42128, 2839
67827, 2839
74490, 2839
79455, 2839
84209, 2839
96662, 2839
120658, 2839
129018, 2839
136870, 2839
138600, 2839
140574, 2839
141110, 2839
146482, 2839
150566, 2839
151797, 2839
155937, 2839
167331, 2839
167693, 2839
168006, 2839
179311, 2839
179954, 2839
181696, 2839
184374, 2839
184712, 2839
189496, 2839
192285, 2839
192915, 2839
197605, 2839
202928, 2839
210641, 2839
216789, 2839
220502, 2839
221830, 2839
222270, 2839
222817, 2839
230209, 2839
242601, 2839
243717, 2839
245026, 2839
249279, 2839
250346, 2839
264276, 2839
281144, 2839
288165, 2839
293275, 2839
296580, 2839
26267, 2838
68901, 2838
112106, 2838
183127, 2838
184021, 2838
275069, 2838
56689, 2834
148191, 2834
181269, 2834
182319, 2834
188785, 2834
248272, 2834
267633, 2834
270843, 2834
279666, 2834
292627, 2834
41478, 2832
51866, 2832
97441, 2832
136375, 2832
161344, 2832
177398, 2832
203158, 2832
214880, 2832
269880, 2832
58713, 2830
67080, 2830
67892, 2830
68273, 2830
80066, 2830
92411, 2830
118939, 2830
122954, 2830
138739, 2830
140033, 2830
150411, 2830
184167, 2830
204060, 2830
218084, 2830
227942, 2830
240550, 2830
244647, 2830
273286, 2830
276408, 2830
287490, 2830
291472, 2830
292365, 2830
293715, 2830
118303, 2829
124182, 2829
49151, 2828
253665, 2828
92970, 2826
170784, 2826
217645, 2826
100037, 2824
222818, 2824
92500, 2822
20490, 2820
80447, 2820
80684, 2819
242611, 2819
44879, 2818
50983, 2818
61752, 2818
77547, 2818
95866, 2818
101819, 2818
104898, 2818
114703, 2818
114889, 2818
118254, 2818
118411, 2818
126818, 2818
129355, 2818
134137, 2818
139950, 2818
144431, 2818
147208, 2818
149957, 2818
151137, 2818
157891, 2818
176605, 2818
181045, 2818
183786, 2818
191789, 2818
193601, 2818
194500, 2818
204468, 2818
204592, 2818
209793, 2818
218439, 2818
231557, 2818
249517, 2818
253418, 2818
287436, 2818
277195, 2817
185596, 2815
21635, 2810
106039, 2810
163884, 2810
29593, 2807
49906, 2807
51790, 2807
81852, 2807
91533, 2807
117823, 2807
118268, 2807
119463, 2807
130584, 2807
200548, 2807
205430, 2807
224558, 2807
240646, 2807
244641, 2807
245605, 2807
257092, 2807
270376, 2807
292151, 2807
294675, 2807
294939, 2807
226491, 2805
194985, 2802
238570, 2802
279914, 2796
249565, 2794
266420, 2794
71919, 2792
277093, 2792
86311, 2788
185143, 2786
131928, 2785
277996, 2780
68584, 2776
116745, 2776
30123, 2775
238735, 2775
291087, 2775
132820, 2773
189206, 2773
246156, 2773
253097, 2773
34431, 2770
72579, 2767
59283, 2766
76174, 2766
84629, 2766
89422, 2766
91659, 2766
94399, 2766
106421, 2766
112162, 2766
112456, 2766
121125, 2766
132127, 2766
135204, 2766
144874, 2766
147684, 2766
156833, 2766
173904, 2766
176523, 2766
192101, 2766
193745, 2766
207631, 2766
218999, 2766
228414, 2766
236236, 2766
257810, 2766
258679, 2766
261445, 2766
263972, 2766
269899, 2766
281720, 2766
282116, 2766
287949, 2766
288219, 2766
288592, 2766
291074, 2766
67876, 2763
239321, 2763
214121, 2762
273517, 2762
50485, 2761
66009, 2761
180169, 2760
115524, 2759
227206, 2759
23783, 2756
42791, 2755
73835, 2755
119524, 2755
139166, 2755
143660, 2755
124607, 2751
145428, 2751
33296, 2750
116149, 2748
147166, 2748
90022, 2744
90164, 2744
115018, 2744
259221, 2744
54550, 2741
76838, 2741
83235, 2741
85108, 2741
98286, 2741
104831, 2741
111913, 2741
116871, 2741
120492, 2741
128891, 2741
131409, 2741
133277, 2741
135941, 2741
141757, 2741
143526, 2741
144895, 2741
154114, 2741
157540, 2741
159034, 2741
176749, 2741
183155, 2741
188416, 2741
190342, 2741
190423, 2741
190623, 2741
196700, 2741
205528, 2741
208009, 2741
208914, 2741
211404, 2741
213838, 2741
214111, 2741
215278, 2741
215896, 2741
221782, 2741
224442, 2741
226404, 2741
230950, 2741
235330, 2741
271845, 2741
276790, 2741
287346, 2741
289424, 2741
294554, 2741
101392, 2738
49884, 2737
103303, 2737
117981, 2737
118947, 2737
119436, 2737
120678, 2737
128042, 2737
134190, 2737
134659, 2737
142090, 2737
143989, 2737
178735, 2737
204994, 2737
206396, 2737
260910, 2737
294115, 2737
14676, 2735
6351, 2731
25958, 2731
27580, 2731
35067, 2731
44428, 2731
52875, 2731
72357, 2731
73203, 2731
84425, 2731
87667, 2731
102349, 2731
103307, 2731
108741, 2731
120233, 2731
133983, 2731
156124, 2731
175192, 2731
186876, 2731
217113, 2731
221725, 2731
228225, 2731
232944, 2731
233477, 2731
236030, 2731
253449, 2731
289070, 2731
292265, 2731
294264, 2731
135931, 2730
114428, 2728
295495, 2727
220525, 2723
244626, 2723
240118, 2721
44771, 2719
124113, 2719
150004, 2719
212924, 2719
23657, 2718
55888, 2718
94086, 2718
165257, 2718
262477, 2718
76710, 2716
52870, 2715
224399, 2715
290049, 2715
32567, 2714
125242, 2714
144340, 2714
34821, 2713
86331, 2712
104791, 2712
223573, 2710
253430, 2710
69833, 2705
129786, 2705
206743, 2705
96645, 2701
105183, 2701
105734, 2701
127725, 2701
137109, 2701
139606, 2701
156108, 2701
158759, 2701
168283, 2701
170787, 2701
182018, 2701
194121, 2701
198902, 2701
203331, 2701
203611, 2701
222977, 2701
238770, 2701
278977, 2701
280024, 2701
95284, 2699
133629, 2699
142559, 2699
142878, 2699
151508, 2699
156777, 2699
194568, 2699
293228, 2699
56896, 2696
156476, 2696
209023, 2696
232525, 2696
290518, 2696
111588, 2695
175433, 2695
219590, 2695
233480, 2695
254079, 2695
63431, 2685
103728, 2685
167832, 2684
233898, 2684
80482, 2683
106454, 2683
133844, 2683
135575, 2683
159603, 2683
172739, 2683
174820, 2683
211752, 2683
261487, 2683
269695, 2683
280317, 2683
200825, 2681
150330, 2680
178359, 2680
212472, 2680
243226, 2677
280266, 2675
115090, 2672
158784, 2670
246158, 2670
52598, 2667
92432, 2667
289205, 2667
64354, 2666
96030, 2666
190367, 2666
213184, 2666
253033, 2666
267485, 2666
267761, 2666
65782, 2665
181150, 2661
208600, 2661
221973, 2661
164370, 2657
269040, 2657
114511, 2650
290904, 2650
129077, 2649
231930, 2648
80390, 2643
80726, 2643
85389, 2643
101187, 2643
141084, 2643
173181, 2643
202994, 2643
208644, 2643
230257, 2643
230350, 2643
236512, 2643
273129, 2643
132112, 2639
220075, 2639
187442, 2637
229191, 2637
216904, 2636
172844, 2635
64328, 2632
274322, 2632
211858, 2623
117271, 2622
161962, 2620
96441, 2619
98822, 2619
191463, 2619
248294, 2619
83765, 2618
218510, 2618
246801, 2618
134240, 2617
279014, 2615
12769, 2614
277691, 2613
101511, 2611
280367, 2611
114863, 2610
155956, 2610
157823, 2610
285973, 2610
33095, 2608
65766, 2608
139737, 2608
252461, 2608
290976, 2608
72937, 2603
232015, 2603
281932, 2603
289602, 2603
73739, 2597
44141, 2594
69260, 2594
124911, 2594
128438, 2594
255643, 2594
50393, 2591
118646, 2585
172224, 2585
194587, 2584
194923, 2583
268520, 2583
82499, 2581
82888, 2581
103461, 2581
107595, 2581
145794, 2581
153655, 2581
173816, 2581
176138, 2581
210088, 2581
211310, 2581
288995, 2581
293328, 2581
82953, 2580
4685, 2574
75302, 2574
296541, 2574
268451, 2573
65883, 2571
94160, 2571
120525, 2571
137303, 2571
155132, 2571
172562, 2571
206611, 2571
230587, 2571
254817, 2570
218635, 2569
282270, 2569
232644, 2568
139311, 2567
182750, 2567
217827, 2567
236528, 2567
14091, 2564
21898, 2564
96959, 2564
117852, 2564
186971, 2564
196660, 2564
275927, 2564
194670, 2562
27288, 2558
119641, 2558
161621, 2558
190601, 2558
34028, 2557
66714, 2557
91007, 2557
82396, 2555
116454, 2555
117944, 2555
128901, 2555
161635, 2555
204531, 2555
227408, 2555
95035, 2550
129567, 2543
132527, 2543
150921, 2543
207608, 2543
221180, 2543
257330, 2543
183022, 2542
275964, 2542
17749, 2541
48725, 2541
162182, 2541
199847, 2541
230961, 2541
237321, 2541
269262, 2541
295238, 2541
110289, 2540
140398, 2540
183879, 2540
208977, 2540
256914, 2540
270639, 2540
12698, 2538
40974, 2538
60525, 2538
219188, 2538
252053, 2534
210556, 2532
290257, 2532
158518, 2531
200696, 2531
111573, 2529
223584, 2524
278645, 2524
44988, 2522
29177, 2521
172495, 2521
98276, 2520
146889, 2520
222950, 2520
238595, 2520
278247, 2520
293238, 2520
22549, 2519
80391, 2519
172544, 2519
284193, 2519
56179, 2518
113602, 2518
150212, 2518
154738, 2518
170025, 2518
186179, 2518
287492, 2518
45089, 2517
91027, 2517
142985, 2517
204266, 2517
185438, 2514
86266, 2512
113354, 2512
130323, 2512
141398, 2512
143594, 2512
161742, 2512
172425, 2512
179199, 2512
183656, 2512
185411, 2512
196956, 2512
207921, 2512
210181, 2512
245447, 2512
254450, 2512
269833, 2512
271185, 2512
275187, 2512
278835, 2512
279124, 2512
288202, 2512
289384, 2512
294878, 2512
296305, 2512
120503, 2511
244365, 2511
289823, 2511
247176, 2508
202111, 2502
293717, 2502
106871, 2498
166936, 2498
83813, 2496
254432, 2490
228001, 2489
274103, 2489
170881, 2486
212529, 2486
242810, 2486
27147, 2485
82090, 2478
107309, 2478
237996, 2475
293517, 2475
95871, 2474
253335, 2474
261653, 2474
211400, 2467
253852, 2467
237625, 2465
94630, 2452
108488, 2452
80682, 2450
96762, 2450
131561, 2450
145639, 2450
284845, 2450
136074, 2449
16759, 2447
258559, 2444
70173, 2442
145291, 2442
185410, 2442
39133, 2440
141992, 2436
31524, 2432
45737, 2432
184665, 2432
260641, 2432
153478, 2431
230638, 2431
251169, 2431
94349, 2429
273835, 2427
151480, 2422
293069, 2421
213521, 2417
222282, 2417
231758, 2417
178757, 2416
255828, 2416
63267, 2413
223048, 2413
272653, 2412
252482, 2411
92369, 2410
152708, 2410
157701, 2410
238338, 2410
285891, 2410
98552, 2405
41769, 2403
81856, 2403
207005, 2403
159627, 2401
235279, 2401
295860, 2401
31700, 2400
36992, 2400
47126, 2400
73261, 2400
81960, 2400
83026, 2400
101563, 2400
102063, 2400
103503, 2400
119257, 2400
159468, 2400
199186, 2400
213833, 2400
249316, 2400
279611, 2400
89794, 2391
140053, 2391
19004, 2390
102319, 2383
153886, 2383
162068, 2383
173574, 2383
290720, 2383
33328, 2382
283632, 2382
287969, 2382
119379, 2379
157045, 2379
183427, 2379
195195, 2379
276153, 2379
268536, 2378
22339, 2377
139982, 2377
215861, 2377
282584, 2375
5633, 2371
10532, 2371
86218, 2371
247503, 2370
169490, 2368
27123, 2367
50826, 2367
76204, 2365
202678, 2365
133713, 2364
142213, 2361
28674, 2360
40471, 2360
45983, 2360
59319, 2360
64854, 2360
85846, 2360
91935, 2360
92757, 2360
113741, 2360
193461, 2360
209550, 2360
231568, 2360
232426, 2360
16945, 2357
147016, 2356
202075, 2356
113624, 2355
254395, 2355
31095, 2354
66244, 2354
68034, 2352
233816, 2352
4299, 2351
101066, 2351
121820, 2351
54949, 2349
120189, 2349
139579, 2349
66917, 2348
167056, 2348
127119, 2347
273186, 2347
63936, 2345
210274, 2345
228195, 2345
161345, 2341
198162, 2341
214322, 2341
242860, 2341
291161, 2341
160606, 2340
207572, 2340
208819, 2340
252607, 2340
286016, 2340
128921, 2337
48636, 2336
102000, 2336
266840, 2336
174869, 2334
269856, 2333
33286, 2331
116333, 2331
150421, 2331
207871, 2331
161802, 2330
4882, 2329
79047, 2329
183505, 2325
124469, 2323
91274, 2322
202410, 2322
283724, 2322
104809, 2321
197120, 2321
180649, 2320
206119, 2318
7212, 2317
279149, 2316
140965, 2314
238925, 2314
212762, 2312
121431, 2306
49479, 2305
92339, 2305
115454, 2305
184624, 2305
224808, 2305
250116, 2305
254846, 2305
257337, 2305
53171, 2303
72865, 2303
144071, 2303
232983, 2303
279308, 2303
111547, 2300
155801, 2300
162485, 2300
122911, 2298
222892, 2298
252638, 2298
272428, 2298
268043, 2297
287374, 2297
191722, 2294
194415, 2294
284766, 2294
61425, 2292
116315, 2292
136197, 2292
162825, 2292
186896, 2292
260203, 2292
269947, 2292
270439, 2292
276571, 2292
276581, 2292
63676, 2291
137165, 2291
97153, 2290
233674, 2290
240857, 2290
284455, 2290
11570, 2282
192569, 2281
20122, 2277
265060, 2277
98867, 2276
279295, 2276
229222, 2271
280520, 2271
147067, 2270
252590, 2270
94826, 2269
150035, 2269
232238, 2269
250066, 2269
259616, 2269
249184, 2267
296387, 2266
71000, 2265
161399, 2265
163048, 2265
167153, 2265
214358, 2265
217816, 2265
245105, 2265
276386, 2265
285764, 2265
245414, 2264
15583, 2262
130243, 2262
210355, 2261
104237, 2253
183098, 2252
211374, 2252
196226, 2251
83630, 2248
134498, 2248
47223, 2242
2867, 2240
178854, 2239
80564, 2238
136770, 2238
119498, 2236
229283, 2236
292170, 2236
235130, 2232
262509, 2226
258252, 2223
83265, 2221
14509, 2219
20447, 2219
23943, 2219
178332, 2219
209680, 2219
285427, 2219
192570, 2218
218191, 2218
134802, 2216
230017, 2216
224092, 2213
158028, 2212
246478, 2212
260261, 2212
128518, 2209
145317, 2209
72968, 2208
74163, 2208
135649, 2208
196382, 2208
296135, 2208
95115, 2205
55749, 2204
231827, 2204
88921, 2202
263072, 2202
242285, 2196
40755, 2195
204189, 2195
11328, 2194
52091, 2191
4404, 2190
226043, 2189
168743, 2188
184017, 2188
295192, 2187
57238, 2186
68679, 2186
185622, 2186
217500, 2186
243954, 2186
296524, 2186
187751, 2185
195782, 2185
219872, 2185
267030, 2185
199915, 2182
107009, 2179
207628, 2179
252159, 2179
276086, 2179
77518, 2177
190668, 2176
215341, 2175
73376, 2173
140948, 2173
245696, 2173
100714, 2170
233095, 2170
283723, 2167
38640, 2165
44105, 2165
92343, 2165
187615, 2165
210984, 2165
264222, 2165
264735, 2165
273127, 2165
117529, 2162
78025, 2161
16044, 2159
28544, 2159
44037, 2159
44091, 2159
62116, 2159
73226, 2159
73710, 2159
103903, 2159
108782, 2159
141847, 2159
195432, 2159
197902, 2159
246662, 2159
274664, 2158
255946, 2156
231115, 2153
273325, 2153
293337, 2153
192430, 2151
119360, 2149
121528, 2149
29598, 2148
55022, 2148
105423, 2148
107492, 2148
109502, 2148
132738, 2148
148254, 2148
155162, 2148
160232, 2148
184212, 2148
213737, 2148
215610, 2148
220198, 2148
228212, 2148
230948, 2148
260621, 2148
261683, 2148
262515, 2148
280517, 2148
280790, 2148
3448, 2147
38177, 2147
80008, 2147
114643, 2147
146458, 2147
194659, 2147
219111, 2147
219609, 2147
227235, 2147
236965, 2147
248681, 2147
257610, 2147
259264, 2147
266156, 2147
280213, 2147
34310, 2146
76276, 2146
202252, 2146
241627, 2146
255798, 2146
97710, 2144
111480, 2144
117372, 2144
138178, 2144
158306, 2144
208193, 2143
157465, 2142
142166, 2141
235018, 2141
149280, 2140
193360, 2140
196496, 2140
258650, 2140
279606, 2140
35421, 2138
36563, 2138
61683, 2138
71024, 2138
93628, 2138
97489, 2138
105145, 2138
134743, 2138
138380, 2138
254288, 2138
21739, 2136
260546, 2136
269560, 2136
113432, 2135
56910, 2134
238693, 2131
34354, 2130
256928, 2130
181069, 2127
198714, 2126
267605, 2126
78951, 2123
80019, 2123
275143, 2122
95837, 2120
132991, 2120
78075, 2118
169630, 2118
274339, 2118
51305, 2117
60385, 2117
106772, 2117
233013, 2117
289229, 2117
78066, 2116
242826, 2116
39470, 2115
145662, 2115
200142, 2115
286477, 2115
45257, 2112
135555, 2112
148208, 2112
239301, 2112
284974, 2112
295009, 2112
42296, 2110
164393, 2110
269029, 2110
228235, 2108
127836, 2106
184149, 2106
237155, 2106
261646, 2106
162354, 2105
259690, 2105
13772, 2104
14605, 2104
23237, 2104
27809, 2104
28209, 2104
30736, 2104
33961, 2104
34342, 2104
39542, 2104
40075, 2104
50305, 2104
54802, 2104
60881, 2104
61000, 2104
64910, 2104
66366, 2104
68441, 2104
71832, 2104
72204, 2104
74070, 2104
77474, 2104
78541, 2104
82403, 2104
83305, 2104
84690, 2104
86778, 2104
92562, 2104
96925, 2104
101954, 2104
108072, 2104
115585, 2104
123603, 2104
126248, 2104
127481, 2104
133326, 2104
149281, 2104
199401, 2104
211177, 2104
237541, 2104
238437, 2104
90416, 2103
107857, 2103
270782, 2103
30108, 2101
48512, 2101
76771, 2101
168551, 2101
205688, 2101
224336, 2101
241916, 2101
245348, 2101
245693, 2101
264301, 2101
291416, 2101
292422, 2101
68446, 2099
114751, 2099
121822, 2099
133494, 2099
154718, 2099
166510, 2099
186704, 2099
188291, 2099
222596, 2099
26164, 2097
34490, 2097
64724, 2097
98343, 2097
106730, 2097
128212, 2097
156341, 2097
174919, 2096
258116, 2096
70940, 2095
195155, 2093
123379, 2092
267851, 2092
148367, 2091
114413, 2089
16493, 2088
38361, 2088
51450, 2088
69856, 2088
77050, 2088
130040, 2088
150556, 2088
171298, 2088
200337, 2088
284983, 2088
32660, 2084
55538, 2084
114738, 2084
131992, 2084
143082, 2084
188994, 2084
288182, 2084
171178, 2082
60219, 2081
97390, 2081
113259, 2081
116008, 2081
132588, 2081
158191, 2081
179951, 2081
181572, 2081
197417, 2081
226977, 2081
243179, 2081
284866, 2081
295224, 2081
45238, 2078
75735, 2078
77905, 2078
132093, 2078
204988, 2077
30283, 2076
38503, 2076
52650, 2076
87984, 2076
156248, 2076
292755, 2076
77287, 2075
103586, 2074
149484, 2074
161046, 2074
177224, 2074
123974, 2073
194416, 2073
198680, 2073
234428, 2073
252616, 2073
109055, 2072
142405, 2072
147399, 2072
155319, 2072
173230, 2072
184276, 2072
202702, 2072
55657, 2071
217295, 2071
217544, 2071
32998, 2069
76740, 2069
87756, 2069
105866, 2069
119766, 2069
126432, 2069
168174, 2069
191560, 2069
204217, 2069
223358, 2069
234318, 2069
235395, 2069
260804, 2069
277199, 2069
198537, 2067
233998, 2067
266325, 2067
285949, 2067
55525, 2065
86788, 2065
112759, 2065
138208, 2065
6675, 2064
23231, 2063
86080, 2063
221194, 2062
269103, 2062
275810, 2062
48664, 2061
131713, 2061
140440, 2061
152683, 2061
160202, 2061
169456, 2061
172164, 2061
172609, 2061
177161, 2061
262823, 2061
273432, 2061
287020, 2061
98774, 2060
237241, 2060
114442, 2059
236781, 2059
121413, 2055
34776, 2054
60126, 2054
69611, 2054
118187, 2053
143945, 2052
192802, 2052
141615, 2051
78639, 2045
180195, 2044
202211, 2044
55409, 2043
171373, 2042
277762, 2042
93552, 2039
38248, 2038
69044, 2038
81989, 2038
229247, 2036
21890, 2035
55762, 2035
68356, 2035
188583, 2035
284057, 2035
56428, 2034
95542, 2034
106661, 2034
206963, 2034
222384, 2034
229639, 2034
271468, 2034
42962, 2033
99248, 2033
18806, 2032
43273, 2031
198569, 2031
22055, 2030
23791, 2030
48892, 2030
75694, 2030
83823, 2030
84768, 2030
89107, 2030
104385, 2030
146695, 2030
167869, 2030
198668, 2030
221435, 2030
76420, 2028
67059, 2027
103920, 2027
106239, 2027
134707, 2027
271567, 2027
293445, 2027
289065, 2025
125121, 2024
205394, 2023
56749, 2022
240340, 2020
152019, 2019
171040, 2019
236185, 2019
289080, 2019
84401, 2018
94460, 2018
138993, 2018
217304, 2018
237210, 2018
25419, 2016
25581, 2016
50235, 2016
50614, 2016
89187, 2016
109452, 2016
188620, 2016
189630, 2016
261920, 2016
6099, 2015
30549, 2015
51487, 2015
266505, 2015
109357, 2014
251718, 2013
57430, 2011
157666, 2011
177839, 2011
238689, 2011
76306, 2009
220587, 2008
231022, 2008
41637, 2004
212352, 2003
230213, 2003
220872, 2000
167544, 1999
99538, 1997
164304, 1997
74316, 1996
77014, 1996
104423, 1996
71778, 1995
206358, 1993
98559, 1992
201809, 1992
47609, 1990
66539, 1990
36572, 1989
219388, 1989
248052, 1989
192522, 1987
232023, 1987
267273, 1987
281912, 1987
144381, 1985
286796, 1985
179481, 1983
44491, 1981
57598, 1981
83658, 1981
88695, 1981
124353, 1981
125164, 1981
142939, 1981
143800, 1981
144576, 1981
150315, 1981
156081, 1981
160260, 1981
165313, 1981
168079, 1981
182340, 1981
206980, 1981
210743, 1981
224440, 1981
226383, 1981
235345, 1981
242800, 1981
247990, 1981
249652, 1981
254640, 1981
16133, 1980
20307, 1980
22633, 1980
104545, 1980
115463, 1980
120845, 1980
213894, 1979
250156, 1979
110946, 1978
115115, 1978
126585, 1978
19758, 1977
101411, 1977
110367, 1977
148407, 1977
179524, 1977
222930, 1977
230247, 1977
241593, 1977
248457, 1977
253419, 1977
258901, 1977
142400, 1976
121780, 1972
143823, 1972
196100, 1972
190384, 1971
45259, 1970
54962, 1970
147114, 1970
154843, 1970
185168, 1970
205270, 1967
287074, 1967
49993, 1964
51593, 1964
159632, 1964
40996, 1963
30559, 1962
50224, 1962
214170, 1961
50200, 1960
273881, 1960
142279, 1956
46069, 1955
184721, 1955
193227, 1955
207039, 1955
217273, 1955
275284, 1955
36499, 1954
41466, 1954
86363, 1954
249694, 1954
289482, 1954
61396, 1953
62134, 1953
171721, 1953
174174, 1953
223996, 1953
278675, 1951
93859, 1946
98865, 1942
71237, 1939
172459, 1939
204487, 1939
205436, 1939
230484, 1939
232306, 1939
234973, 1939
38057, 1936
71871, 1936
116310, 1936
203350, 1936
273496, 1936
101489, 1935
99744, 1933
177477, 1932
70581, 1931
45509, 1930
244262, 1930
289777, 1930
115267, 1928
115855, 1928
275202, 1928
234252, 1927
227258, 1925
295482, 1925
49733, 1924
89264, 1924
117472, 1924
126781, 1924
215691, 1924
276684, 1924
187321, 1922
175897, 1921
239237, 1920
292069, 1920
57005, 1918
132459, 1918
58546, 1916
117853, 1916
154862, 1916
54481, 1913
29228, 1912
129783, 1912
164623, 1912
170822, 1912
257215, 1912
138088, 1911
189130, 1911
226793, 1911
272637, 1911
32278, 1910
71458, 1910
95653, 1910
120180, 1910
141198, 1910
180997, 1910
218034, 1910
263918, 1910
63465, 1905
65138, 1905
67331, 1905
144911, 1905
147703, 1905
171449, 1905
184566, 1905
255225, 1905
204539, 1904
73135, 1902
124982, 1902
263969, 1902
272934, 1902
292093, 1902
29233, 1901
9144, 1900
99303, 1900
176504, 1900
228443, 1900
257583, 1900
70584, 1899
189930, 1899
8558, 1895
92574, 1895
181049, 1895
166070, 1894
252250, 1894
245936, 1893
280170, 1893
282165, 1893
101498, 1891
244452, 1891
10147, 1890
22707, 1890
58253, 1890
59173, 1890
68892, 1890
95481, 1890
106248, 1890
139819, 1890
158811, 1890
159191, 1890
169636, 1890
171318, 1890
255651, 1890
264407, 1890
268952, 1890
287309, 1890
108767, 1888
89802, 1886
111684, 1886
147344, 1886
147989, 1886
157856, 1886
183964, 1886
216336, 1886
240535, 1886
276778, 1886
287323, 1886
149014, 1885
184498, 1884
70246, 1882
83884, 1882
20807, 1881
80923, 1881
90200, 1879
7856, 1878
50762, 1877
199938, 1876
182010, 1875
90244, 1873
129173, 1873
180455, 1873
183256, 1873
187612, 1872
206394, 1872
249769, 1872
37021, 1870
112893, 1870
161262, 1870
5436, 1867
104189, 1867
215741, 1867
75349, 1863
5143, 1862
154800, 1862
156051, 1862
263214, 1862
197761, 1861
6394, 1859
234579, 1859
234094, 1858
130669, 1853
225042, 1851
24985, 1850
105097, 1850
76677, 1846
82775, 1846
163867, 1846
182352, 1846
237793, 1846
95865, 1844
127738, 1844
183311, 1843
69133, 1841
134683, 1841
82562, 1837
82758, 1837
93431, 1837
167109, 1837
269188, 1837
107617, 1836
231771, 1836
235036, 1836
34903, 1835
122002, 1832
233332, 1832
98597, 1831
210337, 1831
268235, 1831
292433, 1831
99902, 1830
132170, 1830
171304, 1830
185833, 1830
198629, 1830
225747, 1830
230365, 1830
231048, 1830
275009, 1830
55841, 1829
92305, 1829
287528, 1829
244260, 1827
181815, 1826
13624, 1825
20005, 1823
86320, 1823
191161, 1823
6662, 1822
74244, 1822
94542, 1822
104473, 1822
115622, 1822
118809, 1822
121932, 1822
199472, 1822
224370, 1822
59823, 1819
170613, 1819
207075, 1819
263273, 1818
84338, 1817
87597, 1817
234943, 1816
35844, 1814
172406, 1814
22604, 1812
122137, 1812
156527, 1812
164097, 1812
54614, 1811
142950, 1808
22769, 1806
73052, 1806
156521, 1806
181972, 1806
220401, 1806
11476, 1805
32845, 1805
57380, 1802
104207, 1802
137491, 1802
147929, 1802
150131, 1802
169364, 1802
196950, 1802
241454, 1802
289908, 1802
30487, 1801
205679, 1801
186274, 1800
190941, 1798
225635, 1798
151940, 1797
97963, 1796
165467, 1796
251071, 1796
91150, 1794
83542, 1793
163564, 1788
23294, 1784
166849, 1784
285326, 1784
158041, 1782
50328, 1780
93503, 1779
124622, 1779
126433, 1779
156817, 1779
159019, 1779
217531, 1779
225900, 1779
231191, 1779
239413, 1779
243899, 1779
258199, 1779
256001, 1776
274202, 1776
180531, 1775
196363, 1774
258390, 1774
26876, 1773
66388, 1770
127603, 1770
158895, 1770
253769, 1768
143379, 1766
101588, 1765
149798, 1765
257436, 1765
16625, 1764
238231, 1764
19065, 1763
27199, 1763
189834, 1762
103129, 1760
185162, 1760
200135, 1760
201348, 1760
283142, 1760
288561, 1760
294636, 1760
197997, 1759
203176, 1759
106495, 1758
153216, 1758
233307, 1757
203478, 1756
11414, 1755
68537, 1755
64431, 1754
70429, 1754
100657, 1754
103544, 1754
143027, 1754
147643, 1754
153048, 1754
163651, 1754
178240, 1754
206791, 1754
274072, 1754
280380, 1754
82744, 1752
179861, 1752
267222, 1752
27879, 1751
50032, 1751
52567, 1751
53624, 1751
56928, 1751
169405, 1751
258161, 1751
265310, 1751
238005, 1750
18025, 1749
216927, 1745
142340, 1743
34410, 1741
38597, 1741
40786, 1741
59805, 1741
73908, 1741
84075, 1741
84418, 1741
92279, 1741
109816, 1741
134752, 1741
158248, 1741
22362, 1738
35010, 1737
76514, 1737
198276, 1737
202159, 1737
249259, 1737
22074, 1734
278663, 1733
285380, 1733
55574, 1732
89284, 1732
91595, 1732
98186, 1732
105255, 1732
146278, 1732
147389, 1732
209864, 1732
232163, 1732
113709, 1730
88455, 1729
41528, 1728
260047, 1728
238487, 1727
199349, 1726
11544, 1725
134571, 1725
141019, 1722
213776, 1722
53817, 1721
125486, 1721
161655, 1721
194141, 1721
213932, 1721
289448, 1721
292221, 1721
118887, 1717
175513, 1717
98805, 1715
104369, 1715
134171, 1715
193968, 1715
195503, 1715
235746, 1715
180632, 1714
253925, 1713
270392, 1713
14123, 1712
101579, 1712
188310, 1712
74849, 1710
251345, 1708
161249, 1707
91587, 1706
129527, 1706
180416, 1706
182047, 1706
19429, 1705
107425, 1704
142990, 1703
191721, 1701
225020, 1701
10748, 1700
20769, 1700
54982, 1700
59754, 1700
294692, 1700
24084, 1699
240301, 1699
195380, 1698
92923, 1697
196249, 1697
36628, 1696
61495, 1696
66963, 1696
36372, 1695
32235, 1694
62564, 1694
78038, 1693
108823, 1693
117252, 1693
117730, 1693
135973, 1693
21300, 1692
37511, 1692
85458, 1692
262084, 1689
90071, 1688
211944, 1688
88977, 1687
136745, 1687
149862, 1687
208824, 1687
125481, 1686
10297, 1685
17671, 1685
91177, 1685
109118, 1685
183466, 1685
98527, 1684
151978, 1684
208035, 1684
217562, 1684
8749, 1681
18097, 1681
25724, 1681
26960, 1681
33535, 1681
34782, 1681
35308, 1681
35804, 1681
37580, 1681
48366, 1681
50979, 1681
57172, 1681
71425, 1681
75920, 1681
83466, 1681
100610, 1681
131129, 1681
135124, 1681
138430, 1681
145406, 1681
210948, 1681
12574, 1680
32321, 1680
101101, 1680
122653, 1680
32376, 1678
134405, 1678
175154, 1678
267261, 1678
39548, 1674
23312, 1673
56032, 1673
277422, 1673
73051, 1672
98431, 1672
49978, 1670
15575, 1669
16820, 1669
21716, 1669
22250, 1669
24927, 1669
32396, 1669
33611, 1669
77195, 1669
254166, 1669
29070, 1668
31351, 1668
32913, 1668
57773, 1668
85791, 1668
106482, 1668
116590, 1668
229369, 1668
245671, 1668
248463, 1668
66666, 1667
87869, 1667
116556, 1667
128440, 1667
181762, 1667
226819, 1667
287292, 1667
16103, 1666
22251, 1666
26818, 1666
30962, 1666
53403, 1666
63113, 1666
64651, 1666
82462, 1666
96751, 1666
145478, 1666
191645, 1666
216674, 1666
254448, 1665
99856, 1664
108755, 1660
174145, 1660
5772, 1659
50718, 1659
148758, 1659
161727, 1659
91801, 1658
214542, 1658
26629, 1657
289193, 1657
8563, 1654
10273, 1654
10790, 1654
11533, 1654
21141, 1654
24254, 1654
25416, 1654
26129, 1654
26422, 1654
29372, 1654
30285, 1654
33046, 1654
33473, 1654
36618, 1654
37699, 1654
42356, 1654
42612, 1654
48317, 1654
52303, 1654
52540, 1654
55614, 1654
63812, 1654
64399, 1654
69496, 1654
70441, 1654
70982, 1654
71071, 1654
71666, 1654
96209, 1654
121870, 1654
132133, 1654
136406, 1654
139325, 1654
144652, 1654
144909, 1654
154966, 1654
165574, 1654
177550, 1654
242410, 1654
248333, 1654
16903, 1653
51816, 1652
168929, 1652
175658, 1652
85128, 1651
183530, 1651
140634, 1650
248710, 1649
272900, 1645
274999, 1645
125813, 1644
201395, 1644
22428, 1643
22614, 1643
26823, 1643
26952, 1643
27164, 1643
41399, 1643
47657, 1643
54395, 1643
56829, 1643
108655, 1643
213353, 1643
288632, 1642
216140, 1639
106956, 1638
161293, 1638
248489, 1638
291735, 1638
25122, 1637
198381, 1636
261175, 1636
240303, 1633
293726, 1633
10360, 1632
49830, 1632
72011, 1632
245465, 1629
247791, 1629
195520, 1628
19253, 1627
41517, 1627
45931, 1627
103255, 1627
39244, 1625
137121, 1625
201638, 1625
268548, 1624
59571, 1623
163859, 1623
204762, 1623
61192, 1622
35371, 1621
275422, 1621
288357, 1621
17554, 1620
68033, 1620
69219, 1620
224636, 1614
38964, 1612
68355, 1611
79142, 1611
79582, 1611
154251, 1609
61109, 1608
98755, 1607
61116, 1606
166287, 1606
286644, 1605
55612, 1604
236297, 1604
239381, 1604
233969, 1601
82614, 1598
116017, 1598
275198, 1598
135735, 1597
64202, 1596
101888, 1596
218654, 1596
33617, 1594
58999, 1593
255715, 1592
85014, 1591
114092, 1591
167968, 1591
294003, 1591
295518, 1591
243129, 1590
67404, 1588
76525, 1588
77471, 1588
96523, 1588
168224, 1588
170700, 1588
171046, 1588
190743, 1588
191394, 1588
193085, 1588
263235, 1588
267641, 1588
147107, 1587
259461, 1586
281816, 1586
162228, 1584
193160, 1584
289566, 1584
23921, 1583
206142, 1583
287483, 1583
97241, 1580
11609, 1579
164702, 1577
208308, 1575
95571, 1572
249604, 1572
160625, 1571
266132, 1570
229613, 1568
252855, 1567
200073, 1566
288040, 1564
192174, 1563
251359, 1561
19381, 1560
150481, 1558
22007, 1557
185598, 1557
232869, 1557
138961, 1556
43004, 1554
7930, 1553
124051, 1553
25218, 1552
106350, 1552
222928, 1552
172021, 1551
42143, 1548
45548, 1548
70485, 1548
197566, 1548
20081, 1547
108806, 1547
122535, 1547
175845, 1547
231005, 1547
242465, 1547
244994, 1547
296047, 1546
65353, 1544
116208, 1543
152414, 1543
199518, 1543
61861, 1542
144709, 1542
223011, 1538
30418, 1535
255025, 1535
279549, 1535
108323, 1533
127386, 1533
65182, 1529
80707, 1529
106585, 1529
116696, 1529
262462, 1529
55392, 1528
65618, 1528
288507, 1528
200704, 1527
238826, 1527
58260, 1526
65953, 1525
68615, 1525
155963, 1525
158910, 1525
173186, 1525
203973, 1525
232464, 1525
275392, 1525
639, 1520
119783, 1520
145441, 1520
184770, 1520
288344, 1520
61277, 1517
179771, 1517
191356, 1517
255924, 1517
274779, 1517
33742, 1516
67751, 1514
283547, 1514
84454, 1513
92963, 1513
120372, 1513
136236, 1513
146366, 1513
169503, 1513
171090, 1513
178997, 1513
270303, 1513
271005, 1513
272421, 1513
74247, 1512
234671, 1512
91919, 1510
218681, 1510
243713, 1510
248425, 1508
81359, 1507
145508, 1502
211492, 1502
189396, 1501
290845, 1501
63049, 1500
95209, 1500
216269, 1500
104744, 1499
260442, 1499
128521, 1498
228583, 1498
194528, 1496
269556, 1496
124152, 1494
159804, 1494
50814, 1493
61984, 1493
150285, 1493
235098, 1493
16210, 1491
42125, 1491
46460, 1491
52980, 1491
57650, 1491
83742, 1491
113704, 1491
136261, 1491
147111, 1491
156183, 1491
170383, 1491
213959, 1491
225005, 1491
262196, 1491
265648, 1491
86319, 1490
254685, 1490
98749, 1489
195749, 1489
66628, 1487
82646, 1487
128641, 1485
73723, 1484
253138, 1484
73978, 1483
90305, 1483
129222, 1483
156868, 1483
162064, 1483
174731, 1483
257635, 1483
8466, 1482
61978, 1482
115378, 1482
181797, 1482
269958, 1482
200942, 1481
224655, 1481
174089, 1480
200929, 1480
47536, 1479
215182, 1479
111189, 1478
229774, 1478
59829, 1477
63633, 1477
98417, 1477
109096, 1477
123989, 1477
169323, 1477
194526, 1477
234461, 1477
234911, 1477
251962, 1477
278269, 1477
290630, 1477
104303, 1474
57572, 1473
92448, 1473
13087, 1472
18359, 1472
289992, 1472
161856, 1468
92593, 1467
147382, 1467
210213, 1467
144988, 1465
259697, 1465
88264, 1464
39964, 1463
77795, 1463
104718, 1463
119023, 1463
135125, 1463
137224, 1463
144609, 1463
150254, 1463
154374, 1463
168488, 1463
171207, 1463
173274, 1463
175573, 1463
201093, 1463
211976, 1463
217583, 1463
229316, 1463
233132, 1463
270262, 1463
274006, 1463
167907, 1462
179911, 1461
183006, 1461
244535, 1461
74415, 1459
128046, 1459
173359, 1459
49373, 1458
128361, 1458
43952, 1455
250037, 1455
128709, 1452
176344, 1452
202061, 1452
96096, 1451
28218, 1450
64503, 1450
250047, 1450
37187, 1449
102024, 1449
8131, 1448
60432, 1448
93085, 1448
147674, 1448
102048, 1446
111709, 1446
196155, 1446
203968, 1446
238454, 1446
266433, 1446
246815, 1445
113989, 1444
142324, 1444
169071, 1444
179185, 1444
287987, 1444
34702, 1443
35836, 1443
81205, 1443
89805, 1443
150460, 1443
61659, 1442
13954, 1440
22203, 1440
131863, 1440
43657, 1439
92389, 1439
96854, 1439
105742, 1439
124826, 1439
161824, 1439
166756, 1439
169805, 1439
218780, 1439
250660, 1439
287065, 1439
290641, 1439
290962, 1439
56456, 1438
150781, 1438
186688, 1438
197914, 1438
126151, 1437
101597, 1435
232659, 1435
261010, 1435
137600, 1432
39323, 1428
124444, 1428
147266, 1428
150575, 1428
171822, 1428
173208, 1428
178295, 1428
201988, 1428
242617, 1428
278867, 1428
24764, 1427
134232, 1427
274425, 1427
135708, 1426
11113, 1425
38111, 1422
233868, 1422
24925, 1420
30563, 1420
89589, 1420
119070, 1420
124814, 1420
224485, 1420
269941, 1420
65062, 1418
272868, 1418
83951, 1417
88047, 1417
93195, 1417
96893, 1417
110265, 1417
177376, 1417
229827, 1417
257427, 1417
275676, 1417
282920, 1417
122867, 1416
181349, 1416
207974, 1416
195842, 1415
58324, 1414
161666, 1413
55094, 1412
65140, 1412
86469, 1412
76119, 1411
115166, 1411
161226, 1410
125698, 1409
6032, 1405
119245, 1405
174389, 1405
189276, 1405
213469, 1405
64961, 1402
31164, 1401
50060, 1401
52331, 1401
85594, 1401
124064, 1401
160719, 1401
175861, 1401
270735, 1401
271770, 1401
69800, 1400
135700, 1400
161914, 1399
265511, 1399
169912, 1398
171856, 1398
214865, 1398
46103, 1397
51500, 1397
91934, 1397
95851, 1397
101194, 1397
106874, 1397
174421, 1397
179525, 1397
179811, 1397
219633, 1397
220303, 1397
234143, 1397
102901, 1396
113514, 1396
229048, 1395
270374, 1395
273764, 1395
251225, 1394
288875, 1394
58532, 1392
1362, 1391
15928, 1391
27524, 1391
27863, 1391
29221, 1391
35429, 1391
39686, 1391
41370, 1391
53048, 1391
53937, 1391
54208, 1391
57949, 1391
61687, 1391
71975, 1391
72329, 1391
75308, 1391
82743, 1391
83271, 1391
85300, 1391
89203, 1391
89536, 1391
92326, 1391
93960, 1391
100350, 1391
106276, 1391
110516, 1391
110537, 1391
113050, 1391
114882, 1391
115909, 1391
122458, 1391
124736, 1391
127342, 1391
127939, 1391
140307, 1391
140407, 1391
141421, 1391
155225, 1391
162275, 1391
168607, 1391
169425, 1391
173356, 1391
174533, 1391
174716, 1391
178776, 1391
184343, 1391
189060, 1391
190010, 1391
191641, 1391
204244, 1391
210208, 1391
212999, 1391
215591, 1391
218364, 1391
219183, 1391
236217, 1391
237851, 1391
239698, 1391
245934, 1391
250581, 1391
251823, 1391
256666, 1391
257131, 1391
265111, 1391
265616, 1391
286609, 1391
289318, 1391
291660, 1391
294238, 1391
108716, 1390
210046, 1390
37754, 1389
52234, 1389
198697, 1389
253739, 1388
76869, 1386
113022, 1386
114333, 1386
114440, 1386
115240, 1386
119952, 1386
122646, 1386
132851, 1386
134040, 1386
138985, 1386
146552, 1386
147809, 1386
166044, 1386
169686, 1386
176563, 1386
178167, 1386
183933, 1386
196174, 1386
198861, 1386
201559, 1386
205000, 1386
215943, 1386
223029, 1386
235136, 1386
235283, 1386
252980, 1386
267872, 1386
292917, 1386
28097, 1385
41074, 1385
61817, 1385
90780, 1385
226444, 1385
235197, 1385
272843, 1385
118316, 1384
163904, 1383
22713, 1382
57960, 1382
78082, 1382
107501, 1382
202926, 1382
207719, 1382
211616, 1382
123992, 1380
103087, 1379
219789, 1379
244730, 1379
276943, 1379
58671, 1377
156785, 1377
296160, 1376
43299, 1375
82793, 1375
110951, 1375
125792, 1375
140824, 1375
146913, 1375
164449, 1375
169261, 1375
191533, 1375
192827, 1375
195323, 1375
214059, 1375
222833, 1375
223971, 1375
251663, 1375
53443, 1374
78467, 1374
161191, 1374
31829, 1373
91099, 1373
147159, 1373
152399, 1373
154366, 1373
191321, 1373
196076, 1373
196854, 1373
211522, 1373
212363, 1373
246635, 1373
252211, 1373
254678, 1373
278068, 1373
284969, 1373
10875, 1371
17004, 1371
156668, 1368
18455, 1366
255040, 1366
176227, 1365
140915, 1364
211175, 1364
222585, 1364
240350, 1364
283103, 1364
278784, 1362
39822, 1360
295761, 1360
35451, 1357
71357, 1357
134763, 1357
252787, 1356
282747, 1355
179884, 1354
134082, 1353
141105, 1352
159712, 1352
199028, 1352
203181, 1352
256054, 1352
156590, 1351
159764, 1351
233436, 1351
153194, 1349
159193, 1349
250746, 1349
189467, 1348
61107, 1347
240132, 1347
25592, 1346
260096, 1346
262570, 1345
264979, 1345
38372, 1343
148052, 1343
285155, 1343
45372, 1342
259385, 1341
280657, 1340
112999, 1339
122844, 1339
228070, 1339
242049, 1339
293184, 1339
32965, 1338
118502, 1338
34170, 1337
193301, 1337
199630, 1337
28818, 1336
76678, 1335
57108, 1334
132154, 1334
172358, 1334
211662, 1334
218247, 1334
234228, 1334
248831, 1334
268313, 1334
277068, 1334
285984, 1334
295997, 1334
34568, 1332
68958, 1332
110772, 1331
192805, 1330
210570, 1330
163404, 1329
61900, 1328
86877, 1328
99581, 1328
203483, 1328
20709, 1326
209308, 1326
249722, 1326
271934, 1326
59797, 1324
62629, 1324
68791, 1324
70683, 1324
79180, 1324
82962, 1324
86100, 1324
136797, 1324
140743, 1324
174422, 1324
181457, 1324
189856, 1324
194796, 1324
211163, 1324
214154, 1324
220177, 1324
226898, 1324
227338, 1324
247743, 1324
250462, 1324
289986, 1324
294441, 1324
8609, 1322
239410, 1322
112919, 1321
116674, 1321
119113, 1321
161060, 1321
206246, 1321
234588, 1321
235757, 1321
247896, 1321
293964, 1321
62690, 1320
202116, 1319
53269, 1318
98259, 1318
288746, 1318
137853, 1317
174146, 1317
176382, 1317
241151, 1317
272172, 1317
7233, 1315
113864, 1315
237946, 1315
280117, 1315
295827, 1315
112780, 1313
151896, 1313
167317, 1313
272933, 1313
277024, 1313
65161, 1312
82612, 1311
92622, 1311
147507, 1311
204206, 1311
273438, 1311
292571, 1311
151245, 1310
166875, 1310
223399, 1310
272427, 1310
47767, 1309
186813, 1309
89347, 1308
46851, 1307
172383, 1307
238524, 1307
295931, 1307
27484, 1306
54734, 1306
57775, 1306
144905, 1306
149735, 1306
251607, 1306
259694, 1306
275982, 1306
44027, 1305
62914, 1305
95961, 1305
176522, 1305
272540, 1305
7689, 1304
171363, 1304
176353, 1304
127012, 1303
283692, 1303
56274, 1302
153956, 1302
198159, 1302
128035, 1301
155419, 1301
293319, 1301
14767, 1300
51906, 1300
63466, 1300
84419, 1300
149981, 1300
158608, 1300
172080, 1300
172681, 1300
185603, 1300
192408, 1300
219856, 1300
255745, 1300
261255, 1300
272125, 1300
87141, 1297
115578, 1296
162117, 1296
164812, 1295
29836, 1294
226116, 1293
252752, 1293
104861, 1290
118253, 1289
133961, 1289
137149, 1289
152153, 1289
195115, 1289
219037, 1289
252621, 1289
287545, 1289
289254, 1289
292443, 1289
52493, 1288
102470, 1288
160620, 1287
187998, 1287
112307, 1285
161604, 1283
61099, 1281
96484, 1281
163933, 1281
166621, 1281
259378, 1281
129697, 1280
33478, 1279
94695, 1279
99839, 1279
111450, 1279
126083, 1279
163880, 1279
166080, 1279
171517, 1279
179471, 1279
189474, 1279
199084, 1279
199265, 1279
213837, 1279
213921, 1279
218800, 1279
222033, 1279
222642, 1279
235379, 1279
246083, 1279
246860, 1279
251574, 1279
252177, 1279
263687, 1279
264352, 1279
268936, 1279
287621, 1279
288756, 1279
294348, 1279
45545, 1276
31105, 1273
36986, 1273
67639, 1273
75578, 1273
80934, 1273
94042, 1273
96320, 1273
99876, 1273
111267, 1273
119850, 1273
126841, 1273
136591, 1273
146047, 1273
180194, 1273
186582, 1273
193394, 1273
204363, 1273
218450, 1273
255000, 1273
211158, 1272
105012, 1271
171177, 1271
184940, 1271
248499, 1271
69384, 1270
101830, 1270
114245, 1270
123927, 1270
160520, 1270
170627, 1270
185783, 1270
295764, 1270
14426, 1269
62315, 1269
231463, 1269
245305, 1269
283661, 1269
88132, 1268
105889, 1268
110904, 1268
136905, 1268
142980, 1268
204081, 1268
215285, 1268
224738, 1268
227604, 1268
256123, 1268
273094, 1268
48733, 1267
190021, 1267
212942, 1267
27715, 1266
31954, 1266
38799, 1266
92485, 1266
107458, 1266
108673, 1266
114379, 1266
118786, 1266
121953, 1266
125228, 1266
135762, 1266
152011, 1266
163630, 1266
164914, 1266
167551, 1266
186895, 1266
233558, 1266
234594, 1266
237085, 1266
271850, 1266
100705, 1265
117994, 1265
203296, 1265
22709, 1264
32024, 1264
148871, 1264
188289, 1264
230446, 1264
37881, 1263
114024, 1263
147002, 1263
170741, 1263
198352, 1263
276425, 1263
277881, 1263
277081, 1262
71362, 1261
134288, 1261
76438, 1260
232344, 1259
256281, 1259
186004, 1256
275538, 1256
97805, 1255
277707, 1255
289969, 1255
197008, 1254
18300, 1253
152789, 1253
89588, 1251
185297, 1251
204049, 1251
229686, 1251
31319, 1250
198604, 1250
51974, 1249
80342, 1249
111230, 1249
132293, 1249
153632, 1249
207267, 1249
225111, 1249
227500, 1249
256325, 1249
284741, 1249
77319, 1248
192972, 1248
157408, 1247
291349, 1247
32035, 1246
123834, 1246
157095, 1246
28713, 1245
122826, 1245
120145, 1244
141877, 1244
286485, 1244
146079, 1243
41369, 1242
55960, 1242
68962, 1242
77963, 1242
97856, 1242
162683, 1242
165221, 1242
197351, 1242
217798, 1242
250160, 1242
264300, 1242
274503, 1242
47448, 1240
227871, 1240
252820, 1240
284589, 1240
144284, 1239
241660, 1239
239156, 1237
82594, 1234
108747, 1234
189014, 1234
244197, 1234
66730, 1233
95069, 1233
101848, 1233
116113, 1233
160833, 1233
167022, 1233
266764, 1233
282105, 1233
269770, 1231
81915, 1230
229698, 1229
281555, 1229
146457, 1228
150464, 1228
234542, 1228
244457, 1228
286430, 1228
16855, 1227
179990, 1227
213849, 1227
269254, 1227
178123, 1226
21710, 1225
109522, 1225
111817, 1225
133448, 1225
143167, 1225
161316, 1225
171114, 1225
208017, 1225
229989, 1225
230813, 1225
246125, 1225
286092, 1225
52693, 1224
56549, 1224
222109, 1224
145746, 1223
160418, 1223
171240, 1223
175847, 1223
180190, 1223
182044, 1223
186882, 1223
188361, 1223
198009, 1223
200937, 1223
205116, 1223
205478, 1223
216537, 1223
224110, 1223
229703, 1223
232353, 1223
235750, 1223
239795, 1223
242805, 1223
245625, 1223
246696, 1223
248963, 1223
251165, 1223
253744, 1223
260013, 1223
261655, 1223
263422, 1223
267396, 1223
268487, 1223
269385, 1223
279818, 1223
282628, 1223
286110, 1223
295251, 1223
76610, 1221
174351, 1221
176139, 1221
184816, 1221
190620, 1221
212810, 1221
238520, 1221
264629, 1221
267397, 1221
288584, 1221
91899, 1217
99420, 1217
201784, 1217
223446, 1217
234179, 1217
248938, 1217
249984, 1217
288707, 1217
132384, 1216
80262, 1215
93122, 1215
129743, 1214
133239, 1214
153462, 1214
210993, 1214
222747, 1214
209449, 1213
88839, 1212
136149, 1212
214436, 1212
293569, 1212
274614, 1211
78813, 1210
201774, 1210
212026, 1209
36421, 1208
39495, 1207
178068, 1207
237031, 1207
154235, 1206
271307, 1206
280121, 1206
295201, 1206
30527, 1204
101605, 1204
274023, 1204
285136, 1204
27713, 1203
287111, 1202
75033, 1201
102007, 1200
148326, 1200
158775, 1200
209399, 1200
77526, 1199
120316, 1199
133463, 1199
162798, 1199
49697, 1198
90055, 1198
103639, 1198
130382, 1198
189953, 1198
199484, 1198
212430, 1198
219585, 1198
230581, 1198
237335, 1198
241087, 1198
257060, 1198
260062, 1198
292904, 1198
93355, 1197
135368, 1197
137692, 1197
153530, 1197
207842, 1197
257812, 1197
12409, 1196
16205, 1196
31665, 1196
75759, 1196
114006, 1196
214888, 1196
12504, 1193
145324, 1193
171783, 1193
183706, 1191
219791, 1191
164421, 1190
64767, 1189
87872, 1189
89391, 1189
110166, 1189
241922, 1189
157478, 1187
195602, 1187
204236, 1185
293765, 1185
59522, 1184
137835, 1184
94179, 1183
199558, 1183
270838, 1183
275024, 1183
39993, 1182
44981, 1182
55036, 1182
130847, 1182
158477, 1182
161994, 1182
232802, 1182
233166, 1182
250530, 1182
251197, 1182
263390, 1182
229712, 1180
148467, 1178
230739, 1176
173, 1175
31553, 1173
74336, 1173
20888, 1172
115597, 1172
223091, 1171
276283, 1171
48519, 1170
74998, 1170
95402, 1170
157778, 1170
200631, 1170
221043, 1170
227420, 1170
88074, 1169
120763, 1169
228144, 1169
96387, 1168
242684, 1168
243134, 1168
244079, 1168
88544, 1167
240483, 1165
267775, 1165
144229, 1163
47043, 1162
70249, 1162
184569, 1162
136422, 1160
158719, 1160
172638, 1160
182649, 1160
187791, 1160
224678, 1160
52811, 1159
90800, 1159
142158, 1159
254774, 1159
264439, 1159
33129, 1158
253927, 1158
279445, 1158
94481, 1157
156340, 1157
165415, 1157
169789, 1157
176968, 1157
240932, 1157
249990, 1157
264204, 1157
289964, 1157
47720, 1156
68277, 1156
118850, 1156
267911, 1156
98501, 1154
289241, 1154
97667, 1153
142612, 1153
202392, 1153
175531, 1152
144206, 1150
183753, 1150
13907, 1146
198955, 1146
56215, 1145
151188, 1145
221226, 1145
252006, 1145
260148, 1145
262134, 1145
269545, 1145
279980, 1145
120960, 1144
153461, 1144
213316, 1144
260755, 1144
270933, 1144
155416, 1142
175746, 1142
203263, 1142
200728, 1140
21481, 1138
197525, 1138
223187, 1138
189921, 1137
198701, 1137
172484, 1136
27865, 1134
38847, 1134
69457, 1134
202102, 1134
294682, 1134
75040, 1133
79223, 1133
93981, 1133
139526, 1133
245886, 1133
264504, 1133
277299, 1133
205130, 1132
240866, 1132
200592, 1131
31195, 1130
47674, 1130
71026, 1130
226814, 1130
2767, 1129
78169, 1129
245493, 1129
160227, 1128
257614, 1128
243154, 1127
197150, 1126
118826, 1125
33677, 1124
111924, 1124
67332, 1123
87613, 1123
214346, 1123
253044, 1123
113769, 1122
235859, 1122
217664, 1121
227750, 1121
269631, 1120
246204, 1119
49560, 1118
172953, 1118
181218, 1118
207970, 1118
271869, 1118
275173, 1118
276598, 1118
281875, 1118
23542, 1117
54629, 1117
74906, 1117
108055, 1117
137755, 1117
151824, 1117
161158, 1117
166664, 1117
170744, 1117
218128, 1117
227738, 1117
233580, 1117
240516, 1117
4896, 1116
81665, 1115
193620, 1115
223362, 1115
252147, 1115
262124, 1115
107824, 1114
148927, 1112
87173, 1111
91464, 1111
210182, 1111
217340, 1111
242651, 1111
16373, 1110
41934, 1110
99942, 1110
114094, 1110
129994, 1110
188371, 1110
267938, 1110
289001, 1110
228470, 1109
54037, 1108
55839, 1108
123284, 1108
145717, 1108
247273, 1108
44405, 1107
282511, 1107
242226, 1106
194698, 1105
4776, 1104
5063, 1104
6344, 1104
26940, 1104
57195, 1104
73142, 1104
100597, 1104
101841, 1104
102501, 1104
119078, 1104
159292, 1104
164492, 1104
169827, 1104
191028, 1104
223014, 1104
242237, 1104
251448, 1104
255692, 1104
281739, 1104
283920, 1104
292298, 1104
295024, 1104
56190, 1103
97756, 1103
125857, 1103
156059, 1103
170590, 1102
163407, 1098
251450, 1098
43920, 1097
104674, 1097
218584, 1097
167149, 1094
203800, 1093
33195, 1091
126225, 1090
34283, 1087
160209, 1087
194199, 1087
196783, 1087
238932, 1087
290999, 1087
16344, 1086
172410, 1084
237058, 1084
281774, 1084
157237, 1083
149780, 1082
190240, 1080
77745, 1078
105326, 1078
161516, 1078
215106, 1078
243693, 1078
281032, 1078
131406, 1076
197362, 1076
243291, 1076
281459, 1076
159286, 1075
204115, 1075
233403, 1075
53982, 1074
95686, 1074
101620, 1074
103435, 1074
103450, 1074
123240, 1074
131649, 1074
181313, 1074
190410, 1074
289209, 1074
16558, 1073
88687, 1072
95731, 1072
151106, 1072
168885, 1072
216369, 1072
273069, 1072
61769, 1071
148984, 1071
221154, 1071
236581, 1071
279066, 1071
287093, 1071
51250, 1070
138287, 1069
96525, 1068
199446, 1068
218066, 1068
228162, 1068
259996, 1068
141185, 1067
105717, 1065
204038, 1065
255868, 1065
269130, 1065
28967, 1063
24207, 1062
56551, 1062
83797, 1062
105895, 1062
192550, 1062
193876, 1062
208192, 1062
234641, 1062
237297, 1062
238890, 1062
282894, 1062
51659, 1060
203086, 1059
51368, 1058
75227, 1058
76850, 1058
189753, 1058
238798, 1058
265157, 1058
9688, 1057
55435, 1057
87973, 1057
200828, 1057
223917, 1057
166179, 1056
199102, 1056
272002, 1056
6917, 1054
188013, 1052
158329, 1051
191437, 1051
183309, 1050
14105, 1049
198838, 1048
257719, 1048
294194, 1048
209586, 1045
246272, 1045
45995, 1044
64380, 1044
156654, 1043
266187, 1043
53476, 1042
107038, 1042
217238, 1042
28950, 1040
50435, 1040
110747, 1040
40449, 1039
49520, 1039
90456, 1039
108348, 1039
170155, 1039
171916, 1039
98787, 1036
234933, 1034
259835, 1034
290140, 1034
47534, 1033
48608, 1033
122655, 1033
158209, 1033
189065, 1033
202389, 1033
206916, 1033
208902, 1033
210915, 1033
243043, 1033
266932, 1033
282866, 1033
292775, 1033
143322, 1031
203095, 1031
282565, 1031
51716, 1030
217095, 1029
78894, 1028
211823, 1028
294954, 1028
111206, 1027
195851, 1027
231104, 1027
44456, 1026
234237, 1026
23891, 1025
78613, 1025
122432, 1025
229304, 1025
270282, 1025
291229, 1025
93991, 1024
138729, 1024
280101, 1022
212048, 1021
235228, 1021
240224, 1019
37755, 1018
30444, 1016
36133, 1014
50748, 1014
81792, 1014
146709, 1014
167881, 1014
182407, 1014
225096, 1014
286890, 1014
62698, 1011
73044, 1011
260250, 1010
5218, 1009
203521, 1009
62875, 1007
265567, 1007
265633, 1007
169304, 1006
124954, 1005
178759, 1005
258295, 1005
43006, 1004
84237, 1004
119574, 1004
142831, 1004
161163, 1004
167685, 1004
250934, 1004
221455, 1003
277548, 1003
161518, 1002
24404, 1001
210822, 1001
246573, 1000
