126888, 130027
128155, 130027
133092, 130027
133203, 130027
154894, 130027
186055, 130027
201251, 130027
202755, 130027
206368, 130027
209483, 130027
118071, 129377
136621, 129377
141159, 129377
147898, 129377
151690, 129377
167599, 129377
168348, 129377
180083, 129377
215701, 129377
222602, 129377
227245, 129377
239118, 129377
243898, 129377
260633, 129377
277303, 129377
136417, 129324
186522, 129324
266775, 129324
120146, 128113
142301, 128113
146076, 128113
146328, 128113
149946, 128113
153899, 128113
159490, 128113
162591, 128113
165383, 128113
170193, 128113
172305, 128113
177257, 128113
188485, 128113
197770, 128113
200319, 128113
200722, 128113
220784, 128113
231416, 128113
238536, 128113
248691, 128113
252553, 128113
257042, 128113
272262, 128113
275470, 128113
290717, 128113
293874, 128113
130552, 124448
140214, 124448
160492, 124448
222404, 124448
159493, 122045
91648, 119674
105224, 119674
106966, 119674
108634, 119674
111028, 119674
115672, 119674
118877, 119674
118949, 119674
119086, 119674
130387, 119674
130645, 119674
133447, 119674
133459, 119674
133810, 119674
134208, 119674
134998, 119674
135313, 119674
135364, 119674
135729, 119674
135777, 119674
136254, 119674
136373, 119674
137805, 119674
138153, 119674
138318, 119674
139618, 119674
140570, 119674
140937, 119674
141663, 119674
141837, 119674
142169, 119674
142384, 119674
142560, 119674
142793, 119674
143107, 119674
143188, 119674
143417, 119674
144045, 119674
144049, 119674
144927, 119674
145634, 119674
145686, 119674
145734, 119674
146846, 119674
147429, 119674
148007, 119674
148210, 119674
148847, 119674
149711, 119674
150266, 119674
150452, 119674
151769, 119674
152204, 119674
152407, 119674
152818, 119674
153361, 119674
153593, 119674
154053, 119674
154598, 119674
154810, 119674
155246, 119674
155695, 119674
155827, 119674
157222, 119674
157451, 119674
157553, 119674
157591, 119674
157694, 119674
158099, 119674
159274, 119674
159418, 119674
159668, 119674
159874, 119674
160313, 119674
162179, 119674
163018, 119674
163090, 119674
163330, 119674
163591, 119674
163997, 119674
165449, 119674
165902, 119674
166531, 119674
167933, 119674
167958, 119674
169485, 119674
169976, 119674
170243, 119674
170875, 119674
171785, 119674
172311, 119674
173260, 119674
173572, 119674
174535, 119674
174788, 119674
174979, 119674
177290, 119674
177309, 119674
178106, 119674
178512, 119674
179057, 119674
180703, 119674
181159, 119674
181661, 119674
181867, 119674
182081, 119674
183212, 119674
183225, 119674
185552, 119674
186162, 119674
187138, 119674
187422, 119674
187655, 119674
187955, 119674
188056, 119674
188686, 119674
188850, 119674
190479, 119674
190872, 119674
191230, 119674
192412, 119674
193782, 119674
193917, 119674
194297, 119674
194310, 119674
194417, 119674
194904, 119674
194974, 119674
195294, 119674
195643, 119674
198578, 119674
201191, 119674
201239, 119674
201763, 119674
202010, 119674
202283, 119674
202687, 119674
203266, 119674
203515, 119674
204597, 119674
205771, 119674
206241, 119674
206981, 119674
207194, 119674
207561, 119674
207661, 119674
207838, 119674
208550, 119674
210538, 119674
211883, 119674
211920, 119674
212494, 119674
212603, 119674
213492, 119674
214680, 119674
215497, 119674
215914, 119674
216542, 119674
216774, 119674
216776, 119674
217419, 119674
219014, 119674
219312, 119674
222509, 119674
222648, 119674
223217, 119674
224359, 119674
225080, 119674
225431, 119674
226422, 119674
226438, 119674
226859, 119674
230470, 119674
231482, 119674
232175, 119674
235962, 119674
238497, 119674
240978, 119674
242383, 119674
242974, 119674
243266, 119674
243818, 119674
246421, 119674
247759, 119674
249577, 119674
250265, 119674
250861, 119674
252415, 119674
252466, 119674
254315, 119674
256032, 119674
256169, 119674
256858, 119674
257252, 119674
257448, 119674
258210, 119674
260117, 119674
261237, 119674
264103, 119674
267983, 119674
268056, 119674
269030, 119674
269743, 119674
271239, 119674
274376, 119674
276637, 119674
276792, 119674
278615, 119674
278689, 119674
281156, 119674
282890, 119674
284046, 119674
284449, 119674
285432, 119674
285886, 119674
286083, 119674
288035, 119674
291796, 119674
293513, 119674
293559, 119674
293831, 119674
294876, 119674
101219, 118329
183370, 118329
232516, 118329
116600, 117598
118315, 117598
139112, 117598
146673, 117598
149105, 117598
149267, 117598
169644, 117598
172762, 117598
225887, 117598
225972, 117598
254643, 117598
255641, 117598
279289, 117598
295636, 117598
176855, 116838
131461, 115179
177155, 115179
224270, 115179
194817, 115022
106026, 114812
251044, 114812
157062, 112912
244261, 112912
274277, 112912
111889, 111003
114832, 111003
114852, 111003
114876, 111003
116867, 111003
116887, 111003
121102, 111003
122447, 111003
125021, 111003
125744, 111003
126070, 111003
131255, 111003
131497, 111003
135097, 111003
136241, 111003
136367, 111003
137624, 111003
138271, 111003
141126, 111003
141651, 111003
143080, 111003
143544, 111003
143678, 111003
144139, 111003
144618, 111003
144940, 111003
145502, 111003
146694, 111003
147171, 111003
150224, 111003
150368, 111003
150633, 111003
151408, 111003
152554, 111003
152975, 111003
153929, 111003
154308, 111003
154844, 111003
155665, 111003
156703, 111003
156861, 111003
157249, 111003
160353, 111003
160859, 111003
161972, 111003
162166, 111003
163335, 111003
164659, 111003
164789, 111003
165001, 111003
165965, 111003
166182, 111003
167120, 111003
168096, 111003
168290, 111003
170009, 111003
170235, 111003
171761, 111003
172500, 111003
172667, 111003
172914, 111003
173379, 111003
173829, 111003
175014, 111003
175386, 111003
175430, 111003
176171, 111003
177144, 111003
177311, 111003
177461, 111003
179671, 111003
181135, 111003
182851, 111003
183452, 111003
183607, 111003
183637, 111003
185946, 111003
186571, 111003
186573, 111003
189872, 111003
191147, 111003
191522, 111003
192161, 111003
195423, 111003
196294, 111003
197342, 111003
197430, 111003
199364, 111003
203045, 111003
203751, 111003
204882, 111003
206511, 111003
207984, 111003
208375, 111003
208607, 111003
208805, 111003
209301, 111003
210393, 111003
212334, 111003
212599, 111003
213911, 111003
214759, 111003
215675, 111003
219561, 111003
219996, 111003
222901, 111003
226149, 111003
230020, 111003
230083, 111003
233462, 111003
238323, 111003
238879, 111003
240742, 111003
243205, 111003
243909, 111003
247886, 111003
251442, 111003
254050, 111003
255016, 111003
256092, 111003
263842, 111003
267710, 111003
268678, 111003
269102, 111003
270833, 111003
271882, 111003
276358, 111003
276910, 111003
279583, 111003
286220, 111003
292205, 111003
94687, 95123
97140, 95123
114294, 95123
127271, 95123
130100, 95123
132340, 95123
133627, 95123
139089, 95123
139532, 95123
140134, 95123
141358, 95123
147879, 95123
147987, 95123
150409, 95123
151949, 95123
151966, 95123
154004, 95123
154199, 95123
160506, 95123
161903, 95123
162065, 95123
162163, 95123
163445, 95123
165520, 95123
168312, 95123
169699, 95123
169973, 95123
170011, 95123
174300, 95123
174558, 95123
177319, 95123
179143, 95123
179416, 95123
181207, 95123
183304, 95123
183988, 95123
186016, 95123
187353, 95123
188261, 95123
190473, 95123
191625, 95123
191916, 95123
192051, 95123
192519, 95123
192718, 95123
193089, 95123
193216, 95123
193558, 95123
193649, 95123
193913, 95123
194308, 95123
194774, 95123
195856, 95123
197030, 95123
198585, 95123
198645, 95123
199607, 95123
200939, 95123
204123, 95123
205909, 95123
205978, 95123
210944, 95123
211822, 95123
213716, 95123
213899, 95123
214057, 95123
215294, 95123
215894, 95123
216040, 95123
217976, 95123
218135, 95123
219558, 95123
220896, 95123
221349, 95123
221401, 95123
222070, 95123
222788, 95123
223249, 95123
226115, 95123
226784, 95123
227917, 95123
228063, 95123
228653, 95123
229836, 95123
229976, 95123
231119, 95123
231613, 95123
231708, 95123
232366, 95123
232774, 95123
234329, 95123
239119, 95123
240505, 95123
240580, 95123
240652, 95123
242468, 95123
243168, 95123
243219, 95123
243583, 95123
243917, 95123
246969, 95123
249347, 95123
249415, 95123
251995, 95123
252468, 95123
254302, 95123
254824, 95123
255478, 95123
255605, 95123
256016, 95123
256337, 95123
256687, 95123
256766, 95123
258130, 95123
260708, 95123
261931, 95123
262035, 95123
262879, 95123
263135, 95123
264177, 95123
264583, 95123
265627, 95123
267472, 95123
269845, 95123
270366, 95123
271498, 95123
272202, 95123
273315, 95123
273322, 95123
277524, 95123
279013, 95123
279428, 95123
281312, 95123
281968, 95123
282675, 95123
285212, 95123
289487, 95123
289801, 95123
290179, 95123
290796, 95123
292978, 95123
294098, 95123
294541, 95123
295367, 95123
295524, 95123
296587, 95123
134737, 94222
136907, 94222
137457, 94222
141817, 94222
153611, 94222
180685, 94222
191078, 94222
230117, 94222
231460, 94222
252635, 94222
256022, 94222
271687, 94222
272456, 94222
294901, 94222
91504, 91781
103017, 91781
110511, 91781
110530, 91781
112016, 91781
114108, 91781
114423, 91781
114449, 91781
115531, 91781
118547, 91781
120113, 91781
121970, 91781
125822, 91781
126900, 91781
128392, 91781
129861, 91781
130292, 91781
130698, 91781
132501, 91781
133734, 91781
135155, 91781
136163, 91781
136638, 91781
138969, 91781
140504, 91781
140961, 91781
141753, 91781
141960, 91781
142084, 91781
142419, 91781
142661, 91781
143876, 91781
144210, 91781
144369, 91781
145937, 91781
145973, 91781
145980, 91781
146670, 91781
146711, 91781
146713, 91781
147057, 91781
148627, 91781
148952, 91781
149445, 91781
149603, 91781
150014, 91781
150564, 91781
150643, 91781
150717, 91781
150785, 91781
152705, 91781
153227, 91781
154040, 91781
154755, 91781
156569, 91781
156575, 91781
156677, 91781
157505, 91781
157866, 91781
159721, 91781
159722, 91781
160179, 91781
160816, 91781
160977, 91781
162360, 91781
162508, 91781
162631, 91781
163081, 91781
164514, 91781
164727, 91781
164837, 91781
165471, 91781
165569, 91781
166722, 91781
166786, 91781
166993, 91781
168142, 91781
168416, 91781
168765, 91781
169003, 91781
169690, 91781
171266, 91781
172057, 91781
174109, 91781
174186, 91781
174729, 91781
176782, 91781
177149, 91781
178649, 91781
178659, 91781
178996, 91781
179227, 91781
179305, 91781
179332, 91781
179632, 91781
180219, 91781
180589, 91781
181012, 91781
181140, 91781
182008, 91781
182285, 91781
182388, 91781
182638, 91781
183033, 91781
183696, 91781
184089, 91781
184152, 91781
185795, 91781
185917, 91781
186047, 91781
186587, 91781
187614, 91781
188904, 91781
188926, 91781
189464, 91781
190922, 91781
191306, 91781
191635, 91781
192275, 91781
192286, 91781
192484, 91781
192809, 91781
193842, 91781
193948, 91781
194476, 91781
194531, 91781
194627, 91781
196026, 91781
196530, 91781
197572, 91781
198129, 91781
198185, 91781
198918, 91781
199390, 91781
199773, 91781
200359, 91781
200488, 91781
200569, 91781
200947, 91781
200995, 91781
201880, 91781
202625, 91781
202637, 91781
202730, 91781
202815, 91781
202852, 91781
203089, 91781
203610, 91781
204523, 91781
205499, 91781
205842, 91781
206098, 91781
206606, 91781
206634, 91781
206798, 91781
207086, 91781
207103, 91781
207737, 91781
208058, 91781
208184, 91781
208336, 91781
208692, 91781
208948, 91781
209184, 91781
209468, 91781
210139, 91781
210952, 91781
211497, 91781
211548, 91781
211597, 91781
212713, 91781
214377, 91781
214957, 91781
215757, 91781
216498, 91781
216856, 91781
218173, 91781
218820, 91781
219148, 91781
220155, 91781
220156, 91781
220347, 91781
220382, 91781
220684, 91781
221176, 91781
221482, 91781
221609, 91781
222021, 91781
222662, 91781
223151, 91781
223512, 91781
223527, 91781
223624, 91781
224728, 91781
224820, 91781
225230, 91781
225377, 91781
225675, 91781
226057, 91781
226460, 91781
226682, 91781
226755, 91781
227492, 91781
227575, 91781
227712, 91781
227762, 91781
227784, 91781
227795, 91781
228340, 91781
228507, 91781
228849, 91781
228854, 91781
229124, 91781
229311, 91781
229344, 91781
230159, 91781
230191, 91781
230285, 91781
230348, 91781
231088, 91781
231158, 91781
231198, 91781
232100, 91781
232405, 91781
233157, 91781
233323, 91781
233368, 91781
233456, 91781
233651, 91781
233748, 91781
233817, 91781
234156, 91781
234313, 91781
235170, 91781
235683, 91781
236212, 91781
237149, 91781
237424, 91781
238123, 91781
238971, 91781
239065, 91781
239862, 91781
240206, 91781
240439, 91781
241076, 91781
241899, 91781
241980, 91781
242291, 91781
242342, 91781
242370, 91781
242698, 91781
242717, 91781
243072, 91781
243162, 91781
243170, 91781
243830, 91781
243930, 91781
244332, 91781
244650, 91781
244667, 91781
244882, 91781
244957, 91781
245300, 91781
245929, 91781
246087, 91781
246189, 91781
246226, 91781
246821, 91781
247091, 91781
247346, 91781
247480, 91781
248056, 91781
248433, 91781
248740, 91781
248785, 91781
248872, 91781
249371, 91781
249539, 91781
249669, 91781
250003, 91781
250100, 91781
250139, 91781
250197, 91781
250350, 91781
250612, 91781
250699, 91781
250859, 91781
251620, 91781
251894, 91781
252303, 91781
252498, 91781
252686, 91781
252797, 91781
252827, 91781
252875, 91781
253121, 91781
253135, 91781
253314, 91781
253385, 91781
253458, 91781
253542, 91781
253800, 91781
253912, 91781
254118, 91781
254168, 91781
254216, 91781
254462, 91781
254710, 91781
254821, 91781
254941, 91781
255105, 91781
255253, 91781
255875, 91781
256052, 91781
256167, 91781
256259, 91781
256456, 91781
256807, 91781
256818, 91781
257266, 91781
257704, 91781
258058, 91781
258690, 91781
258691, 91781
259040, 91781
259061, 91781
259245, 91781
259316, 91781
259379, 91781
260056, 91781
260401, 91781
260780, 91781
260792, 91781
261496, 91781
261558, 91781
261649, 91781
261777, 91781
261946, 91781
262011, 91781
263238, 91781
264446, 91781
264955, 91781
265161, 91781
265478, 91781
265481, 91781
266207, 91781
266370, 91781
266406, 91781
266833, 91781
266876, 91781
266931, 91781
267134, 91781
267510, 91781
267717, 91781
267780, 91781
268400, 91781
268659, 91781
268780, 91781
269014, 91781
269228, 91781
270361, 91781
270615, 91781
270733, 91781
270839, 91781
271191, 91781
271334, 91781
271964, 91781
272157, 91781
273151, 91781
273193, 91781
273755, 91781
273844, 91781
274211, 91781
274249, 91781
274361, 91781
275371, 91781
276390, 91781
276412, 91781
276611, 91781
277069, 91781
277396, 91781
277539, 91781
278490, 91781
278553, 91781
278596, 91781
278608, 91781
279122, 91781
279646, 91781
279859, 91781
280050, 91781
280077, 91781
280136, 91781
280863, 91781
281020, 91781
281031, 91781
282021, 91781
282168, 91781
283240, 91781
283655, 91781
283672, 91781
284018, 91781
284024, 91781
284394, 91781
284683, 91781
284954, 91781
285182, 91781
285191, 91781
285513, 91781
285679, 91781
286881, 91781
287352, 91781
287450, 91781
288222, 91781
288324, 91781
288374, 91781
288457, 91781
288704, 91781
288917, 91781
289288, 91781
289714, 91781
289949, 91781
290198, 91781
290288, 91781
290299, 91781
290607, 91781
290793, 91781
291401, 91781
291890, 91781
291983, 91781
291996, 91781
292922, 91781
293162, 91781
293371, 91781
293626, 91781
293684, 91781
293794, 91781
294946, 91781
295806, 91781
296019, 91781
121622, 90329
122953, 90329
124130, 90329
128303, 90329
141953, 90329
150063, 90329
152882, 90329
160693, 90329
173621, 90329
173774, 90329
179280, 90329
180449, 90329
194838, 90329
196258, 90329
205215, 90329
214430, 90329
266519, 90329
289405, 90329
161139, 88958
284488, 88958
141930, 81890
267743, 81890
286375, 81890
149931, 80993
166642, 80993
166874, 80993
179405, 80993
190388, 80993
199600, 80993
214751, 80993
223954, 80993
233796, 80993
239085, 80993
249931, 80993
257733, 80993
260368, 80993
275011, 80993
281022, 80993
282022, 80993
284197, 80993
287835, 80993
295295, 80993
160742, 79459
247690, 79459
278833, 79459
87580, 79277
91170, 79277
95404, 79277
97678, 79277
100378, 79277
108939, 79277
109792, 79277
113154, 79277
126917, 79277
135270, 79277
143126, 79277
150183, 79277
150740, 79277
152384, 79277
156678, 79277
164234, 79277
174057, 79277
183417, 79277
186628, 79277
189181, 79277
199072, 79277
203010, 79277
204251, 79277
210292, 79277
210484, 79277
212560, 79277
215532, 79277
216255, 79277
218323, 79277
220060, 79277
224848, 79277
228786, 79277
230804, 79277
236670, 79277
239490, 79277
242244, 79277
247215, 79277
247334, 79277
250357, 79277
252962, 79277
254573, 79277
258267, 79277
258585, 79277
261393, 79277
261473, 79277
263236, 79277
269614, 79277
279897, 79277
280176, 79277
282522, 79277
291072, 79277
291384, 79277
105871, 79259
142731, 79259
147678, 79259
160939, 79259
183489, 79259
188463, 79259
189424, 79259
244608, 79259
247076, 79259
254325, 79259
257724, 79259
258431, 79259
261933, 79259
272121, 79259
278336, 79259
96716, 77679
122958, 77679
156671, 77679
159075, 77679
161930, 77679
184967, 77679
192514, 77679
200028, 77679
207444, 77679
211504, 77679
213925, 77679
240761, 77679
242111, 77679
262365, 77679
122550, 77399
136877, 77399
202638, 77399
231503, 77399
247278, 77399
255331, 77399
264692, 77399
265829, 77399
281275, 77399
284563, 77399
149635, 76327
168065, 76327
256583, 76327
126365, 76312
150081, 76312
150608, 76312
175896, 76312
217345, 76312
257103, 76312
279325, 76312
285095, 76312
201907, 75912
283370, 75912
151277, 75399
99129, 74669
118806, 74669
132962, 74669
134870, 74669
139005, 74669
141213, 74669
147892, 74669
153638, 74669
167963, 74669
198600, 74669
218270, 74669
226287, 74669
229636, 74669
229731, 74669
238717, 74669
240097, 74669
240814, 74669
252295, 74669
256611, 74669
282800, 74669
283346, 74669
285504, 74669
287759, 74669
288150, 74669
288705, 74669
293557, 74669
293833, 74669
294120, 74669
120679, 73725
231076, 73725
272737, 73725
275923, 73725
277987, 73725
136720, 73684
174539, 73684
169483, 73510
170686, 73510
231837, 73510
232320, 73510
244651, 73510
259637, 73510
268007, 73510
277203, 73510
112037, 73101
209866, 73101
210939, 73101
219641, 73101
222378, 73101
243262, 73101
276996, 73101
283432, 73101
285035, 73101
293880, 73101
196618, 72528
206147, 72528
290116, 72528
148332, 71565
164301, 71565
189623, 71565
199439, 71565
244454, 71565
89706, 71483
127237, 71483
142020, 71483
158414, 71483
162358, 71483
173868, 71483
176249, 71483
188574, 71483
199386, 71483
209158, 71483
216593, 71483
234331, 71483
236734, 71483
237985, 71483
242525, 71483
283698, 71483
284795, 71483
284930, 71483
285845, 71483
286814, 71483
290745, 71483
131960, 70802
269491, 70802
120043, 69343
124629, 69343
200990, 69343
202686, 69343
208741, 69343
222272, 69343
255803, 69343
282542, 69343
283691, 69343
271075, 69146
195505, 68928
152845, 68061
240416, 68061
253194, 68061
269807, 68061
292106, 68061
238030, 67820
113482, 67598
125722, 67598
145681, 67598
146998, 67598
148412, 67598
150898, 67598
201736, 67598
208681, 67598
230198, 67598
235784, 67598
255816, 67598
261909, 67598
265724, 67598
266635, 67598
292893, 67598
294310, 67598
188623, 67554
275436, 66770
86895, 66013
89137, 66013
228105, 66013
252489, 66013
96495, 65212
114434, 65212
137703, 65212
178330, 65212
278493, 65212
281477, 65212
198341, 65154
79894, 64569
286974, 64310
123048, 64223
206087, 64223
211006, 64223
230596, 64223
242578, 63949
294421, 63812
251640, 63614
288337, 63313
211661, 63125
234714, 63125
285500, 63125
148012, 62643
181272, 62123
217868, 62123
150033, 61285
114228, 61172
136313, 61172
246996, 61172
268279, 60804
198354, 60460
220159, 59408
264714, 59316
284176, 59316
286791, 59316
291515, 59316
211297, 59226
247029, 58941
81306, 58587
233522, 57998
222395, 56307
120517, 55228
213814, 55228
282796, 55228
184543, 54673
206675, 54673
118207, 54488
135163, 54488
175637, 54488
287978, 54488
288835, 54488
280856, 54344
100944, 54000
133119, 54000
135269, 54000
158349, 54000
166905, 54000
196483, 54000
200412, 54000
219151, 54000
210817, 53933
249746, 53456
166456, 53206
124782, 52894
130107, 52894
167355, 52894
287751, 52894
246518, 52701
249736, 52701
180149, 51063
222590, 48674
177037, 47482
186345, 47335
96084, 47166
168261, 47166
196044, 47166
130376, 46725
130661, 46725
170123, 46725
147825, 44525
206773, 42734
233887, 42734
210290, 41267
234152, 41267
94137, 38678
174121, 38649
235670, 35547
272271, 35406
93515, 34364
193407, 34265
26681, 33096
104688, 33096
107162, 33096
159434, 33096
187864, 33096
269264, 33096
269680, 33096
289342, 33096
54310, 32849
64524, 32849
67354, 32849
150861, 32849
188186, 32849
206357, 32498
28157, 32486
285505, 32117
18299, 31764
4066, 31747
191817, 31747
202144, 31747
245459, 31747
272875, 31747
125915, 31306
128967, 31292
166984, 31292
110450, 30641
131242, 30616
142915, 30616
11102, 29888
69455, 29888
73266, 29888
88002, 29888
91125, 29888
98323, 29888
98924, 29888
100046, 29888
104014, 29888
105668, 29888
111260, 29888
114402, 29888
124966, 29888
125244, 29888
81151, 29376
294214, 29376
7638, 29205
37944, 29205
115046, 29205
169947, 29205
202892, 29205
248894, 29205
250901, 29205
140823, 29149
113241, 29126
6218, 29041
8095, 29041
18996, 29041
23043, 29041
31400, 29041
33232, 29041
36818, 29041
41652, 29041
43045, 29041
43807, 29041
44997, 29041
47915, 29041
51549, 29041
54003, 29041
64055, 29041
66097, 29041
66478, 29041
66634, 29041
69739, 29041
78258, 29041
78648, 29041
90833, 29041
95524, 29041
98692, 29041
103935, 29041
104372, 29041
105309, 29041
112522, 29041
113453, 29041
115817, 29041
117464, 29041
119075, 29041
119976, 29041
126896, 29041
128615, 29041
137441, 29041
138577, 29041
144992, 29041
149885, 29041
150829, 29041
152477, 29041
153284, 29041
153738, 29041
177607, 29041
182155, 29041
184952, 29041
185471, 29041
198762, 29041
200062, 29041
200393, 29041
202972, 29041
212197, 29041
212565, 29041
225388, 29041
232823, 29041
236398, 29041
239245, 29041
249099, 29041
252603, 29041
254786, 29041
259311, 29041
264026, 29041
269136, 29041
272850, 29041
274778, 29041
280573, 29041
3402, 28869
127960, 28869
17845, 28728
72163, 28516
245603, 28315
23697, 28072
259951, 28072
22515, 28057
24526, 28057
41860, 28057
48228, 28057
49601, 28057
64681, 28057
74875, 28057
90742, 28057
92280, 28057
99941, 28057
109071, 28057
114404, 28057
116587, 28057
118533, 28057
124551, 28057
135019, 28057
138429, 28057
155329, 28057
168512, 28057
196160, 28057
200022, 28057
235679, 28057
252973, 28057
262845, 28057
267497, 28057
274461, 28057
281539, 28057
212, 27922
14185, 27922
197422, 27922
221139, 27922
6189, 27920
9046, 27920
13172, 27920
15354, 27920
16802, 27920
16804, 27920
24852, 27920
26196, 27920
37729, 27920
47265, 27920
50562, 27920
52025, 27920
52592, 27920
54229, 27920
55117, 27920
62871, 27920
69801, 27920
70201, 27920
70328, 27920
79651, 27920
81813, 27920
83798, 27920
84053, 27920
93676, 27920
102094, 27920
103220, 27920
110022, 27920
110954, 27920
114536, 27920
119527, 27920
119700, 27920
123913, 27920
124234, 27920
124963, 27920
129251, 27920
136515, 27920
140551, 27920
144239, 27920
144263, 27920
144534, 27920
147839, 27920
148462, 27920
151326, 27920
152756, 27920
154367, 27920
155191, 27920
160566, 27920
160874, 27920
163986, 27920
165147, 27920
166058, 27920
166321, 27920
170740, 27920
171595, 27920
173761, 27920
177182, 27920
179959, 27920
184202, 27920
184969, 27920
187813, 27920
188311, 27920
189705, 27920
194615, 27920
195288, 27920
196653, 27920
196677, 27920
198514, 27920
204659, 27920
204884, 27920
207998, 27920
208011, 27920
208959, 27920
209708, 27920
211415, 27920
212416, 27920
213377, 27920
214404, 27920
216539, 27920
218275, 27920
218293, 27920
219929, 27920
223388, 27920
228223, 27920
229014, 27920
232020, 27920
235844, 27920
236378, 27920
238091, 27920
238350, 27920
240091, 27920
240362, 27920
240918, 27920
243751, 27920
243767, 27920
243820, 27920
248213, 27920
248924, 27920
251779, 27920
255463, 27920
255593, 27920
256954, 27920
260568, 27920
261696, 27920
262691, 27920
263266, 27920
264088, 27920
266246, 27920
269007, 27920
269617, 27920
269998, 27920
270151, 27920
271926, 27920
272045, 27920
272187, 27920
272753, 27920
273892, 27920
276055, 27920
280022, 27920
286895, 27920
287446, 27920
287798, 27920
287940, 27920
287964, 27920
289604, 27920
290789, 27920
292037, 27920
294086, 27920
296057, 27920
35289, 27870
181089, 27870
49907, 27821
138060, 27821
50116, 27772
65096, 27772
80819, 27772
68295, 27761
72056, 27761
105842, 27761
107978, 27761
88294, 27749
54286, 27719
126351, 27719
161459, 27719
224190, 27710
267421, 27654
10786, 27629
47517, 27629
53558, 27629
60445, 27629
72296, 27629
129166, 27629
129560, 27629
213020, 27629
237000, 27629
268124, 27629
268978, 27629
15204, 27628
25671, 27628
32382, 27628
87269, 27628
89117, 27628
92844, 27628
122411, 27628
136796, 27628
154905, 27628
167731, 27628
180992, 27628
185805, 27628
190957, 27628
193741, 27628
205371, 27628
207800, 27628
212840, 27628
221018, 27628
8264, 27509
11218, 27509
17251, 27509
20829, 27509
24473, 27509
30203, 27509
49856, 27509
62461, 27509
63233, 27509
70773, 27509
74656, 27509
74861, 27509
78200, 27509
79602, 27509
82417, 27509
85463, 27509
86969, 27509
92130, 27509
95040, 27509
96475, 27509
97897, 27509
99769, 27509
104399, 27509
106501, 27509
110863, 27509
112138, 27509
113598, 27509
115924, 27509
123275, 27509
126005, 27509
126898, 27509
127136, 27509
127771, 27509
129331, 27509
134477, 27509
138213, 27509
140052, 27509
142354, 27509
144005, 27509
151330, 27509
158261, 27509
158822, 27509
159307, 27509
159365, 27509
177651, 27509
180274, 27509
183648, 27509
188019, 27509
188391, 27509
194044, 27509
208143, 27509
211954, 27509
213913, 27509
221021, 27509
236529, 27509
238848, 27509
245989, 27509
261334, 27509
277896, 27509
172865, 27355
226647, 27335
10013, 27287
178199, 27287
259593, 27257
8133, 27250
48154, 27122
54282, 27122
93018, 27122
106840, 27122
127903, 27122
193473, 27122
278931, 27122
129040, 27120
229373, 27077
223245, 27033
13697, 26887
14892, 26731
20827, 26731
26948, 26731
64457, 26731
101216, 26731
118348, 26723
103997, 26638
111652, 26624
197117, 26624
206578, 26584
264326, 26584
282566, 26584
4738, 26556
281125, 26355
294973, 26355
16944, 26354
29093, 26196
168805, 26196
14567, 26182
14755, 26182
15367, 26182
20040, 26182
28627, 26182
28840, 26182
30617, 26182
65082, 26182
86199, 26182
98591, 26182
104958, 26182
113483, 26182
51360, 26133
60629, 26133
95405, 26133
111993, 26133
187488, 26133
12469, 26079
117636, 26079
119811, 26079
121204, 26079
121530, 26079
150110, 26079
178558, 26079
208654, 26079
212627, 26079
212995, 26079
243336, 26079
269144, 26079
269392, 26079
95231, 26001
46740, 25912
48697, 25912
49108, 25912
54844, 25912
66736, 25912
73431, 25912
93907, 25912
95112, 25912
112534, 25912
113887, 25912
122496, 25912
130430, 25912
8765, 25726
18671, 25726
8836, 25552
12092, 25552
12318, 25552
43368, 25552
46458, 25552
47693, 25552
49234, 25552
88509, 25552
91276, 25552
98132, 25552
98473, 25552
112079, 25552
116595, 25552
119081, 25552
123559, 25552
127130, 25552
128831, 25552
160303, 25552
163720, 25552
194432, 25552
199404, 25552
208907, 25552
236169, 25552
184185, 25488
198022, 25488
222326, 25488
237190, 25488
267246, 25488
285144, 25488
12067, 25468
16129, 25468
28831, 25468
57015, 25468
75076, 25468
81358, 25468
91232, 25468
92270, 25468
112949, 25468
13094, 25459
23897, 25441
58243, 25441
66535, 25441
84408, 25441
85523, 25441
111763, 25441
117274, 25441
138149, 25441
148818, 25441
167781, 25441
256425, 25441
271756, 25441
1591, 25438
60441, 25438
141143, 25387
152546, 25387
60436, 25333
139341, 25333
188141, 25333
14234, 24968
24434, 24968
27432, 24968
31035, 24968
34580, 24968
38268, 24968
39990, 24968
40790, 24968
43579, 24968
44938, 24968
49542, 24968
54984, 24968
55739, 24968
59261, 24968
62272, 24968
63948, 24968
68593, 24968
86451, 24968
92698, 24968
105397, 24968
108718, 24968
132161, 24968
164851, 24968
295772, 24968
5804, 24957
6840, 24957
8012, 24957
27975, 24932
50862, 24932
83278, 24932
4305, 24922
5298, 24922
10646, 24922
21806, 24922
30764, 24922
46847, 24922
47458, 24922
54057, 24922
55425, 24922
99508, 24922
112802, 24922
91467, 24889
65472, 24784
23319, 24754
39778, 24754
47323, 24754
47676, 24754
50087, 24754
52106, 24754
62538, 24754
63836, 24754
64962, 24754
66401, 24754
75998, 24754
85615, 24754
95064, 24754
109122, 24754
148819, 24754
12746, 24736
12809, 24736
13021, 24736
13168, 24736
86815, 24736
102509, 24736
121299, 24736
154358, 24736
155209, 24736
160658, 24736
163303, 24736
166335, 24736
187601, 24736
194962, 24736
196055, 24736
203949, 24736
212298, 24736
223791, 24736
250590, 24736
6083, 24733
261313, 24677
200162, 24638
245258, 24638
277142, 24638
146325, 24633
127761, 24592
80124, 24513
163913, 24513
6431, 24512
33657, 24512
18630, 24465
123463, 24465
7698, 24448
15852, 24417
22778, 24417
35491, 24417
39879, 24417
41085, 24417
43339, 24417
44064, 24417
56939, 24417
58163, 24417
59583, 24417
66696, 24417
71568, 24417
76077, 24417
221574, 24187
26161, 24126
172688, 24126
276679, 24126
43146, 24115
75042, 24115
120210, 24115
134343, 24115
176022, 24115
176581, 24115
222215, 24115
224044, 24115
224698, 24115
233030, 24115
245648, 24115
287381, 24115
294007, 24115
20124, 24083
22372, 24083
31148, 24083
63974, 24083
166742, 24083
197180, 24083
203890, 24083
211186, 24083
246924, 24083
257759, 24083
288981, 24083
15188, 23959
21559, 23959
23215, 23959
23413, 23959
51397, 23959
69708, 23959
170237, 23959
181798, 23959
222194, 23959
101716, 23878
241761, 23878
97867, 23793
101361, 23793
110593, 23793
116852, 23793
124095, 23793
140467, 23793
173378, 23793
179136, 23793
183999, 23793
208005, 23793
246830, 23793
248758, 23793
256361, 23793
288569, 23793
290689, 23793
159052, 23766
63528, 23705
51865, 23642
76448, 23642
79956, 23642
91100, 23642
94720, 23642
6226, 23627
37097, 23627
48590, 23627
55033, 23627
69300, 23627
71383, 23627
78125, 23627
81481, 23627
92518, 23627
92793, 23627
90519, 23519
137315, 23519
152999, 23519
170483, 23519
185964, 23519
211143, 23519
231327, 23519
284616, 23519
51361, 23463
2081, 23292
253375, 23281
37640, 23267
193104, 23267
221998, 23267
231342, 23267
273150, 23267
139072, 23246
166963, 23246
195927, 23246
215878, 23246
221426, 23246
80452, 23221
99040, 23221
110347, 23221
116685, 23221
133907, 23221
153872, 23221
189304, 23221
206605, 23221
228797, 23221
238550, 23221
242964, 23221
272164, 23221
274131, 23221
277764, 23221
288898, 23221
99464, 23025
8045, 22919
134906, 22633
200179, 22633
215930, 22633
247681, 22633
17637, 22305
22723, 22305
24283, 22305
27067, 22305
28068, 22305
31629, 22305
37308, 22305
47454, 22305
82136, 22305
99106, 22305
173843, 22305
204167, 22305
230022, 22305
262615, 22305
42444, 21954
125300, 21456
4587, 20414
123057, 20291
4026, 20073
124996, 20073
138921, 20073
155621, 20073
173094, 20073
196648, 20073
260815, 20073
278577, 20073
294812, 19742
33636, 18067
127158, 17117
2500, 16811
3927, 16741
256915, 16696
274313, 16687
4409, 16617
97487, 16369
107545, 16369
222266, 16369
273854, 16369
293041, 16369
4513, 16312
204968, 15232
2655, 15223
113605, 15223
127650, 15223
151439, 15223
182528, 15223
221585, 15223
43474, 11923
89221, 11923
269582, 11923
70191, 11804
6169, 8296
250245, 7149
95876, 4631
108082, 4631
796, 4184
252569, 2688
279819, 2628
285, 2623
2594, 2623
52554, 2623
52679, 2623
54331, 2623
61708, 2623
65648, 2623
79592, 2623
82820, 2623
88131, 2623
90141, 2623
90664, 2623
93322, 2623
94685, 2623
99742, 2623
99895, 2623
100222, 2623
100871, 2623
102890, 2623
107250, 2623
112498, 2623
115137, 2623
116090, 2623
116549, 2623
124757, 2623
129820, 2623
135158, 2623
137743, 2623
138639, 2623
139058, 2623
142387, 2623
143756, 2623
147768, 2623
150385, 2623
151726, 2623
160660, 2623
161309, 2623
161452, 2623
161474, 2623
163475, 2623
165165, 2623
169029, 2623
170248, 2623
171418, 2623
173656, 2623
174981, 2623
178197, 2623
179236, 2623
185695, 2623
186937, 2623
189483, 2623
189775, 2623
190135, 2623
193245, 2623
194871, 2623
194906, 2623
196220, 2623
203707, 2623
205484, 2623
208967, 2623
211507, 2623
213756, 2623
217417, 2623
217501, 2623
220598, 2623
220806, 2623
221906, 2623
222939, 2623
223374, 2623
226880, 2623
229252, 2623
234319, 2623
237557, 2623
237637, 2623
238721, 2623
238920, 2623
247897, 2623
258921, 2623
262434, 2623
265440, 2623
265566, 2623
273728, 2623
282290, 2623
283228, 2623
291220, 2623
640, 2611
991, 2611
10192, 2611
130139, 2611
145495, 2611
158737, 2611
172977, 2611
198107, 2611
198858, 2611
200783, 2611
206307, 2611
206910, 2611
210688, 2611
212878, 2611
214629, 2611
215307, 2611
216279, 2611
218952, 2611
222029, 2611
224479, 2611
225383, 2611
229467, 2611
230812, 2611
236719, 2611
237154, 2611
239441, 2611
244445, 2611
245677, 2611
251714, 2611
255258, 2611
256144, 2611
261717, 2611
269660, 2611
273152, 2611
273734, 2611
277059, 2611
279182, 2611
280318, 2611
286516, 2611
292242, 2611
296366, 2611
659, 2602
714, 2602
3265, 2602
78023, 2602
78081, 2602
122922, 2602
146978, 2602
212473, 2602
55396, 2580
210733, 2580
214748, 2580
249308, 2580
263799, 2580
202589, 2570
205810, 2570
208109, 2570
122115, 2561
145411, 2527
52454, 2521
71655, 2521
106467, 2521
134715, 2521
142056, 2521
159593, 2521
162674, 2521
190159, 2521
199922, 2521
221645, 2521
230947, 2521
233722, 2521
244265, 2521
256317, 2521
278884, 2521
289737, 2521
28, 2502
255801, 2479
280505, 2479
99909, 2445
240729, 2426
116677, 2370
154741, 2214
240156, 2214
288820, 2214
105601, 2204
119572, 2204
150502, 2204
47210, 2200
119789, 2200
73602, 2193
83279, 2109
148381, 2020
194797, 1973
227613, 1973
140255, 1786
152900, 1786
201794, 1786
53408, 1785
84980, 1785
112437, 1785
62246, 1764
64263, 1764
139494, 1764
220736, 1764
257814, 1764
261278, 1764
189205, 1763
197251, 1763
65077, 1738
163292, 1719
228058, 1719
185224, 1705
259321, 1705
278406, 1705
278498, 1705
289456, 1705
225463, 1680
225693, 1680
278120, 1680
169569, 1272
9843, 1230
