985, 119460
1717, 119460
2910, 119460
3107, 119460
3288, 119460
3295, 119460
3508, 119460
3540, 119460
3565, 119460
3783, 119460
3872, 119460
3959, 119460
4059, 119460
4158, 119460
4233, 119460
4260, 119460
4345, 119460
4353, 119460
4411, 119460
4522, 119460
4556, 119460
4557, 119460
4639, 119460
4654, 119460
1376, 114498
1793, 114498
1827, 114498
2050, 114498
2442, 114498
2451, 114498
2630, 114498
2718, 114498
2840, 114498
2874, 114498
3097, 114498
3171, 114498
3439, 114498
3738, 112371
3935, 112371
4436, 112371
4562, 112371
4611, 112371
4614, 112371
4771, 112371
4865, 112371
4914, 112371
4922, 112371
5089, 112371
3749, 112330
4317, 112330
4636, 112330
4706, 112330
4932, 112330
4980, 112330
5042, 112330
5114, 112330
5132, 112330
5135, 112330
5212, 112330
5240, 112330
824, 111875
1690, 111875
1779, 111875
1820, 111875
2426, 111875
1294, 96984
4736, 93808
681, 89492
343, 36847
42300, 21609
46041, 21609
50289, 21609
54800, 21609
68869, 21609
69256, 21609
105778, 21609
116095, 21609
120350, 21609
127816, 21609
132335, 21609
132473, 21609
138618, 21609
145184, 21609
168074, 21609
171107, 21609
175120, 21609
192856, 21609
207149, 21609
225422, 21609
225606, 21609
246576, 21609
260159, 21609
268958, 21609
282976, 21609
283051, 21609
289827, 21609
295047, 21609
114657, 21421
292191, 21421
147133, 20801
196799, 20801
259155, 20499
100297, 20021
101099, 20021
108820, 20021
153556, 20021
185872, 20021
200796, 20021
205410, 20021
227349, 20021
235861, 20021
47907, 19350
55506, 19350
67440, 19350
70334, 19350
217270, 19350
135827, 18900
143517, 18900
205747, 17677
120139, 15611
123867, 14852
175168, 14852
223188, 14816
134860, 14067
270436, 13273
251911, 13149
266392, 12973
99016, 12938
139743, 12938
150466, 12938
197936, 12938
200694, 12938
265761, 12938
12544, 12503
272723, 12258
8932, 11713
2056, 11669
4830, 11669
8273, 11664
2170, 11514
3599, 11514
8931, 11311
10383, 11311
10762, 11311
10782, 11311
11332, 11311
11782, 11311
9377, 11265
1518, 11260
3790, 11260
1156, 11185
6423, 11159
29954, 11044
5909, 11018
290836, 11010
7631, 10946
9292, 10937
11807, 10937
11579, 10911
12042, 10911
12427, 10911
12946, 10911
12975, 10911
13141, 10911
13419, 10911
13558, 10911
13743, 10911
13939, 10911
14018, 10911
14020, 10911
14230, 10911
14282, 10911
14289, 10911
14421, 10911
14459, 10911
14557, 10911
14621, 10911
14667, 10911
15040, 10911
15126, 10911
15444, 10911
15446, 10911
15580, 10911
15662, 10911
15774, 10911
16276, 10911
3466, 10820
28050, 10820
28558, 10820
29150, 10820
31825, 10820
32068, 10820
32475, 10820
33390, 10820
37577, 10820
23179, 10809
186667, 10743
29653, 10719
34447, 10719
5970, 10685
208589, 10682
26739, 10656
35256, 10656
38692, 10656
249162, 10627
33494, 10623
36554, 10623
41044, 10623
29139, 10609
29443, 10609
29555, 10609
32015, 10609
32159, 10609
33359, 10609
35972, 10609
36325, 10609
36434, 10609
37918, 10609
48115, 10609
13803, 10590
14590, 10590
15805, 10590
15872, 10590
15885, 10590
16066, 10590
16259, 10590
16343, 10590
16589, 10590
16656, 10590
16758, 10590
16789, 10590
16935, 10590
16948, 10590
17043, 10590
7988, 10570
24507, 10535
25453, 10535
26403, 10535
26497, 10535
27913, 10535
28495, 10535
29375, 10535
30063, 10535
30086, 10535
30115, 10535
30237, 10535
31025, 10535
31286, 10535
31836, 10535
34268, 10535
5544, 10529
8670, 10521
13409, 10521
24946, 10509
27115, 10509
27807, 10509
29896, 10509
30347, 10509
30392, 10509
30635, 10509
30898, 10509
33341, 10509
36091, 10509
33144, 10490
24073, 10486
24225, 10486
27079, 10486
29312, 10486
29600, 10486
29643, 10486
29743, 10486
30018, 10486
30297, 10486
30466, 10486
30704, 10486
31159, 10486
31191, 10486
31469, 10486
31774, 10486
32022, 10486
32183, 10486
32493, 10486
32793, 10486
33466, 10486
34019, 10486
34153, 10486
34171, 10486
34230, 10486
34233, 10486
34540, 10486
35135, 10486
35285, 10486
35547, 10486
35656, 10486
36167, 10486
37383, 10486
37975, 10486
38043, 10486
38446, 10486
31474, 10478
32626, 10478
33591, 10478
35046, 10478
35450, 10478
7949, 10458
9102, 10458
9982, 10458
11322, 10445
25976, 10413
27092, 10408
28681, 10408
30214, 10408
30581, 10408
31257, 10408
34523, 10408
34998, 10408
35095, 10408
36009, 10408
36124, 10408
30867, 10348
13985, 10337
14969, 10337
22806, 10328
25936, 10328
26395, 10328
29876, 10328
30280, 10328
31827, 10328
32139, 10328
33122, 10328
32455, 10325
20745, 10315
10643, 10309
21460, 10297
22012, 10297
23721, 10297
23732, 10297
23861, 10297
24193, 10297
24655, 10297
24740, 10297
24862, 10297
24922, 10297
25593, 10297
25760, 10297
26368, 10297
26549, 10297
26651, 10297
26708, 10297
26901, 10297
26913, 10297
27120, 10297
27193, 10297
27340, 10297
27342, 10297
27509, 10297
28018, 10297
28060, 10297
28193, 10297
28349, 10297
28909, 10297
28958, 10297
28975, 10297
29004, 10297
29007, 10297
29065, 10297
30073, 10297
32511, 10297
12190, 10272
15502, 10272
15656, 10272
13271, 10216
15804, 10216
16492, 10216
16553, 10216
16993, 10208
20119, 10208
20717, 10208
23738, 10208
24702, 10208
24741, 10208
25054, 10208
25638, 10208
26666, 10208
26877, 10208
27142, 10208
27876, 10208
28447, 10208
28680, 10208
29714, 10208
30582, 10208
31214, 10208
31264, 10208
31322, 10208
31374, 10208
23775, 10153
5183, 10124
7908, 10113
9750, 10113
10043, 10113
11897, 10113
33160, 10043
7919, 10032
8584, 10032
8751, 10032
9854, 10032
10074, 10032
10090, 10032
10261, 10032
10342, 10032
10633, 10032
10704, 10032
10727, 10032
10978, 10032
11269, 10032
11675, 10032
11746, 10032
12130, 10032
12569, 10032
40000, 10001
41943, 10001
45076, 10001
45769, 10001
48295, 10001
51264, 10001
2596, 9989
46895, 9981
47888, 9981
49922, 9981
49984, 9981
51281, 9981
40414, 9969
41465, 9969
42443, 9969
42911, 9969
44338, 9969
45385, 9969
46086, 9969
46324, 9969
47446, 9969
48304, 9969
48556, 9969
49245, 9969
50482, 9969
53585, 9969
54048, 9969
12785, 9955
13011, 9955
13057, 9955
13278, 9955
13489, 9955
14191, 9955
16996, 9950
18287, 9950
20249, 9950
34353, 9923
34871, 9923
37405, 9923
37847, 9923
39431, 9923
41535, 9923
42638, 9923
43658, 9923
44143, 9923
44643, 9923
45471, 9923
45530, 9923
45543, 9923
46287, 9923
48663, 9923
48822, 9923
49813, 9923
50045, 9923
54035, 9923
52049, 9914
8843, 9902
9354, 9902
9950, 9902
10257, 9902
42421, 9897
44708, 9897
44822, 9897
45592, 9897
45948, 9897
46416, 9897
47819, 9897
48336, 9897
48753, 9897
49744, 9897
50988, 9897
53011, 9897
54869, 9897
43736, 9889
45632, 9889
48272, 9889
49098, 9889
49177, 9889
49888, 9889
50845, 9889
50995, 9889
51851, 9889
52381, 9889
52384, 9889
52877, 9889
55233, 9889
55591, 9889
55675, 9889
40553, 9851
41326, 9851
43415, 9851
43707, 9851
45296, 9851
45459, 9851
45746, 9851
47078, 9851
47729, 9851
48313, 9851
49175, 9851
49686, 9851
51081, 9851
51376, 9851
52134, 9851
42722, 9850
44933, 9850
52585, 9850
14023, 9781
14137, 9780
14571, 9780
15366, 9780
15980, 9780
16516, 9780
16533, 9780
16906, 9780
17156, 9780
17177, 9780
18698, 9780
11366, 9747
11403, 9747
34834, 9740
42968, 9740
44184, 9740
44381, 9740
46502, 9740
47284, 9740
53579, 9740
55201, 9740
5917, 9733
7004, 9733
8091, 9733
8182, 9733
8296, 9733
45141, 9724
12829, 9712
14386, 9689
38101, 9620
15384, 9470
43449, 9455
36764, 9440
38242, 9440
38854, 9440
38962, 9440
39141, 9440
39862, 9440
40166, 9440
40241, 9440
40819, 9440
41493, 9440
41695, 9440
42046, 9440
42928, 9440
43622, 9440
43757, 9440
43867, 9440
43891, 9440
43964, 9440
44177, 9440
44192, 9440
44690, 9440
45418, 9440
46066, 9440
46363, 9440
47419, 9440
47443, 9440
47832, 9440
47949, 9440
48311, 9440
48696, 9440
49406, 9440
49484, 9440
49536, 9440
49602, 9440
49617, 9440
49987, 9440
50153, 9440
50428, 9440
50813, 9440
52320, 9440
52993, 9440
53241, 9440
55764, 9440
197131, 9428
216397, 9428
237227, 9428
240175, 9428
261340, 9428
36144, 9419
6059, 9376
5429, 9334
6246, 9334
14316, 9045
18470, 9045
18511, 9045
18973, 9045
19867, 9045
20436, 9045
20530, 9045
20860, 9045
21066, 9045
21191, 9045
21601, 9045
21758, 9045
22183, 9045
24008, 9045
24120, 9045
25243, 9045
25460, 9045
25480, 9045
25508, 9045
25604, 9045
25612, 9045
27611, 9045
27999, 9045
29080, 9045
25200, 8975
26468, 8975
31907, 8975
17055, 8951
19077, 8951
22079, 8951
22808, 8951
23079, 8951
23641, 8951
25057, 8951
14307, 8940
19713, 8940
22880, 8940
23109, 8940
25015, 8940
30959, 8940
18666, 8937
19247, 8937
20171, 8937
20964, 8937
21190, 8937
21431, 8937
21726, 8937
21816, 8937
22807, 8937
22821, 8937
23035, 8937
23130, 8937
23598, 8937
23852, 8937
24419, 8937
24444, 8937
24451, 8937
24538, 8937
24610, 8937
26190, 8937
26501, 8937
26639, 8937
32821, 8937
53475, 8937
35816, 8882
16194, 8813
22098, 8813
7698, 8744
20256, 8738
21782, 8738
22839, 8738
22907, 8738
12746, 8736
12809, 8736
13021, 8736
13168, 8736
86815, 8736
102509, 8736
121299, 8736
154358, 8736
155209, 8736
160658, 8736
163303, 8736
166335, 8736
187601, 8736
194962, 8736
196055, 8736
203949, 8736
212298, 8736
223791, 8736
250590, 8736
19450, 8716
19792, 8716
17589, 8706
3517, 8646
15161, 8644
17170, 8644
18567, 8644
18577, 8644
18583, 8644
18710, 8644
18786, 8644
19061, 8644
19217, 8644
19279, 8644
19690, 8644
20014, 8644
20696, 8644
20998, 8644
18630, 8638
123463, 8638
31365, 8624
33343, 8624
33347, 8624
33762, 8624
33955, 8624
35092, 8624
35425, 8624
37901, 8624
39731, 8624
39784, 8624
39788, 8624
40120, 8624
40202, 8624
41344, 8624
41631, 8624
43432, 8624
49767, 8624
17145, 8622
18322, 8622
16053, 8618
17309, 8618
18552, 8618
19748, 8618
20282, 8618
20382, 8618
20434, 8618
20482, 8618
21086, 8618
21104, 8618
21226, 8618
21585, 8618
21657, 8618
21986, 8618
22053, 8618
22618, 8618
22982, 8618
29494, 8595
31777, 8595
32420, 8595
32623, 8595
37232, 8595
37645, 8595
39509, 8595
39831, 8595
39981, 8595
40966, 8595
41657, 8595
42523, 8595
43062, 8595
43898, 8595
44703, 8595
45265, 8595
45587, 8595
45709, 8595
46496, 8595
46788, 8595
47413, 8595
47681, 8595
48071, 8595
48465, 8595
50401, 8595
50561, 8595
52237, 8595
38544, 8591
25290, 8587
32699, 8587
33575, 8587
34129, 8587
34582, 8587
36359, 8587
36758, 8587
36806, 8587
37426, 8587
37806, 8587
38469, 8587
39715, 8587
40455, 8587
40641, 8587
41355, 8587
41567, 8587
42802, 8587
43763, 8587
47485, 8587
48750, 8587
31423, 8586
37897, 8586
39185, 8586
39939, 8586
42760, 8586
43439, 8586
44199, 8586
44455, 8586
44628, 8586
45853, 8586
45919, 8586
46371, 8586
46399, 8586
48104, 8586
50333, 8586
50563, 8586
50676, 8586
25486, 8582
29359, 8582
32196, 8582
34468, 8582
34822, 8582
34972, 8582
38070, 8582
38292, 8582
39885, 8582
41896, 8582
42417, 8582
42642, 8582
43630, 8582
43768, 8582
43853, 8582
44052, 8582
44123, 8582
44893, 8582
48724, 8582
49528, 8582
20662, 8576
22636, 8576
22914, 8576
38080, 8562
39959, 8562
200162, 8560
245258, 8560
277142, 8560
12616, 8540
14040, 8540
15461, 8540
16337, 8540
20124, 8529
22372, 8529
31148, 8529
63974, 8529
166742, 8529
197180, 8529
203890, 8529
211186, 8529
246924, 8529
257759, 8529
288981, 8529
42311, 8496
34406, 8483
35278, 8483
35328, 8483
37081, 8483
37103, 8483
37457, 8483
37532, 8483
37596, 8483
37681, 8483
37780, 8483
37876, 8483
38321, 8483
39450, 8483
39859, 8483
40707, 8483
40833, 8483
41428, 8483
41437, 8483
41613, 8483
43092, 8483
43594, 8483
43978, 8483
44083, 8483
47295, 8483
46375, 8482
10829, 8481
30110, 8463
33629, 8463
33639, 8463
34217, 8463
35058, 8463
36444, 8463
37740, 8463
38454, 8463
44888, 8463
30338, 8458
30356, 8458
32612, 8458
34044, 8458
40978, 8458
42081, 8458
42089, 8457
37723, 8416
32718, 8371
36470, 8371
37163, 8371
38307, 8371
40218, 8371
41508, 8371
41858, 8371
43276, 8371
46724, 8371
50378, 8371
53445, 8371
227566, 8367
15145, 8338
33726, 8325
5804, 8275
6840, 8275
8012, 8275
8836, 8260
12092, 8260
12318, 8260
43368, 8260
46458, 8260
47693, 8260
49234, 8260
88509, 8260
91276, 8260
98132, 8260
98473, 8260
112079, 8260
116595, 8260
119081, 8260
123559, 8260
127130, 8260
128831, 8260
160303, 8260
163720, 8260
194432, 8260
199404, 8260
208907, 8260
236169, 8260
15188, 8213
21559, 8213
23215, 8213
23413, 8213
51397, 8213
69708, 8213
170237, 8213
181798, 8213
222194, 8213
32478, 8178
12067, 8171
16129, 8171
28831, 8171
57015, 8171
75076, 8171
81358, 8171
91232, 8171
92270, 8171
112949, 8171
24696, 8166
45560, 8166
45840, 8166
184185, 8158
198022, 8158
222326, 8158
237190, 8158
267246, 8158
285144, 8158
18229, 8146
257358, 8146
23897, 8101
58243, 8101
66535, 8101
84408, 8101
85523, 8101
111763, 8101
117274, 8101
138149, 8101
148818, 8101
167781, 8101
256425, 8101
271756, 8101
117588, 8089
127531, 8089
134629, 8089
153957, 8089
158900, 8089
176224, 8089
179014, 8089
192364, 8089
227852, 8089
238877, 8089
253267, 8089
253507, 8089
255262, 8089
271377, 8089
286437, 8089
239624, 8044
254566, 8044
23319, 8038
39778, 8038
47323, 8038
47676, 8038
50087, 8038
52106, 8038
62538, 8038
63836, 8038
64962, 8038
66401, 8038
75998, 8038
85615, 8038
95064, 8038
109122, 8038
148819, 8038
17637, 7999
22723, 7999
24283, 7999
27067, 7999
28068, 7999
31629, 7999
37308, 7999
47454, 7999
82136, 7999
99106, 7999
173843, 7999
204167, 7999
230022, 7999
262615, 7999
34202, 7991
34281, 7991
38656, 7991
40187, 7991
40779, 7991
41017, 7991
41033, 7991
44920, 7991
45942, 7991
46299, 7991
47307, 7991
105437, 7987
121251, 7987
140654, 7987
148582, 7987
176675, 7987
179447, 7987
180601, 7987
183589, 7987
184314, 7987
184372, 7987
190335, 7987
200388, 7987
203681, 7987
204603, 7987
205306, 7987
205356, 7987
209144, 7987
212271, 7987
214097, 7987
219688, 7987
225246, 7987
227448, 7987
229903, 7987
230235, 7987
234111, 7987
238403, 7987
244596, 7987
250372, 7987
259928, 7987
260677, 7987
264405, 7987
275278, 7987
276249, 7987
285394, 7987
285692, 7987
287552, 7987
37401, 7983
40546, 7983
41462, 7983
42781, 7983
44171, 7983
48077, 7983
50176, 7983
53120, 7983
56222, 7983
134906, 7981
200179, 7981
215930, 7981
247681, 7981
34733, 7975
43160, 7975
47013, 7975
48353, 7975
48472, 7975
15262, 7960
40071, 7960
41274, 7960
41906, 7960
44370, 7960
46179, 7960
46613, 7960
47524, 7960
49088, 7960
49392, 7960
49616, 7960
49897, 7960
49947, 7960
50559, 7960
51087, 7960
51347, 7960
52067, 7960
52122, 7960
53177, 7960
53868, 7960
55532, 7960
55844, 7960
58230, 7960
43018, 7957
45412, 7957
54150, 7957
58399, 7957
101344, 7928
37539, 7913
118158, 7911
118237, 7911
124485, 7911
126129, 7911
131148, 7911
142952, 7911
158066, 7911
158695, 7911
8045, 7902
146325, 7870
4026, 7859
124996, 7859
138921, 7859
155621, 7859
173094, 7859
196648, 7859
260815, 7859
278577, 7859
94278, 7832
149411, 7832
193464, 7832
209039, 7832
218831, 7832
259186, 7832
260883, 7832
290633, 7832
28477, 7801
53873, 7801
64128, 7801
81864, 7801
83147, 7801
39635, 7764
35569, 7687
36684, 7687
37529, 7687
38060, 7687
38609, 7687
39735, 7687
40633, 7687
40649, 7687
40763, 7687
40880, 7687
41432, 7687
41716, 7687
43703, 7687
43772, 7687
44773, 7687
45033, 7687
45865, 7687
46482, 7687
47498, 7687
47910, 7687
48153, 7687
48489, 7687
48614, 7687
48836, 7687
48988, 7687
48996, 7687
49107, 7687
49394, 7687
49839, 7687
50037, 7687
50387, 7687
51091, 7687
52995, 7687
53001, 7687
55005, 7687
56008, 7687
57707, 7687
58289, 7687
58834, 7687
14686, 7650
15318, 7650
170782, 7648
185215, 7648
188696, 7648
193229, 7648
220641, 7648
226002, 7648
235430, 7648
242282, 7648
260391, 7648
262243, 7648
263954, 7648
274780, 7648
103223, 7639
125950, 7639
154934, 7639
158603, 7639
172249, 7639
177713, 7639
180520, 7639
189366, 7639
193261, 7639
194820, 7639
196968, 7639
197272, 7639
207358, 7639
208072, 7639
208795, 7639
215010, 7639
216081, 7639
217534, 7639
220419, 7639
231155, 7639
231269, 7639
231332, 7639
237618, 7639
238299, 7639
238973, 7639
239737, 7639
246494, 7639
248983, 7639
249379, 7639
250096, 7639
251188, 7639
253018, 7639
254119, 7639
256581, 7639
260085, 7639
261713, 7639
262247, 7639
262414, 7639
263582, 7639
263967, 7639
264666, 7639
264926, 7639
266627, 7639
266798, 7639
267129, 7639
267502, 7639
268217, 7639
270720, 7639
271661, 7639
275385, 7639
276605, 7639
279189, 7639
279353, 7639
280141, 7639
280703, 7639
280726, 7639
284217, 7639
287712, 7639
292363, 7639
292410, 7639
292752, 7639
295824, 7639
19257, 7507
11899, 7488
18950, 7379
21319, 7369
22126, 7369
26452, 7369
28260, 7369
28914, 7369
31834, 7369
33971, 7369
281534, 7369
39533, 7303
137398, 7236
176428, 7236
177031, 7236
204506, 7236
243711, 7219
273654, 7219
253375, 7201
90693, 7182
110261, 7182
124778, 7182
101587, 7166
145586, 7166
37640, 7140
193104, 7140
221998, 7140
231342, 7140
273150, 7140
202833, 7079
282211, 7079
21068, 7078
24144, 7078
4409, 6918
60436, 6893
139341, 6893
188141, 6893
141143, 6872
152546, 6872
197367, 6871
229713, 6871
255497, 6871
271213, 6871
90556, 6861
3927, 6811
127761, 6729
224789, 6727
84562, 6688
283797, 6688
7312, 6657
11998, 6657
22795, 6657
25278, 6657
38634, 6657
38851, 6657
211900, 6657
24443, 6534
25302, 6534
26278, 6534
30257, 6534
34142, 6534
36987, 6534
37838, 6534
52829, 6534
71605, 6534
99124, 6534
119015, 6534
126621, 6534
127898, 6534
137346, 6534
138843, 6534
156913, 6534
169681, 6534
185707, 6534
202787, 6534
203044, 6534
237983, 6534
246137, 6534
274657, 6513
60876, 6455
97479, 6455
116202, 6455
120204, 6455
185559, 6455
6075, 6421
6887, 6421
24278, 6421
141730, 6421
276679, 6397
73797, 6383
79607, 6383
17807, 6293
148026, 6292
289934, 6292
232208, 6272
95231, 6233
46740, 6218
48697, 6218
49108, 6218
54844, 6218
66736, 6218
73431, 6218
93907, 6218
95112, 6218
112534, 6218
113887, 6218
122496, 6218
130430, 6218
8326, 6208
21323, 6208
24992, 6208
54192, 6208
110281, 6208
227010, 6190
6083, 6148
294812, 6137
10848, 6095
14267, 6095
18533, 6095
18758, 6095
23247, 6095
44695, 6095
46006, 6095
128171, 6095
208801, 6095
277399, 6095
261313, 6089
4305, 6061
5298, 6061
10646, 6061
21806, 6061
30764, 6061
46847, 6061
47458, 6061
54057, 6061
55425, 6061
99508, 6061
112802, 6061
6431, 6025
33657, 6025
14234, 6010
24434, 6010
27432, 6010
31035, 6010
34580, 6010
38268, 6010
39990, 6010
40790, 6010
43579, 6010
44938, 6010
49542, 6010
54984, 6010
55739, 6010
59261, 6010
62272, 6010
63948, 6010
68593, 6010
86451, 6010
92698, 6010
105397, 6010
108718, 6010
132161, 6010
164851, 6010
295772, 6010
20631, 5983
44322, 5983
46915, 5983
51889, 5983
56470, 5983
59706, 5983
69841, 5983
73465, 5983
78919, 5983
82745, 5983
86553, 5983
86853, 5983
101949, 5983
108458, 5983
139599, 5983
147348, 5983
163336, 5983
163340, 5983
200130, 5983
221637, 5983
232487, 5983
31530, 5950
15852, 5941
22778, 5941
35491, 5941
39879, 5941
41085, 5941
43339, 5941
44064, 5941
56939, 5941
58163, 5941
59583, 5941
66696, 5941
71568, 5941
76077, 5941
65472, 5882
27975, 5871
50862, 5871
83278, 5871
68295, 5846
72056, 5846
105842, 5846
107978, 5846
13094, 5830
15204, 5793
25671, 5793
32382, 5793
87269, 5793
89117, 5793
92844, 5793
122411, 5793
136796, 5793
154905, 5793
167731, 5793
180992, 5793
185805, 5793
190957, 5793
193741, 5793
205371, 5793
207800, 5793
212840, 5793
221018, 5793
6226, 5757
37097, 5757
48590, 5757
55033, 5757
69300, 5757
71383, 5757
78125, 5757
81481, 5757
92518, 5757
92793, 5757
8133, 5711
8264, 5658
11218, 5658
17251, 5658
20829, 5658
24473, 5658
30203, 5658
49856, 5658
62461, 5658
63233, 5658
70773, 5658
74656, 5658
74861, 5658
78200, 5658
79602, 5658
82417, 5658
85463, 5658
86969, 5658
92130, 5658
95040, 5658
96475, 5658
97897, 5658
99769, 5658
104399, 5658
106501, 5658
110863, 5658
112138, 5658
113598, 5658
115924, 5658
123275, 5658
126005, 5658
126898, 5658
127136, 5658
127771, 5658
129331, 5658
134477, 5658
138213, 5658
140052, 5658
142354, 5658
144005, 5658
151330, 5658
158261, 5658
158822, 5658
159307, 5658
159365, 5658
177651, 5658
180274, 5658
183648, 5658
188019, 5658
188391, 5658
194044, 5658
208143, 5658
211954, 5658
213913, 5658
221021, 5658
236529, 5658
238848, 5658
245989, 5658
261334, 5658
277896, 5658
10786, 5645
47517, 5645
53558, 5645
60445, 5645
72296, 5645
129166, 5645
129560, 5645
213020, 5645
237000, 5645
268124, 5645
268978, 5645
90519, 5635
137315, 5635
152999, 5635
170483, 5635
185964, 5635
211143, 5635
231327, 5635
284616, 5635
8765, 5633
18671, 5633
288400, 5620
127158, 5616
51361, 5614
14567, 5601
14755, 5601
15367, 5601
20040, 5601
28627, 5601
28840, 5601
30617, 5601
65082, 5601
86199, 5601
98591, 5601
104958, 5601
113483, 5601
13227, 5590
40638, 5590
56074, 5590
59386, 5590
61791, 5590
66417, 5590
70916, 5590
73296, 5590
74799, 5590
76528, 5590
80944, 5590
83074, 5590
85654, 5590
87684, 5590
87962, 5590
93244, 5590
95990, 5590
96502, 5590
97713, 5590
107016, 5590
114754, 5590
132088, 5590
135673, 5590
151393, 5590
159564, 5590
160665, 5590
160691, 5590
163690, 5590
165474, 5590
172003, 5590
174289, 5590
211793, 5590
225454, 5590
243949, 5590
261412, 5590
75465, 5458
105740, 5458
130649, 5458
139573, 5458
142052, 5458
147108, 5458
177613, 5458
205471, 5458
42444, 5415
18357, 5361
274611, 5353
99464, 5325
97487, 5308
107545, 5308
222266, 5308
273854, 5308
293041, 5308
3402, 5250
127960, 5250
33636, 5238
2081, 5225
123057, 5178
22515, 5177
24526, 5177
41860, 5177
48228, 5177
49601, 5177
64681, 5177
74875, 5177
90742, 5177
92280, 5177
99941, 5177
109071, 5177
114404, 5177
116587, 5177
118533, 5177
124551, 5177
135019, 5177
138429, 5177
155329, 5177
168512, 5177
196160, 5177
200022, 5177
235679, 5177
252973, 5177
262845, 5177
267497, 5177
274461, 5177
281539, 5177
245603, 5170
103997, 5136
6189, 5121
9046, 5121
13172, 5121
15354, 5121
16802, 5121
16804, 5121
24852, 5121
26196, 5121
37729, 5121
47265, 5121
50562, 5121
52025, 5121
52592, 5121
54229, 5121
55117, 5121
62871, 5121
69801, 5121
70201, 5121
70328, 5121
79651, 5121
81813, 5121
83798, 5121
84053, 5121
93676, 5121
102094, 5121
103220, 5121
110022, 5121
110954, 5121
114536, 5121
119527, 5121
119700, 5121
123913, 5121
124234, 5121
124963, 5121
129251, 5121
136515, 5121
140551, 5121
144239, 5121
144263, 5121
144534, 5121
147839, 5121
148462, 5121
151326, 5121
152756, 5121
154367, 5121
155191, 5121
160566, 5121
160874, 5121
163986, 5121
165147, 5121
166058, 5121
166321, 5121
170740, 5121
171595, 5121
173761, 5121
177182, 5121
179959, 5121
184202, 5121
184969, 5121
187813, 5121
188311, 5121
189705, 5121
194615, 5121
195288, 5121
196653, 5121
196677, 5121
198514, 5121
204659, 5121
204884, 5121
207998, 5121
208011, 5121
208959, 5121
209708, 5121
211415, 5121
212416, 5121
213377, 5121
214404, 5121
216539, 5121
218275, 5121
218293, 5121
219929, 5121
223388, 5121
228223, 5121
229014, 5121
232020, 5121
235844, 5121
236378, 5121
238091, 5121
238350, 5121
240091, 5121
240362, 5121
240918, 5121
243751, 5121
243767, 5121
243820, 5121
248213, 5121
248924, 5121
251779, 5121
255463, 5121
255593, 5121
256954, 5121
260568, 5121
261696, 5121
262691, 5121
263266, 5121
264088, 5121
266246, 5121
269007, 5121
269617, 5121
269998, 5121
270151, 5121
271926, 5121
272045, 5121
272187, 5121
272753, 5121
273892, 5121
276055, 5121
280022, 5121
286895, 5121
287446, 5121
287798, 5121
287940, 5121
287964, 5121
289604, 5121
290789, 5121
292037, 5121
294086, 5121
296057, 5121
93515, 5120
7638, 5100
37944, 5100
115046, 5100
169947, 5100
202892, 5100
248894, 5100
250901, 5100
54286, 5051
126351, 5051
161459, 5051
49907, 5015
138060, 5015
2882, 5011
5186, 5011
6218, 5008
8095, 5008
18996, 5008
23043, 5008
31400, 5008
33232, 5008
36818, 5008
41652, 5008
43045, 5008
43807, 5008
44997, 5008
47915, 5008
51549, 5008
54003, 5008
64055, 5008
66097, 5008
66478, 5008
66634, 5008
69739, 5008
78258, 5008
78648, 5008
90833, 5008
95524, 5008
98692, 5008
103935, 5008
104372, 5008
105309, 5008
112522, 5008
113453, 5008
115817, 5008
117464, 5008
119075, 5008
119976, 5008
126896, 5008
128615, 5008
137441, 5008
138577, 5008
144992, 5008
149885, 5008
150829, 5008
152477, 5008
153284, 5008
153738, 5008
177607, 5008
182155, 5008
184952, 5008
185471, 5008
198762, 5008
200062, 5008
200393, 5008
202972, 5008
212197, 5008
212565, 5008
225388, 5008
232823, 5008
236398, 5008
239245, 5008
249099, 5008
252603, 5008
254786, 5008
259311, 5008
264026, 5008
269136, 5008
272850, 5008
274778, 5008
280573, 5008
72277, 4937
13770, 4930
285505, 4922
267421, 4920
54310, 4841
64524, 4841
67354, 4841
150861, 4841
188186, 4841
255801, 4821
280505, 4821
204968, 4808
224190, 4801
172865, 4787
193407, 4755
147521, 4754
160759, 4754
211686, 4754
2655, 4743
113605, 4743
127650, 4743
151439, 4743
182528, 4743
221585, 4743
23697, 4724
259951, 4724
259593, 4723
72163, 4705
29093, 4698
168805, 4698
212, 4687
14185, 4687
197422, 4687
221139, 4687
118348, 4685
14892, 4675
20827, 4675
26948, 4675
64457, 4675
101216, 4675
43146, 4660
75042, 4660
120210, 4660
134343, 4660
176022, 4660
176581, 4660
222215, 4660
224044, 4660
224698, 4660
233030, 4660
245648, 4660
287381, 4660
294007, 4660
10013, 4625
178199, 4625
51360, 4623
60629, 4623
95405, 4623
111993, 4623
187488, 4623
206578, 4622
264326, 4622
282566, 4622
50116, 4614
65096, 4614
80819, 4614
281125, 4598
294973, 4598
48154, 4594
54282, 4594
93018, 4594
106840, 4594
127903, 4594
193473, 4594
278931, 4594
1591, 4589
60441, 4589
88294, 4589
4587, 4581
35289, 4555
181089, 4555
12469, 4554
117636, 4554
119811, 4554
121204, 4554
121530, 4554
150110, 4554
178558, 4554
208654, 4554
212627, 4554
212995, 4554
243336, 4554
269144, 4554
269392, 4554
26161, 4552
172688, 4552
223245, 4538
97867, 4525
101361, 4525
110593, 4525
116852, 4525
124095, 4525
140467, 4525
173378, 4525
179136, 4525
183999, 4525
208005, 4525
246830, 4525
248758, 4525
256361, 4525
288569, 4525
290689, 4525
206357, 4512
101716, 4495
241761, 4495
13697, 4469
51865, 4438
76448, 4438
79956, 4438
91100, 4438
94720, 4438
26762, 4432
4738, 4427
159052, 4424
226647, 4395
20650, 4378
129040, 4330
139072, 4330
166963, 4330
195927, 4330
215878, 4330
221426, 4330
64935, 4327
92088, 4327
109042, 4327
275601, 4327
122614, 4322
63528, 4305
95876, 4277
108082, 4277
80452, 4272
99040, 4272
110347, 4272
116685, 4272
133907, 4272
153872, 4272
189304, 4272
206605, 4272
228797, 4272
238550, 4272
242964, 4272
272164, 4272
274131, 4272
277764, 4272
288898, 4272
80124, 4252
163913, 4252
111889, 4233
114832, 4233
114852, 4233
114876, 4233
116867, 4233
116887, 4233
121102, 4233
122447, 4233
125021, 4233
125744, 4233
126070, 4233
131255, 4233
131497, 4233
135097, 4233
136241, 4233
136367, 4233
137624, 4233
138271, 4233
141126, 4233
141651, 4233
143080, 4233
143544, 4233
143678, 4233
144139, 4233
144618, 4233
144940, 4233
145502, 4233
146694, 4233
147171, 4233
150224, 4233
150368, 4233
150633, 4233
151408, 4233
152554, 4233
152975, 4233
153929, 4233
154308, 4233
154844, 4233
155665, 4233
156703, 4233
156861, 4233
157249, 4233
160353, 4233
160859, 4233
161972, 4233
162166, 4233
163335, 4233
164659, 4233
164789, 4233
165001, 4233
165965, 4233
166182, 4233
167120, 4233
168096, 4233
168290, 4233
170009, 4233
170235, 4233
171761, 4233
172500, 4233
172667, 4233
172914, 4233
173379, 4233
173829, 4233
175014, 4233
175386, 4233
175430, 4233
176171, 4233
177144, 4233
177311, 4233
177461, 4233
179671, 4233
181135, 4233
182851, 4233
183452, 4233
183607, 4233
183637, 4233
185946, 4233
186571, 4233
186573, 4233
189872, 4233
191147, 4233
191522, 4233
192161, 4233
195423, 4233
196294, 4233
197342, 4233
197430, 4233
199364, 4233
203045, 4233
203751, 4233
204882, 4233
206511, 4233
207984, 4233
208375, 4233
208607, 4233
208805, 4233
209301, 4233
210393, 4233
212334, 4233
212599, 4233
213911, 4233
214759, 4233
215675, 4233
219561, 4233
219996, 4233
222901, 4233
226149, 4233
230020, 4233
230083, 4233
233462, 4233
238323, 4233
238879, 4233
240742, 4233
243205, 4233
243909, 4233
247886, 4233
251442, 4233
254050, 4233
255016, 4233
256092, 4233
263842, 4233
267710, 4233
268678, 4233
269102, 4233
270833, 4233
271882, 4233
276358, 4233
276910, 4233
279583, 4233
286220, 4233
292205, 4233
91504, 4211
103017, 4211
110511, 4211
110530, 4211
112016, 4211
114108, 4211
114423, 4211
114449, 4211
115531, 4211
118547, 4211
120113, 4211
121970, 4211
125822, 4211
126900, 4211
128392, 4211
129861, 4211
130292, 4211
130698, 4211
132501, 4211
133734, 4211
135155, 4211
136163, 4211
136638, 4211
138969, 4211
140504, 4211
140961, 4211
141753, 4211
141960, 4211
142084, 4211
142419, 4211
142661, 4211
143876, 4211
144210, 4211
144369, 4211
145937, 4211
145973, 4211
145980, 4211
146670, 4211
146711, 4211
146713, 4211
147057, 4211
148627, 4211
148952, 4211
149445, 4211
149603, 4211
150014, 4211
150564, 4211
150643, 4211
150717, 4211
150785, 4211
152705, 4211
153227, 4211
154040, 4211
154755, 4211
156569, 4211
156575, 4211
156677, 4211
157505, 4211
157866, 4211
159721, 4211
159722, 4211
160179, 4211
160816, 4211
160977, 4211
162360, 4211
162508, 4211
162631, 4211
163081, 4211
164514, 4211
164727, 4211
164837, 4211
165471, 4211
165569, 4211
166722, 4211
166786, 4211
166993, 4211
168142, 4211
168416, 4211
168765, 4211
169003, 4211
169690, 4211
171266, 4211
172057, 4211
174109, 4211
174186, 4211
174729, 4211
176782, 4211
177149, 4211
178649, 4211
178659, 4211
178996, 4211
179227, 4211
179305, 4211
179332, 4211
179632, 4211
180219, 4211
180589, 4211
181012, 4211
181140, 4211
182008, 4211
182285, 4211
182388, 4211
182638, 4211
183033, 4211
183696, 4211
184089, 4211
184152, 4211
185795, 4211
185917, 4211
186047, 4211
186587, 4211
187614, 4211
188904, 4211
188926, 4211
189464, 4211
190922, 4211
191306, 4211
191635, 4211
192275, 4211
192286, 4211
192484, 4211
192809, 4211
193842, 4211
193948, 4211
194476, 4211
194531, 4211
194627, 4211
196026, 4211
196530, 4211
197572, 4211
198129, 4211
198185, 4211
198918, 4211
199390, 4211
199773, 4211
200359, 4211
200488, 4211
200569, 4211
200947, 4211
200995, 4211
201880, 4211
202625, 4211
202637, 4211
202730, 4211
202815, 4211
202852, 4211
203089, 4211
203610, 4211
204523, 4211
205499, 4211
205842, 4211
206098, 4211
206606, 4211
206634, 4211
206798, 4211
207086, 4211
207103, 4211
207737, 4211
208058, 4211
208184, 4211
208336, 4211
208692, 4211
208948, 4211
209184, 4211
209468, 4211
210139, 4211
210952, 4211
211497, 4211
211548, 4211
211597, 4211
212713, 4211
214377, 4211
214957, 4211
215757, 4211
216498, 4211
216856, 4211
218173, 4211
218820, 4211
219148, 4211
220155, 4211
220156, 4211
220347, 4211
220382, 4211
220684, 4211
221176, 4211
221482, 4211
221609, 4211
222021, 4211
222662, 4211
223151, 4211
223512, 4211
223527, 4211
223624, 4211
224728, 4211
224820, 4211
225230, 4211
225377, 4211
225675, 4211
226057, 4211
226460, 4211
226682, 4211
226755, 4211
227492, 4211
227575, 4211
227712, 4211
227762, 4211
227784, 4211
227795, 4211
228340, 4211
228507, 4211
228849, 4211
228854, 4211
229124, 4211
229311, 4211
229344, 4211
230159, 4211
230191, 4211
230285, 4211
230348, 4211
231088, 4211
231158, 4211
231198, 4211
232100, 4211
232405, 4211
233157, 4211
233323, 4211
233368, 4211
233456, 4211
233651, 4211
233748, 4211
233817, 4211
234156, 4211
234313, 4211
235170, 4211
235683, 4211
236212, 4211
237149, 4211
237424, 4211
238123, 4211
238971, 4211
239065, 4211
239862, 4211
240206, 4211
240439, 4211
241076, 4211
241899, 4211
241980, 4211
242291, 4211
242342, 4211
242370, 4211
242698, 4211
242717, 4211
243072, 4211
243162, 4211
243170, 4211
243830, 4211
243930, 4211
244332, 4211
244650, 4211
244667, 4211
244882, 4211
244957, 4211
245300, 4211
245929, 4211
246087, 4211
246189, 4211
246226, 4211
246821, 4211
247091, 4211
247346, 4211
247480, 4211
248056, 4211
248433, 4211
248740, 4211
248785, 4211
248872, 4211
249371, 4211
249539, 4211
249669, 4211
250003, 4211
250100, 4211
250139, 4211
250197, 4211
250350, 4211
250612, 4211
250699, 4211
250859, 4211
251620, 4211
251894, 4211
252303, 4211
252498, 4211
252686, 4211
252797, 4211
252827, 4211
252875, 4211
253121, 4211
253135, 4211
253314, 4211
253385, 4211
253458, 4211
253542, 4211
253800, 4211
253912, 4211
254118, 4211
254168, 4211
254216, 4211
254462, 4211
254710, 4211
254821, 4211
254941, 4211
255105, 4211
255253, 4211
255875, 4211
256052, 4211
256167, 4211
256259, 4211
256456, 4211
256807, 4211
256818, 4211
257266, 4211
257704, 4211
258058, 4211
258690, 4211
258691, 4211
259040, 4211
259061, 4211
259245, 4211
259316, 4211
259379, 4211
260056, 4211
260401, 4211
260780, 4211
260792, 4211
261496, 4211
261558, 4211
261649, 4211
261777, 4211
261946, 4211
262011, 4211
263238, 4211
264446, 4211
264955, 4211
265161, 4211
265478, 4211
265481, 4211
266207, 4211
266370, 4211
266406, 4211
266833, 4211
266876, 4211
266931, 4211
267134, 4211
267510, 4211
267717, 4211
267780, 4211
268400, 4211
268659, 4211
268780, 4211
269014, 4211
269228, 4211
270361, 4211
270615, 4211
270733, 4211
270839, 4211
271191, 4211
271334, 4211
271964, 4211
272157, 4211
273151, 4211
273193, 4211
273755, 4211
273844, 4211
274211, 4211
274249, 4211
274361, 4211
275371, 4211
276390, 4211
276412, 4211
276611, 4211
277069, 4211
277396, 4211
277539, 4211
278490, 4211
278553, 4211
278596, 4211
278608, 4211
279122, 4211
279646, 4211
279859, 4211
280050, 4211
280077, 4211
280136, 4211
280863, 4211
281020, 4211
281031, 4211
282021, 4211
282168, 4211
283240, 4211
283655, 4211
283672, 4211
284018, 4211
284024, 4211
284394, 4211
284683, 4211
284954, 4211
285182, 4211
285191, 4211
285513, 4211
285679, 4211
286881, 4211
287352, 4211
287450, 4211
288222, 4211
288324, 4211
288374, 4211
288457, 4211
288704, 4211
288917, 4211
289288, 4211
289714, 4211
289949, 4211
290198, 4211
290288, 4211
290299, 4211
290607, 4211
290793, 4211
291401, 4211
291890, 4211
291983, 4211
291996, 4211
292922, 4211
293162, 4211
293371, 4211
293626, 4211
293684, 4211
293794, 4211
294946, 4211
295806, 4211
296019, 4211
70191, 4203
111652, 4156
197117, 4156
16944, 4148
10660, 4056
222909, 4039
91467, 4028
91648, 3999
105224, 3999
106966, 3999
108634, 3999
111028, 3999
115672, 3999
118877, 3999
118949, 3999
119086, 3999
130387, 3999
130645, 3999
133447, 3999
133459, 3999
133810, 3999
134208, 3999
134998, 3999
135313, 3999
135364, 3999
135729, 3999
135777, 3999
136254, 3999
136373, 3999
137805, 3999
138153, 3999
138318, 3999
139618, 3999
140570, 3999
140937, 3999
141663, 3999
141837, 3999
142169, 3999
142384, 3999
142560, 3999
142793, 3999
143107, 3999
143188, 3999
143417, 3999
144045, 3999
144049, 3999
144927, 3999
145634, 3999
145686, 3999
145734, 3999
146846, 3999
147429, 3999
148007, 3999
148210, 3999
148847, 3999
149711, 3999
150266, 3999
150452, 3999
151769, 3999
152204, 3999
152407, 3999
152818, 3999
153361, 3999
153593, 3999
154053, 3999
154598, 3999
154810, 3999
155246, 3999
155695, 3999
155827, 3999
157222, 3999
157451, 3999
157553, 3999
157591, 3999
157694, 3999
158099, 3999
159274, 3999
159418, 3999
159668, 3999
159874, 3999
160313, 3999
162179, 3999
163018, 3999
163090, 3999
163330, 3999
163591, 3999
163997, 3999
165449, 3999
165902, 3999
166531, 3999
167933, 3999
167958, 3999
169485, 3999
169976, 3999
170243, 3999
170875, 3999
171785, 3999
172311, 3999
173260, 3999
173572, 3999
174535, 3999
174788, 3999
174979, 3999
177290, 3999
177309, 3999
178106, 3999
178512, 3999
179057, 3999
180703, 3999
181159, 3999
181661, 3999
181867, 3999
182081, 3999
183212, 3999
183225, 3999
185552, 3999
186162, 3999
187138, 3999
187422, 3999
187655, 3999
187955, 3999
188056, 3999
188686, 3999
188850, 3999
190479, 3999
190872, 3999
191230, 3999
192412, 3999
193782, 3999
193917, 3999
194297, 3999
194310, 3999
194417, 3999
194904, 3999
194974, 3999
195294, 3999
195643, 3999
198578, 3999
201191, 3999
201239, 3999
201763, 3999
202010, 3999
202283, 3999
202687, 3999
203266, 3999
203515, 3999
204597, 3999
205771, 3999
206241, 3999
206981, 3999
207194, 3999
207561, 3999
207661, 3999
207838, 3999
208550, 3999
210538, 3999
211883, 3999
211920, 3999
212494, 3999
212603, 3999
213492, 3999
214680, 3999
215497, 3999
215914, 3999
216542, 3999
216774, 3999
216776, 3999
217419, 3999
219014, 3999
219312, 3999
222509, 3999
222648, 3999
223217, 3999
224359, 3999
225080, 3999
225431, 3999
226422, 3999
226438, 3999
226859, 3999
230470, 3999
231482, 3999
232175, 3999
235962, 3999
238497, 3999
240978, 3999
242383, 3999
242974, 3999
243266, 3999
243818, 3999
246421, 3999
247759, 3999
249577, 3999
250265, 3999
250861, 3999
252415, 3999
252466, 3999
254315, 3999
256032, 3999
256169, 3999
256858, 3999
257252, 3999
257448, 3999
258210, 3999
260117, 3999
261237, 3999
264103, 3999
267983, 3999
268056, 3999
269030, 3999
269743, 3999
271239, 3999
274376, 3999
276637, 3999
276792, 3999
278615, 3999
278689, 3999
281156, 3999
282890, 3999
284046, 3999
284449, 3999
285432, 3999
285886, 3999
286083, 3999
288035, 3999
291796, 3999
293513, 3999
293559, 3999
293831, 3999
294876, 3999
96716, 3988
122958, 3988
156671, 3988
159075, 3988
161930, 3988
184967, 3988
192514, 3988
200028, 3988
207444, 3988
211504, 3988
213925, 3988
240761, 3988
242111, 3988
262365, 3988
87580, 3937
91170, 3937
95404, 3937
97678, 3937
100378, 3937
108939, 3937
109792, 3937
113154, 3937
126917, 3937
135270, 3937
143126, 3937
150183, 3937
150740, 3937
152384, 3937
156678, 3937
164234, 3937
174057, 3937
183417, 3937
186628, 3937
189181, 3937
199072, 3937
203010, 3937
204251, 3937
210292, 3937
210484, 3937
212560, 3937
215532, 3937
216255, 3937
218323, 3937
220060, 3937
224848, 3937
228786, 3937
230804, 3937
236670, 3937
239490, 3937
242244, 3937
247215, 3937
247334, 3937
250357, 3937
252962, 3937
254573, 3937
258267, 3937
258585, 3937
261393, 3937
261473, 3937
263236, 3937
269614, 3937
279897, 3937
280176, 3937
282522, 3937
291072, 3937
291384, 3937
179967, 3888
94687, 3856
97140, 3856
114294, 3856
127271, 3856
130100, 3856
132340, 3856
133627, 3856
139089, 3856
139532, 3856
140134, 3856
141358, 3856
147879, 3856
147987, 3856
150409, 3856
151949, 3856
151966, 3856
154004, 3856
154199, 3856
160506, 3856
161903, 3856
162065, 3856
162163, 3856
163445, 3856
165520, 3856
168312, 3856
169699, 3856
169973, 3856
170011, 3856
174300, 3856
174558, 3856
177319, 3856
179143, 3856
179416, 3856
181207, 3856
183304, 3856
183988, 3856
186016, 3856
187353, 3856
188261, 3856
190473, 3856
191625, 3856
191916, 3856
192051, 3856
192519, 3856
192718, 3856
193089, 3856
193216, 3856
193558, 3856
193649, 3856
193913, 3856
194308, 3856
194774, 3856
195856, 3856
197030, 3856
198585, 3856
198645, 3856
199607, 3856
200939, 3856
204123, 3856
205909, 3856
205978, 3856
210944, 3856
211822, 3856
213716, 3856
213899, 3856
214057, 3856
215294, 3856
215894, 3856
216040, 3856
217976, 3856
218135, 3856
219558, 3856
220896, 3856
221349, 3856
221401, 3856
222070, 3856
222788, 3856
223249, 3856
226115, 3856
226784, 3856
227917, 3856
228063, 3856
228653, 3856
229836, 3856
229976, 3856
231119, 3856
231613, 3856
231708, 3856
232366, 3856
232774, 3856
234329, 3856
239119, 3856
240505, 3856
240580, 3856
240652, 3856
242468, 3856
243168, 3856
243219, 3856
243583, 3856
243917, 3856
246969, 3856
249347, 3856
249415, 3856
251995, 3856
252468, 3856
254302, 3856
254824, 3856
255478, 3856
255605, 3856
256016, 3856
256337, 3856
256687, 3856
256766, 3856
258130, 3856
260708, 3856
261931, 3856
262035, 3856
262879, 3856
263135, 3856
264177, 3856
264583, 3856
265627, 3856
267472, 3856
269845, 3856
270366, 3856
271498, 3856
272202, 3856
273315, 3856
273322, 3856
277524, 3856
279013, 3856
279428, 3856
281312, 3856
281968, 3856
282675, 3856
285212, 3856
289487, 3856
289801, 3856
290179, 3856
290796, 3856
292978, 3856
294098, 3856
294541, 3856
295367, 3856
295524, 3856
296587, 3856
158748, 3844
240729, 3796
120679, 3776
146857, 3776
231076, 3776
232519, 3776
272737, 3776
275923, 3776
277987, 3776
116600, 3775
118315, 3775
139112, 3775
146673, 3775
149105, 3775
149267, 3775
169644, 3775
172762, 3775
225887, 3775
225972, 3775
254643, 3775
255641, 3775
279289, 3775
295636, 3775
120146, 3770
142301, 3770
146076, 3770
146328, 3770
149946, 3770
153899, 3770
159490, 3770
162591, 3770
165383, 3770
170193, 3770
172305, 3770
177257, 3770
188485, 3770
197770, 3770
200319, 3770
200722, 3770
220784, 3770
231416, 3770
238536, 3770
248691, 3770
252553, 3770
257042, 3770
272262, 3770
275470, 3770
290717, 3770
293874, 3770
149931, 3742
166642, 3742
166874, 3742
179405, 3742
190388, 3742
199600, 3742
214751, 3742
223954, 3742
233796, 3742
239085, 3742
249931, 3742
257733, 3742
260368, 3742
275011, 3742
281022, 3742
282022, 3742
284197, 3742
287835, 3742
295295, 3742
152845, 3740
240416, 3740
253194, 3740
269807, 3740
292106, 3740
121622, 3713
122953, 3713
124130, 3713
128303, 3713
141953, 3713
150063, 3713
152882, 3713
160693, 3713
173621, 3713
173774, 3713
179280, 3713
180449, 3713
194838, 3713
196258, 3713
205215, 3713
214430, 3713
266519, 3713
289405, 3713
131461, 3677
177155, 3677
224270, 3677
154741, 3676
240156, 3676
288820, 3676
105871, 3665
142731, 3665
147678, 3665
160939, 3665
183489, 3665
188463, 3665
189424, 3665
244608, 3665
247076, 3665
254325, 3665
257724, 3665
258431, 3665
261933, 3665
272121, 3665
278336, 3665
43474, 3660
89221, 3660
269582, 3660
131960, 3630
269491, 3630
106026, 3621
251044, 3621
105601, 3568
119572, 3568
150502, 3568
2500, 3566
122550, 3556
136877, 3556
202638, 3556
231503, 3556
247278, 3556
255331, 3556
264692, 3556
265829, 3556
281275, 3556
284563, 3556
47210, 3542
119789, 3542
126888, 3542
128155, 3542
133092, 3542
133203, 3542
154894, 3542
186055, 3542
201251, 3542
202755, 3542
206368, 3542
209483, 3542
134737, 3527
136907, 3527
137457, 3527
141817, 3527
153611, 3527
180685, 3527
191078, 3527
230117, 3527
231460, 3527
252635, 3527
256022, 3527
271687, 3527
272456, 3527
294901, 3527
157062, 3476
244261, 3476
274277, 3476
99129, 3455
118806, 3455
132962, 3455
134870, 3455
139005, 3455
141213, 3455
147892, 3455
151277, 3455
153638, 3455
167963, 3455
198600, 3455
218270, 3455
226287, 3455
229636, 3455
229731, 3455
238717, 3455
240097, 3455
240814, 3455
252295, 3455
256611, 3455
282800, 3455
283346, 3455
285504, 3455
287759, 3455
288150, 3455
288705, 3455
293557, 3455
293833, 3455
294120, 3455
160742, 3450
247690, 3450
278833, 3450
126365, 3447
150081, 3447
150608, 3447
175896, 3447
217345, 3447
257103, 3447
279325, 3447
285095, 3447
130552, 3439
140214, 3439
160492, 3439
222404, 3439
112037, 3438
209866, 3438
210939, 3438
219641, 3438
222378, 3438
243262, 3438
276996, 3438
283432, 3438
285035, 3438
293880, 3438
89706, 3414
127237, 3414
142020, 3414
158414, 3414
162358, 3414
173868, 3414
176249, 3414
188574, 3414
199386, 3414
209158, 3414
216593, 3414
234331, 3414
236734, 3414
237985, 3414
242525, 3414
283698, 3414
284795, 3414
284930, 3414
285845, 3414
286814, 3414
290745, 3414
194817, 3410
118071, 3384
136621, 3384
141159, 3384
147898, 3384
151690, 3384
167599, 3384
168348, 3384
180083, 3384
215701, 3384
222602, 3384
227245, 3384
239118, 3384
243898, 3384
260633, 3384
277303, 3384
169483, 3381
170686, 3381
231837, 3381
232320, 3381
244651, 3381
259637, 3381
268007, 3381
277203, 3381
201907, 3378
283370, 3378
114228, 3363
136313, 3363
246996, 3363
141930, 3351
267743, 3351
286375, 3351
136720, 3349
174539, 3349
148332, 3313
164301, 3313
189623, 3313
199439, 3313
244454, 3313
274313, 3291
196618, 3273
206147, 3273
290116, 3273
285, 3246
2594, 3246
52554, 3246
52679, 3246
54331, 3246
61708, 3246
65648, 3246
79592, 3246
82820, 3246
88131, 3246
90141, 3246
90664, 3246
93322, 3246
94685, 3246
99742, 3246
99895, 3246
100222, 3246
100871, 3246
102890, 3246
107250, 3246
112498, 3246
115137, 3246
116090, 3246
116549, 3246
124757, 3246
129820, 3246
135158, 3246
137743, 3246
138639, 3246
139058, 3246
142387, 3246
143756, 3246
147768, 3246
150385, 3246
151726, 3246
160660, 3246
161309, 3246
161452, 3246
161474, 3246
163475, 3246
165165, 3246
169029, 3246
170248, 3246
171418, 3246
173656, 3246
174981, 3246
178197, 3246
179236, 3246
185695, 3246
186937, 3246
189483, 3246
189775, 3246
190135, 3246
193245, 3246
194871, 3246
194906, 3246
196220, 3246
203707, 3246
205484, 3246
208967, 3246
211507, 3246
213756, 3246
217417, 3246
217501, 3246
220598, 3246
220806, 3246
221906, 3246
222939, 3246
223374, 3246
226880, 3246
229252, 3246
234319, 3246
237557, 3246
237637, 3246
238721, 3246
238920, 3246
247897, 3246
258921, 3246
262434, 3246
265440, 3246
265566, 3246
273728, 3246
282290, 3246
283228, 3246
291220, 3246
55396, 3243
210733, 3243
214748, 3243
249308, 3243
263799, 3243
271075, 3224
122115, 3212
79894, 3204
52454, 3203
71655, 3203
106467, 3203
134715, 3203
142056, 3203
159593, 3203
162674, 3203
190159, 3203
199922, 3203
221645, 3203
230947, 3203
233722, 3203
244265, 3203
256317, 3203
278884, 3203
289737, 3203
113482, 3197
125722, 3197
145681, 3197
146998, 3197
148412, 3197
150898, 3197
201736, 3197
208681, 3197
230198, 3197
235784, 3197
255816, 3197
261909, 3197
265724, 3197
266635, 3197
292893, 3197
294310, 3197
6169, 3134
161139, 3123
284488, 3123
202589, 3104
205810, 3104
208109, 3104
120043, 3076
124629, 3076
200990, 3076
202686, 3076
208741, 3076
222272, 3076
255803, 3076
282542, 3076
283691, 3076
99909, 3025
136417, 3023
186522, 3023
266775, 3023
149635, 2987
168065, 2987
256583, 2987
286974, 2973
176855, 2954
96495, 2943
114434, 2943
137703, 2943
178330, 2943
278493, 2943
281477, 2943
238030, 2936
4513, 2935
53408, 2925
84980, 2925
112437, 2925
19374, 2903
62246, 2899
64263, 2899
139494, 2899
220736, 2899
257814, 2899
261278, 2899
275436, 2876
148381, 2842
195505, 2842
194797, 2834
227613, 2834
242578, 2824
188623, 2793
198341, 2753
100944, 2724
133119, 2724
135269, 2724
158349, 2724
166905, 2724
196483, 2724
200412, 2724
219151, 2724
251640, 2702
288337, 2701
294421, 2657
181272, 2646
217868, 2646
81306, 2626
264714, 2581
284176, 2581
286791, 2581
291515, 2581
123048, 2573
206087, 2573
211006, 2573
230596, 2573
86895, 2545
89137, 2545
228105, 2545
252489, 2545
233522, 2542
150033, 2497
211661, 2475
234714, 2475
285500, 2475
206773, 2471
233887, 2471
659, 2402
714, 2402
3265, 2402
78023, 2402
78081, 2402
122922, 2402
146978, 2402
212473, 2402
640, 2396
991, 2396
10192, 2396
130139, 2396
145495, 2396
158737, 2396
172977, 2396
198107, 2396
198858, 2396
200783, 2396
206307, 2396
206910, 2396
210688, 2396
212878, 2396
214629, 2396
215307, 2396
216279, 2396
218952, 2396
222029, 2396
224479, 2396
225383, 2396
229467, 2396
230812, 2396
236719, 2396
237154, 2396
239441, 2396
244445, 2396
245677, 2396
251714, 2396
255258, 2396
256144, 2396
261717, 2396
269660, 2396
273152, 2396
273734, 2396
277059, 2396
279182, 2396
280318, 2396
286516, 2396
292242, 2396
296366, 2396
185224, 2376
259321, 2376
278406, 2376
278498, 2376
289456, 2376
13378, 2351
34359, 2351
120517, 2324
213814, 2324
282796, 2324
145411, 2320
118207, 2316
135163, 2316
175637, 2316
287978, 2316
288835, 2316
159493, 2279
177037, 2279
220159, 2269
30934, 2264
96084, 2257
168261, 2257
196044, 2257
65077, 2246
290213, 2225
225463, 2214
225693, 2214
278120, 2214
279819, 2198
54563, 2190
163292, 2171
228058, 2171
28, 2154
247029, 2143
43822, 2136
44813, 2136
36791, 2133
39657, 2133
39913, 2133
40266, 2133
44018, 2133
46001, 2133
22262, 2126
23854, 2126
20243, 2121
20487, 2121
26353, 2121
28169, 2121
42237, 2120
16184, 2117
19709, 2117
23000, 2117
23058, 2117
24380, 2117
25988, 2117
27901, 2117
28338, 2117
198354, 2114
28619, 2094
39793, 2094
40551, 2094
41955, 2094
42422, 2094
42998, 2094
44884, 2094
45256, 2094
211297, 2086
21130, 2072
252569, 2070
22471, 2065
46207, 2063
57202, 2063
57368, 2063
59745, 2063
130376, 2061
130661, 2061
170123, 2061
140255, 2060
152900, 2060
201794, 2060
796, 2047
222395, 2033
45489, 2003
47179, 2003
48135, 2003
51176, 2003
51219, 2003
51486, 2003
52104, 2003
56087, 2003
60026, 2003
61122, 2003
62338, 2003
62507, 2003
65339, 2003
69278, 2003
74252, 2003
74834, 2003
180149, 2002
101219, 2001
183370, 2001
232516, 2001
148012, 1992
189205, 1981
197251, 1981
116677, 1973
23691, 1946
51842, 1946
51923, 1946
60534, 1946
57217, 1940
66487, 1940
73322, 1940
62644, 1939
70928, 1939
166456, 1936
67948, 1933
63985, 1930
67040, 1930
68913, 1930
69839, 1930
73281, 1930
82240, 1930
32479, 1923
39298, 1923
43488, 1923
51499, 1923
54568, 1923
55753, 1923
56561, 1923
57567, 1923
59795, 1923
61943, 1923
63525, 1923
64267, 1923
64892, 1923
65577, 1923
67544, 1923
71461, 1923
81290, 1923
46423, 1906
48560, 1906
49084, 1906
50489, 1906
54343, 1906
55546, 1906
56236, 1906
56738, 1906
57385, 1906
58489, 1906
59618, 1906
59926, 1906
60370, 1906
60680, 1906
61187, 1906
62139, 1906
62193, 1906
62300, 1906
63133, 1906
63504, 1906
64657, 1906
64861, 1906
65174, 1906
66267, 1906
66378, 1906
66864, 1906
68952, 1906
70045, 1906
70349, 1906
71686, 1906
72838, 1906
72977, 1906
73829, 1906
75370, 1906
32752, 1902
38882, 1902
39165, 1902
40510, 1902
41448, 1902
41819, 1902
41979, 1902
43986, 1902
45036, 1902
45202, 1902
45298, 1902
45303, 1902
46148, 1902
47938, 1902
48407, 1902
26681, 1900
38228, 1900
38818, 1900
40831, 1900
41960, 1900
43254, 1900
43872, 1900
44293, 1900
45072, 1900
45251, 1900
46054, 1900
47306, 1900
47462, 1900
47866, 1900
47914, 1900
48035, 1900
48120, 1900
48580, 1900
49707, 1900
49908, 1900
50976, 1900
51941, 1900
52212, 1900
52376, 1900
52692, 1900
52913, 1900
53252, 1900
54588, 1900
54599, 1900
55289, 1900
56746, 1900
56888, 1900
58343, 1900
58886, 1900
60339, 1900
60824, 1900
62646, 1900
62727, 1900
63372, 1900
63449, 1900
66111, 1900
104688, 1900
107162, 1900
159434, 1900
187864, 1900
269264, 1900
269680, 1900
289342, 1900
250245, 1898
39317, 1894
18299, 1889
58826, 1889
39985, 1887
42948, 1887
43806, 1887
44215, 1887
44309, 1887
45938, 1887
46280, 1887
46902, 1887
47067, 1887
47367, 1887
47425, 1887
47547, 1887
47798, 1887
49950, 1887
51198, 1887
51342, 1887
53534, 1887
54071, 1887
54095, 1887
54554, 1887
55264, 1887
55402, 1887
55438, 1887
55623, 1887
60867, 1887
60907, 1887
64985, 1887
124782, 1866
130107, 1866
167355, 1866
287751, 1866
169569, 1859
28157, 1856
39325, 1856
40321, 1856
40549, 1856
41962, 1856
42321, 1856
48282, 1856
49703, 1856
71088, 1856
246518, 1854
249736, 1854
186345, 1851
4066, 1846
191817, 1846
202144, 1846
245459, 1846
272875, 1846
268279, 1844
113241, 1841
280856, 1836
34211, 1833
249746, 1824
32246, 1800
32964, 1800
33209, 1800
36123, 1800
38354, 1800
39797, 1800
40130, 1800
41060, 1800
41414, 1800
43395, 1800
45013, 1800
184543, 1795
206675, 1795
24657, 1783
32161, 1783
27609, 1779
28428, 1779
210290, 1776
234152, 1776
210817, 1768
47828, 1765
73602, 1764
34077, 1763
36634, 1763
37667, 1763
39877, 1763
48706, 1763
49076, 1763
50166, 1763
51172, 1763
51951, 1763
52571, 1763
54422, 1763
27197, 1751
27966, 1736
94137, 1706
11102, 1703
69455, 1703
73266, 1703
88002, 1703
91125, 1703
98323, 1703
98924, 1703
100046, 1703
104014, 1703
105668, 1703
111260, 1703
114402, 1703
124966, 1703
125244, 1703
49295, 1691
50591, 1691
37131, 1688
39796, 1688
39858, 1688
45906, 1688
58409, 1685
222590, 1671
110450, 1669
147825, 1662
32158, 1661
34786, 1661
35381, 1661
37642, 1661
38246, 1661
38717, 1661
39925, 1661
83279, 1631
30793, 1601
31582, 1601
33910, 1601
35349, 1601
37260, 1601
37387, 1601
37836, 1601
38216, 1601
38934, 1601
39633, 1601
40722, 1601
40732, 1601
42292, 1601
47030, 1601
48097, 1601
34550, 1597
39824, 1597
41039, 1597
41201, 1597
41474, 1597
41973, 1597
43032, 1597
43036, 1597
44088, 1597
46078, 1597
46850, 1597
47659, 1597
35474, 1566
40078, 1566
41089, 1566
41151, 1566
42013, 1566
42865, 1566
43686, 1566
45113, 1566
38195, 1554
38805, 1554
39161, 1554
39341, 1554
42600, 1554
33860, 1553
34053, 1553
2893, 1548
256108, 1542
38490, 1529
40042, 1529
42388, 1529
51414, 1524
37860, 1512
41376, 1512
46632, 1512
33176, 1471
42910, 1471
44439, 1471
46718, 1471
128967, 1459
166984, 1459
32642, 1457
33231, 1457
38902, 1457
41224, 1457
42731, 1457
45535, 1457
45574, 1457
45991, 1457
46302, 1457
46387, 1457
46943, 1457
50394, 1457
217377, 1457
272271, 1453
31691, 1446
31768, 1446
34256, 1446
36205, 1446
37249, 1446
37578, 1446
38742, 1446
40765, 1446
40845, 1446
40938, 1446
42473, 1446
42529, 1446
42961, 1446
44203, 1446
44636, 1446
46074, 1446
46750, 1446
35875, 1437
35932, 1437
36562, 1437
36729, 1437
37809, 1437
38984, 1437
40434, 1437
40694, 1437
40884, 1437
41127, 1437
41840, 1437
48791, 1437
125915, 1433
39845, 1420
44022, 1420
46913, 1420
47149, 1420
43673, 1414
174121, 1404
3010, 1397
81151, 1392
294214, 1392
32398, 1365
42194, 1365
42271, 1365
37171, 1342
38131, 1342
2773, 1333
34473, 1333
36375, 1321
37319, 1321
37644, 1321
38830, 1321
39107, 1321
33815, 1315
34375, 1315
34631, 1315
35065, 1315
35201, 1315
35660, 1315
36128, 1315
41050, 1315
41133, 1315
42445, 1315
32551, 1311
36763, 1311
37698, 1311
37950, 1311
38502, 1311
39182, 1311
235670, 1300
39406, 1298
33439, 1283
36209, 1283
37053, 1283
37071, 1283
37358, 1283
37796, 1283
38936, 1283
38995, 1283
40173, 1283
40789, 1283
41507, 1283
42298, 1283
42869, 1283
42943, 1283
30718, 1280
25851, 1273
35228, 1273
38075, 1273
38471, 1273
41425, 1273
27957, 1270
29547, 1270
30289, 1270
36345, 1266
38525, 1266
39300, 1266
40918, 1266
41825, 1266
31026, 1263
33692, 1263
34779, 1263
35688, 1263
35912, 1263
39776, 1263
20777, 1250
34111, 1250
39234, 1250
40349, 1250
40515, 1250
41792, 1250
42035, 1250
42772, 1250
34533, 1247
35240, 1247
35258, 1247
36176, 1247
37892, 1247
38143, 1247
40500, 1247
41311, 1247
41588, 1247
43819, 1247
27645, 1245
37533, 1245
38364, 1245
38835, 1245
39258, 1245
40234, 1245
41138, 1245
25494, 1237
28155, 1237
28422, 1237
28762, 1237
28882, 1237
26752, 1236
17845, 1220
30676, 1219
34441, 1219
34774, 1219
36927, 1219
37437, 1219
37972, 1219
38193, 1219
25934, 1210
26820, 1210
26905, 1210
27319, 1210
28979, 1210
29251, 1210
32030, 1210
9843, 1207
131242, 1190
142915, 1190
229373, 1183
31927, 1176
33559, 1176
289723, 1160
23509, 1154
28573, 1154
29178, 1154
31402, 1154
25563, 1143
35652, 1143
36550, 1143
37472, 1143
23958, 1139
27919, 1139
140823, 1125
29828, 1106
33358, 1106
35384, 1106
36872, 1106
29160, 1087
29480, 1087
31331, 1087
31357, 1087
23827, 1083
23887, 1075
25802, 1075
28877, 1049
29322, 1049
30007, 1049
35116, 1047
36994, 1047
28799, 1042
125300, 1041
33127, 1040
27338, 1024
221574, 1014
38513, 1001
39143, 1001
