1417, 128352
1446, 128352
1481, 128352
1755, 128352
2357, 128352
2457, 128352
3890, 128352
3913, 128352
4537, 128352
4785, 128352
5453, 128352
7215, 128352
7875, 128352
8288, 128352
11333, 128352
12429, 128352
13446, 128352
13923, 128352
14738, 128352
16687, 128352
16851, 128352
17326, 128352
17469, 128352
17535, 128352
18059, 128352
18566, 128352
18650, 128352
19458, 128352
20108, 128352
20131, 128352
20617, 128352
20875, 128352
22338, 128352
24592, 128352
25772, 128352
25957, 128352
26599, 128352
26768, 128352
28083, 128352
28300, 128352
29927, 128352
29974, 128352
32335, 128352
32521, 128352
32585, 128352
37135, 128352
37392, 128352
37898, 128352
39907, 128352
40401, 128352
40671, 128352
40932, 128352
45351, 128352
49211, 128352
50451, 128352
61007, 128352
68448, 128352
68620, 128352
70886, 128352
72081, 128352
72099, 128352
72911, 128352
76974, 128352
80665, 128352
83059, 128352
84372, 128352
84944, 128352
86522, 128352
90185, 128352
93086, 128352
93295, 128352
106278, 128352
111074, 128352
113051, 128352
117541, 128352
119770, 128352
122691, 128352
123886, 128352
136829, 128352
138772, 128352
141116, 128352
144612, 128352
148728, 128352
154887, 128352
159085, 128352
162167, 128352
169176, 128352
178658, 128352
196683, 128352
210598, 128352
211135, 128352
233678, 128352
253247, 128352
256736, 128352
269002, 128352
284053, 128352
287139, 128352
290156, 128352
4367, 124104
41020, 124104
58702, 124104
63224, 124104
69930, 124104
72288, 124104
83569, 124104
142485, 124104
154110, 124104
188500, 124104
89377, 123507
211852, 123507
230125, 123507
247989, 123507
248358, 123507
256532, 123507
24171, 122690
54376, 122690
277688, 121960
170150, 120834
224446, 120834
238120, 120834
246245, 120834
266965, 120834
5611, 119576
2593, 119497
3866, 119497
6497, 119497
6975, 119497
20378, 119497
25719, 119497
30085, 119497
44283, 119497
183488, 119497
238223, 119497
190802, 101727
192307, 97095
294482, 97095
23028, 16922
271580, 16922
75137, 16480
112164, 16480
128841, 16480
150438, 16480
192322, 16480
214567, 16480
232734, 16341
207214, 16123
69347, 16068
191319, 16068
50443, 15983
60043, 15983
61541, 15983
247686, 15983
257802, 15983
74893, 15978
80971, 15978
92059, 15978
95104, 15978
100194, 15978
106414, 15978
109860, 15978
133222, 15978
136721, 15978
136934, 15978
137216, 15978
140610, 15978
141420, 15978
142225, 15978
142728, 15978
150593, 15978
152524, 15978
152553, 15978
153652, 15978
156020, 15978
159354, 15978
163941, 15978
167558, 15978
171394, 15978
172733, 15978
177722, 15978
185185, 15978
187944, 15978
195678, 15978
202929, 15978
203359, 15978
215985, 15978
225022, 15978
226129, 15978
231715, 15978
233328, 15978
239651, 15978
241436, 15978
248064, 15978
249064, 15978
252763, 15978
255183, 15978
259664, 15978
261502, 15978
262280, 15978
263677, 15978
272325, 15978
275050, 15978
277897, 15978
279052, 15978
289508, 15978
291818, 15978
293101, 15978
77551, 15920
96394, 15920
194337, 15920
197870, 15920
202600, 15920
231799, 15920
244625, 15920
295873, 15920
103436, 15333
112352, 15333
128051, 15333
138912, 15333
172245, 15333
178914, 15333
206425, 15333
210138, 15333
225738, 15333
293264, 15333
213004, 14006
272736, 14006
250780, 13754
269190, 12339
240582, 9372
26280, 9335
38798, 9335
95823, 9335
99188, 9335
141203, 9335
148757, 9335
149941, 9335
163648, 9335
243017, 9335
260774, 9335
267608, 9335
287069, 9335
21577, 9328
40478, 9328
42310, 9328
42810, 9328
60039, 9328
60073, 9328
63003, 9328
85249, 9328
85464, 9328
89819, 9328
91022, 9328
95160, 9328
98216, 9328
98440, 9328
100706, 9328
120066, 9328
126157, 9328
128994, 9328
132110, 9328
135243, 9328
171279, 9328
179641, 9328
206242, 9328
213936, 9328
217885, 9327
232073, 9327
4721, 9291
10585, 9291
24502, 9291
59637, 9291
62563, 9291
113106, 9291
115698, 9291
151065, 9291
218435, 9291
257172, 9291
70622, 9151
76418, 9151
88356, 9151
89648, 9151
108531, 9151
111725, 9151
127975, 9151
128948, 9151
133516, 9151
134450, 9151
137292, 9151
171729, 9151
206507, 9151
230953, 9151
235137, 9151
261051, 9151
262866, 9151
266215, 9151
267342, 9151
173709, 9143
19457, 9090
36299, 9090
81631, 9090
97649, 9090
119277, 9090
122963, 9090
124195, 9090
138923, 9090
149257, 9090
159583, 9090
198956, 9090
249852, 9090
276945, 9090
88785, 8942
254274, 8942
59852, 8914
98561, 8914
151815, 8914
161236, 8914
163541, 8914
190539, 8914
211151, 8914
216654, 8914
120846, 8783
158286, 8783
71964, 8682
114287, 8682
241141, 8682
16282, 8597
10479, 8473
95656, 8473
214357, 8473
264766, 8473
63707, 8471
290578, 8471
24055, 8448
34316, 8448
37253, 8448
46347, 8448
48613, 8448
72461, 8448
86374, 8448
87442, 8448
149734, 8448
140014, 8430
31520, 8427
38343, 8427
107068, 8427
63242, 8315
214718, 8315
235156, 8315
284924, 8315
105907, 8281
124344, 8281
8756, 8269
67413, 8269
145290, 8269
151948, 8269
33320, 8122
65137, 8122
112790, 8122
108030, 8120
88901, 7812
122664, 7812
122977, 7812
77052, 7769
134318, 7769
180080, 7769
185105, 7769
15361, 7760
33219, 7752
30107, 7683
154671, 7683
65690, 7662
67512, 7662
11311, 7610
192901, 7554
231796, 7554
29132, 7540
74413, 7540
71793, 7529
132188, 7529
282526, 7526
209605, 7409
219421, 7347
275832, 7193
94196, 7176
84304, 6827
123233, 6827
155531, 6827
176582, 6827
260645, 6827
204997, 6822
239922, 6822
266986, 6822
128826, 6672
190253, 6672
16444, 6649
31478, 6649
35215, 6649
65559, 6607
157109, 6577
6567, 6554
33378, 6535
196488, 6513
39276, 6485
276179, 6464
49851, 6430
257067, 6310
94403, 6245
155092, 6230
57771, 6205
87784, 6205
95860, 6205
226506, 6205
249244, 6205
291159, 6052
187889, 6050
291585, 6050
286480, 5892
249163, 5878
132633, 5860
86601, 5854
127754, 5822
218232, 5822
258780, 5822
295503, 5822
72949, 5744
81254, 5744
82733, 5744
87939, 5744
99173, 5744
100941, 5744
130978, 5744
156303, 5744
156358, 5744
219883, 5744
249646, 5744
266515, 5744
270507, 5744
278903, 5744
15208, 5737
39747, 5737
185913, 5732
94008, 5664
52296, 5639
102017, 5545
44449, 5503
34988, 5422
96462, 5422
282672, 5417
11374, 5157
7462, 5125
14132, 5091
35195, 5091
21095, 5066
201379, 5026
71740, 5012
112847, 5012
166365, 5011
91491, 4999
123219, 4999
102581, 4984
259774, 4967
254890, 4949
36693, 4945
80112, 4928
155074, 4880
250522, 4880
256728, 4880
268779, 4880
293042, 4880
125670, 4859
180853, 4848
256206, 4848
195006, 4838
199823, 4838
219043, 4838
272866, 4838
240719, 4817
53148, 4809
288020, 4803
246230, 4789
170846, 4787
21154, 4769
137892, 4769
107636, 4764
46737, 4762
2776, 4758
3485, 4758
35272, 4758
131778, 4758
200954, 4756
226866, 4756
174458, 4741
24937, 4736
31685, 4736
62351, 4736
256831, 4733
112978, 4732
85929, 4727
126473, 4720
200675, 4698
4967, 4693
274785, 4689
153264, 4680
83024, 4677
101126, 4677
122815, 4677
153278, 4676
262215, 4666
99025, 4662
163364, 4650
100195, 4639
244628, 4627
171701, 4625
1283, 4622
55161, 4619
115867, 4609
148204, 4609
68439, 4596
23988, 4583
34948, 4583
61881, 4569
54712, 4565
193071, 4543
163714, 4533
195618, 4522
36212, 4511
244918, 4511
295110, 4508
152285, 4497
247714, 4496
82602, 4492
202906, 4492
240329, 4473
179089, 4442
286043, 4442
142955, 4440
151784, 4440
192329, 4440
77571, 4435
89248, 4435
103177, 4431
185064, 4431
213090, 4431
282298, 4431
293329, 4431
38115, 4426
159167, 4413
17345, 4400
52667, 4394
219950, 4394
203750, 4376
282059, 4376
52515, 4360
125986, 4344
241841, 4320
101808, 4301
105833, 4301
119115, 4301
171722, 4301
179414, 4301
181300, 4301
198823, 4301
236765, 4298
165101, 4271
10857, 4268
121489, 4268
71445, 4223
5470, 4208
9126, 4166
68665, 4138
265962, 4138
62556, 4121
21123, 4088
291066, 4066
135377, 4029
3764, 4007
156219, 4006
38347, 3995
254113, 3994
199565, 3992
125710, 3972
20832, 3968
252958, 3956
16100, 3949
21672, 3949
47501, 3949
20508, 3946
7860, 3943
16346, 3940
61824, 3936
95579, 3936
177119, 3936
279753, 3936
59171, 3931
74617, 3931
26863, 3930
36435, 3905
14870, 3904
69667, 3902
78083, 3902
260805, 3893
287895, 3893
84332, 3872
14264, 3845
19254, 3845
227854, 3839
16834, 3806
249113, 3805
42752, 3802
33900, 3797
27710, 3782
273889, 3772
32831, 3708
123467, 3702
171871, 3675
17823, 3671
27892, 3663
28686, 3663
77130, 3663
6559, 3659
23959, 3649
71046, 3627
74809, 3627
156096, 3627
217196, 3627
230359, 3627
262802, 3627
270086, 3627
31169, 3626
112737, 3626
197480, 3626
250509, 3626
273978, 3626
90295, 3600
100054, 3600
101349, 3600
124398, 3600
184468, 3600
230318, 3600
8667, 3592
9911, 3592
13099, 3592
14720, 3592
27002, 3592
27397, 3592
31715, 3592
38004, 3592
41715, 3592
44089, 3592
51249, 3592
82237, 3592
107060, 3592
135603, 3583
155081, 3583
16015, 3573
53688, 3572
62467, 3571
264398, 3559
284667, 3558
6713, 3538
14923, 3538
72224, 3538
72307, 3538
77955, 3538
87089, 3538
97607, 3538
104041, 3538
108574, 3538
109114, 3538
124955, 3538
125432, 3538
126556, 3538
130178, 3538
138460, 3538
141321, 3538
141515, 3538
142594, 3538
143883, 3538
148935, 3538
157971, 3538
165727, 3538
169835, 3538
170948, 3538
174340, 3538
178883, 3538
181734, 3538
183058, 3538
185808, 3538
202413, 3538
204111, 3538
204382, 3538
214449, 3538
216260, 3538
219096, 3538
221041, 3538
221550, 3538
225039, 3538
227066, 3538
231644, 3538
232523, 3538
232668, 3538
236047, 3538
238729, 3538
249993, 3538
257329, 3538
258201, 3538
259818, 3538
276883, 3538
280355, 3538
281241, 3538
282820, 3538
293789, 3538
140427, 3536
164434, 3535
48308, 3531
1615, 3511
79168, 3511
209058, 3511
220493, 3511
97477, 3508
110303, 3508
141964, 3506
33624, 3495
113304, 3468
30072, 3456
15709, 3449
20380, 3444
21392, 3444
146824, 3429
1666, 3425
30577, 3425
42360, 3425
84458, 3425
143400, 3422
147064, 3422
164243, 3422
184790, 3422
187749, 3422
253039, 3422
25907, 3418
30759, 3394
76518, 3394
142267, 3394
25413, 3388
218546, 3388
243526, 3388
263100, 3388
265477, 3388
51615, 3385
56433, 3385
66328, 3385
73504, 3385
76304, 3385
81332, 3385
93217, 3385
93949, 3385
98311, 3385
142745, 3385
154926, 3385
192065, 3385
222688, 3385
276989, 3385
287059, 3385
291561, 3385
284127, 3383
206379, 3380
4268, 3377
43259, 3370
7693, 3367
287039, 3361
20728, 3347
46810, 3345
64914, 3345
212153, 3339
244404, 3339
254031, 3339
214071, 3337
253706, 3337
179394, 3335
26882, 3318
42669, 3318
192360, 3318
26929, 3316
7055, 3307
25340, 3307
37080, 3307
171388, 3307
198281, 3307
229409, 3307
241207, 3307
267801, 3307
275216, 3307
239751, 3300
142189, 3294
41064, 3290
99483, 3280
164306, 3280
212962, 3280
229742, 3280
258050, 3280
262140, 3280
23494, 3276
47675, 3276
79620, 3276
99970, 3276
185534, 3276
195286, 3276
277034, 3276
7024, 3258
216036, 3258
230896, 3256
212626, 3253
9280, 3251
7595, 3244
109346, 3244
278901, 3244
223685, 3243
68555, 3241
86123, 3240
55895, 3239
76421, 3239
290248, 3238
152000, 3221
272021, 3208
287583, 3208
104664, 3206
217486, 3206
246094, 3206
92519, 3203
213531, 3203
242059, 3193
32034, 3182
30799, 3181
120232, 3181
265306, 3181
87921, 3164
276655, 3163
242745, 3159
260069, 3159
217135, 3157
70712, 3155
7063, 3149
12587, 3146
212274, 3142
118293, 3132
114351, 3118
143169, 3118
181970, 3104
56161, 3103
144682, 3102
142272, 3098
142065, 3095
153643, 3081
3953, 3078
143020, 3078
42359, 3075
7551, 3056
108039, 3056
5553, 3052
9592, 3052
9672, 3052
12984, 3052
23450, 3052
25692, 3052
29164, 3052
32832, 3052
33802, 3052
40080, 3052
40623, 3052
43878, 3052
58220, 3052
58430, 3052
66712, 3052
72984, 3052
74696, 3052
76162, 3052
80075, 3052
83945, 3052
94172, 3052
94540, 3052
105767, 3052
116191, 3052
120807, 3052
120815, 3052
146455, 3052
182057, 3052
197696, 3052
227291, 3052
232489, 3052
272518, 3052
279842, 3052
278759, 3037
92396, 3003
150329, 3000
204890, 2996
213129, 2988
9778, 2975
170292, 2950
253743, 2945
267432, 2945
7203, 2933
13720, 2933
26509, 2933
31040, 2933
33809, 2933
46704, 2933
46784, 2933
46993, 2933
57977, 2933
111787, 2933
160268, 2933
176133, 2933
234992, 2933
238236, 2933
238644, 2933
281540, 2933
215484, 2931
253011, 2931
76198, 2924
103276, 2924
135486, 2924
147509, 2924
160585, 2924
33931, 2920
231220, 2912
203088, 2907
28781, 2903
209322, 2902
167513, 2890
31, 2889
27543, 2882
140600, 2859
162895, 2828
78499, 2821
172906, 2820
33789, 2798
53140, 2798
156478, 2794
98400, 2785
133914, 2785
62671, 2760
4944, 2742
23618, 2742
125205, 2740
23828, 2737
114770, 2737
188143, 2736
148483, 2732
1241, 2727
84851, 2720
252926, 2716
100328, 2713
122566, 2711
242340, 2711
92949, 2708
117010, 2708
119507, 2708
13952, 2707
75357, 2706
284951, 2698
133271, 2695
40900, 2692
89268, 2691
262277, 2691
130148, 2677
23937, 2673
166534, 2666
282438, 2650
196321, 2648
261572, 2647
129338, 2644
247605, 2638
79797, 2636
39514, 2620
119945, 2618
109828, 2617
16889, 2600
235209, 2597
154397, 2587
200922, 2587
129442, 2580
139234, 2567
56734, 2563
85394, 2563
261609, 2563
45130, 2554
96045, 2549
54353, 2546
15349, 2540
69599, 2532
154608, 2532
65905, 2526
187671, 2521
24011, 2511
10991, 2505
97603, 2488
32813, 2486
188127, 2480
6019, 2467
149448, 2461
16926, 2456
7655, 2447
35641, 2440
113332, 2439
17677, 2429
295991, 2426
36030, 2424
177356, 2424
183400, 2424
24483, 2410
196424, 2401
92909, 2396
176300, 2386
194198, 2384
242121, 2384
103103, 2378
117508, 2378
186598, 2378
213287, 2378
84436, 2375
182162, 2375
38861, 2374
55692, 2374
24631, 2371
286509, 2366
219605, 2361
87899, 2353
127176, 2353
265004, 2353
138984, 2342
84, 2339
122, 2339
124, 2339
140, 2339
146, 2339
218, 2339
43138, 2339
43457, 2339
43975, 2339
51837, 2339
54559, 2339
57249, 2339
73436, 2339
41958, 2337
157944, 2337
268130, 2332
24258, 2329
111207, 2327
139, 2315
143, 2315
123681, 2312
131478, 2312
143864, 2312
186750, 2312
255752, 2312
257499, 2312
261801, 2312
18150, 2304
36669, 2302
167649, 2301
39151, 2297
85006, 2297
240647, 2279
88284, 2272
291021, 2268
45167, 2263
225074, 2263
258034, 2263
104, 2260
117, 2260
168, 2260
223, 2260
1680, 2260
136407, 2260
42042, 2258
57297, 2242
238658, 2242
12484, 2240
36690, 2240
54699, 2225
124765, 2216
287527, 2200
6275, 2198
8444, 2198
15680, 2198
18668, 2198
24856, 2198
39966, 2198
47940, 2198
50301, 2198
64248, 2198
76399, 2198
82663, 2198
98778, 2198
145953, 2198
59925, 2192
64241, 2179
215270, 2179
287228, 2179
36941, 2176
272834, 2161
45267, 2158
108578, 2158
160186, 2155
251560, 2154
283804, 2154
288269, 2147
262, 2140
57327, 2138
98150, 2138
101797, 2138
249399, 2138
268533, 2138
123243, 2137
160895, 2137
3435, 2136
21089, 2134
205464, 2132
20480, 2129
284093, 2129
12963, 2127
60303, 2124
174124, 2122
170298, 2117
67541, 2115
203423, 2115
79201, 2106
106544, 2106
111244, 2106
111614, 2106
132393, 2106
143984, 2106
144047, 2106
162516, 2106
270730, 2104
295775, 2103
7791, 2102
81751, 2101
186730, 2100
105184, 2099
238881, 2088
66018, 2085
6851, 2081
56911, 2081
211537, 2080
244067, 2079
249372, 2079
255247, 2074
124315, 2068
181288, 2068
197009, 2068
276593, 2068
167035, 2066
29531, 2063
68141, 2063
68315, 2063
110325, 2063
40675, 2062
228314, 2062
33061, 2061
43623, 2061
268176, 2061
127897, 2060
76467, 2059
83104, 2059
97562, 2059
126985, 2059
159698, 2059
171127, 2059
195049, 2059
204221, 2059
281798, 2059
282810, 2059
292367, 2059
148005, 2055
154259, 2055
260976, 2055
39900, 2051
12924, 2049
21797, 2049
23997, 2049
27942, 2049
66605, 2049
80139, 2049
112264, 2049
127801, 2049
150966, 2049
169042, 2049
65999, 2047
135926, 2046
6257, 2042
221627, 2041
238062, 2035
43480, 2031
258545, 2029
54400, 2028
78754, 2028
184876, 2027
230364, 2027
276596, 2027
109644, 2023
33632, 2022
43028, 2020
114495, 2020
129233, 2020
271544, 2020
12111, 2019
75491, 2018
261187, 2018
278983, 2018
287211, 2018
10807, 2016
7899, 2012
281056, 2009
142600, 2006
145679, 2004
245184, 2001
293403, 2000
45185, 1999
180324, 1999
47587, 1998
76001, 1998
294818, 1998
42370, 1997
78463, 1997
156955, 1997
207659, 1997
228010, 1997
245725, 1997
255489, 1997
256365, 1997
282359, 1997
38334, 1996
82281, 1996
109563, 1996
143475, 1996
180600, 1996
211348, 1996
251799, 1996
288683, 1996
223779, 1993
248365, 1993
31350, 1992
50896, 1992
51184, 1992
56049, 1992
90986, 1992
186299, 1992
238194, 1992
253248, 1992
263299, 1992
223912, 1987
28296, 1985
103798, 1985
116704, 1985
256321, 1985
24804, 1984
161125, 1983
21656, 1982
49756, 1982
67203, 1982
68237, 1982
77747, 1982
92332, 1982
94520, 1982
110570, 1982
136976, 1982
167079, 1982
188758, 1982
192549, 1982
193749, 1982
195303, 1982
204249, 1982
208975, 1982
228706, 1982
216295, 1981
55628, 1980
83600, 1980
109176, 1980
152362, 1980
114236, 1979
58574, 1978
57025, 1976
66407, 1976
70005, 1976
73655, 1976
81298, 1976
103292, 1976
104005, 1976
104854, 1976
139796, 1976
191687, 1976
193267, 1976
237195, 1976
273210, 1976
65965, 1975
295839, 1975
190645, 1966
59949, 1963
54768, 1962
108389, 1961
150767, 1961
167006, 1961
199514, 1961
249814, 1961
10699, 1959
197105, 1959
21637, 1956
31832, 1956
199830, 1956
17379, 1954
50011, 1954
95300, 1954
6404, 1941
140158, 1941
181619, 1941
270487, 1941
276866, 1941
292565, 1941
65422, 1937
84535, 1937
117984, 1937
128728, 1937
133272, 1937
294970, 1937
33000, 1932
46208, 1932
75366, 1932
109252, 1932
238336, 1932
90959, 1931
244088, 1926
46305, 1922
166844, 1915
184747, 1915
188528, 1915
201918, 1915
254567, 1915
68469, 1910
139997, 1910
109905, 1908
58545, 1907
101946, 1905
172283, 1905
218921, 1905
268403, 1905
66249, 1903
289237, 1903
36864, 1902
47027, 1902
64204, 1902
65653, 1902
192349, 1902
206040, 1902
273284, 1902
164432, 1898
203107, 1898
111764, 1897
155540, 1897
252953, 1897
7897, 1895
45285, 1894
97837, 1890
14265, 1887
105858, 1887
259578, 1887
273440, 1887
91764, 1884
224697, 1884
36283, 1883
56933, 1883
82580, 1883
70481, 1882
31334, 1880
295180, 1880
1129, 1872
40362, 1868
229015, 1868
236065, 1868
33604, 1864
123728, 1864
151556, 1864
262597, 1864
22689, 1863
64395, 1861
80067, 1861
90464, 1861
137394, 1861
276405, 1861
14083, 1857
38414, 1857
103208, 1857
141491, 1853
25397, 1851
54467, 1851
125374, 1851
161390, 1851
183341, 1851
233730, 1851
4250, 1848
233910, 1848
152484, 1845
213100, 1845
113468, 1835
275119, 1834
193751, 1833
44102, 1832
53869, 1832
133079, 1832
240257, 1832
250696, 1832
26933, 1831
117971, 1831
200414, 1831
290705, 1831
174752, 1828
186779, 1828
188367, 1828
200107, 1828
217176, 1828
220329, 1828
221134, 1828
221361, 1828
236465, 1828
237386, 1828
252230, 1828
256644, 1828
278558, 1828
92400, 1825
19372, 1824
49387, 1824
50631, 1824
86695, 1824
91409, 1824
107949, 1824
111049, 1824
125031, 1824
127780, 1824
129535, 1824
139461, 1824
155550, 1824
173409, 1824
174107, 1824
182847, 1824
209428, 1824
213659, 1824
218305, 1824
220575, 1824
228047, 1824
230398, 1824
231295, 1824
235010, 1824
240987, 1824
243052, 1824
245364, 1824
249972, 1824
252034, 1824
260458, 1824
260643, 1824
262169, 1824
284939, 1824
286499, 1824
292028, 1824
286831, 1823
59466, 1817
64486, 1817
117550, 1817
184546, 1817
213483, 1817
232689, 1817
256842, 1817
28331, 1816
29884, 1816
69230, 1816
70317, 1816
73286, 1816
93739, 1816
153005, 1816
158735, 1816
31255, 1813
63958, 1813
91929, 1813
104115, 1813
267351, 1813
20213, 1809
35831, 1809
47339, 1809
125708, 1809
145082, 1809
270631, 1809
19608, 1808
21037, 1808
713, 1807
65514, 1807
91964, 1807
104668, 1807
105123, 1807
117000, 1807
120838, 1807
129544, 1807
154651, 1807
211576, 1807
259775, 1807
285738, 1807
288380, 1807
46082, 1806
174281, 1805
183012, 1805
230178, 1805
99901, 1803
107544, 1803
92442, 1802
121509, 1802
134402, 1802
149847, 1802
249641, 1802
256085, 1802
289082, 1802
21702, 1798
176159, 1798
36914, 1797
60924, 1797
195464, 1797
108936, 1796
128703, 1796
143442, 1796
213300, 1796
224677, 1796
12432, 1793
22855, 1787
275539, 1787
71693, 1784
76222, 1784
60321, 1783
79444, 1783
84501, 1783
131203, 1783
147221, 1783
182469, 1783
39178, 1782
172786, 1782
181440, 1782
225987, 1782
104232, 1781
107624, 1781
187939, 1781
253764, 1781
117436, 1779
233365, 1779
84782, 1778
115626, 1778
205029, 1778
68062, 1777
82996, 1777
112203, 1777
155033, 1777
148468, 1776
5223, 1775
20886, 1775
23533, 1775
46557, 1775
62102, 1775
81835, 1775
103281, 1775
125500, 1775
140903, 1775
143207, 1775
248749, 1775
5181, 1774
64534, 1774
85838, 1774
209682, 1774
21881, 1773
22450, 1773
23736, 1773
124870, 1773
132387, 1772
150735, 1772
141182, 1770
179013, 1770
285119, 1770
31998, 1766
121198, 1766
99612, 1764
116936, 1764
215142, 1763
115436, 1762
262825, 1759
12060, 1755
64665, 1754
241326, 1754
259717, 1754
292881, 1754
187302, 1751
49991, 1748
80546, 1748
128565, 1748
260087, 1747
29901, 1746
44414, 1746
65363, 1746
132346, 1746
166972, 1746
182343, 1746
187854, 1746
192014, 1746
194290, 1746
293419, 1746
51981, 1745
174328, 1743
202622, 1743
98325, 1742
424, 1741
119595, 1741
184556, 1741
261998, 1740
80275, 1739
180947, 1739
66300, 1737
30131, 1736
143070, 1734
184150, 1734
293522, 1733
222904, 1732
223278, 1732
249537, 1732
118702, 1731
244754, 1729
90405, 1728
116569, 1728
129412, 1728
144031, 1727
278090, 1727
106842, 1726
137695, 1726
145782, 1726
147907, 1726
188810, 1726
197768, 1726
216339, 1726
219716, 1726
289463, 1726
22858, 1724
103171, 1724
139317, 1724
174515, 1724
183865, 1724
206145, 1724
213660, 1724
36136, 1723
72898, 1723
148034, 1723
153989, 1723
156493, 1723
115538, 1722
211598, 1722
32380, 1721
283824, 1721
277306, 1719
98742, 1717
246731, 1715
212115, 1714
77783, 1713
278458, 1713
21847, 1712
26803, 1712
58333, 1712
126826, 1712
138362, 1712
178261, 1712
220323, 1712
213587, 1710
256441, 1710
286497, 1710
810, 1709
861, 1709
869, 1709
931, 1709
108926, 1708
110680, 1708
114980, 1708
115172, 1708
121066, 1708
135482, 1708
139661, 1708
144450, 1708
146335, 1708
26354, 1707
20451, 1706
22655, 1706
38027, 1706
43649, 1706
79555, 1706
81608, 1706
88639, 1706
134416, 1706
201750, 1706
262125, 1706
136639, 1705
157932, 1705
167129, 1705
215498, 1705
246639, 1705
7737, 1699
115794, 1699
180661, 1699
207345, 1699
210703, 1699
280504, 1699
295807, 1698
197063, 1697
239255, 1696
291205, 1696
112194, 1693
295502, 1693
27077, 1692
34088, 1692
75069, 1692
105299, 1692
113867, 1692
227239, 1692
145815, 1690
195003, 1687
185068, 1686
231682, 1681
156245, 1680
225101, 1680
233237, 1680
294069, 1680
191039, 1678
217496, 1676
23574, 1673
43598, 1672
236083, 1671
16578, 1667
141308, 1667
158081, 1667
296236, 1667
167471, 1666
154087, 1664
290601, 1664
11984, 1663
45263, 1662
137716, 1662
172024, 1662
189580, 1662
224041, 1662
247369, 1662
144925, 1661
284300, 1657
8998, 1656
26558, 1656
217445, 1656
232780, 1656
262520, 1656
249634, 1654
253312, 1650
88034, 1649
934, 1648
1001, 1648
29558, 1646
30221, 1646
41731, 1646
41990, 1646
50431, 1646
56261, 1646
59240, 1646
63434, 1646
80080, 1646
81540, 1646
83561, 1646
88396, 1646
93374, 1646
99584, 1646
101417, 1646
111961, 1646
120572, 1646
133883, 1646
156940, 1646
177940, 1646
188020, 1646
210775, 1646
252413, 1646
253521, 1646
253819, 1646
254016, 1646
265285, 1646
289476, 1646
133732, 1641
206297, 1640
46614, 1639
185509, 1639
186840, 1639
50446, 1638
91130, 1638
107913, 1638
216195, 1637
275052, 1637
5467, 1634
129028, 1634
176419, 1634
178296, 1634
190712, 1634
108693, 1632
143509, 1632
208176, 1632
219955, 1632
220695, 1632
114690, 1631
16154, 1630
92668, 1630
236979, 1628
248448, 1627
21449, 1624
158644, 1624
11451, 1623
117998, 1623
253, 1622
314, 1622
351, 1622
42424, 1622
44794, 1622
45346, 1622
45809, 1622
54473, 1622
60381, 1622
76419, 1622
83183, 1622
99085, 1622
122430, 1622
196103, 1622
267781, 1622
130035, 1621
105110, 1619
162979, 1619
175639, 1619
178457, 1619
30211, 1618
186218, 1618
79356, 1617
59175, 1614
251567, 1612
276964, 1612
38026, 1610
38180, 1610
73122, 1610
81837, 1610
94934, 1610
95023, 1610
55808, 1609
56050, 1609
63535, 1608
293641, 1608
21553, 1606
209053, 1606
6000, 1604
61589, 1604
67209, 1604
99033, 1604
107239, 1604
156068, 1603
15202, 1602
97069, 1602
229368, 1602
78244, 1601
81995, 1601
18707, 1600
182403, 1600
131584, 1599
208186, 1599
78142, 1598
112787, 1598
113575, 1598
117903, 1598
145046, 1598
248690, 1598
261165, 1598
15944, 1597
149031, 1597
217140, 1595
136827, 1594
64899, 1591
77828, 1591
127171, 1591
203145, 1591
9143, 1589
106797, 1589
206602, 1589
52902, 1588
112661, 1588
276958, 1587
6416, 1586
106623, 1586
152808, 1586
177888, 1586
100726, 1585
51779, 1584
67926, 1584
101504, 1584
145612, 1584
235592, 1584
257709, 1584
264008, 1584
64915, 1582
76903, 1582
115798, 1582
242081, 1580
5515, 1579
29882, 1579
65592, 1579
91531, 1579
119322, 1579
155457, 1579
176795, 1579
177234, 1579
184315, 1579
185640, 1579
192620, 1579
198262, 1579
218556, 1579
236091, 1579
237071, 1579
129153, 1578
252522, 1577
73942, 1575
126552, 1575
157901, 1575
283126, 1573
37500, 1572
284576, 1572
132149, 1571
188556, 1571
241428, 1571
250987, 1571
262377, 1571
284393, 1571
152171, 1569
161771, 1569
54360, 1567
142149, 1567
273180, 1567
16054, 1565
92591, 1565
103704, 1565
110855, 1565
111301, 1565
118142, 1565
118302, 1565
125079, 1565
127779, 1565
203198, 1565
203975, 1565
210442, 1565
232795, 1565
244945, 1565
251498, 1565
255776, 1565
261610, 1565
278641, 1565
292048, 1565
294874, 1565
296112, 1565
33308, 1563
61537, 1563
70709, 1563
149914, 1563
208061, 1563
287999, 1563
827, 1562
903, 1562
959, 1562
69958, 1562
159622, 1561
174413, 1561
221035, 1561
262504, 1561
561, 1560
575, 1560
577, 1560
614, 1560
86425, 1559
150531, 1559
224717, 1559
294020, 1557
28710, 1554
82700, 1554
164587, 1554
145881, 1552
176748, 1552
164292, 1550
87653, 1549
151914, 1549
189541, 1549
191834, 1548
119020, 1547
133590, 1547
247945, 1547
260029, 1547
168429, 1546
10824, 1545
81475, 1545
172626, 1545
189116, 1545
284583, 1541
82885, 1539
106655, 1539
143669, 1538
36804, 1536
54028, 1535
21857, 1534
51876, 1532
148901, 1532
221982, 1532
28817, 1531
157268, 1531
11545, 1529
101875, 1527
114278, 1527
137724, 1527
149836, 1527
263012, 1527
620, 1524
683, 1524
168213, 1524
175581, 1516
355, 1515
4662, 1515
13560, 1515
83998, 1515
88158, 1515
144295, 1515
162439, 1515
196256, 1515
248844, 1515
259546, 1515
70333, 1513
274570, 1513
287826, 1513
51359, 1511
169170, 1511
99860, 1510
102388, 1510
107268, 1510
123816, 1510
126951, 1510
136790, 1510
148329, 1510
159355, 1510
188327, 1510
218205, 1510
223176, 1510
224976, 1510
254431, 1510
292016, 1510
139165, 1509
228884, 1509
52758, 1507
83734, 1507
12464, 1505
44597, 1505
49619, 1505
124058, 1505
126815, 1505
131072, 1505
159825, 1505
243861, 1505
9790, 1503
96488, 1503
123794, 1503
123921, 1503
235681, 1503
621, 1502
88020, 1502
752, 1501
764, 1501
798, 1501
42427, 1501
125853, 1501
155671, 1501
175563, 1501
187619, 1501
189072, 1501
214158, 1501
289682, 1501
110509, 1499
129695, 1499
180407, 1499
86691, 1498
98454, 1498
232338, 1498
277312, 1495
285615, 1495
8570, 1494
31039, 1494
35870, 1494
49009, 1494
65253, 1494
78916, 1494
121460, 1494
44145, 1492
33877, 1491
112069, 1491
235224, 1490
263436, 1490
265932, 1490
271247, 1490
37483, 1489
77863, 1489
114154, 1489
175110, 1489
178130, 1489
296324, 1489
167750, 1488
226065, 1488
267693, 1488
57692, 1486
58338, 1486
111047, 1486
140579, 1486
145847, 1486
151977, 1486
156388, 1486
160082, 1486
167810, 1486
188473, 1486
217776, 1486
265651, 1486
273961, 1486
281796, 1486
282232, 1486
962, 1485
134844, 1485
201198, 1482
56492, 1481
37070, 1480
78224, 1480
122357, 1480
178703, 1480
247548, 1480
253088, 1480
92101, 1479
179294, 1479
221722, 1479
234843, 1479
118081, 1478
60311, 1477
113012, 1477
90186, 1474
94219, 1469
219393, 1469
238813, 1466
58229, 1464
69180, 1464
210739, 1464
6477, 1461
171554, 1461
43848, 1460
53000, 1460
137392, 1457
151953, 1456
277894, 1456
68294, 1453
264477, 1449
23339, 1448
28981, 1448
41106, 1448
125895, 1448
127509, 1448
191307, 1448
213755, 1448
285641, 1448
21400, 1446
246595, 1446
94825, 1445
283852, 1445
4188, 1441
109979, 1441
167515, 1441
174812, 1441
176363, 1441
277826, 1441
143352, 1440
269, 1438
293690, 1438
195443, 1437
206523, 1436
58664, 1432
106949, 1430
191790, 1429
996, 1428
107084, 1428
147338, 1428
177639, 1426
279761, 1425
92769, 1420
96850, 1420
290996, 1420
18932, 1419
140430, 1419
175446, 1418
165977, 1416
256814, 1416
244273, 1415
2049, 1413
206182, 1413
244487, 1413
37460, 1412
115833, 1412
96353, 1410
18965, 1407
59558, 1407
277320, 1407
237464, 1406
218453, 1405
250761, 1404
72021, 1402
230168, 1402
547, 1401
72169, 1399
207749, 1399
209295, 1399
233213, 1398
240142, 1398
31133, 1397
97299, 1397
241368, 1397
142908, 1396
15437, 1395
234432, 1395
913, 1393
939, 1393
1015, 1390
111163, 1389
268842, 1389
289525, 1389
55349, 1387
176045, 1387
48128, 1385
109360, 1385
224774, 1385
10725, 1383
122947, 1383
217760, 1383
90126, 1382
97929, 1382
102325, 1382
26979, 1381
44296, 1381
60800, 1381
154982, 1381
177561, 1381
215646, 1380
33625, 1378
43616, 1378
71800, 1378
84047, 1378
91226, 1378
175065, 1378
200576, 1378
126229, 1376
37455, 1373
49924, 1371
60198, 1371
162700, 1371
173797, 1371
77015, 1370
163119, 1369
206405, 1369
261647, 1369
82019, 1367
138810, 1366
193697, 1366
267908, 1366
209843, 1365
197065, 1363
167720, 1362
138224, 1361
38953, 1360
139776, 1360
230322, 1360
281865, 1360
18293, 1359
133935, 1359
190362, 1359
194917, 1359
198031, 1359
233483, 1359
252424, 1359
269048, 1359
43936, 1356
65109, 1356
204887, 1352
231584, 1352
133144, 1351
103124, 1350
93016, 1349
160157, 1349
224094, 1349
227356, 1349
231966, 1349
240869, 1349
242869, 1349
44330, 1348
48758, 1348
61049, 1348
77463, 1348
132477, 1348
161237, 1348
163597, 1348
195268, 1348
290820, 1348
230287, 1340
243472, 1340
113260, 1339
251465, 1338
19911, 1337
65168, 1336
80498, 1335
188084, 1335
21388, 1334
92855, 1332
130201, 1330
247736, 1329
83410, 1328
95729, 1328
166300, 1328
218741, 1323
235252, 1323
120322, 1319
169786, 1318
55014, 1317
113282, 1317
205393, 1317
277414, 1317
60463, 1315
148398, 1315
195172, 1315
242221, 1315
139148, 1312
18778, 1310
228334, 1310
238736, 1310
269624, 1310
138221, 1309
165060, 1309
169399, 1309
176098, 1309
181624, 1309
184273, 1309
189419, 1309
195859, 1309
202378, 1309
224035, 1309
26251, 1303
77135, 1303
105195, 1303
152863, 1303
181592, 1303
194603, 1303
276645, 1303
10486, 1301
68392, 1301
113151, 1301
169034, 1301
204611, 1301
224364, 1301
38190, 1299
285759, 1299
966, 1297
1021, 1297
79907, 1297
112549, 1297
157757, 1297
280861, 1297
159409, 1296
178572, 1295
1098, 1293
94789, 1292
108000, 1292
112463, 1292
133088, 1292
208638, 1292
96166, 1289
162200, 1289
167259, 1289
170010, 1289
177720, 1289
186809, 1289
197328, 1289
231819, 1289
1316, 1286
286980, 1286
82918, 1283
56673, 1281
157364, 1281
168194, 1281
58862, 1279
1081, 1275
139548, 1275
52568, 1274
195755, 1274
283990, 1272
25362, 1271
63634, 1271
97868, 1271
249924, 1271
3548, 1270
65723, 1270
79698, 1270
112443, 1270
2984, 1269
1372, 1268
1557, 1268
292034, 1268
23057, 1267
196802, 1267
239786, 1267
173240, 1265
217054, 1265
281535, 1265
148671, 1263
210093, 1263
213119, 1263
86721, 1261
246055, 1261
236060, 1260
5829, 1259
11575, 1259
31803, 1259
92296, 1259
95081, 1259
110544, 1259
969, 1258
1046, 1258
37146, 1257
57592, 1256
60236, 1255
78340, 1255
159036, 1255
151081, 1254
32098, 1253
37940, 1253
93720, 1253
183156, 1252
706, 1251
11417, 1251
73661, 1251
80634, 1251
93465, 1251
179258, 1251
190790, 1251
194428, 1251
208114, 1251
210295, 1251
266396, 1251
295320, 1251
1368, 1250
48414, 1250
33283, 1249
147770, 1249
1357, 1247
1363, 1247
1284, 1245
1467, 1245
1136, 1243
1138, 1243
79850, 1243
251772, 1243
23836, 1242
46295, 1242
62440, 1241
140968, 1240
112216, 1238
72541, 1237
118279, 1235
142811, 1234
67419, 1233
14592, 1229
18652, 1227
30048, 1226
1233, 1225
50512, 1224
269905, 1222
203110, 1221
34606, 1220
84614, 1220
108415, 1220
163345, 1220
209614, 1220
220071, 1220
244450, 1220
246905, 1220
290346, 1220
263262, 1219
1238, 1217
169661, 1216
212890, 1216
15612, 1214
34795, 1214
42992, 1214
86059, 1214
119775, 1214
131019, 1214
194286, 1214
220474, 1214
3849, 1213
14088, 1212
258046, 1210
479, 1208
76864, 1207
147845, 1207
8018, 1206
42786, 1206
93253, 1206
131524, 1205
277939, 1205
13582, 1204
17426, 1204
21337, 1204
60745, 1204
287171, 1204
1167, 1203
106061, 1203
3537, 1201
31295, 1201
36048, 1201
45362, 1201
99644, 1201
158017, 1201
179604, 1201
196827, 1201
226534, 1201
254334, 1201
276690, 1201
278873, 1200
8621, 1199
36077, 1199
80530, 1199
107196, 1199
239447, 1199
240285, 1199
1330, 1198
1387, 1198
277606, 1198
223630, 1197
52556, 1191
513, 1190
517, 1190
1471, 1190
1496, 1190
5244, 1189
288311, 1189
91258, 1188
1313, 1186
90112, 1184
277217, 1184
2949, 1182
69106, 1181
196816, 1181
222056, 1181
140358, 1180
199304, 1180
916, 1179
29958, 1179
71077, 1179
80807, 1179
179137, 1178
44730, 1177
64957, 1177
139012, 1177
209405, 1177
216455, 1177
2974, 1176
65827, 1176
2574, 1175
24652, 1175
39148, 1175
98989, 1175
145929, 1175
228174, 1175
3105, 1174
11523, 1174
50576, 1174
119382, 1174
201095, 1174
225030, 1174
3232, 1173
1439, 1172
172911, 1171
1420, 1169
11536, 1169
37074, 1168
61578, 1168
1448, 1167
279424, 1166
34027, 1163
177606, 1162
288065, 1161
6242, 1159
156803, 1159
83675, 1158
25733, 1156
246384, 1156
70339, 1155
82060, 1155
12651, 1154
78989, 1154
448, 1153
63274, 1153
3196, 1152
43655, 1150
96675, 1149
50160, 1147
112292, 1147
35144, 1146
60369, 1146
200678, 1146
209096, 1146
225565, 1146
230534, 1146
253556, 1146
282231, 1146
294233, 1146
31229, 1143
96811, 1143
184824, 1143
9873, 1142
111837, 1142
215266, 1142
49656, 1138
104990, 1138
154098, 1138
31880, 1137
184461, 1134
238949, 1134
198551, 1133
77634, 1132
176437, 1132
12892, 1131
161983, 1130
38066, 1129
127017, 1129
261306, 1129
282135, 1129
164578, 1127
187482, 1127
263772, 1127
286208, 1127
296147, 1127
66677, 1126
192900, 1126
263159, 1125
7987, 1124
19519, 1124
19978, 1124
76126, 1124
233897, 1124
85393, 1123
144497, 1121
237236, 1120
254835, 1120
1275, 1118
1312, 1118
1343, 1118
13089, 1117
168378, 1117
75758, 1113
244281, 1113
1162, 1111
78069, 1111
81416, 1111
201682, 1111
224635, 1111
5299, 1110
119557, 1110
148929, 1110
148993, 1110
176220, 1110
218802, 1110
243460, 1110
248648, 1110
44119, 1109
123194, 1109
195502, 1108
32502, 1107
144834, 1107
216599, 1106
3677, 1103
219664, 1102
35998, 1101
107661, 1101
154212, 1101
157605, 1101
243521, 1101
149993, 1100
80406, 1099
117023, 1098
217817, 1098
2728, 1096
29702, 1096
289215, 1094
11943, 1093
52019, 1093
117404, 1093
167270, 1093
207946, 1093
211218, 1093
3285, 1092
5898, 1092
39264, 1092
305, 1091
3242, 1091
190079, 1091
1444, 1090
86572, 1090
98066, 1090
220883, 1090
31784, 1089
186518, 1089
1311, 1088
145355, 1088
40492, 1087
44463, 1087
217785, 1087
74218, 1086
123566, 1086
156309, 1086
162445, 1086
164195, 1086
166774, 1086
191365, 1086
211876, 1086
215346, 1086
217368, 1086
218152, 1086
239408, 1086
240797, 1086
241583, 1086
242137, 1086
251692, 1086
255762, 1086
256958, 1086
261987, 1086
265730, 1086
278529, 1086
282921, 1086
292869, 1086
295625, 1086
150623, 1084
159431, 1084
226992, 1084
56302, 1083
95949, 1083
102374, 1083
120575, 1083
121471, 1083
155722, 1083
170714, 1083
186318, 1083
207377, 1083
221980, 1083
269983, 1083
285535, 1083
287715, 1083
57514, 1082
243, 1081
117341, 1081
121744, 1081
193965, 1081
76169, 1080
259325, 1080
5522, 1078
31106, 1078
6628, 1077
163641, 1077
2331, 1076
102166, 1076
267730, 1075
7765, 1074
76311, 1074
162507, 1074
226620, 1073
38018, 1072
43656, 1072
174261, 1072
55982, 1071
62736, 1068
161228, 1068
36019, 1066
41421, 1066
206210, 1066
13799, 1063
128721, 1062
160287, 1062
2696, 1061
62471, 1061
62928, 1061
45239, 1059
51295, 1059
109593, 1059
150441, 1059
198923, 1059
212296, 1059
219699, 1059
265621, 1059
293793, 1059
5407, 1058
6274, 1056
119231, 1056
18614, 1055
74605, 1055
6902, 1054
26673, 1054
223896, 1053
52274, 1052
90978, 1052
97995, 1052
117894, 1052
141734, 1052
147516, 1052
147924, 1052
65327, 1050
81688, 1050
185851, 1050
225212, 1050
289689, 1050
7803, 1047
47355, 1047
77570, 1047
101278, 1047
113916, 1047
178672, 1047
238240, 1047
248265, 1047
1616, 1045
108703, 1045
119685, 1043
23845, 1042
63654, 1042
63904, 1042
65699, 1042
88751, 1042
136605, 1042
209592, 1042
221356, 1042
227724, 1042
232611, 1042
235773, 1042
240704, 1042
253849, 1042
278449, 1042
295530, 1042
25369, 1041
64978, 1041
116455, 1041
1359, 1039
58643, 1038
1965, 1037
18543, 1037
96146, 1036
1910, 1032
2010, 1032
2019, 1032
12683, 1032
17659, 1032
28672, 1032
61545, 1032
117495, 1032
255528, 1032
295637, 1032
195450, 1031
251541, 1030
160630, 1028
142912, 1027
151259, 1027
159884, 1027
196193, 1027
204458, 1027
209183, 1027
214041, 1027
219408, 1027
221425, 1027
240191, 1027
241672, 1027
271147, 1027
281707, 1027
174284, 1024
20486, 1018
41206, 1018
85085, 1018
2906, 1017
192508, 1017
25550, 1016
190416, 1015
260840, 1010
34801, 1009
83717, 1009
163799, 1009
167535, 1009
253804, 1009
228430, 1008
142635, 1007
165379, 1007
95795, 1005
107522, 1004
31741, 1003
59625, 1002
133792, 1002
183973, 1002
79260, 1001
89312, 1001
124223, 1001
164015, 1001
202802, 1001
14299, 1000
42488, 1000
58027, 1000
67015, 1000
124333, 1000
149571, 1000
166057, 1000
