8133, 123641
2081, 121241
68295, 118269
72056, 118269
105842, 118269
107978, 118269
2500, 118265
15204, 117320
25671, 117320
32382, 117320
87269, 117320
89117, 117320
92844, 117320
122411, 117320
136796, 117320
154905, 117320
167731, 117320
180992, 117320
185805, 117320
190957, 117320
193741, 117320
205371, 117320
207800, 117320
212840, 117320
221018, 117320
118348, 115684
3402, 115624
127960, 115624
13094, 114573
4738, 113538
274313, 112342
245603, 109643
22515, 106193
24526, 106193
41860, 106193
48228, 106193
49601, 106193
64681, 106193
74875, 106193
90742, 106193
92280, 106193
99941, 106193
109071, 106193
114404, 106193
116587, 106193
118533, 106193
124551, 106193
135019, 106193
138429, 106193
155329, 106193
168512, 106193
196160, 106193
200022, 106193
235679, 106193
252973, 106193
262845, 106193
267497, 106193
274461, 106193
281539, 106193
6189, 105042
9046, 105042
13172, 105042
15354, 105042
16802, 105042
16804, 105042
24852, 105042
26196, 105042
37729, 105042
47265, 105042
50562, 105042
52025, 105042
52592, 105042
54229, 105042
55117, 105042
62871, 105042
69801, 105042
70201, 105042
70328, 105042
79651, 105042
81813, 105042
83798, 105042
84053, 105042
93676, 105042
102094, 105042
103220, 105042
110022, 105042
110954, 105042
114536, 105042
119527, 105042
119700, 105042
123913, 105042
124234, 105042
124963, 105042
129251, 105042
136515, 105042
140551, 105042
144239, 105042
144263, 105042
144534, 105042
147839, 105042
148462, 105042
151326, 105042
152756, 105042
154367, 105042
155191, 105042
160566, 105042
160874, 105042
163986, 105042
165147, 105042
166058, 105042
166321, 105042
170740, 105042
171595, 105042
173761, 105042
177182, 105042
179959, 105042
184202, 105042
184969, 105042
187813, 105042
188311, 105042
189705, 105042
194615, 105042
195288, 105042
196653, 105042
196677, 105042
198514, 105042
204659, 105042
204884, 105042
207998, 105042
208011, 105042
208959, 105042
209708, 105042
211415, 105042
212416, 105042
213377, 105042
214404, 105042
216539, 105042
218275, 105042
218293, 105042
219929, 105042
223388, 105042
228223, 105042
229014, 105042
232020, 105042
235844, 105042
236378, 105042
238091, 105042
238350, 105042
240091, 105042
240362, 105042
240918, 105042
243751, 105042
243767, 105042
243820, 105042
248213, 105042
248924, 105042
251779, 105042
255463, 105042
255593, 105042
256954, 105042
260568, 105042
261696, 105042
262691, 105042
263266, 105042
264088, 105042
266246, 105042
269007, 105042
269617, 105042
269998, 105042
270151, 105042
271926, 105042
272045, 105042
272187, 105042
272753, 105042
273892, 105042
276055, 105042
280022, 105042
286895, 105042
287446, 105042
287798, 105042
287940, 105042
287964, 105042
289604, 105042
290789, 105042
292037, 105042
294086, 105042
296057, 105042
267421, 101941
72163, 92113
7638, 91155
37944, 91155
115046, 91155
169947, 91155
202892, 91155
248894, 91155
250901, 91155
6218, 90342
8095, 90342
18996, 90342
23043, 90342
31400, 90342
33232, 90342
36818, 90342
41652, 90342
43045, 90342
43807, 90342
44997, 90342
47915, 90342
51549, 90342
54003, 90342
64055, 90342
66097, 90342
66478, 90342
66634, 90342
69739, 90342
78258, 90342
78648, 90342
90833, 90342
95524, 90342
98692, 90342
103935, 90342
104372, 90342
105309, 90342
112522, 90342
113453, 90342
115817, 90342
117464, 90342
119075, 90342
119976, 90342
126896, 90342
128615, 90342
137441, 90342
138577, 90342
144992, 90342
149885, 90342
150829, 90342
152477, 90342
153284, 90342
153738, 90342
177607, 90342
182155, 90342
184952, 90342
185471, 90342
198762, 90342
200062, 90342
200393, 90342
202972, 90342
212197, 90342
212565, 90342
225388, 90342
232823, 90342
236398, 90342
239245, 90342
249099, 90342
252603, 90342
254786, 90342
259311, 90342
264026, 90342
269136, 90342
272850, 90342
274778, 90342
280573, 90342
127158, 87001
95231, 86652
46740, 84777
48697, 84777
49108, 84777
54844, 84777
66736, 84777
73431, 84777
93907, 84777
95112, 84777
112534, 84777
113887, 84777
122496, 84777
130430, 84777
90519, 80095
137315, 80095
152999, 80095
170483, 80095
185964, 80095
211143, 80095
231327, 80095
284616, 80095
212, 79942
14185, 79942
197422, 79942
221139, 79942
88294, 79506
10786, 78453
47517, 78453
53558, 78453
60445, 78453
72296, 78453
129166, 78453
129560, 78453
213020, 78453
237000, 78453
268124, 78453
268978, 78453
8264, 77911
11218, 77911
17251, 77911
20829, 77911
24473, 77911
30203, 77911
49856, 77911
62461, 77911
63233, 77911
70773, 77911
74656, 77911
74861, 77911
78200, 77911
79602, 77911
82417, 77911
85463, 77911
86969, 77911
92130, 77911
95040, 77911
96475, 77911
97897, 77911
99769, 77911
104399, 77911
106501, 77911
110863, 77911
112138, 77911
113598, 77911
115924, 77911
123275, 77911
126005, 77911
126898, 77911
127136, 77911
127771, 77911
129331, 77911
134477, 77911
138213, 77911
140052, 77911
142354, 77911
144005, 77911
151330, 77911
158261, 77911
158822, 77911
159307, 77911
159365, 77911
177651, 77911
180274, 77911
183648, 77911
188019, 77911
188391, 77911
194044, 77911
208143, 77911
211954, 77911
213913, 77911
221021, 77911
236529, 77911
238848, 77911
245989, 77911
261334, 77911
277896, 77911
23697, 77833
259951, 77833
111652, 75820
197117, 75820
16944, 75401
223245, 74988
12469, 74944
117636, 74944
119811, 74944
121204, 74944
121530, 74944
150110, 74944
178558, 74944
208654, 74944
212627, 74944
212995, 74944
243336, 74944
269144, 74944
269392, 74944
206578, 74660
264326, 74660
282566, 74660
259593, 74382
281125, 74129
294973, 74129
48154, 74007
54282, 74007
93018, 74007
106840, 74007
127903, 74007
193473, 74007
278931, 74007
1591, 73859
60441, 73859
26161, 73180
172688, 73180
97867, 73105
101361, 73105
110593, 73105
116852, 73105
124095, 73105
140467, 73105
173378, 73105
179136, 73105
183999, 73105
208005, 73105
246830, 73105
248758, 73105
256361, 73105
288569, 73105
290689, 73105
13697, 73038
159052, 72957
10013, 72574
178199, 72574
43146, 72488
75042, 72488
120210, 72488
134343, 72488
176022, 72488
176581, 72488
222215, 72488
224044, 72488
224698, 72488
233030, 72488
245648, 72488
287381, 72488
294007, 72488
226647, 72094
51865, 71648
76448, 71648
79956, 71648
91100, 71648
94720, 71648
101716, 71389
241761, 71389
6083, 71210
29093, 70885
168805, 70885
51360, 70783
60629, 70783
95405, 70783
111993, 70783
187488, 70783
204968, 70661
129040, 70260
261313, 70227
80452, 69551
99040, 69551
110347, 69551
116685, 69551
133907, 69551
153872, 69551
189304, 69551
206605, 69551
228797, 69551
238550, 69551
242964, 69551
272164, 69551
274131, 69551
277764, 69551
288898, 69551
139072, 69516
166963, 69516
195927, 69516
215878, 69516
221426, 69516
91467, 68882
65472, 68799
80124, 68634
163913, 68634
4305, 68580
5298, 68580
10646, 68580
21806, 68580
30764, 68580
46847, 68580
47458, 68580
54057, 68580
55425, 68580
99508, 68580
112802, 68580
63528, 68189
51361, 64862
6226, 64511
37097, 64511
48590, 64511
55033, 64511
69300, 64511
71383, 64511
78125, 64511
81481, 64511
92518, 64511
92793, 64511
134906, 64418
200179, 64418
215930, 64418
247681, 64418
15188, 60633
21559, 60633
23215, 60633
23413, 60633
51397, 60633
69708, 60633
170237, 60633
181798, 60633
222194, 60633
7698, 59240
6431, 58904
33657, 58904
18630, 58485
123463, 58485
12746, 57916
12809, 57916
13021, 57916
13168, 57916
86815, 57916
102509, 57916
121299, 57916
154358, 57916
155209, 57916
160658, 57916
163303, 57916
166335, 57916
187601, 57916
194962, 57916
196055, 57916
203949, 57916
212298, 57916
223791, 57916
250590, 57916
15852, 57912
22778, 57912
35491, 57912
39879, 57912
41085, 57912
43339, 57912
44064, 57912
56939, 57912
58163, 57912
59583, 57912
66696, 57912
71568, 57912
76077, 57912
123057, 57794
20124, 57470
22372, 57470
31148, 57470
63974, 57470
166742, 57470
197180, 57470
203890, 57470
211186, 57470
246924, 57470
257759, 57470
288981, 57470
17637, 57296
22723, 57296
24283, 57296
27067, 57296
28068, 57296
31629, 57296
37308, 57296
47454, 57296
82136, 57296
99106, 57296
173843, 57296
204167, 57296
230022, 57296
262615, 57296
200162, 56414
245258, 56414
277142, 56414
54310, 54705
64524, 54705
67354, 54705
150861, 54705
188186, 54705
2655, 54667
113605, 54667
127650, 54667
151439, 54667
182528, 54667
221585, 54667
5804, 54659
6840, 54659
8012, 54659
99464, 54591
8836, 54438
12092, 54438
12318, 54438
43368, 54438
46458, 54438
47693, 54438
49234, 54438
88509, 54438
91276, 54438
98132, 54438
98473, 54438
112079, 54438
116595, 54438
119081, 54438
123559, 54438
127130, 54438
128831, 54438
160303, 54438
163720, 54438
194432, 54438
199404, 54438
208907, 54438
236169, 54438
4587, 54106
12067, 54057
16129, 54057
28831, 54057
57015, 54057
75076, 54057
81358, 54057
91232, 54057
92270, 54057
112949, 54057
33636, 53451
49907, 53446
138060, 53446
184185, 53119
198022, 53119
222326, 53119
237190, 53119
267246, 53119
285144, 53119
35289, 53097
181089, 53097
4026, 53078
124996, 53078
138921, 53078
155621, 53078
173094, 53078
196648, 53078
260815, 53078
278577, 53078
23897, 53065
58243, 53065
66535, 53065
84408, 53065
85523, 53065
111763, 53065
117274, 53065
138149, 53065
148818, 53065
167781, 53065
256425, 53065
271756, 53065
14567, 52705
14755, 52705
15367, 52705
20040, 52705
28627, 52705
28840, 52705
30617, 52705
65082, 52705
86199, 52705
98591, 52705
104958, 52705
113483, 52705
4513, 52673
253375, 52359
37640, 51853
193104, 51853
221998, 51853
231342, 51853
273150, 51853
206357, 51790
103997, 51614
14892, 51303
20827, 51303
26948, 51303
64457, 51303
101216, 51303
8045, 51207
54286, 51032
126351, 51032
161459, 51032
8765, 50856
18671, 50856
224190, 50824
50116, 50740
65096, 50740
80819, 50740
141143, 50452
152546, 50452
294812, 50323
42444, 50148
14234, 49751
24434, 49751
27432, 49751
31035, 49751
34580, 49751
38268, 49751
39990, 49751
40790, 49751
43579, 49751
44938, 49751
49542, 49751
54984, 49751
55739, 49751
59261, 49751
62272, 49751
63948, 49751
68593, 49751
86451, 49751
92698, 49751
105397, 49751
108718, 49751
132161, 49751
164851, 49751
295772, 49751
23319, 49569
39778, 49569
47323, 49569
47676, 49569
50087, 49569
52106, 49569
62538, 49569
63836, 49569
64962, 49569
66401, 49569
75998, 49569
85615, 49569
95064, 49569
109122, 49569
148819, 49569
60436, 49544
139341, 49544
188141, 49544
97487, 48444
107545, 48444
222266, 48444
273854, 48444
293041, 48444
27975, 47968
50862, 47968
83278, 47968
93515, 47896
193407, 47693
172865, 47668
146325, 47129
127761, 46840
70191, 46473
43474, 44461
89221, 44461
269582, 44461
276679, 44157
4409, 41586
3927, 41095
285505, 40116
285, 34893
2594, 34893
52554, 34893
52679, 34893
54331, 34893
61708, 34893
65648, 34893
79592, 34893
82820, 34893
88131, 34893
90141, 34893
90664, 34893
93322, 34893
94685, 34893
99742, 34893
99895, 34893
100222, 34893
100871, 34893
102890, 34893
107250, 34893
112498, 34893
115137, 34893
116090, 34893
116549, 34893
124757, 34893
129820, 34893
135158, 34893
137743, 34893
138639, 34893
139058, 34893
142387, 34893
143756, 34893
147768, 34893
150385, 34893
151726, 34893
160660, 34893
161309, 34893
161452, 34893
161474, 34893
163475, 34893
165165, 34893
169029, 34893
170248, 34893
171418, 34893
173656, 34893
174981, 34893
178197, 34893
179236, 34893
185695, 34893
186937, 34893
189483, 34893
189775, 34893
190135, 34893
193245, 34893
194871, 34893
194906, 34893
196220, 34893
203707, 34893
205484, 34893
208967, 34893
211507, 34893
213756, 34893
217417, 34893
217501, 34893
220598, 34893
220806, 34893
221906, 34893
222939, 34893
223374, 34893
226880, 34893
229252, 34893
234319, 34893
237557, 34893
237637, 34893
238721, 34893
238920, 34893
247897, 34893
258921, 34893
262434, 34893
265440, 34893
265566, 34893
273728, 34893
282290, 34893
283228, 34893
291220, 34893
95876, 34341
108082, 34341
52454, 34158
71655, 34158
106467, 34158
134715, 34158
142056, 34158
159593, 34158
162674, 34158
190159, 34158
199922, 34158
221645, 34158
230947, 34158
233722, 34158
244265, 34158
256317, 34158
278884, 34158
289737, 34158
6169, 33906
659, 32904
714, 32904
3265, 32904
78023, 32904
78081, 32904
122922, 32904
146978, 32904
212473, 32904
279819, 32833
55396, 32293
210733, 32293
214748, 32293
249308, 32293
263799, 32293
202589, 32204
205810, 32204
208109, 32204
122115, 31625
640, 31384
991, 31384
10192, 31384
130139, 31384
145495, 31384
158737, 31384
172977, 31384
198107, 31384
198858, 31384
200783, 31384
206307, 31384
206910, 31384
210688, 31384
212878, 31384
214629, 31384
215307, 31384
216279, 31384
218952, 31384
222029, 31384
224479, 31384
225383, 31384
229467, 31384
230812, 31384
236719, 31384
237154, 31384
239441, 31384
244445, 31384
245677, 31384
251714, 31384
255258, 31384
256144, 31384
261717, 31384
269660, 31384
273152, 31384
273734, 31384
277059, 31384
279182, 31384
280318, 31384
286516, 31384
292242, 31384
296366, 31384
99909, 30918
28, 30741
225463, 30515
225693, 30515
278120, 30515
240729, 30501
154741, 29994
240156, 29994
288820, 29994
105601, 29844
119572, 29844
150502, 29844
255801, 29831
280505, 29831
252569, 29788
185224, 29300
259321, 29300
278406, 29300
278498, 29300
289456, 29300
163292, 29236
228058, 29236
145411, 29009
65077, 28057
2893, 28039
47210, 27982
119789, 27982
140255, 27783
152900, 27783
201794, 27783
62246, 27621
64263, 27621
139494, 27621
220736, 27621
257814, 27621
261278, 27621
53408, 27552
84980, 27552
112437, 27552
189205, 27432
197251, 27432
148381, 27161
116677, 27045
194797, 26916
227613, 26916
73602, 24993
9843, 23200
83279, 21234
796, 20294
250245, 17533
91504, 17501
103017, 17501
110511, 17501
110530, 17501
112016, 17501
114108, 17501
114423, 17501
114449, 17501
115531, 17501
118547, 17501
120113, 17501
121970, 17501
125822, 17501
126900, 17501
128392, 17501
129861, 17501
130292, 17501
130698, 17501
132501, 17501
133734, 17501
135155, 17501
136163, 17501
136638, 17501
138969, 17501
140504, 17501
140961, 17501
141753, 17501
141960, 17501
142084, 17501
142419, 17501
142661, 17501
143876, 17501
144210, 17501
144369, 17501
145937, 17501
145973, 17501
145980, 17501
146670, 17501
146711, 17501
146713, 17501
147057, 17501
148627, 17501
148952, 17501
149445, 17501
149603, 17501
150014, 17501
150564, 17501
150643, 17501
150717, 17501
150785, 17501
152705, 17501
153227, 17501
154040, 17501
154755, 17501
156569, 17501
156575, 17501
156677, 17501
157505, 17501
157866, 17501
159721, 17501
159722, 17501
160179, 17501
160816, 17501
160977, 17501
162360, 17501
162508, 17501
162631, 17501
163081, 17501
164514, 17501
164727, 17501
164837, 17501
165471, 17501
165569, 17501
166722, 17501
166786, 17501
166993, 17501
168142, 17501
168416, 17501
168765, 17501
169003, 17501
169690, 17501
171266, 17501
172057, 17501
174109, 17501
174186, 17501
174729, 17501
176782, 17501
177149, 17501
178649, 17501
178659, 17501
178996, 17501
179227, 17501
179305, 17501
179332, 17501
179632, 17501
180219, 17501
180589, 17501
181012, 17501
181140, 17501
182008, 17501
182285, 17501
182388, 17501
182638, 17501
183033, 17501
183696, 17501
184089, 17501
184152, 17501
185795, 17501
185917, 17501
186047, 17501
186587, 17501
187614, 17501
188904, 17501
188926, 17501
189464, 17501
190922, 17501
191306, 17501
191635, 17501
192275, 17501
192286, 17501
192484, 17501
192809, 17501
193842, 17501
193948, 17501
194476, 17501
194531, 17501
194627, 17501
196026, 17501
196530, 17501
197572, 17501
198129, 17501
198185, 17501
198918, 17501
199390, 17501
199773, 17501
200359, 17501
200488, 17501
200569, 17501
200947, 17501
200995, 17501
201880, 17501
202625, 17501
202637, 17501
202730, 17501
202815, 17501
202852, 17501
203089, 17501
203610, 17501
204523, 17501
205499, 17501
205842, 17501
206098, 17501
206606, 17501
206634, 17501
206798, 17501
207086, 17501
207103, 17501
207737, 17501
208058, 17501
208184, 17501
208336, 17501
208692, 17501
208948, 17501
209184, 17501
209468, 17501
210139, 17501
210952, 17501
211497, 17501
211548, 17501
211597, 17501
212713, 17501
214377, 17501
214957, 17501
215757, 17501
216498, 17501
216856, 17501
218173, 17501
218820, 17501
219148, 17501
220155, 17501
220156, 17501
220347, 17501
220382, 17501
220684, 17501
221176, 17501
221482, 17501
221609, 17501
222021, 17501
222662, 17501
223151, 17501
223512, 17501
223527, 17501
223624, 17501
224728, 17501
224820, 17501
225230, 17501
225377, 17501
225675, 17501
226057, 17501
226460, 17501
226682, 17501
226755, 17501
227492, 17501
227575, 17501
227712, 17501
227762, 17501
227784, 17501
227795, 17501
228340, 17501
228507, 17501
228849, 17501
228854, 17501
229124, 17501
229311, 17501
229344, 17501
230159, 17501
230191, 17501
230285, 17501
230348, 17501
231088, 17501
231158, 17501
231198, 17501
232100, 17501
232405, 17501
233157, 17501
233323, 17501
233368, 17501
233456, 17501
233651, 17501
233748, 17501
233817, 17501
234156, 17501
234313, 17501
235170, 17501
235683, 17501
236212, 17501
237149, 17501
237424, 17501
238123, 17501
238971, 17501
239065, 17501
239862, 17501
240206, 17501
240439, 17501
241076, 17501
241899, 17501
241980, 17501
242291, 17501
242342, 17501
242370, 17501
242698, 17501
242717, 17501
243072, 17501
243162, 17501
243170, 17501
243830, 17501
243930, 17501
244332, 17501
244650, 17501
244667, 17501
244882, 17501
244957, 17501
245300, 17501
245929, 17501
246087, 17501
246189, 17501
246226, 17501
246821, 17501
247091, 17501
247346, 17501
247480, 17501
248056, 17501
248433, 17501
248740, 17501
248785, 17501
248872, 17501
249371, 17501
249539, 17501
249669, 17501
250003, 17501
250100, 17501
250139, 17501
250197, 17501
250350, 17501
250612, 17501
250699, 17501
250859, 17501
251620, 17501
251894, 17501
252303, 17501
252498, 17501
252686, 17501
252797, 17501
252827, 17501
252875, 17501
253121, 17501
253135, 17501
253314, 17501
253385, 17501
253458, 17501
253542, 17501
253800, 17501
253912, 17501
254118, 17501
254168, 17501
254216, 17501
254462, 17501
254710, 17501
254821, 17501
254941, 17501
255105, 17501
255253, 17501
255875, 17501
256052, 17501
256167, 17501
256259, 17501
256456, 17501
256807, 17501
256818, 17501
257266, 17501
257704, 17501
258058, 17501
258690, 17501
258691, 17501
259040, 17501
259061, 17501
259245, 17501
259316, 17501
259379, 17501
260056, 17501
260401, 17501
260780, 17501
260792, 17501
261496, 17501
261558, 17501
261649, 17501
261777, 17501
261946, 17501
262011, 17501
263238, 17501
264446, 17501
264955, 17501
265161, 17501
265478, 17501
265481, 17501
266207, 17501
266370, 17501
266406, 17501
266833, 17501
266876, 17501
266931, 17501
267134, 17501
267510, 17501
267717, 17501
267780, 17501
268400, 17501
268659, 17501
268780, 17501
269014, 17501
269228, 17501
270361, 17501
270615, 17501
270733, 17501
270839, 17501
271191, 17501
271334, 17501
271964, 17501
272157, 17501
273151, 17501
273193, 17501
273755, 17501
273844, 17501
274211, 17501
274249, 17501
274361, 17501
275371, 17501
276390, 17501
276412, 17501
276611, 17501
277069, 17501
277396, 17501
277539, 17501
278490, 17501
278553, 17501
278596, 17501
278608, 17501
279122, 17501
279646, 17501
279859, 17501
280050, 17501
280077, 17501
280136, 17501
280863, 17501
281020, 17501
281031, 17501
282021, 17501
282168, 17501
283240, 17501
283655, 17501
283672, 17501
284018, 17501
284024, 17501
284394, 17501
284683, 17501
284954, 17501
285182, 17501
285191, 17501
285513, 17501
285679, 17501
286881, 17501
287352, 17501
287450, 17501
288222, 17501
288324, 17501
288374, 17501
288457, 17501
288704, 17501
288917, 17501
289288, 17501
289714, 17501
289949, 17501
290198, 17501
290288, 17501
290299, 17501
290607, 17501
290793, 17501
291401, 17501
291890, 17501
291983, 17501
291996, 17501
292922, 17501
293162, 17501
293371, 17501
293626, 17501
293684, 17501
293794, 17501
294946, 17501
295806, 17501
296019, 17501
94687, 17280
97140, 17280
114294, 17280
127271, 17280
130100, 17280
132340, 17280
133627, 17280
139089, 17280
139532, 17280
140134, 17280
141358, 17280
147879, 17280
147987, 17280
150409, 17280
151949, 17280
151966, 17280
154004, 17280
154199, 17280
160506, 17280
161903, 17280
162065, 17280
162163, 17280
163445, 17280
165520, 17280
168312, 17280
169699, 17280
169973, 17280
170011, 17280
174300, 17280
174558, 17280
177319, 17280
179143, 17280
179416, 17280
181207, 17280
183304, 17280
183988, 17280
186016, 17280
187353, 17280
188261, 17280
190473, 17280
191625, 17280
191916, 17280
192051, 17280
192519, 17280
192718, 17280
193089, 17280
193216, 17280
193558, 17280
193649, 17280
193913, 17280
194308, 17280
194774, 17280
195856, 17280
197030, 17280
198585, 17280
198645, 17280
199607, 17280
200939, 17280
204123, 17280
205909, 17280
205978, 17280
210944, 17280
211822, 17280
213716, 17280
213899, 17280
214057, 17280
215294, 17280
215894, 17280
216040, 17280
217976, 17280
218135, 17280
219558, 17280
220896, 17280
221349, 17280
221401, 17280
222070, 17280
222788, 17280
223249, 17280
226115, 17280
226784, 17280
227917, 17280
228063, 17280
228653, 17280
229836, 17280
229976, 17280
231119, 17280
231613, 17280
231708, 17280
232366, 17280
232774, 17280
234329, 17280
239119, 17280
240505, 17280
240580, 17280
240652, 17280
242468, 17280
243168, 17280
243219, 17280
243583, 17280
243917, 17280
246969, 17280
249347, 17280
249415, 17280
251995, 17280
252468, 17280
254302, 17280
254824, 17280
255478, 17280
255605, 17280
256016, 17280
256337, 17280
256687, 17280
256766, 17280
258130, 17280
260708, 17280
261931, 17280
262035, 17280
262879, 17280
263135, 17280
264177, 17280
264583, 17280
265627, 17280
267472, 17280
269845, 17280
270366, 17280
271498, 17280
272202, 17280
273315, 17280
273322, 17280
277524, 17280
279013, 17280
279428, 17280
281312, 17280
281968, 17280
282675, 17280
285212, 17280
289487, 17280
289801, 17280
290179, 17280
290796, 17280
292978, 17280
294098, 17280
294541, 17280
295367, 17280
295524, 17280
296587, 17280
91648, 17152
105224, 17152
106966, 17152
108634, 17152
111028, 17152
115672, 17152
118877, 17152
118949, 17152
119086, 17152
130387, 17152
130645, 17152
133447, 17152
133459, 17152
133810, 17152
134208, 17152
134998, 17152
135313, 17152
135364, 17152
135729, 17152
135777, 17152
136254, 17152
136373, 17152
137805, 17152
138153, 17152
138318, 17152
139618, 17152
140570, 17152
140937, 17152
141663, 17152
141837, 17152
142169, 17152
142384, 17152
142560, 17152
142793, 17152
143107, 17152
143188, 17152
143417, 17152
144045, 17152
144049, 17152
144927, 17152
145634, 17152
145686, 17152
145734, 17152
146846, 17152
147429, 17152
148007, 17152
148210, 17152
148847, 17152
149711, 17152
150266, 17152
150452, 17152
151769, 17152
152204, 17152
152407, 17152
152818, 17152
153361, 17152
153593, 17152
154053, 17152
154598, 17152
154810, 17152
155246, 17152
155695, 17152
155827, 17152
157222, 17152
157451, 17152
157553, 17152
157591, 17152
157694, 17152
158099, 17152
159274, 17152
159418, 17152
159668, 17152
159874, 17152
160313, 17152
162179, 17152
163018, 17152
163090, 17152
163330, 17152
163591, 17152
163997, 17152
165449, 17152
165902, 17152
166531, 17152
167933, 17152
167958, 17152
169485, 17152
169976, 17152
170243, 17152
170875, 17152
171785, 17152
172311, 17152
173260, 17152
173572, 17152
174535, 17152
174788, 17152
174979, 17152
177290, 17152
177309, 17152
178106, 17152
178512, 17152
179057, 17152
180703, 17152
181159, 17152
181661, 17152
181867, 17152
182081, 17152
183212, 17152
183225, 17152
185552, 17152
186162, 17152
187138, 17152
187422, 17152
187655, 17152
187955, 17152
188056, 17152
188686, 17152
188850, 17152
190479, 17152
190872, 17152
191230, 17152
192412, 17152
193782, 17152
193917, 17152
194297, 17152
194310, 17152
194417, 17152
194904, 17152
194974, 17152
195294, 17152
195643, 17152
198578, 17152
201191, 17152
201239, 17152
201763, 17152
202010, 17152
202283, 17152
202687, 17152
203266, 17152
203515, 17152
204597, 17152
205771, 17152
206241, 17152
206981, 17152
207194, 17152
207561, 17152
207661, 17152
207838, 17152
208550, 17152
210538, 17152
211883, 17152
211920, 17152
212494, 17152
212603, 17152
213492, 17152
214680, 17152
215497, 17152
215914, 17152
216542, 17152
216774, 17152
216776, 17152
217419, 17152
219014, 17152
219312, 17152
222509, 17152
222648, 17152
223217, 17152
224359, 17152
225080, 17152
225431, 17152
226422, 17152
226438, 17152
226859, 17152
230470, 17152
231482, 17152
232175, 17152
235962, 17152
238497, 17152
240978, 17152
242383, 17152
242974, 17152
243266, 17152
243818, 17152
246421, 17152
247759, 17152
249577, 17152
250265, 17152
250861, 17152
252415, 17152
252466, 17152
254315, 17152
256032, 17152
256169, 17152
256858, 17152
257252, 17152
257448, 17152
258210, 17152
260117, 17152
261237, 17152
264103, 17152
267983, 17152
268056, 17152
269030, 17152
269743, 17152
271239, 17152
274376, 17152
276637, 17152
276792, 17152
278615, 17152
278689, 17152
281156, 17152
282890, 17152
284046, 17152
284449, 17152
285432, 17152
285886, 17152
286083, 17152
288035, 17152
291796, 17152
293513, 17152
293559, 17152
293831, 17152
294876, 17152
87580, 16848
91170, 16848
95404, 16848
97678, 16848
100378, 16848
108939, 16848
109792, 16848
113154, 16848
126917, 16848
135270, 16848
143126, 16848
150183, 16848
150740, 16848
152384, 16848
156678, 16848
164234, 16848
174057, 16848
183417, 16848
186628, 16848
189181, 16848
199072, 16848
203010, 16848
204251, 16848
210292, 16848
210484, 16848
212560, 16848
215532, 16848
216255, 16848
218323, 16848
220060, 16848
224848, 16848
228786, 16848
230804, 16848
236670, 16848
239490, 16848
242244, 16848
247215, 16848
247334, 16848
250357, 16848
252962, 16848
254573, 16848
258267, 16848
258585, 16848
261393, 16848
261473, 16848
263236, 16848
269614, 16848
279897, 16848
280176, 16848
282522, 16848
291072, 16848
291384, 16848
111889, 16837
114832, 16837
114852, 16837
114876, 16837
116867, 16837
116887, 16837
121102, 16837
122447, 16837
125021, 16837
125744, 16837
126070, 16837
131255, 16837
131497, 16837
135097, 16837
136241, 16837
136367, 16837
137624, 16837
138271, 16837
141126, 16837
141651, 16837
143080, 16837
143544, 16837
143678, 16837
144139, 16837
144618, 16837
144940, 16837
145502, 16837
146694, 16837
147171, 16837
150224, 16837
150368, 16837
150633, 16837
151408, 16837
152554, 16837
152975, 16837
153929, 16837
154308, 16837
154844, 16837
155665, 16837
156703, 16837
156861, 16837
157249, 16837
160353, 16837
160859, 16837
161972, 16837
162166, 16837
163335, 16837
164659, 16837
164789, 16837
165001, 16837
165965, 16837
166182, 16837
167120, 16837
168096, 16837
168290, 16837
170009, 16837
170235, 16837
171761, 16837
172500, 16837
172667, 16837
172914, 16837
173379, 16837
173829, 16837
175014, 16837
175386, 16837
175430, 16837
176171, 16837
177144, 16837
177311, 16837
177461, 16837
179671, 16837
181135, 16837
182851, 16837
183452, 16837
183607, 16837
183637, 16837
185946, 16837
186571, 16837
186573, 16837
189872, 16837
191147, 16837
191522, 16837
192161, 16837
195423, 16837
196294, 16837
197342, 16837
197430, 16837
199364, 16837
203045, 16837
203751, 16837
204882, 16837
206511, 16837
207984, 16837
208375, 16837
208607, 16837
208805, 16837
209301, 16837
210393, 16837
212334, 16837
212599, 16837
213911, 16837
214759, 16837
215675, 16837
219561, 16837
219996, 16837
222901, 16837
226149, 16837
230020, 16837
230083, 16837
233462, 16837
238323, 16837
238879, 16837
240742, 16837
243205, 16837
243909, 16837
247886, 16837
251442, 16837
254050, 16837
255016, 16837
256092, 16837
263842, 16837
267710, 16837
268678, 16837
269102, 16837
270833, 16837
271882, 16837
276358, 16837
276910, 16837
279583, 16837
286220, 16837
292205, 16837
120146, 16718
142301, 16718
146076, 16718
146328, 16718
149946, 16718
153899, 16718
159490, 16718
162591, 16718
165383, 16718
170193, 16718
172305, 16718
177257, 16718
188485, 16718
197770, 16718
200319, 16718
200722, 16718
220784, 16718
231416, 16718
238536, 16718
248691, 16718
252553, 16718
257042, 16718
272262, 16718
275470, 16718
290717, 16718
293874, 16718
99129, 16690
118806, 16690
132962, 16690
134870, 16690
139005, 16690
141213, 16690
147892, 16690
153638, 16690
167963, 16690
198600, 16690
218270, 16690
226287, 16690
229636, 16690
229731, 16690
238717, 16690
240097, 16690
240814, 16690
252295, 16690
256611, 16690
282800, 16690
283346, 16690
285504, 16690
287759, 16690
288150, 16690
288705, 16690
293557, 16690
293833, 16690
294120, 16690
105871, 16666
142731, 16666
147678, 16666
160939, 16666
183489, 16666
188463, 16666
189424, 16666
244608, 16666
247076, 16666
254325, 16666
257724, 16666
258431, 16666
261933, 16666
272121, 16666
278336, 16666
169483, 16409
170686, 16409
231837, 16409
232320, 16409
244651, 16409
259637, 16409
268007, 16409
277203, 16409
89706, 16343
127237, 16343
142020, 16343
158414, 16343
162358, 16343
173868, 16343
176249, 16343
188574, 16343
199386, 16343
209158, 16343
216593, 16343
234331, 16343
236734, 16343
237985, 16343
242525, 16343
283698, 16343
284795, 16343
284930, 16343
285845, 16343
286814, 16343
290745, 16343
2773, 16301
106026, 16237
251044, 16237
116600, 16224
118315, 16224
139112, 16224
146673, 16224
149105, 16224
149267, 16224
169644, 16224
172762, 16224
225887, 16224
225972, 16224
254643, 16224
255641, 16224
279289, 16224
295636, 16224
122550, 16048
136877, 16048
202638, 16048
231503, 16048
247278, 16048
255331, 16048
264692, 16048
265829, 16048
281275, 16048
284563, 16048
130552, 15916
140214, 15916
160492, 15916
222404, 15916
149931, 15846
166642, 15846
166874, 15846
179405, 15846
190388, 15846
199600, 15846
214751, 15846
223954, 15846
233796, 15846
239085, 15846
249931, 15846
257733, 15846
260368, 15846
275011, 15846
281022, 15846
282022, 15846
284197, 15846
287835, 15846
295295, 15846
96716, 15835
122958, 15835
156671, 15835
159075, 15835
161930, 15835
184967, 15835
192514, 15835
200028, 15835
207444, 15835
211504, 15835
213925, 15835
240761, 15835
242111, 15835
262365, 15835
120679, 15813
231076, 15813
272737, 15813
275923, 15813
277987, 15813
121622, 15735
122953, 15735
124130, 15735
128303, 15735
141953, 15735
150063, 15735
152882, 15735
160693, 15735
173621, 15735
173774, 15735
179280, 15735
180449, 15735
194838, 15735
196258, 15735
205215, 15735
214430, 15735
266519, 15735
289405, 15735
112037, 15690
209866, 15690
210939, 15690
219641, 15690
222378, 15690
243262, 15690
276996, 15690
283432, 15690
285035, 15690
293880, 15690
201907, 15626
283370, 15626
136720, 15612
174539, 15612
134737, 15543
136907, 15543
137457, 15543
141817, 15543
153611, 15543
180685, 15543
191078, 15543
230117, 15543
231460, 15543
252635, 15543
256022, 15543
271687, 15543
272456, 15543
294901, 15543
238030, 15438
86895, 15382
89137, 15382
228105, 15382
252489, 15382
123048, 15302
206087, 15302
211006, 15302
230596, 15302
195505, 15211
96495, 15194
114434, 15194
137703, 15194
178330, 15194
278493, 15194
281477, 15194
275436, 15185
126365, 14949
150081, 14949
150608, 14949
175896, 14949
217345, 14949
257103, 14949
279325, 14949
285095, 14949
188623, 14908
126888, 14768
128155, 14768
133092, 14768
133203, 14768
154894, 14768
186055, 14768
201251, 14768
202755, 14768
206368, 14768
209483, 14768
271075, 14683
160742, 14598
247690, 14598
278833, 14598
211661, 14504
234714, 14504
285500, 14504
161139, 14496
284488, 14496
198354, 14487
247029, 14419
118071, 14416
136621, 14416
141159, 14416
147898, 14416
151690, 14416
167599, 14416
168348, 14416
180083, 14416
215701, 14416
222602, 14416
227245, 14416
239118, 14416
243898, 14416
260633, 14416
277303, 14416
131461, 14397
177155, 14397
224270, 14397
152845, 14358
240416, 14358
253194, 14358
269807, 14358
292106, 14358
181272, 14352
217868, 14352
184543, 14262
206675, 14262
294421, 14242
211297, 14229
286974, 14228
141930, 14224
267743, 14224
286375, 14224
249746, 14203
166456, 14158
169569, 14024
220159, 13997
148332, 13864
164301, 13864
189623, 13864
199439, 13864
244454, 13864
157062, 13838
244261, 13838
274277, 13838
198341, 13807
150033, 13631
113482, 13622
125722, 13622
145681, 13622
146998, 13622
148412, 13622
150898, 13622
201736, 13622
208681, 13622
230198, 13622
235784, 13622
255816, 13622
261909, 13622
265724, 13622
266635, 13622
292893, 13622
294310, 13622
194817, 13608
222590, 13483
79894, 13427
42300, 13414
46041, 13414
50289, 13414
54800, 13414
68869, 13414
69256, 13414
105778, 13414
116095, 13414
120350, 13414
127816, 13414
132335, 13414
132473, 13414
138618, 13414
145184, 13414
168074, 13414
171107, 13414
175120, 13414
192856, 13414
207149, 13414
225422, 13414
225606, 13414
246576, 13414
260159, 13414
268958, 13414
282976, 13414
283051, 13414
289827, 13414
295047, 13414
120043, 13377
124629, 13377
200990, 13377
202686, 13377
208741, 13377
222272, 13377
255803, 13377
282542, 13377
283691, 13377
288337, 13224
280856, 13065
246518, 13041
249736, 13041
124782, 12999
130107, 12999
167355, 12999
287751, 12999
100297, 12933
101099, 12933
108820, 12933
153556, 12933
185872, 12933
200796, 12933
205410, 12933
227349, 12933
235861, 12933
136417, 12907
186522, 12907
266775, 12907
151277, 12820
131960, 12698
269491, 12698
210817, 12659
114657, 12522
292191, 12522
159493, 12475
251640, 12330
147133, 12291
196799, 12291
259155, 12210
123867, 12199
175168, 12199
196618, 12144
206147, 12144
290116, 12144
120139, 12103
223188, 12090
47907, 12001
55506, 12001
67440, 12001
70334, 12001
217270, 12001
176855, 11979
135827, 11653
143517, 11653
205747, 11431
149635, 11337
168065, 11337
256583, 11337
134860, 11301
101219, 11124
183370, 11124
232516, 11124
99016, 11088
139743, 11088
150466, 11088
197936, 11088
200694, 11088
265761, 11088
266392, 11084
233522, 11075
114228, 11067
136313, 11067
246996, 11067
12544, 11060
2596, 10411
242578, 10266
120517, 10245
213814, 10245
282796, 10245
2056, 10229
4830, 10229
2170, 10054
3599, 10054
9377, 10049
222395, 10030
8931, 9996
10383, 9996
10762, 9996
10782, 9996
11332, 9996
11782, 9996
1156, 9909
264714, 9809
284176, 9809
286791, 9809
291515, 9809
13985, 9780
14969, 9780
290836, 9729
16996, 9725
18287, 9725
20249, 9725
8670, 9721
13409, 9721
251911, 9719
13803, 9708
14590, 9708
15805, 9708
15872, 9708
15885, 9708
16066, 9708
16259, 9708
16343, 9708
16589, 9708
16656, 9708
16758, 9708
16789, 9708
16935, 9708
16948, 9708
17043, 9708
11322, 9672
13271, 9649
15804, 9649
16492, 9649
16553, 9649
12190, 9627
15502, 9627
15656, 9627
9292, 9588
11807, 9588
10643, 9558
3010, 9555
14137, 9555
14571, 9555
15366, 9555
15980, 9555
16516, 9555
16533, 9555
16906, 9555
17156, 9555
17177, 9555
18698, 9555
8273, 9532
25486, 9518
29359, 9518
32196, 9518
34468, 9518
34822, 9518
34972, 9518
38070, 9518
38292, 9518
39885, 9518
41896, 9518
42417, 9518
42642, 9518
43630, 9518
43768, 9518
43853, 9518
44052, 9518
44123, 9518
44893, 9518
48724, 9518
49528, 9518
25290, 9517
31423, 9517
32699, 9517
33575, 9517
34129, 9517
34582, 9517
36359, 9517
36758, 9517
36806, 9517
37426, 9517
37806, 9517
37897, 9517
38469, 9517
39185, 9517
39715, 9517
39939, 9517
40455, 9517
40641, 9517
41355, 9517
41567, 9517
42760, 9517
42802, 9517
43439, 9517
43763, 9517
44199, 9517
44628, 9517
45853, 9517
45919, 9517
46371, 9517
46399, 9517
47485, 9517
48104, 9517
48750, 9517
50333, 9517
50563, 9517
50676, 9517
100944, 9493
133119, 9493
135269, 9493
158349, 9493
166905, 9493
196483, 9493
200412, 9493
219151, 9493
7988, 9435
5544, 9434
11579, 9425
12042, 9425
12427, 9425
12946, 9425
12975, 9425
13141, 9425
13419, 9425
13558, 9425
13743, 9425
13939, 9425
14018, 9425
14020, 9425
14230, 9425
14282, 9425
14289, 9425
14421, 9425
14459, 9425
14557, 9425
14621, 9425
14667, 9425
15040, 9425
15126, 9425
15444, 9425
15446, 9425
15580, 9425
15662, 9425
15774, 9425
16276, 9425
270436, 9406
45560, 9381
24696, 9347
45840, 9347
34733, 9315
43160, 9315
47013, 9315
48353, 9315
48472, 9315
272723, 9297
15262, 9280
40071, 9280
41274, 9280
41906, 9280
44370, 9280
46179, 9280
46613, 9280
47524, 9280
49088, 9280
49392, 9280
49616, 9280
49897, 9280
49947, 9280
50559, 9280
51087, 9280
51347, 9280
52067, 9280
52122, 9280
53177, 9280
53868, 9280
55532, 9280
55844, 9280
58230, 9280
47307, 9210
7949, 9193
9102, 9193
9982, 9193
37401, 9168
40546, 9168
41462, 9168
42781, 9168
44171, 9168
48077, 9168
50176, 9168
53120, 9168
56222, 9168
7631, 9167
15161, 9154
17170, 9154
18567, 9154
18577, 9154
18583, 9154
18710, 9154
18786, 9154
19061, 9154
19217, 9154
19279, 9154
19690, 9154
20014, 9154
20696, 9154
20998, 9154
81306, 9136
208589, 9113
31365, 9090
33343, 9090
33347, 9090
33762, 9090
33955, 9090
35092, 9090
35425, 9090
37901, 9090
39731, 9090
39784, 9090
39788, 9090
40120, 9090
40202, 9090
41344, 9090
41631, 9090
43432, 9090
49767, 9090
38544, 9076
30338, 9073
30356, 9073
32612, 9073
34044, 9073
40978, 9073
42081, 9073
14386, 9055
36764, 9001
38242, 9001
38854, 9001
38962, 9001
39141, 9001
39862, 9001
40166, 9001
40241, 9001
40819, 9001
41493, 9001
41695, 9001
42046, 9001
42928, 9001
43622, 9001
43757, 9001
43867, 9001
43891, 9001
43964, 9001
44177, 9001
44192, 9001
44690, 9001
45418, 9001
46066, 9001
46363, 9001
47419, 9001
47443, 9001
47832, 9001
47949, 9001
48311, 9001
48696, 9001
49406, 9001
49484, 9001
49536, 9001
49602, 9001
49617, 9001
49987, 9001
50153, 9001
50428, 9001
50813, 9001
52320, 9001
52993, 9001
53241, 9001
55764, 9001
33726, 8998
37723, 8975
36144, 8971
43449, 8964
35569, 8963
36684, 8963
37529, 8963
38060, 8963
38609, 8963
39735, 8963
40633, 8963
40649, 8963
40763, 8963
40880, 8963
41432, 8963
41716, 8963
43703, 8963
43772, 8963
44773, 8963
45033, 8963
45865, 8963
46482, 8963
47498, 8963
47910, 8963
48153, 8963
48489, 8963
48614, 8963
48836, 8963
48988, 8963
48996, 8963
49107, 8963
49394, 8963
49839, 8963
50037, 8963
50387, 8963
51091, 8963
52995, 8963
53001, 8963
55005, 8963
56008, 8963
57707, 8963
58289, 8963
58834, 8963
15384, 8962
12829, 8954
16053, 8939
20434, 8939
17589, 8919
11366, 8915
11403, 8915
29494, 8909
31777, 8909
32420, 8909
32623, 8909
37232, 8909
37645, 8909
39509, 8909
39831, 8909
39981, 8909
40966, 8909
41657, 8909
42523, 8909
43062, 8909
43898, 8909
44703, 8909
45265, 8909
45587, 8909
45709, 8909
46496, 8909
46788, 8909
47413, 8909
47681, 8909
48071, 8909
48465, 8909
50401, 8909
50561, 8909
52237, 8909
44455, 8891
7908, 8840
9750, 8840
10043, 8840
11897, 8840
5970, 8816
5183, 8810
7919, 8807
8584, 8807
8751, 8807
9854, 8807
10074, 8807
10090, 8807
10261, 8807
10342, 8807
10633, 8807
10704, 8807
10727, 8807
10978, 8807
11269, 8807
11675, 8807
11746, 8807
12130, 8807
12569, 8807
38080, 8685
39959, 8685
42089, 8657
12785, 8615
13011, 8615
13057, 8615
13278, 8615
13489, 8615
14191, 8615
1518, 8564
3790, 8564
39635, 8552
42311, 8538
40553, 8511
41326, 8511
43415, 8511
43707, 8511
45296, 8511
45459, 8511
45746, 8511
47078, 8511
47729, 8511
48313, 8511
49175, 8511
49686, 8511
51081, 8511
51376, 8511
52134, 8511
32718, 8489
36470, 8489
37163, 8489
38307, 8489
40218, 8489
41508, 8489
41858, 8489
43276, 8489
46724, 8489
50378, 8489
53445, 8489
46895, 8475
47888, 8475
49922, 8475
49984, 8475
51281, 8475
20662, 8472
22636, 8472
22914, 8472
18666, 8376
19247, 8376
20171, 8376
20964, 8376
21190, 8376
21431, 8376
21726, 8376
21816, 8376
22807, 8376
22821, 8376
23035, 8376
23130, 8376
23598, 8376
23852, 8376
24419, 8376
24444, 8376
24451, 8376
24538, 8376
24610, 8376
26190, 8376
26501, 8376
26639, 8376
32821, 8376
53475, 8376
43736, 8341
45632, 8341
48272, 8341
49098, 8341
49177, 8341
49888, 8341
50845, 8341
50995, 8341
51851, 8341
52381, 8341
52384, 8341
52877, 8341
55233, 8341
55591, 8341
55675, 8341
34353, 8339
34871, 8339
37405, 8339
37847, 8339
39431, 8339
41535, 8339
42638, 8339
43658, 8339
44143, 8339
44643, 8339
45471, 8339
45530, 8339
45543, 8339
46287, 8339
48663, 8339
48822, 8339
49813, 8339
50045, 8339
54035, 8339
17309, 8301
18552, 8301
19748, 8301
20282, 8301
20382, 8301
20482, 8301
21086, 8301
21104, 8301
21226, 8301
21585, 8301
21657, 8301
21986, 8301
22053, 8301
22618, 8301
22982, 8301
118207, 8290
135163, 8290
175637, 8290
287978, 8290
288835, 8290
42722, 8272
44933, 8272
52585, 8272
20256, 8270
21782, 8270
22839, 8270
22907, 8270
5909, 8266
17055, 8256
19077, 8256
22079, 8256
22808, 8256
23079, 8256
23641, 8256
25057, 8256
16194, 8251
22098, 8251
180149, 8219
5429, 8207
6246, 8207
34406, 8200
35278, 8200
35328, 8200
37081, 8200
37103, 8200
37457, 8200
37532, 8200
37596, 8200
37681, 8200
37780, 8200
37876, 8200
38321, 8200
39450, 8200
39859, 8200
40707, 8200
40833, 8200
41428, 8200
41437, 8200
41613, 8200
43092, 8200
43594, 8200
43978, 8200
44083, 8200
47295, 8200
43018, 8163
45412, 8163
54150, 8163
58399, 8163
3466, 8148
35816, 8142
37539, 8138
6059, 8112
34834, 8069
42968, 8069
44184, 8069
44381, 8069
46502, 8069
47284, 8069
53579, 8069
55201, 8069
45141, 8064
12616, 8053
14040, 8053
15461, 8053
16337, 8053
15145, 8021
186667, 8020
24507, 8011
25453, 8011
26403, 8011
26497, 8011
27913, 8011
28495, 8011
29375, 8011
30063, 8011
30086, 8011
30115, 8011
30237, 8011
31025, 8011
31286, 8011
31836, 8011
34268, 8011
30110, 7999
33629, 7999
33639, 7999
34217, 7999
35058, 7999
36444, 7999
37740, 7999
38454, 7999
44888, 7999
46375, 7991
24946, 7990
27115, 7990
27807, 7990
29896, 7990
30347, 7990
30392, 7990
30635, 7990
30898, 7990
33341, 7990
36091, 7990
3517, 7981
34202, 7975
34281, 7975
38656, 7975
40187, 7975
40779, 7975
41017, 7975
41033, 7975
44920, 7975
45942, 7975
46299, 7975
25976, 7961
21460, 7954
22012, 7954
23721, 7954
23732, 7954
23861, 7954
24193, 7954
24655, 7954
24740, 7954
24862, 7954
24922, 7954
25593, 7954
25760, 7954
26368, 7954
26549, 7954
26651, 7954
26708, 7954
26901, 7954
26913, 7954
27120, 7954
27193, 7954
27340, 7954
27342, 7954
27509, 7954
28018, 7954
28060, 7954
28193, 7954
28349, 7954
28909, 7954
28958, 7954
28975, 7954
29004, 7954
29007, 7954
29065, 7954
30073, 7954
32511, 7954
8843, 7951
9354, 7951
9950, 7951
10257, 7951
16993, 7950
20119, 7950
20717, 7950
23738, 7950
24702, 7950
24741, 7950
25054, 7950
25638, 7950
26666, 7950
26877, 7950
27142, 7950
27876, 7950
28447, 7950
28680, 7950
29714, 7950
30582, 7950
31214, 7950
31264, 7950
31322, 7950
31374, 7950
40414, 7937
41465, 7937
42443, 7937
42911, 7937
44338, 7937
45385, 7937
46086, 7937
46324, 7937
47446, 7937
48304, 7937
48556, 7937
49245, 7937
50482, 7937
53585, 7937
54048, 7937
18229, 7932
257358, 7932
6423, 7931
148012, 7929
40000, 7923
41943, 7923
45076, 7923
45769, 7923
48295, 7923
51264, 7923
23775, 7917
24073, 7905
24225, 7905
27079, 7905
29312, 7905
29600, 7905
29643, 7905
29743, 7905
30018, 7905
30297, 7905
30466, 7905
30704, 7905
31159, 7905
31191, 7905
31469, 7905
31774, 7905
32022, 7905
32183, 7905
32493, 7905
32793, 7905
33466, 7905
34019, 7905
34153, 7905
34171, 7905
34230, 7905
34233, 7905
34540, 7905
35135, 7905
35285, 7905
35547, 7905
35656, 7905
36167, 7905
37383, 7905
37975, 7905
38043, 7905
38446, 7905
42421, 7892
44708, 7892
45592, 7892
45948, 7892
46416, 7892
48753, 7892
49744, 7892
50988, 7892
53011, 7892
44822, 7884
47819, 7884
48336, 7884
54869, 7884
31474, 7870
32626, 7870
33591, 7870
35046, 7870
35450, 7870
33144, 7855
249162, 7847
20745, 7843
52049, 7825
14307, 7824
19713, 7824
22880, 7824
23109, 7824
25015, 7824
30959, 7824
5917, 7823
7004, 7823
8091, 7823
8182, 7823
8296, 7823
14316, 7795
18470, 7795
18511, 7795
18973, 7795
19867, 7795
20436, 7795
20530, 7795
20860, 7795
21066, 7795
21191, 7795
21601, 7795
21758, 7795
22183, 7795
24008, 7795
24120, 7795
25243, 7795
25460, 7795
25480, 7795
25508, 7795
25604, 7795
25612, 7795
27611, 7795
27999, 7795
29080, 7795
27092, 7793
28681, 7793
30214, 7793
30581, 7793
31257, 7793
34523, 7793
34998, 7793
35095, 7793
36009, 7793
36124, 7793
39533, 7792
25200, 7786
26468, 7786
31907, 7786
29954, 7777
22806, 7729
25936, 7729
26395, 7729
29876, 7729
30280, 7729
31827, 7729
32139, 7729
33122, 7729
19450, 7722
19792, 7722
28050, 7717
28558, 7717
29150, 7717
31825, 7717
32068, 7717
32475, 7717
33390, 7717
37577, 7717
33494, 7705
36554, 7705
41044, 7705
32455, 7700
17145, 7682
18322, 7682
29653, 7677
34447, 7677
8932, 7654
217377, 7603
177037, 7591
33160, 7586
26739, 7578
35256, 7578
38692, 7578
29139, 7562
29443, 7562
29555, 7562
32015, 7562
32159, 7562
33359, 7562
35972, 7562
36325, 7562
36434, 7562
37918, 7562
48115, 7562
23179, 7560
14686, 7556
15318, 7556
11899, 7533
10829, 7501
30867, 7478
38101, 7455
18950, 7427
206773, 7362
233887, 7362
96084, 7335
168261, 7335
196044, 7335
197131, 7200
216397, 7200
237227, 7200
240175, 7200
261340, 7200
101344, 6882
21319, 6878
22126, 6878
26452, 6878
28260, 6878
28914, 6878
31834, 6878
33971, 6878
281534, 6878
19257, 6796
147825, 6712
14023, 6679
130376, 6675
130661, 6675
170123, 6675
186345, 6673
268279, 6670
84562, 6297
283797, 6297
32478, 6216
227566, 6021
210290, 5860
234152, 5860
17807, 5794
117588, 5775
127531, 5775
134629, 5775
153957, 5775
158900, 5775
176224, 5775
179014, 5775
192364, 5775
227852, 5775
238877, 5775
253267, 5775
253507, 5775
255262, 5775
271377, 5775
286437, 5775
20631, 5670
44322, 5670
46915, 5670
51889, 5670
56470, 5670
59706, 5670
69841, 5670
73465, 5670
78919, 5670
82745, 5670
86553, 5670
86853, 5670
101949, 5670
108458, 5670
139599, 5670
147348, 5670
163336, 5670
163340, 5670
200130, 5670
221637, 5670
232487, 5670
105437, 5643
121251, 5643
140654, 5643
148582, 5643
176675, 5643
179447, 5643
180601, 5643
183589, 5643
184314, 5643
184372, 5643
190335, 5643
200388, 5643
203681, 5643
204603, 5643
205306, 5643
205356, 5643
209144, 5643
212271, 5643
214097, 5643
219688, 5643
225246, 5643
227448, 5643
229903, 5643
230235, 5643
234111, 5643
238403, 5643
244596, 5643
250372, 5643
259928, 5643
260677, 5643
264405, 5643
275278, 5643
276249, 5643
285394, 5643
285692, 5643
287552, 5643
239624, 5611
254566, 5611
103223, 5546
125950, 5546
154934, 5546
158603, 5546
172249, 5546
177713, 5546
180520, 5546
189366, 5546
193261, 5546
194820, 5546
196968, 5546
197272, 5546
207358, 5546
208072, 5546
208795, 5546
215010, 5546
216081, 5546
217534, 5546
220419, 5546
231155, 5546
231269, 5546
231332, 5546
237618, 5546
238299, 5546
238973, 5546
239737, 5546
246494, 5546
248983, 5546
249379, 5546
250096, 5546
251188, 5546
253018, 5546
254119, 5546
256581, 5546
260085, 5546
261713, 5546
262247, 5546
262414, 5546
263582, 5546
263967, 5546
264666, 5546
264926, 5546
266627, 5546
266798, 5546
267129, 5546
267502, 5546
268217, 5546
270720, 5546
271661, 5546
275385, 5546
276605, 5546
279189, 5546
279353, 5546
280141, 5546
280703, 5546
280726, 5546
284217, 5546
287712, 5546
292363, 5546
292410, 5546
292752, 5546
295824, 5546
13227, 5369
40638, 5369
56074, 5369
59386, 5369
61791, 5369
66417, 5369
70916, 5369
73296, 5369
74799, 5369
76528, 5369
80944, 5369
83074, 5369
85654, 5369
87684, 5369
87962, 5369
93244, 5369
95990, 5369
96502, 5369
97713, 5369
107016, 5369
114754, 5369
132088, 5369
135673, 5369
151393, 5369
159564, 5369
160665, 5369
160691, 5369
163690, 5369
165474, 5369
172003, 5369
174289, 5369
211793, 5369
225454, 5369
243949, 5369
261412, 5369
23645, 5294
18701, 5293
17256, 5272
19558, 5272
20221, 5272
20431, 5272
21394, 5272
15477, 5271
15668, 5270
24246, 5270
22587, 5260
23067, 5257
26290, 5253
22620, 5238
19283, 5233
20950, 5233
21362, 5233
22822, 5233
24984, 5230
6075, 5229
6887, 5229
24278, 5229
141730, 5229
118158, 5183
118237, 5183
124485, 5183
126129, 5183
131148, 5183
142952, 5183
158066, 5183
158695, 5183
28477, 5158
53873, 5158
64128, 5158
81864, 5158
83147, 5158
90556, 5152
202833, 5064
282211, 5064
31691, 4991
36205, 4991
37578, 4991
40765, 4991
40845, 4991
40938, 4991
42473, 4991
42529, 4991
42961, 4991
44203, 4991
44636, 4991
46074, 4991
46750, 4991
174121, 4991
34473, 4945
39845, 4923
44022, 4923
46913, 4923
47149, 4923
227010, 4918
33815, 4910
34375, 4910
34631, 4910
35065, 4910
35201, 4910
35660, 4910
36128, 4910
41050, 4910
41133, 4910
42445, 4910
32398, 4898
42194, 4898
42271, 4898
7312, 4897
11998, 4897
22795, 4897
25278, 4897
38634, 4897
38851, 4897
211900, 4897
34359, 4875
37171, 4873
38131, 4873
73797, 4870
79607, 4870
31530, 4868
10848, 4833
14267, 4833
18533, 4833
18758, 4833
23247, 4833
44695, 4833
46006, 4833
94278, 4833
128171, 4833
149411, 4833
193464, 4833
208801, 4833
209039, 4833
218831, 4833
259186, 4833
260883, 4833
277399, 4833
290633, 4833
34533, 4819
35258, 4819
36176, 4819
37892, 4819
38143, 4819
40500, 4819
41311, 4819
41588, 4819
43819, 4819
39406, 4803
274657, 4802
224789, 4787
2882, 4780
5186, 4780
18464, 4780
24443, 4759
25302, 4759
26278, 4759
30257, 4759
34142, 4759
36987, 4759
37838, 4759
52829, 4759
71605, 4759
99124, 4759
119015, 4759
126621, 4759
127898, 4759
137346, 4759
138843, 4759
156913, 4759
169681, 4759
185707, 4759
202787, 4759
203044, 4759
237983, 4759
246137, 4759
33439, 4753
36209, 4753
37053, 4753
37071, 4753
37358, 4753
37796, 4753
38936, 4753
38995, 4753
40173, 4753
40789, 4753
41507, 4753
42298, 4753
42869, 4753
42943, 4753
131242, 4752
142915, 4752
11102, 4728
69455, 4728
73266, 4728
88002, 4728
91125, 4728
98323, 4728
98924, 4728
100046, 4728
104014, 4728
105668, 4728
111260, 4728
114402, 4728
124966, 4728
125244, 4728
90693, 4727
110261, 4727
124778, 4727
27338, 4724
38195, 4722
38805, 4722
39161, 4722
39341, 4722
42600, 4722
23887, 4720
25802, 4720
23321, 4706
32642, 4685
38902, 4685
41224, 4685
42731, 4685
45535, 4685
45574, 4685
45991, 4685
46302, 4685
46387, 4685
46943, 4685
50394, 4685
137398, 4682
176428, 4682
177031, 4682
204506, 4682
101587, 4681
145586, 4681
32551, 4653
36763, 4653
37698, 4653
37950, 4653
38502, 4653
39182, 4653
18319, 4642
25851, 4640
35228, 4640
38075, 4640
38471, 4640
41425, 4640
32158, 4633
34786, 4633
35381, 4633
37642, 4633
38246, 4633
38717, 4633
39925, 4633
170782, 4633
185215, 4633
188696, 4633
193229, 4633
220641, 4633
226002, 4633
235430, 4633
242282, 4633
260391, 4633
262243, 4633
263954, 4633
274780, 4633
13770, 4624
8326, 4614
21323, 4614
24992, 4614
54192, 4614
110281, 4614
75465, 4609
105740, 4609
130649, 4609
139573, 4609
142052, 4609
147108, 4609
177613, 4609
205471, 4609
36375, 4603
37319, 4603
37644, 4603
38830, 4603
39107, 4603
30934, 4595
36345, 4556
38525, 4556
39300, 4556
40918, 4556
41825, 4556
148026, 4538
289934, 4538
60876, 4534
97479, 4534
116202, 4534
120204, 4534
185559, 4534
34111, 4528
39234, 4528
40349, 4528
40515, 4528
41792, 4528
42035, 4528
42772, 4528
39325, 4500
40321, 4500
40549, 4500
41962, 4500
42321, 4500
48282, 4500
49703, 4500
30793, 4493
31582, 4493
33910, 4493
35349, 4493
37260, 4493
37387, 4493
37836, 4493
38216, 4493
38934, 4493
39633, 4493
40722, 4493
40732, 4493
42292, 4493
47030, 4493
235670, 4480
31768, 4472
34256, 4472
37249, 4472
38742, 4472
38513, 4465
39143, 4465
27645, 4455
37533, 4455
38364, 4455
38835, 4455
39258, 4455
40234, 4455
41138, 4455
33136, 4452
140823, 4444
32246, 4442
32964, 4442
33209, 4442
36123, 4442
38354, 4442
39797, 4442
40130, 4442
41060, 4442
41414, 4442
43395, 4442
45013, 4442
33127, 4416
32752, 4413
38882, 4413
39165, 4413
40510, 4413
41448, 4413
41819, 4413
41979, 4413
43986, 4413
45036, 4413
45202, 4413
45298, 4413
45303, 4413
46148, 4413
47938, 4413
48407, 4413
9919, 4408
31927, 4406
33559, 4406
232208, 4406
14482, 4394
19842, 4394
31026, 4393
33692, 4393
34779, 4393
35688, 4393
35912, 4393
39776, 4393
20143, 4387
20416, 4387
22650, 4387
54563, 4381
18344, 4380
20254, 4380
20324, 4380
20882, 4380
28877, 4375
29322, 4375
30007, 4375
68042, 4371
30676, 4367
34441, 4367
34774, 4367
36927, 4367
37437, 4367
37972, 4367
38193, 4367
243711, 4367
273654, 4367
35652, 4366
36550, 4366
37472, 4366
28799, 4359
26762, 4358
94137, 4346
18159, 4343
19012, 4340
19563, 4340
20539, 4340
20791, 4340
20962, 4340
21260, 4340
22249, 4340
22484, 4340
25563, 4339
19111, 4333
18897, 4324
19721, 4324
37131, 4311
39796, 4311
39858, 4311
45906, 4311
36791, 4308
39657, 4308
39913, 4308
40266, 4308
43822, 4308
44018, 4308
44813, 4308
46001, 4308
12782, 4306
15636, 4306
16065, 4306
21091, 4304
21789, 4304
22883, 4304
24542, 4304
16442, 4303
16797, 4303
25000, 4297
25352, 4297
16836, 4296
30205, 4296
20310, 4295
23047, 4295
18459, 4289
17747, 4286
20607, 4286
21013, 4286
21835, 4286
21853, 4286
22503, 4286
35116, 4286
36994, 4286
20834, 4282
25206, 4282
16975, 4281
29828, 4275
33358, 4275
35384, 4275
36872, 4275
16982, 4273
17779, 4273
18339, 4273
18704, 4273
19208, 4273
19505, 4273
19086, 4235
14995, 4234
16787, 4234
17264, 4234
16727, 4225
19410, 4224
197367, 4222
229713, 4222
255497, 4222
271213, 4222
72277, 4210
23958, 4208
27919, 4208
38490, 4205
40042, 4205
42388, 4205
33860, 4203
34053, 4203
16236, 4189
16614, 4188
19064, 4177
20899, 4177
22174, 4177
20932, 4176
21068, 4166
24144, 4166
23827, 4152
18436, 4144
19197, 4144
20634, 4144
23152, 4144
21774, 4134
21876, 4134
28619, 4133
39793, 4133
40551, 4133
41955, 4133
42422, 4133
42998, 4133
44884, 4133
45256, 4133
20777, 4129
18491, 4126
21926, 4126
25934, 4119
26820, 4119
26905, 4119
27319, 4119
28979, 4119
29251, 4119
32030, 4119
25494, 4099
28155, 4099
28422, 4099
28762, 4099
28882, 4099
14460, 4007
18112, 4007
35875, 3987
35932, 3987
36562, 3987
36729, 3987
37809, 3987
38984, 3987
40434, 3987
40694, 3987
40884, 3987
41127, 3987
41840, 3987
48791, 3987
17845, 3981
13917, 3945
122614, 3910
147521, 3909
160759, 3909
211686, 3909
32479, 3897
39298, 3897
43488, 3897
51499, 3897
54568, 3897
55753, 3897
56561, 3897
57567, 3897
59795, 3897
61943, 3897
63525, 3897
64267, 3897
64892, 3897
65577, 3897
67544, 3897
71461, 3897
81290, 3897
46423, 3896
48560, 3896
49084, 3896
50489, 3896
54343, 3896
55546, 3896
56236, 3896
56738, 3896
57385, 3896
58489, 3896
59618, 3896
59926, 3896
60370, 3896
60680, 3896
61187, 3896
62139, 3896
62193, 3896
62300, 3896
63133, 3896
63504, 3896
64657, 3896
64861, 3896
65174, 3896
66267, 3896
66378, 3896
66864, 3896
68952, 3896
70045, 3896
70349, 3896
71686, 3896
72838, 3896
72977, 3896
73829, 3896
75370, 3896
42237, 3877
274611, 3872
19239, 3863
20658, 3863
38228, 3861
38818, 3861
39317, 3861
40831, 3861
41960, 3861
43254, 3861
43872, 3861
44293, 3861
45072, 3861
45251, 3861
46054, 3861
47306, 3861
47462, 3861
47866, 3861
47914, 3861
48035, 3861
48120, 3861
48580, 3861
49707, 3861
49908, 3861
50976, 3861
51941, 3861
52212, 3861
52376, 3861
52692, 3861
52913, 3861
53252, 3861
54588, 3861
54599, 3861
55289, 3861
56746, 3861
56888, 3861
58343, 3861
58886, 3861
60339, 3861
60824, 3861
62646, 3861
62727, 3861
63372, 3861
63449, 3861
64935, 3861
66111, 3861
92088, 3861
109042, 3861
275601, 3861
71088, 3848
57217, 3840
63985, 3840
66487, 3840
67040, 3840
68913, 3840
69839, 3840
73281, 3840
73322, 3840
82240, 3840
39985, 3834
42948, 3834
43806, 3834
44215, 3834
44309, 3834
45938, 3834
46280, 3834
46902, 3834
47067, 3834
47367, 3834
47425, 3834
47547, 3834
47798, 3834
49950, 3834
51198, 3834
51342, 3834
53534, 3834
54071, 3834
54095, 3834
54554, 3834
55264, 3834
55402, 3834
55438, 3834
55623, 3834
60867, 3834
60907, 3834
64985, 3834
14425, 3806
15888, 3806
15947, 3806
16229, 3806
17062, 3806
17223, 3806
17761, 3806
45489, 3805
47179, 3805
48135, 3805
51176, 3805
51219, 3805
51486, 3805
52104, 3805
56087, 3805
60026, 3805
61122, 3805
62338, 3805
62507, 3805
65339, 3805
69278, 3805
74252, 3805
74834, 3805
12907, 3800
18161, 3800
35474, 3778
40078, 3778
41089, 3778
41151, 3778
42013, 3778
42865, 3778
43686, 3778
45113, 3778
14368, 3767
16989, 3766
18385, 3763
37860, 3752
41376, 3752
46632, 3752
16051, 3751
16189, 3751
16503, 3751
17079, 3751
18178, 3751
14430, 3737
15525, 3737
15938, 3737
16039, 3737
16076, 3737
16615, 3737
17680, 3737
17897, 3737
18003, 3737
18060, 3737
18341, 3737
18920, 3737
19405, 3737
17096, 3736
46207, 3734
57202, 3734
57368, 3734
59745, 3734
16564, 3720
10660, 3715
13824, 3693
15534, 3693
16403, 3693
17673, 3693
34550, 3679
39824, 3679
41039, 3679
41201, 3679
41474, 3679
41973, 3679
43032, 3679
43036, 3679
44088, 3679
46078, 3679
46850, 3679
47659, 3679
48097, 3679
17860, 3674
14675, 3669
23691, 3669
51842, 3669
51923, 3669
60534, 3669
15929, 3668
15088, 3660
16679, 3660
17073, 3660
17227, 3660
18217, 3660
18306, 3660
152568, 3660
17168, 3657
17750, 3657
15860, 3656
16303, 3656
17333, 3656
18723, 3656
58826, 3650
16790, 3649
13594, 3636
15193, 3630
16200, 3630
16606, 3630
67948, 3630
15870, 3605
17224, 3605
17489, 3605
17796, 3605
18702, 3605
17819, 3600
18098, 3600
12555, 3597
13410, 3597
13528, 3597
16596, 3593
11967, 3587
34211, 3558
14454, 3528
62644, 3525
70928, 3525
16202, 3517
16275, 3517
17852, 3517
34077, 3517
36634, 3517
37667, 3517
39877, 3517
47828, 3517
48706, 3517
49076, 3517
50166, 3517
51172, 3517
51951, 3517
52571, 3517
54422, 3517
14692, 3509
16731, 3509
17452, 3509
272271, 3453
125915, 3401
20650, 3398
110450, 3390
128967, 3338
166984, 3338
14440, 3318
158748, 3316
288400, 3316
15374, 3292
18479, 3292
17245, 3290
18699, 3290
16550, 3286
17015, 3286
17994, 3286
33176, 3279
42910, 3279
44439, 3279
46718, 3279
16091, 3274
16815, 3274
17486, 3274
18469, 3274
49295, 3272
50591, 3272
58409, 3272
9456, 3260
146857, 3256
232519, 3256
12994, 3250
16567, 3250
16782, 3250
16886, 3250
13835, 3225
13956, 3225
15689, 3225
17106, 3225
17133, 3225
15156, 3216
15760, 3216
15916, 3216
13559, 3211
15737, 3211
16149, 3211
16605, 3211
16723, 3211
7302, 3163
17576, 3147
26681, 3129
104688, 3129
107162, 3129
159434, 3129
187864, 3129
269264, 3129
269680, 3129
289342, 3129
14688, 3109
15933, 3107
28157, 3097
13833, 3065
16225, 3065
17298, 3065
18299, 3059
5139, 3051
15255, 3041
16021, 3041
15456, 3025
15952, 3025
16048, 3025
16059, 3025
16196, 3025
16478, 3025
16938, 3025
16942, 3025
7366, 3012
4066, 2991
191817, 2991
202144, 2991
245459, 2991
272875, 2991
12659, 2972
14616, 2972
14987, 2972
15330, 2972
15356, 2972
16671, 2972
8881, 2960
9203, 2960
7564, 2957
8249, 2957
8389, 2957
8565, 2957
8952, 2957
9398, 2957
9534, 2957
9538, 2957
9800, 2957
9801, 2957
10168, 2957
14179, 2947
14333, 2947
14455, 2947
14932, 2947
9918, 2942
10053, 2942
7471, 2938
7633, 2938
10518, 2938
9985, 2926
11474, 2926
11614, 2926
11840, 2926
11950, 2926
12577, 2926
208857, 2926
222909, 2925
51414, 2918
11380, 2915
3878, 2905
3954, 2905
4754, 2905
4979, 2905
41305, 2905
164893, 2905
166949, 2905
176278, 2905
12473, 2898
14171, 2898
14334, 2898
8226, 2897
10604, 2877
11900, 2877
12291, 2877
13129, 2876
14358, 2876
12154, 2862
12292, 2862
12260, 2859
12515, 2859
11165, 2852
11813, 2852
12812, 2852
13095, 2852
13811, 2852
9277, 2842
18357, 2838
288711, 2825
58202, 2800
206444, 2800
268333, 2800
272186, 2800
191948, 2796
230015, 2796
277322, 2796
278701, 2796
132890, 2792
154244, 2792
166604, 2792
175182, 2792
178571, 2792
187894, 2792
202811, 2792
246450, 2792
249856, 2792
252974, 2792
266974, 2792
70016, 2789
4709, 2788
111430, 2782
81151, 2780
294214, 2780
266258, 2763
268815, 2763
75234, 2714
84263, 2714
84873, 2714
85707, 2714
115466, 2714
115898, 2714
130854, 2714
136012, 2714
153812, 2714
7236, 2710
7680, 2699
4373, 2684
4459, 2684
4546, 2684
4729, 2684
4800, 2684
37593, 2684
38444, 2684
38862, 2684
45525, 2684
130003, 2684
140763, 2684
43673, 2683
55885, 2660
221574, 2659
42620, 2657
158190, 2657
126318, 2625
146684, 2625
148470, 2625
160578, 2625
161830, 2625
165397, 2625
201330, 2625
202671, 2625
233346, 2625
245283, 2625
245903, 2625
263500, 2625
266145, 2625
6867, 2600
78222, 2598
3646, 2593
4128, 2593
4133, 2593
4349, 2593
4392, 2593
41185, 2593
45079, 2593
74885, 2583
164351, 2527
175086, 2527
177752, 2527
178679, 2527
198649, 2527
209265, 2527
217887, 2527
273361, 2527
4715, 2509
5195, 2509
5215, 2509
5275, 2509
5311, 2509
5315, 2509
5492, 2509
5629, 2509
6186, 2509
45812, 2509
47467, 2509
54508, 2509
144287, 2509
4956, 2505
219091, 2458
145581, 2415
183678, 2415
113241, 2408
83003, 2403
211376, 2403
214231, 2403
218515, 2403
235121, 2403
239884, 2403
246952, 2403
248962, 2403
271046, 2403
229373, 2395
69042, 2371
4984, 2349
5866, 2349
5962, 2349
6514, 2349
6797, 2349
7010, 2349
7080, 2349
7320, 2349
42635, 2349
55316, 2349
56289, 2349
60315, 2349
72536, 2349
228795, 2349
6084, 2341
6222, 2341
6336, 2341
6500, 2341
6656, 2341
6763, 2341
6857, 2341
6940, 2341
7146, 2341
7255, 2341
58925, 2341
61139, 2341
66307, 2341
71103, 2341
72573, 2341
181383, 2341
182156, 2341
235435, 2341
252248, 2341
268489, 2341
291569, 2341
6992, 2325
7117, 2325
7216, 2325
7288, 2325
7459, 2325
7568, 2325
7687, 2325
7697, 2325
7900, 2325
55796, 2325
56963, 2325
73521, 2325
81278, 2325
199491, 2325
234712, 2325
236686, 2325
124875, 2301
292962, 2263
131741, 2250
258367, 2250
264974, 2250
270283, 2250
277400, 2250
278166, 2250
284652, 2250
288954, 2250
124033, 2246
6837, 2235
125300, 2230
125855, 2227
13378, 2216
250860, 2209
253524, 2209
81363, 2148
115891, 2148
4990, 2134
5110, 2134
5362, 2134
5445, 2134
5888, 2134
5926, 2134
50918, 2134
59485, 2134
153662, 2134
171397, 2134
6331, 2116
6457, 2116
19374, 2094
138765, 1940
290213, 1929
179967, 1911
126084, 1907
256915, 1838
7061, 1805
7101, 1805
54796, 1805
69999, 1797
234488, 1797
985, 1698
1717, 1698
2910, 1698
3107, 1698
3288, 1698
3295, 1698
3508, 1698
3540, 1698
3565, 1698
3783, 1698
3872, 1698
3959, 1698
4059, 1698
4158, 1698
4233, 1698
4260, 1698
4345, 1698
4353, 1698
4411, 1698
4522, 1698
4556, 1698
4557, 1698
4639, 1698
4654, 1698
3738, 1695
3935, 1695
4436, 1695
4562, 1695
4611, 1695
4614, 1695
4771, 1695
4865, 1695
4914, 1695
4922, 1695
5089, 1695
3115, 1605
3167, 1605
3238, 1605
3312, 1605
31249, 1605
40420, 1605
109690, 1605
1376, 1600
1793, 1600
1827, 1600
2050, 1600
2442, 1600
2451, 1600
2630, 1600
2718, 1600
2840, 1600
2874, 1600
3097, 1600
3171, 1600
3439, 1600
824, 1585
1690, 1585
1779, 1585
1820, 1585
2426, 1585
3749, 1568
4317, 1568
4636, 1568
4706, 1568
4932, 1568
4980, 1568
5042, 1568
5114, 1568
5132, 1568
5135, 1568
5212, 1568
5240, 1568
256108, 1546
16184, 1478
19709, 1478
23000, 1478
23058, 1478
24380, 1478
25988, 1478
27901, 1478
28338, 1478
20243, 1472
20487, 1472
26353, 1472
28169, 1472
27609, 1463
28428, 1463
24657, 1461
32161, 1461
27197, 1454
1294, 1431
30718, 1397
27966, 1375
22471, 1340
22262, 1324
23854, 1324
681, 1298
4736, 1296
27957, 1295
29547, 1295
30289, 1295
289723, 1272
21130, 1250
3179, 1247
40348, 1247
343, 1231
35240, 1125
23509, 1061
26752, 1061
28573, 1061
29178, 1061
31402, 1061
