269256, 120331
187096, 120131
212360, 120131
255819, 120131
195944, 116711
202323, 116711
207610, 116711
260374, 116711
101263, 111480
103455, 111480
135380, 111480
142167, 111480
146907, 111480
147752, 111480
151893, 111480
152238, 111480
153441, 111480
153754, 111480
153808, 111480
155122, 111480
157142, 111480
161696, 111480
164002, 111480
166378, 111480
171976, 111480
173661, 111480
174366, 111480
174523, 111480
174949, 111480
175989, 111480
187322, 111480
190698, 111480
193016, 111480
197321, 111480
197538, 111480
197699, 111480
198552, 111480
200141, 111480
202090, 111480
202679, 111480
202883, 111480
211940, 111480
212113, 111480
232062, 111480
247168, 111480
253428, 111480
263499, 111480
271365, 111480
275305, 111480
173472, 109949
215782, 109949
76004, 108176
211865, 108176
238010, 108176
177188, 93246
178984, 93246
179155, 93246
182297, 93246
242314, 93246
291111, 93246
112560, 91775
115246, 90966
148791, 90966
149041, 90966
155414, 90966
155760, 90966
159904, 90966
163183, 90966
164909, 90966
165526, 90966
166310, 90966
167682, 90966
168180, 90966
177813, 90966
179773, 90966
180343, 90966
180801, 90966
181859, 90966
185108, 90966
185961, 90966
186562, 90966
187528, 90966
188298, 90966
188565, 90966
188867, 90966
191762, 90966
191898, 90966
192133, 90966
195540, 90966
196146, 90966
196747, 90966
197667, 90966
198789, 90966
199688, 90966
200249, 90966
201652, 90966
204831, 90966
205645, 90966
207714, 90966
207764, 90966
208157, 90966
208283, 90966
211472, 90966
212233, 90966
212760, 90966
212908, 90966
215096, 90966
216836, 90966
216920, 90966
218122, 90966
219540, 90966
220924, 90966
221216, 90966
221954, 90966
222604, 90966
222776, 90966
223235, 90966
223367, 90966
223398, 90966
223457, 90966
223887, 90966
224911, 90966
225211, 90966
225477, 90966
226809, 90966
227512, 90966
227535, 90966
227548, 90966
227864, 90966
228477, 90966
230675, 90966
230749, 90966
230766, 90966
231813, 90966
232432, 90966
233419, 90966
234139, 90966
236040, 90966
236610, 90966
236880, 90966
237124, 90966
237732, 90966
238272, 90966
238399, 90966
240998, 90966
241115, 90966
242434, 90966
242658, 90966
243002, 90966
244352, 90966
244383, 90966
247092, 90966
248428, 90966
248781, 90966
249322, 90966
249562, 90966
249582, 90966
249843, 90966
250086, 90966
250222, 90966
250268, 90966
252266, 90966
253316, 90966
254214, 90966
255184, 90966
255770, 90966
256588, 90966
256639, 90966
257034, 90966
257129, 90966
257632, 90966
257927, 90966
259638, 90966
260707, 90966
260824, 90966
263319, 90966
264518, 90966
266480, 90966
266810, 90966
268778, 90966
270046, 90966
273018, 90966
273568, 90966
273938, 90966
274049, 90966
274102, 90966
274487, 90966
274698, 90966
276317, 90966
276520, 90966
276667, 90966
280258, 90966
281468, 90966
282208, 90966
282396, 90966
283536, 90966
284328, 90966
286420, 90966
287033, 90966
288016, 90966
288568, 90966
288692, 90966
290010, 90966
290524, 90966
290822, 90966
292532, 90966
292637, 90966
292810, 90966
295486, 90966
296443, 90966
152159, 87686
112385, 82674
129676, 82674
249133, 82674
249861, 82674
117820, 82497
127846, 82497
134369, 82497
138290, 82497
144958, 82497
157439, 82497
189563, 82497
197957, 82497
209703, 82497
118235, 81861
273077, 81861
172147, 81435
140492, 81289
143456, 81289
154739, 81289
156568, 81289
161850, 81289
164701, 81289
164754, 81289
167295, 81289
168273, 81289
171403, 81289
172118, 81289
173080, 81289
178294, 81289
182478, 81289
187936, 81289
190641, 81289
193021, 81289
193406, 81289
198208, 81289
199093, 81289
200051, 81289
201091, 81289
202208, 81289
208115, 81289
208649, 81289
208877, 81289
210207, 81289
210248, 81289
213509, 81289
214906, 81289
215406, 81289
216681, 81289
217543, 81289
217978, 81289
218967, 81289
230085, 81289
233181, 81289
237146, 81289
247261, 81289
274798, 81289
275733, 81289
105316, 78566
109543, 78566
125920, 78566
129682, 78566
141067, 78566
143151, 78566
149503, 78566
162877, 78566
167474, 78566
180404, 78566
183760, 78566
186697, 78566
186961, 78566
196124, 78566
198419, 78566
206018, 78566
207690, 78566
208546, 78566
216640, 78566
225481, 78566
231580, 78566
289033, 78566
84072, 75397
96973, 75135
129842, 75135
208753, 75135
243396, 75135
287132, 75135
97410, 74485
105363, 74485
108139, 74485
110596, 74485
114407, 74485
114471, 74485
115095, 74485
117315, 74485
117347, 74485
118565, 74485
118760, 74485
118983, 74485
119387, 74485
122557, 74485
122820, 74485
123038, 74485
123358, 74485
123944, 74485
124416, 74485
124840, 74485
125516, 74485
126548, 74485
126622, 74485
128819, 74485
130940, 74485
132646, 74485
135895, 74485
139821, 74485
153569, 74485
161519, 74485
167224, 74485
170778, 74485
177416, 74485
187886, 74485
213035, 74485
83317, 74121
85988, 74121
90414, 74121
106455, 74121
114859, 74121
124189, 74121
129209, 74121
133171, 74121
134087, 74121
137929, 74121
138051, 74121
138500, 74121
141451, 74121
143033, 74121
145088, 74121
146374, 74121
146421, 74121
147152, 74121
147930, 74121
148656, 74121
152537, 74121
152644, 74121
152998, 74121
153821, 74121
155056, 74121
155296, 74121
155848, 74121
157267, 74121
163188, 74121
165986, 74121
166777, 74121
168485, 74121
168641, 74121
171007, 74121
171571, 74121
173371, 74121
177364, 74121
180371, 74121
180766, 74121
184403, 74121
202739, 74121
204663, 74121
205586, 74121
208055, 74121
222171, 74121
230380, 74121
272201, 74121
103795, 73840
108148, 73840
110064, 73840
113770, 73840
114340, 73840
115758, 73840
117701, 73840
131216, 73840
230959, 73840
116094, 73833
115492, 73395
117846, 73395
127370, 73395
139989, 73395
141313, 73395
146875, 73395
152050, 73395
157033, 73395
161204, 73395
165939, 73395
239967, 73395
245965, 73395
75504, 73362
83022, 73362
103870, 73362
106575, 73362
111233, 73362
111375, 73362
113130, 73362
113493, 73362
116270, 73362
121338, 73362
122465, 73362
123104, 73362
126363, 73362
128669, 73362
160073, 73362
101429, 72496
120809, 72496
181935, 71290
94787, 71273
97160, 71273
121850, 71273
159008, 71273
181442, 71273
53559, 69916
69793, 69916
76088, 69916
89893, 69916
101249, 69916
104281, 69916
109534, 69916
122521, 69797
36161, 69145
41513, 69145
70556, 69145
34175, 68570
34257, 68570
35231, 68570
35914, 68570
36395, 68570
36417, 68570
36505, 68570
36621, 68570
36760, 68570
37148, 68570
37855, 68570
38639, 68570
39929, 68570
40055, 68570
44300, 68570
47263, 68570
48641, 68570
49303, 68570
53115, 68570
249981, 67821
97195, 67697
34974, 67506
35489, 67506
36817, 67506
38551, 67506
39471, 67506
39563, 67506
40323, 67506
41051, 67506
41918, 67506
42562, 67506
96880, 67051
68425, 66939
72452, 66939
47677, 66815
53972, 66815
54033, 66815
55462, 66815
56762, 66815
59439, 66815
61643, 66815
65021, 66815
73945, 66815
80601, 66815
37433, 66685
37710, 66685
40836, 66685
41509, 66685
42986, 66685
45677, 66685
46145, 66685
38913, 66045
75150, 65355
90285, 65339
93269, 65339
94037, 65339
98633, 65339
99749, 65339
107237, 65339
108685, 65339
114666, 65339
114809, 65339
28431, 64506
96288, 64452
100995, 64452
115654, 64452
116532, 64452
53712, 64039
146364, 63638
181398, 63638
193777, 63638
194433, 63638
203315, 63638
237516, 63638
249041, 63638
258383, 63638
271367, 63638
276123, 63638
282699, 63638
284160, 63638
284205, 63638
287198, 63638
287326, 63638
287884, 63638
293324, 63638
295702, 63638
35014, 62661
39315, 62661
39397, 62661
41543, 62661
491, 62565
24739, 62565
63437, 62309
72153, 62309
57473, 62102
158916, 61191
171646, 61191
175467, 61191
187360, 61191
189918, 61191
193143, 61191
211407, 61191
211457, 61191
216908, 61191
219510, 61191
220969, 61191
224951, 61191
225932, 61191
227294, 61191
229497, 61191
230225, 61191
232977, 61191
233182, 61191
240062, 61191
240546, 61191
241283, 61191
241492, 61191
248021, 61191
248092, 61191
248398, 61191
248538, 61191
249400, 61191
251399, 61191
252205, 61191
253587, 61191
257147, 61191
257488, 61191
258185, 61191
259735, 61191
260582, 61191
262882, 61191
263515, 61191
265241, 61191
266618, 61191
270219, 61191
272855, 61191
273660, 61191
275574, 61191
276680, 61191
277029, 61191
279338, 61191
281111, 61191
281179, 61191
284997, 61191
285821, 61191
286337, 61191
288401, 61191
289867, 61191
290631, 61191
292988, 61191
296506, 61191
84687, 61057
35555, 60700
38136, 60700
40037, 60700
40058, 60700
41820, 60700
41882, 60700
42276, 60700
42732, 60700
43027, 60700
43272, 60700
43274, 60700
43298, 60700
43351, 60700
43500, 60700
43750, 60700
44151, 60700
44431, 60700
44770, 60700
45375, 60700
45559, 60700
45924, 60700
46826, 60700
48138, 60700
48145, 60700
62337, 60603
86385, 60559
88992, 60559
90330, 60559
96035, 60559
96467, 60559
99135, 60559
100192, 60559
100248, 60559
100848, 60559
103064, 60559
103905, 60559
106041, 60559
106194, 60559
107314, 60559
109120, 60559
86376, 60283
35570, 59874
79430, 59414
85303, 59220
58724, 58903
64519, 58903
65298, 58903
81580, 58903
80695, 58394
87961, 58394
48214, 57941
77478, 57706
80430, 57706
92646, 57706
221926, 57629
223427, 57629
1302, 56801
88174, 56663
96419, 56630
99709, 56630
247592, 56177
289273, 56177
41404, 55965
42322, 55965
129927, 55907
143249, 55907
149406, 55907
152463, 55907
182455, 55907
188254, 55907
198289, 55907
210116, 55907
223767, 55907
247641, 55907
279082, 55907
280062, 55907
119955, 55905
524, 55903
52491, 55630
79423, 55630
81748, 55630
88246, 55630
98081, 55630
109846, 55630
129395, 55276
148638, 55276
151724, 55276
155748, 55276
157575, 55276
159954, 55276
160190, 55276
160582, 55276
162524, 55276
164070, 55276
164405, 55276
164961, 55276
165802, 55276
168889, 55276
169535, 55276
173733, 55276
174076, 55276
177120, 55276
179174, 55276
179175, 55276
182368, 55276
182534, 55276
184552, 55276
186969, 55276
187255, 55276
187496, 55276
189414, 55276
199782, 55276
199881, 55276
200608, 55276
204687, 55276
205233, 55276
206873, 55276
208929, 55276
209623, 55276
210417, 55276
210846, 55276
214602, 55276
216842, 55276
218111, 55276
219251, 55276
222679, 55276
223214, 55276
229966, 55276
233370, 55276
237004, 55276
241325, 55276
255653, 55276
263858, 55276
273311, 55276
295838, 54877
141873, 54471
144735, 54471
49361, 54399
206853, 54130
137092, 54080
197888, 54080
223254, 54080
234384, 54080
237524, 54080
260342, 54080
274994, 54080
286404, 54080
294494, 54080
269192, 54027
286561, 54027
131815, 53841
178393, 53841
196873, 53841
199569, 53841
199947, 53841
203444, 53841
204243, 53841
207120, 53841
213291, 53841
213423, 53841
217179, 53841
217322, 53841
221684, 53841
221922, 53841
224280, 53841
225228, 53841
228998, 53841
229865, 53841
233703, 53841
236662, 53841
238207, 53841
238320, 53841
238983, 53841
242136, 53841
244167, 53841
245138, 53841
245476, 53841
245778, 53841
246163, 53841
248619, 53841
252696, 53841
265137, 53841
265198, 53841
268231, 53841
271222, 53841
276275, 53841
276658, 53841
280979, 53841
282589, 53841
282833, 53841
284780, 53841
292063, 53841
292492, 53841
99710, 53578
105654, 53578
116009, 53578
474, 53535
88370, 53535
90993, 53535
93842, 53535
108260, 53535
124664, 53535
125457, 53535
185963, 53535
191455, 53535
196795, 53535
224497, 53535
251294, 53535
263134, 53535
266735, 53535
271532, 53535
282590, 53535
283054, 53535
87814, 52976
110766, 52976
114839, 52976
132854, 52976
133411, 52976
136128, 52976
147034, 52976
153990, 52976
154902, 52976
156220, 52976
161266, 52976
162844, 52976
166269, 52976
186294, 52976
192425, 52976
192470, 52976
276727, 52976
71889, 52547
26855, 52532
30529, 52532
41852, 52532
85751, 52407
113567, 52407
121698, 52407
131885, 52407
128337, 52123
133310, 52123
143098, 52123
146873, 52123
147257, 52123
149366, 52123
155264, 52123
155302, 52123
155965, 52123
155966, 52123
156147, 52123
158006, 52123
158102, 52123
159161, 52123
160047, 52123
161200, 52123
162042, 52123
163874, 52123
166407, 52123
169620, 52123
173336, 52123
182935, 52123
184120, 52123
189009, 52123
200767, 52123
258111, 52123
276703, 52123
292156, 52123
40083, 51919
41720, 51919
42186, 51919
43796, 51919
121772, 51822
244195, 51631
68638, 51581
72177, 51581
75727, 51581
82431, 51581
87244, 51581
87673, 51581
90851, 51581
98176, 51581
98665, 51581
106254, 51581
110421, 51581
113334, 51581
114304, 51581
116642, 51581
119019, 51581
119519, 51581
119670, 51581
122407, 51581
114658, 51524
100119, 51522
100946, 51522
102064, 51522
105873, 51522
107932, 51522
109308, 51522
109880, 51522
110760, 51522
112905, 51522
116233, 51522
117373, 51522
119768, 51522
121118, 51522
122277, 51522
122589, 51522
122757, 51522
125220, 51522
126618, 51522
127838, 51522
128138, 51522
129561, 51522
129584, 51522
133701, 51522
134708, 51522
139684, 51522
140521, 51522
142374, 51522
145174, 51522
167321, 51522
190615, 51522
191262, 51522
140879, 50963
148449, 50963
148915, 50963
154635, 50963
154911, 50963
157294, 50963
158665, 50963
158791, 50963
162821, 50963
163571, 50963
165242, 50963
173433, 50963
181241, 50963
182830, 50963
185650, 50963
192934, 50963
194086, 50963
197407, 50963
198948, 50963
199807, 50963
203730, 50963
203848, 50963
205636, 50963
207926, 50963
212543, 50963
217485, 50963
222200, 50963
230223, 50963
234031, 50963
236064, 50963
236898, 50963
236982, 50963
240457, 50963
256099, 50963
256201, 50963
257417, 50963
263553, 50963
273625, 50963
278221, 50963
284769, 50963
125523, 50893
216197, 50893
71480, 50614
91928, 50614
92213, 50614
101306, 50614
111383, 50614
112595, 50614
115126, 50614
115894, 50614
123126, 50614
132043, 50614
27772, 49851
58410, 49851
117678, 49636
180646, 49636
180665, 49636
189285, 49636
197263, 49636
204838, 49636
213996, 49636
236439, 49636
241820, 49636
285581, 49636
40987, 49531
104715, 49500
133030, 49500
133195, 49500
144731, 49500
147312, 49500
147740, 49500
149456, 49500
150226, 49500
154169, 49500
157501, 49500
158074, 49500
167298, 49500
167312, 49500
169517, 49500
174409, 49500
179036, 49500
181849, 49500
187219, 49500
200834, 49500
206066, 49500
207696, 49500
129001, 49325
37292, 48932
40082, 48932
42522, 48932
43221, 48932
45261, 48932
48000, 48932
50932, 48932
53935, 48932
46655, 48396
94246, 48101
105529, 48101
91484, 48056
269652, 47435
40476, 47175
41318, 46861
47788, 46850
51246, 46850
53127, 46850
53713, 46850
54017, 46850
54201, 46850
64788, 46850
72790, 46850
84641, 46850
110973, 46456
120511, 46443
93601, 46203
44909, 46090
137983, 45884
139435, 45884
139919, 45884
154530, 45884
155622, 45884
166329, 45884
205501, 45884
63002, 45818
27299, 45202
80962, 45105
29104, 44990
29248, 44990
30555, 44990
31209, 44990
32065, 44990
32199, 44990
33135, 44990
34906, 44990
36162, 44829
36713, 44829
37877, 44829
38326, 44829
38519, 44829
38976, 44829
39100, 44829
39779, 44829
40621, 44829
41152, 44829
42206, 44829
42229, 44829
42319, 44829
42677, 44829
43320, 44829
43493, 44829
44155, 44829
44204, 44829
45481, 44829
45502, 44829
47314, 44829
48927, 44829
49134, 44829
49316, 44829
51128, 44829
51280, 44829
18241, 44592
19273, 44592
23950, 44592
58684, 44488
48293, 44450
52790, 44450
55000, 44450
26555, 44346
34089, 44113
36436, 43714
41678, 43714
42489, 43714
42903, 43714
44017, 43714
44670, 43714
44928, 43714
45032, 43714
45765, 43714
46018, 43714
46687, 43714
46882, 43714
47671, 43714
47972, 43714
50167, 43714
50445, 43714
50779, 43714
52402, 43714
52767, 43714
54415, 43714
57092, 43714
20151, 43492
20454, 43492
20546, 43492
22041, 43492
22869, 43492
23823, 43492
24953, 43492
25058, 43492
25142, 43492
26397, 43492
27897, 43492
96575, 43458
47880, 43231
21659, 43156
18542, 43027
49804, 42922
43613, 42914
48879, 42914
33744, 42538
34643, 42538
35520, 42538
36125, 42538
36315, 42538
36414, 42538
37328, 42538
38063, 42538
38608, 42538
39051, 42538
41223, 42538
41813, 42538
44488, 42538
45815, 42538
47879, 42538
23104, 42436
24864, 42436
25097, 42436
25288, 42436
25927, 42436
27291, 42436
27606, 42436
28036, 42436
62718, 42361
52315, 41702
54180, 41702
57997, 41702
62515, 41702
27537, 41323
28742, 41323
29167, 41323
29303, 41323
29784, 41323
30644, 41323
30848, 41323
31550, 41323
83842, 41187
47716, 41110
56632, 41110
59127, 41110
63849, 41110
64691, 41110
65656, 41110
65729, 41110
68773, 41110
42885, 40547
45852, 40547
47244, 40547
47660, 40547
47826, 40547
48074, 40547
48673, 40547
50699, 40547
51739, 40547
52461, 40547
54784, 40547
55229, 40547
56531, 40547
59385, 40547
59573, 40547
68657, 40547
244362, 40232
48657, 39855
39953, 39822
62141, 39822
64463, 39822
53345, 39668
54500, 39668
54711, 39668
56219, 39668
63210, 39668
65941, 39668
41816, 39330
46508, 39168
54776, 39020
57113, 39020
62329, 39020
57162, 38894
65181, 38894
43293, 38871
46101, 38871
46120, 38871
47523, 38871
49478, 38871
49630, 38871
50072, 38871
51584, 38871
54152, 38871
71705, 38421
49578, 38121
55047, 38121
61521, 38121
41091, 38029
45986, 38029
48684, 38029
49829, 38029
51481, 38029
55070, 37234
60497, 37234
60504, 37234
61320, 37234
91715, 37035
59331, 36710
65261, 36543
56833, 35122
62452, 33902
63472, 33902
65881, 33902
66514, 33902
66753, 33902
66970, 33902
67889, 33902
69805, 33902
44220, 33609
46995, 33609
48327, 33609
55326, 33609
65336, 33609
30324, 33375
37024, 33375
37574, 33375
58001, 33375
61208, 33375
61367, 33375
47818, 30319
48328, 30319
50566, 30319
51325, 30319
51452, 30319
52432, 30319
53286, 30319
55216, 30319
56201, 30319
56295, 30319
58507, 30319
58600, 30319
59862, 30319
61168, 30319
63856, 30319
64100, 30319
64495, 30319
66655, 30319
67197, 30319
70086, 30319
39579, 29185
45051, 29185
46286, 29185
50262, 29185
51362, 29185
53219, 29185
57682, 29185
59910, 29185
63533, 29185
63599, 29185
65991, 29185
19121, 23301
27811, 22192
51665, 22192
87910, 16416
