13646, 125242
16884, 125242
18593, 125242
20518, 125242
21840, 125242
22085, 125242
22332, 125242
27230, 125242
28271, 125242
28783, 125242
1253, 123060
16432, 123060
21366, 123060
23196, 123060
25046, 123060
29869, 123060
30300, 123060
30369, 123060
36874, 123060
40094, 123060
41452, 123060
43404, 123060
44084, 123060
44393, 123060
45799, 123060
48292, 123060
48431, 123060
54125, 123060
55352, 123060
58631, 123060
79249, 123060
20633, 113375
139036, 113375
65436, 7055
65888, 7055
75082, 7055
75511, 7055
82856, 7055
84677, 7055
88019, 7055
90411, 7055
91037, 7055
96914, 7055
96941, 7055
98120, 7055
98879, 7055
102482, 7055
103236, 7055
103269, 7055
105166, 7055
109229, 7055
110466, 7055
112357, 7055
113352, 7055
116287, 7055
116841, 7055
117087, 7055
118968, 7055
119909, 7055
119980, 7055
121190, 7055
121742, 7055
123213, 7055
126579, 7055
127814, 7055
127878, 7055
129253, 7055
131441, 7055
132126, 7055
135304, 7055
137939, 7055
139304, 7055
139736, 7055
140907, 7055
141473, 7055
141830, 7055
145104, 7055
145254, 7055
147160, 7055
149094, 7055
150116, 7055
152581, 7055
154060, 7055
155545, 7055
158067, 7055
158805, 7055
161322, 7055
161703, 7055
164170, 7055
165249, 7055
169121, 7055
174001, 7055
179570, 7055
180655, 7055
183446, 7055
183834, 7055
185606, 7055
186663, 7055
188323, 7055
190799, 7055
194823, 7055
196885, 7055
198260, 7055
201759, 7055
203623, 7055
206445, 7055
209701, 7055
214493, 7055
215245, 7055
219666, 7055
223735, 7055
225726, 7055
230505, 7055
234651, 7055
240018, 7055
253939, 7055
254801, 7055
255951, 7055
260871, 7055
270594, 7055
277640, 7055
290310, 7055
291970, 7055
295649, 7055
65355, 7032
66561, 7032
93087, 7032
95311, 7032
98240, 7032
102554, 7032
102893, 7032
116031, 7032
141505, 7032
141793, 7032
146287, 7032
163465, 7032
169719, 7032
181179, 7032
186556, 7032
196206, 7032
197586, 7032
200759, 7032
225819, 7032
230228, 7032
233936, 7032
238245, 7032
260662, 7032
261905, 7032
266824, 7032
275510, 7032
276442, 7032
277304, 7032
277980, 7032
281270, 7032
603, 7010
65825, 7010
72189, 7010
79544, 7010
80619, 7010
86813, 7010
90427, 7010
95981, 7010
98796, 7010
102313, 7010
103806, 7010
104982, 7010
109313, 7010
111291, 7010
111748, 7010
113178, 7010
113339, 7010
117151, 7010
117539, 7010
118130, 7010
120855, 7010
121249, 7010
122073, 7010
126237, 7010
126288, 7010
127536, 7010
128675, 7010
132867, 7010
133813, 7010
134891, 7010
134921, 7010
142482, 7010
142932, 7010
143001, 7010
143051, 7010
143413, 7010
143420, 7010
143996, 7010
150471, 7010
152655, 7010
153637, 7010
155524, 7010
155911, 7010
156455, 7010
158238, 7010
161757, 7010
162688, 7010
162812, 7010
163007, 7010
165412, 7010
165794, 7010
167114, 7010
175021, 7010
182206, 7010
186224, 7010
190415, 7010
195440, 7010
198122, 7010
199212, 7010
207879, 7010
209437, 7010
214825, 7010
215902, 7010
215948, 7010
218394, 7010
224649, 7010
229408, 7010
233721, 7010
236775, 7010
239764, 7010
240037, 7010
251274, 7010
256784, 7010
265197, 7010
285276, 7010
294596, 7010
89395, 6956
100533, 6956
273618, 6956
41516, 6950
54285, 6950
66118, 6950
68643, 6950
90550, 6950
91635, 6950
99499, 6950
102948, 6950
135650, 6950
142647, 6950
159068, 6950
166918, 6950
176024, 6950
178594, 6950
179047, 6950
199373, 6950
219124, 6950
222847, 6950
289037, 6950
67201, 6907
106508, 6907
128332, 6907
155400, 6907
176794, 6907
177630, 6907
230346, 6907
239493, 6907
249361, 6907
267434, 6907
287174, 6907
288097, 6907
293442, 6907
293537, 6907
88181, 6892
96197, 6892
99815, 6892
105249, 6892
105500, 6892
105829, 6892
106469, 6892
106664, 6892
108350, 6892
111846, 6892
112612, 6892
116256, 6892
117229, 6892
128769, 6892
132583, 6892
137353, 6892
139460, 6892
139832, 6892
144094, 6892
144624, 6892
148022, 6892
148491, 6892
150439, 6892
154076, 6892
155186, 6892
162835, 6892
165855, 6892
170386, 6892
171886, 6892
173224, 6892
174082, 6892
175529, 6892
175660, 6892
177298, 6892
179039, 6892
180953, 6892
185870, 6892
189006, 6892
194943, 6892
201968, 6892
219914, 6892
220811, 6892
223467, 6892
228178, 6892
228461, 6892
229646, 6892
243307, 6892
245036, 6892
251331, 6892
254661, 6892
255341, 6892
256553, 6892
258182, 6892
266008, 6892
266713, 6892
271833, 6892
272059, 6892
272161, 6892
272507, 6892
276819, 6892
285546, 6892
290662, 6892
291822, 6892
292495, 6892
143617, 6870
164992, 6870
202088, 6870
41291, 6865
43525, 6865
43715, 6865
45811, 6865
46524, 6865
51158, 6865
62865, 6865
70332, 6865
78299, 6865
82362, 6865
83259, 6865
97767, 6865
126173, 6865
131711, 6865
138156, 6865
165025, 6865
180006, 6865
220590, 6865
72361, 6819
96280, 6819
186494, 6819
230890, 6819
252071, 6819
255917, 6819
293601, 6819
96775, 6813
114069, 6813
132152, 6813
133396, 6813
133508, 6813
138902, 6813
146605, 6813
156071, 6813
163214, 6813
165334, 6813
170978, 6813
189052, 6813
190613, 6813
194245, 6813
199561, 6813
200327, 6813
207083, 6813
212807, 6813
213462, 6813
222185, 6813
234112, 6813
238744, 6813
249498, 6813
256821, 6813
259328, 6813
272100, 6813
292928, 6813
295896, 6813
296307, 6813
186732, 6766
177101, 6738
15974, 6736
60925, 6736
69073, 6736
84407, 6736
88896, 6736
103478, 6736
105173, 6736
114493, 6736
147422, 6736
91697, 6704
167537, 6704
62528, 6698
90019, 6698
105956, 6698
114347, 6698
123837, 6698
226020, 6698
241322, 6698
47205, 6676
52036, 6676
59142, 6676
68570, 6676
79700, 6676
83986, 6676
143136, 6676
156294, 6676
176608, 6676
240284, 6676
160248, 6654
248788, 6649
253424, 6647
27248, 6617
51586, 6617
74616, 6617
89699, 6617
100013, 6617
182570, 6617
255274, 6617
76700, 6590
80256, 6590
117304, 6590
122176, 6590
152466, 6590
255750, 6590
9334, 6562
12661, 6562
14209, 6562
14918, 6562
18604, 6562
19924, 6562
20211, 6562
22347, 6562
23340, 6562
26783, 6562
40616, 6562
51032, 6562
217669, 6547
139065, 6537
253553, 6537
168639, 6533
189958, 6533
246223, 6533
261110, 6533
268339, 6533
269651, 6533
278730, 6533
284523, 6533
223915, 6530
79474, 6518
167352, 6518
246351, 6518
275222, 6518
279899, 6518
287711, 6518
115002, 6509
151575, 6509
191998, 6509
216767, 6509
84666, 6500
11085, 6487
17319, 6487
21600, 6487
46404, 6487
63317, 6487
74033, 6487
82415, 6487
173846, 6487
64042, 6423
81362, 6423
91681, 6423
92666, 6423
99245, 6423
101688, 6423
111838, 6423
116922, 6423
119191, 6423
130165, 6423
138358, 6423
142380, 6423
154949, 6423
156087, 6423
157438, 6423
176441, 6423
179703, 6423
180079, 6423
188016, 6423
190146, 6423
202119, 6423
202220, 6423
206888, 6423
208924, 6423
225257, 6423
226243, 6423
227376, 6423
229025, 6423
230694, 6423
232497, 6423
233578, 6423
234654, 6423
235226, 6423
235449, 6423
235701, 6423
239720, 6423
242845, 6423
247292, 6423
253964, 6423
255370, 6423
256585, 6423
258406, 6423
266197, 6423
266404, 6423
266956, 6423
270182, 6423
272988, 6423
283576, 6423
284417, 6423
286642, 6423
294073, 6423
293116, 6403
73994, 6389
164252, 6387
12992, 6379
234166, 6379
105827, 6267
188943, 6267
204472, 6267
244537, 6267
253643, 6267
282549, 6267
284263, 6267
294295, 6267
104390, 6256
113959, 6256
115098, 6256
119166, 6256
133951, 6256
170334, 6256
204219, 6256
222371, 6256
224849, 6256
225594, 6256
231259, 6256
234853, 6256
246176, 6256
256602, 6256
259116, 6256
269715, 6256
271830, 6256
275351, 6256
288751, 6256
289347, 6256
292897, 6256
64139, 6239
70400, 6239
75298, 6239
163409, 6239
260723, 6239
105761, 6238
108514, 6238
238086, 6238
260414, 6238
272509, 6238
106609, 6237
59680, 6185
64898, 6185
69924, 6185
97597, 6185
117494, 6185
118206, 6185
126120, 6185
134099, 6185
151513, 6185
158585, 6185
166779, 6185
169016, 6185
171667, 6185
179506, 6185
181337, 6185
215724, 6185
224002, 6185
230606, 6185
232029, 6185
236634, 6185
239270, 6185
243827, 6185
244208, 6185
248427, 6185
251052, 6185
259662, 6185
264223, 6185
274603, 6185
276135, 6185
280552, 6185
288498, 6185
289477, 6185
292494, 6185
124753, 6089
188170, 6089
199529, 6089
85545, 6085
199372, 6085
210090, 6085
166331, 6056
232143, 6056
275224, 6056
146950, 5957
30724, 5939
70649, 5939
153315, 5939
181651, 5939
182679, 5939
184613, 5939
189518, 5939
194945, 5939
204650, 5939
208041, 5939
218385, 5939
218665, 5939
225590, 5939
230575, 5939
239853, 5939
244768, 5939
285933, 5939
287739, 5939
15684, 5915
73183, 5915
78060, 5915
79362, 5915
81572, 5915
92042, 5915
93789, 5915
99912, 5915
102818, 5915
105060, 5915
107317, 5915
108783, 5915
109376, 5915
109419, 5915
111467, 5915
113261, 5915
118259, 5915
122782, 5915
123087, 5915
136722, 5915
138037, 5915
140805, 5915
141564, 5915
142035, 5915
142097, 5915
147388, 5915
156278, 5915
157996, 5915
181980, 5915
183643, 5915
193276, 5915
202663, 5915
202762, 5915
203157, 5915
205283, 5915
1025, 5912
215649, 5912
244643, 5912
246925, 5912
252410, 5912
256098, 5912
262951, 5912
274458, 5912
275856, 5912
281723, 5912
283202, 5912
284698, 5912
285579, 5912
288811, 5912
288881, 5912
289937, 5912
291957, 5912
293900, 5912
294790, 5912
295240, 5912
79584, 5849
161594, 5830
231174, 5830
268590, 5830
91126, 5822
101871, 5822
129104, 5822
133482, 5822
138886, 5822
153634, 5822
11065, 5817
16724, 5817
18383, 5817
87524, 5817
95909, 5817
113657, 5817
114260, 5817
118448, 5817
118593, 5817
118905, 5817
127541, 5817
131847, 5817
149682, 5817
151233, 5817
163167, 5817
171027, 5817
218931, 5817
9890, 5794
198471, 5794
203523, 5794
230670, 5794
233006, 5794
255283, 5794
126082, 5786
1775, 5763
157217, 5763
258763, 5763
266912, 5760
256938, 5746
219740, 5704
107598, 5682
30434, 5651
105149, 5651
125743, 5651
168100, 5651
182763, 5651
228402, 5651
270710, 5635
100293, 5629
185188, 5629
251380, 5629
252984, 5629
204026, 5620
136019, 5603
139493, 5603
165684, 5603
181761, 5603
211833, 5603
220026, 5603
244293, 5603
244561, 5603
121, 5596
45135, 5596
160, 5584
4425, 5571
61262, 5571
70897, 5571
133738, 5571
152685, 5571
235982, 5571
211805, 5569
21423, 5565
73800, 5565
108421, 5565
112729, 5565
115149, 5565
127047, 5565
128424, 5565
140183, 5565
147640, 5565
171181, 5565
181236, 5565
240976, 5565
217536, 5542
147951, 5466
44006, 5400
91977, 5373
131804, 5364
75433, 5299
116857, 5299
118673, 5299
119386, 5299
122621, 5299
123651, 5299
126220, 5299
126536, 5299
129931, 5299
131526, 5299
135731, 5299
147502, 5299
162578, 5299
170402, 5299
176189, 5299
178915, 5299
180823, 5299
215560, 5299
238731, 5299
9901, 5294
17871, 5293
104240, 5293
135580, 5293
155011, 5293
158573, 5293
167619, 5293
168015, 5293
173480, 5293
174528, 5293
185120, 5293
197176, 5293
205003, 5293
222414, 5293
229983, 5293
240013, 5293
240057, 5293
245639, 5293
245980, 5293
272590, 5293
17432, 5261
104450, 5170
202843, 5170
215344, 5144
49505, 5111
269666, 5077
81051, 5051
108462, 5051
119242, 5051
136564, 5051
157024, 5051
158578, 5051
166126, 5051
170963, 5051
173872, 5051
179644, 5051
199092, 5051
201101, 5051
229460, 5051
241634, 5051
41969, 5001
45612, 5001
134710, 5001
190160, 4991
250434, 4991
6871, 4880
60601, 4880
82149, 4880
99332, 4880
110435, 4880
121918, 4880
124587, 4880
126038, 4880
137536, 4880
140774, 4880
106678, 4840
100424, 4750
125548, 4750
146357, 4750
147118, 4750
192980, 4734
208333, 4682
12513, 4669
15343, 4669
78835, 4669
81112, 4669
86821, 4669
89219, 4669
90564, 4669
107889, 4669
115232, 4669
115694, 4669
122304, 4669
126800, 4669
127640, 4669
128308, 4669
130038, 4669
149978, 4669
168699, 4669
181634, 4669
187150, 4669
188235, 4669
194885, 4669
231536, 4669
155183, 4667
177913, 4667
221096, 4656
160737, 4646
277168, 4558
52312, 4406
222841, 4366
110154, 4127
213802, 3976
86018, 3322
214303, 3203
216271, 2919
93870, 2670
126904, 2045
59253, 1737
70561, 1480
142473, 1480
88853, 1470
159989, 1470
168573, 1470
22648, 1457
28161, 1457
33731, 1457
37590, 1457
41648, 1457
46764, 1457
46891, 1457
53992, 1457
55045, 1457
58680, 1457
61556, 1457
62346, 1457
63179, 1457
63757, 1457
66420, 1457
67009, 1457
68378, 1457
70927, 1457
74374, 1457
78425, 1457
80184, 1457
80478, 1457
80969, 1457
82331, 1457
82867, 1457
82923, 1457
86188, 1457
86342, 1457
87648, 1457
88610, 1457
88633, 1457
92417, 1457
93538, 1457
94564, 1457
95760, 1457
96287, 1457
97308, 1457
98406, 1457
99466, 1457
101226, 1457
104331, 1457
107496, 1457
107521, 1457
107563, 1457
108498, 1457
108966, 1457
110798, 1457
111034, 1457
113906, 1457
114190, 1457
114350, 1457
115329, 1457
115409, 1457
115516, 1457
115666, 1457
117402, 1457
118260, 1457
118263, 1457
121623, 1457
122945, 1457
123100, 1457
123894, 1457
124890, 1457
128209, 1457
128542, 1457
128744, 1457
129367, 1457
129712, 1457
130918, 1457
133384, 1457
134390, 1457
135174, 1457
136963, 1457
137003, 1457
137234, 1457
137753, 1457
139676, 1457
140100, 1457
140210, 1457
140667, 1457
141681, 1457
142825, 1457
143017, 1457
144061, 1457
145928, 1457
146430, 1457
148138, 1457
149605, 1457
149612, 1457
150743, 1457
150866, 1457
151164, 1457
152112, 1457
152848, 1457
153626, 1457
153866, 1457
153975, 1457
154331, 1457
154821, 1457
155484, 1457
156732, 1457
158821, 1457
158975, 1457
160123, 1457
164797, 1457
166394, 1457
166785, 1457
167069, 1457
167739, 1457
167857, 1457
168998, 1457
169231, 1457
169377, 1457
169961, 1457
172377, 1457
172869, 1457
173845, 1457
174605, 1457
175517, 1457
175730, 1457
178183, 1457
178695, 1457
178924, 1457
179440, 1457
179949, 1457
180338, 1457
181190, 1457
182789, 1457
183936, 1457
184278, 1457
185273, 1457
185356, 1457
186377, 1457
188618, 1457
190827, 1457
191667, 1457
191881, 1457
192894, 1457
193281, 1457
193549, 1457
196270, 1457
197386, 1457
197872, 1457
198754, 1457
200897, 1457
205265, 1457
205742, 1457
207277, 1457
208510, 1457
208601, 1457
211275, 1457
212616, 1457
214253, 1457
214603, 1457
217979, 1457
222922, 1457
223379, 1457
223781, 1457
223790, 1457
225402, 1457
226042, 1457
230084, 1457
231027, 1457
231889, 1457
234610, 1457
235180, 1457
236120, 1457
238823, 1457
239110, 1457
239221, 1457
240389, 1457
240749, 1457
242433, 1457
242602, 1457
244342, 1457
246060, 1457
247051, 1457
247377, 1457
249302, 1457
250258, 1457
251580, 1457
252862, 1457
253392, 1457
257418, 1457
258427, 1457
258809, 1457
259849, 1457
261222, 1457
263414, 1457
267726, 1457
269060, 1457
270034, 1457
270659, 1457
271673, 1457
271816, 1457
272480, 1457
273462, 1457
273954, 1457
276101, 1457
282151, 1457
282181, 1457
285771, 1457
286937, 1457
288883, 1457
291445, 1457
293465, 1457
294875, 1457
296592, 1457
73901, 1431
81885, 1431
88855, 1431
99635, 1431
119906, 1431
149530, 1431
168986, 1431
189415, 1431
209730, 1431
215063, 1431
231954, 1431
51546, 1420
58046, 1420
126870, 1420
192339, 1420
256483, 1420
57576, 1414
76131, 1414
80936, 1414
106574, 1414
225576, 1414
253863, 1414
12198, 1403
74552, 1403
84898, 1403
112580, 1403
119902, 1403
155989, 1403
167677, 1403
171765, 1403
181799, 1403
190286, 1403
199810, 1403
200604, 1403
206074, 1403
211237, 1403
233665, 1403
242660, 1403
247415, 1403
282690, 1403
286487, 1403
287334, 1403
292343, 1403
294459, 1403
18404, 1392
29564, 1392
35444, 1392
38000, 1392
53926, 1392
65379, 1392
79906, 1392
81988, 1392
88445, 1392
89811, 1392
92158, 1392
94205, 1392
95954, 1392
100629, 1392
103671, 1392
104121, 1392
106048, 1392
117933, 1392
120244, 1392
124812, 1392
127575, 1392
128694, 1392
129009, 1392
137487, 1392
137786, 1392
140328, 1392
142162, 1392
143801, 1392
145615, 1392
149440, 1392
149507, 1392
149691, 1392
149890, 1392
151110, 1392
151138, 1392
156097, 1392
157844, 1392
158062, 1392
159042, 1392
160857, 1392
165109, 1392
168397, 1392
171917, 1392
172108, 1392
176630, 1392
177027, 1392
179401, 1392
180658, 1392
181528, 1392
182023, 1392
182943, 1392
183923, 1392
185131, 1392
185578, 1392
186196, 1392
186935, 1392
187081, 1392
187126, 1392
187235, 1392
189429, 1392
195051, 1392
195731, 1392
199860, 1392
200597, 1392
201933, 1392
203613, 1392
203706, 1392
203784, 1392
205145, 1392
205357, 1392
207093, 1392
208831, 1392
208876, 1392
209817, 1392
210778, 1392
211146, 1392
211282, 1392
212277, 1392
215114, 1392
216210, 1392
216358, 1392
218262, 1392
219193, 1392
222489, 1392
223842, 1392
224379, 1392
225930, 1392
226375, 1392
226437, 1392
226864, 1392
228326, 1392
228516, 1392
230844, 1392
231852, 1392
232632, 1392
233918, 1392
238785, 1392
239261, 1392
241782, 1392
244241, 1392
244302, 1392
245782, 1392
246961, 1392
247044, 1392
247335, 1392
252066, 1392
252798, 1392
254057, 1392
258467, 1392
261061, 1392
262168, 1392
262857, 1392
264720, 1392
264887, 1392
266414, 1392
268249, 1392
271521, 1392
272974, 1392
276295, 1392
277083, 1392
277926, 1392
277986, 1392
279536, 1392
282368, 1392
285309, 1392
285375, 1392
285415, 1392
285873, 1392
287948, 1392
290473, 1392
290862, 1392
291947, 1392
293330, 1392
295167, 1392
295361, 1392
296076, 1392
273808, 1382
13120, 1371
39020, 1371
63216, 1371
103643, 1371
99328, 1355
244316, 1355
37360, 1350
58933, 1350
61902, 1350
77152, 1350
77238, 1350
80323, 1350
83964, 1350
91299, 1350
92943, 1350
93114, 1350
95228, 1350
100496, 1350
101291, 1350
103807, 1350
108584, 1350
109709, 1350
109936, 1350
116415, 1350
120810, 1350
147081, 1350
163596, 1350
168425, 1350
171411, 1350
183551, 1350
199991, 1350
219063, 1350
235950, 1350
250741, 1350
279442, 1350
127804, 1344
159533, 1344
165299, 1344
207988, 1344
125636, 1343
162145, 1339
90221, 1333
41389, 1319
48793, 1319
56187, 1311
58794, 1311
59350, 1311
59914, 1311
64184, 1311
74520, 1311
74831, 1311
76335, 1311
77458, 1311
78058, 1311
81874, 1311
84396, 1311
85778, 1311
90595, 1311
91856, 1311
91871, 1311
94432, 1311
100631, 1311
101215, 1311
101405, 1311
108682, 1311
112626, 1311
129462, 1311
130663, 1311
131378, 1311
135404, 1311
140259, 1311
167408, 1311
186310, 1311
188929, 1311
205442, 1311
209252, 1311
211791, 1311
213575, 1311
216923, 1311
219067, 1311
220494, 1311
221885, 1311
225209, 1311
225283, 1311
243795, 1311
252225, 1311
253558, 1311
288144, 1311
294279, 1311
15144, 1306
72022, 1306
76322, 1306
95833, 1306
99357, 1306
107753, 1306
110467, 1306
114155, 1306
117905, 1306
118988, 1306
121180, 1306
129892, 1306
130871, 1306
132592, 1306
137894, 1306
142463, 1306
142524, 1306
153376, 1306
156615, 1306
159107, 1306
180799, 1306
182539, 1306
183009, 1306
183313, 1306
185331, 1306
189306, 1306
196614, 1306
202368, 1306
205287, 1306
206846, 1306
208496, 1306
213373, 1306
218549, 1306
224303, 1306
227999, 1306
232507, 1306
238362, 1306
245004, 1306
245005, 1306
246164, 1306
246848, 1306
247556, 1306
260918, 1306
266181, 1306
267287, 1306
269650, 1306
278156, 1306
278627, 1306
280978, 1306
281611, 1306
286282, 1306
294185, 1306
294247, 1306
295480, 1306
295504, 1306
295595, 1306
296327, 1306
78296, 1300
116613, 1300
118355, 1300
131898, 1300
159569, 1300
165603, 1300
178369, 1300
195422, 1300
202809, 1300
206985, 1300
226625, 1300
271742, 1300
282517, 1300
52627, 1291
59603, 1291
71728, 1291
102773, 1291
107664, 1291
54536, 1287
283099, 1287
81314, 1284
174022, 1284
211720, 1284
20235, 1279
32678, 1279
45515, 1279
66615, 1279
90939, 1279
92317, 1279
95234, 1279
105570, 1279
109747, 1279
115336, 1279
118351, 1279
120812, 1279
121946, 1279
123520, 1279
128134, 1279
131097, 1279
134613, 1279
134866, 1279
134986, 1279
137039, 1279
143486, 1279
144980, 1279
147671, 1279
151909, 1279
161905, 1279
165271, 1279
167013, 1279
167111, 1279
173854, 1279
174084, 1279
174767, 1279
176463, 1279
177382, 1279
179526, 1279
180860, 1279
182438, 1279
185905, 1279
186231, 1279
186544, 1279
193022, 1279
196064, 1279
196623, 1279
197717, 1279
201696, 1279
210894, 1279
212709, 1279
225473, 1279
228922, 1279
234321, 1279
239362, 1279
241516, 1279
242230, 1279
243311, 1279
245779, 1279
246503, 1279
251047, 1279
255402, 1279
256186, 1279
260471, 1279
261593, 1279
262010, 1279
264546, 1279
265530, 1279
271874, 1279
280428, 1279
282465, 1279
291339, 1279
291408, 1279
292615, 1279
293636, 1279
295905, 1279
48811, 1266
62740, 1266
63426, 1266
79691, 1266
82597, 1266
82875, 1266
83477, 1266
84434, 1266
84502, 1266
87918, 1266
94676, 1266
94734, 1266
108555, 1266
115071, 1266
115320, 1266
120292, 1266
134218, 1266
149051, 1266
151406, 1266
152298, 1266
158140, 1266
161669, 1266
161849, 1266
161973, 1266
165894, 1266
167085, 1266
171446, 1266
182774, 1266
186057, 1266
186844, 1266
188027, 1266
189717, 1266
196585, 1266
198794, 1266
200307, 1266
200535, 1266
202655, 1266
204964, 1266
208303, 1266
209254, 1266
211468, 1266
222669, 1266
226203, 1266
227833, 1266
241713, 1266
242201, 1266
242297, 1266
249613, 1266
253548, 1266
253579, 1266
260998, 1266
261612, 1266
266130, 1266
268674, 1266
270801, 1266
270980, 1266
272678, 1266
274816, 1266
280000, 1266
285449, 1266
285547, 1266
291019, 1266
292837, 1266
293803, 1266
294572, 1266
147850, 1260
30155, 1258
73902, 1253
111058, 1253
262898, 1238
164633, 1224
70136, 1219
269012, 1194
120159, 1158
179664, 1158
196923, 1158
203708, 1158
236365, 1158
289685, 1126
23957, 1102
6898, 1096
123441, 1096
19139, 1090
248995, 1090
8215, 1064
14989, 1064
77603, 1064
88503, 1064
90454, 1064
93697, 1064
109529, 1064
115799, 1064
117233, 1064
142068, 1064
152973, 1064
154585, 1064
182552, 1064
193000, 1064
195636, 1064
196248, 1064
202164, 1064
215478, 1064
216417, 1064
224308, 1064
225762, 1064
234465, 1064
234778, 1064
243074, 1064
249427, 1064
252387, 1064
256957, 1064
257284, 1064
257364, 1064
260086, 1064
263700, 1064
264709, 1064
268326, 1064
269663, 1064
270330, 1064
272993, 1064
274632, 1064
280372, 1064
286901, 1064
291617, 1064
1780, 1042
7838, 1042
48662, 1042
53135, 1042
66251, 1042
77144, 1042
78443, 1042
84859, 1042
98779, 1042
105558, 1042
111935, 1042
111944, 1042
114243, 1042
122906, 1042
138924, 1042
145606, 1042
148466, 1042
153858, 1042
155988, 1042
168421, 1042
169274, 1042
172324, 1042
175495, 1042
178014, 1042
185451, 1042
189969, 1042
193710, 1042
195446, 1042
199746, 1042
204536, 1042
204631, 1042
206240, 1042
207522, 1042
223816, 1042
228421, 1042
230767, 1042
231481, 1042
237359, 1042
244919, 1042
245954, 1042
251711, 1042
253391, 1042
257333, 1042
289676, 1042
212308, 1039
4211, 1023
7877, 1023
9190, 1023
9609, 1023
45824, 1023
57673, 1023
64627, 1023
69504, 1023
93225, 1023
103021, 1023
112041, 1023
127291, 1023
129059, 1023
136021, 1023
140291, 1023
145648, 1023
154127, 1023
157285, 1023
163302, 1023
165411, 1023
167087, 1023
167327, 1023
170532, 1023
173022, 1023
184709, 1023
191579, 1023
198775, 1023
201070, 1023
202330, 1023
209977, 1023
210341, 1023
213658, 1023
220998, 1023
222223, 1023
230863, 1023
249458, 1023
251148, 1023
262204, 1023
274957, 1023
275389, 1023
279127, 1023
279790, 1023
282122, 1023
285193, 1023
289369, 1023
292899, 1023
47964, 1016
52172, 1016
101907, 1016
110770, 1016
113892, 1016
115381, 1016
125896, 1016
144463, 1016
152276, 1016
170692, 1016
187305, 1016
196771, 1016
207469, 1016
216077, 1016
220512, 1016
224572, 1016
235625, 1016
243811, 1016
256516, 1016
270259, 1016
272350, 1016
282703, 1016
283932, 1016
287396, 1016
293348, 1016
73046, 1014
153023, 1014
278290, 1002
294269, 1002
190894, 1001
250672, 1001
