19020, 130586
23121, 130586
5566, 128620
7389, 128620
13586, 128620
19993, 128620
21455, 128620
22258, 128620
22290, 128620
62591, 128620
77890, 128620
3062, 127286
9133, 127286
15121, 127286
15414, 127286
15490, 127286
16014, 127286
170777, 127286
70953, 124895
90389, 124895
15491, 124197
12638, 121487
13987, 121487
17420, 121487
20616, 121487
88015, 121487
40156, 121240
100405, 121240
223631, 121240
252897, 121240
9216, 120469
11452, 120469
22341, 120469
23923, 120469
24907, 120469
49475, 120469
55720, 120469
49588, 116156
113037, 116156
189998, 116156
204860, 116156
286050, 116156
198556, 114544
223572, 114544
236490, 114544
6259, 114078
81082, 114078
85186, 114078
140380, 114078
192507, 114078
47795, 111309
57445, 111309
65316, 111309
73375, 110353
189894, 110353
204677, 109981
19481, 107304
51307, 107304
61426, 107304
127705, 107304
129378, 107304
242265, 107304
1174, 107283
7706, 107283
34107, 107283
53029, 107283
72061, 107283
72527, 107283
91355, 107283
101978, 107283
120691, 107283
190707, 107283
194087, 107283
78228, 106114
44068, 102709
150291, 102709
154734, 102709
162862, 102709
166567, 102709
169223, 102709
171652, 102709
174358, 102709
178841, 102709
183918, 102709
185407, 102709
185904, 102709
189830, 102709
190207, 102709
195657, 102709
195742, 102709
196437, 102709
197416, 102709
202353, 102709
203207, 102709
203991, 102709
204179, 102709
214979, 102709
215837, 102709
217133, 102709
219506, 102709
221095, 102709
223587, 102709
225959, 102709
228372, 102709
232521, 102709
233828, 102709
233930, 102709
239444, 102709
243240, 102709
252106, 102709
254328, 102709
256952, 102709
258554, 102709
267958, 102709
270038, 102709
274038, 102709
278778, 102709
280658, 102709
286803, 102709
289370, 102709
290406, 102709
291146, 102709
291468, 102709
73562, 102201
103564, 102201
112152, 102201
130516, 102201
143603, 102201
146451, 102201
159239, 102201
172388, 102201
181017, 102201
189624, 102201
214085, 102201
268953, 102201
187040, 98887
234312, 98887
237171, 98887
243682, 98887
248543, 98887
249140, 98887
259604, 98887
270054, 98887
271480, 98887
277141, 98887
280203, 98887
285549, 98887
287707, 98887
289631, 98887
293539, 98887
85202, 98511
105978, 98511
107609, 98511
107870, 98511
127568, 98511
132204, 98511
154677, 98511
156380, 98511
246994, 98511
249214, 98511
256102, 98511
269563, 98511
279272, 98511
293076, 98511
236584, 98259
238409, 98259
244312, 98259
266918, 98259
280065, 98018
35443, 97589
194577, 97505
224023, 97505
247328, 95714
276535, 95714
283699, 95714
39216, 95397
135681, 95397
162878, 95397
170013, 95188
192923, 95188
202835, 95188
212551, 95188
228000, 95188
231057, 95188
236611, 95188
246702, 95188
247180, 95188
249718, 95188
249911, 95188
254392, 95188
255034, 95188
255485, 95188
261902, 95188
262732, 95188
263438, 95188
265309, 95188
266848, 95188
267026, 95188
267771, 95188
270364, 95188
272991, 95188
273646, 95188
276066, 95188
277619, 95188
278262, 95188
282378, 95188
284327, 95188
289778, 95188
293573, 95188
295844, 95188
287882, 94702
290854, 94702
96004, 94462
189974, 94462
110884, 94193
116160, 94193
170799, 94193
184727, 94193
218012, 94193
292393, 94193
76066, 93931
93702, 93931
100686, 93931
116979, 93931
139030, 93931
150008, 93931
232741, 93931
272838, 93931
275530, 93931
285562, 93931
287838, 93931
287854, 93931
292769, 93931
85072, 93355
128733, 93355
151808, 93355
210680, 93355
245697, 93355
248421, 93355
266966, 93355
276777, 93355
287063, 93355
108198, 92663
149636, 92663
161244, 92663
166233, 92663
192358, 92663
195798, 92663
206701, 92663
211582, 92663
220886, 92663
222951, 92576
199641, 92148
79204, 92114
120049, 92114
122428, 92114
150150, 92114
176250, 92114
125163, 91978
139696, 91978
140735, 91978
144086, 91978
148546, 91978
157609, 91978
190629, 91978
192698, 91978
202147, 91978
216201, 91978
220375, 91978
238834, 91978
87290, 91732
140665, 91732
144409, 91732
149381, 91732
162010, 91732
178837, 91732
182746, 91732
253784, 90964
107829, 90585
273651, 90585
129297, 90232
136949, 90232
152809, 90232
201138, 90232
219031, 90232
216184, 90220
292971, 90220
179527, 90217
22213, 89548
28494, 89548
81985, 89548
287888, 88934
295572, 88934
37598, 88840
59955, 88840
74427, 88840
90934, 88094
110686, 88094
129458, 88094
137969, 88094
161131, 88094
163277, 88094
163415, 88094
171573, 88094
201404, 88094
224618, 88094
236604, 88094
269781, 88094
167449, 87802
227318, 87802
229907, 87802
232994, 87802
242128, 87802
263361, 87802
264968, 87802
284187, 87802
284605, 87802
199233, 87667
147969, 87634
156406, 87634
163460, 87634
171522, 87634
173017, 87634
184148, 87634
188947, 87634
189839, 87634
198448, 87634
200146, 87634
202171, 87634
211500, 87634
213312, 87634
228149, 87634
243407, 87634
276918, 87634
95788, 86663
150387, 86663
160437, 86663
185292, 86663
225669, 86663
269988, 86663
296445, 86663
145903, 86459
181921, 86459
189409, 86459
217705, 86459
231508, 86459
244288, 86459
254884, 86459
281341, 86459
285898, 86459
113301, 86222
119999, 86222
130593, 86222
132884, 86222
136982, 86222
147867, 86222
159791, 86222
215579, 86222
274871, 86222
285841, 86222
16909, 86165
36367, 86165
41975, 86165
52919, 86165
53175, 86165
53366, 86165
58155, 86165
76916, 86165
77716, 86165
78395, 86165
86780, 86165
105534, 86165
108549, 86165
138364, 86165
140711, 86165
145985, 86165
149063, 86165
160565, 86165
162352, 86165
163606, 86165
177894, 86165
179110, 86165
188105, 86165
194074, 86165
205814, 86165
217736, 86165
230012, 86165
234748, 86165
249188, 86165
258833, 86165
284095, 86165
120059, 85063
183813, 84880
145143, 84094
154138, 84043
186783, 84043
197334, 84043
274326, 84043
68769, 83826
78193, 83826
82971, 83826
88715, 83826
90837, 83826
148809, 83826
150306, 83826
166574, 83826
171949, 83826
182333, 83826
182965, 83826
191566, 83826
218372, 83826
156282, 82150
195374, 82150
210613, 82150
215188, 82150
223351, 82150
223408, 82150
246614, 82150
255234, 82150
255992, 82150
272003, 82150
277798, 82150
279430, 82150
285745, 82150
26954, 81892
34008, 81892
65710, 81892
75853, 81892
79224, 81892
88136, 81892
115253, 81892
160056, 81892
32387, 81665
78185, 81665
86423, 81665
92920, 81665
102974, 81665
114869, 81665
145819, 81665
182997, 81665
198713, 81665
230545, 81665
251526, 81665
103703, 81583
292520, 81583
89481, 81506
112982, 81506
29470, 80929
31387, 80929
82880, 80929
126385, 80929
144162, 80929
33379, 80578
33614, 80578
36496, 80578
40433, 80578
42566, 80578
43039, 80578
43818, 80578
55270, 80578
62084, 80578
68941, 80578
69910, 80578
82217, 80578
82718, 80578
83773, 80578
115648, 80578
209738, 80578
256700, 80578
257268, 80578
265446, 80578
266004, 80578
226332, 78206
240825, 78206
125570, 78173
185067, 77565
272538, 77565
275584, 77565
282262, 77565
27576, 76427
73420, 75713
77928, 75713
24152, 75298
30326, 75298
32662, 75298
33520, 75298
37110, 75298
39327, 75298
39500, 75298
42063, 75298
48343, 75298
52499, 75298
55304, 75298
64810, 75298
65431, 75298
67355, 75298
68628, 75298
68689, 75298
70310, 75298
75859, 75298
77059, 75298
87095, 75298
88602, 75298
96130, 75298
97137, 75298
98360, 75298
98522, 75298
126942, 75298
144011, 75298
159213, 75298
166546, 75298
215763, 75298
219695, 75298
226121, 75298
241758, 75298
257453, 75298
291374, 75298
100939, 74983
61784, 74506
67394, 74506
69537, 74506
77163, 74506
88833, 74506
181271, 74506
217668, 74506
256670, 74506
82028, 73658
277349, 71677
39037, 68888
115404, 68888
133786, 68888
136537, 68888
150709, 68888
170971, 68888
212812, 68888
217323, 68888
221137, 68888
268157, 68888
285046, 68888
78137, 68656
45492, 64689
49810, 64689
66120, 64689
66756, 64689
66946, 64689
74624, 64689
75643, 64689
78588, 64689
103712, 64689
116187, 64689
122643, 64689
122680, 64689
130930, 64689
147324, 64689
148075, 64689
152096, 64689
181641, 64689
226714, 64689
251886, 64689
85032, 62720
2082, 62075
3472, 62075
15369, 61769
8189, 61323
56185, 61323
85937, 61323
87402, 61323
146057, 61323
167626, 61323
119617, 60128
288085, 59931
510, 58254
7113, 56988
33444, 56988
129085, 56245
78276, 55764
249354, 55764
249653, 55764
150187, 55433
115733, 55268
21978, 55059
166135, 54332
235355, 54332
267634, 54332
17377, 51929
18458, 50732
50250, 50698
131448, 48691
170326, 46719
117449, 37787
55219, 34321
125644, 30965
197708, 30965
149387, 30958
151492, 30958
255082, 30958
261739, 30958
19130, 30941
31533, 30941
44752, 30941
55466, 30941
61682, 30941
68478, 30941
89931, 30941
95110, 30941
97015, 30941
118868, 30941
124595, 30941
130428, 30941
135683, 30941
137985, 30941
166977, 30941
172687, 30941
173483, 30941
176629, 30941
184225, 30941
214221, 30941
220801, 30941
258274, 30941
261064, 30941
262682, 30941
282310, 30941
20649, 30691
29984, 30691
46871, 30691
85078, 30691
228391, 30691
255717, 30691
13500, 30605
56204, 30605
64521, 30605
76056, 30605
128059, 30605
192464, 30575
19036, 30572
25644, 30572
26348, 30572
29025, 30572
30068, 30572
38470, 30572
42690, 30572
43863, 30572
59814, 30572
91093, 30572
98225, 30572
107467, 30572
120818, 30572
128380, 30572
130977, 30572
137253, 30572
139156, 30572
148661, 30572
155518, 30572
167555, 30572
177452, 30572
178127, 30572
183833, 30572
184228, 30572
184570, 30572
215185, 30572
226182, 30572
276413, 30572
292003, 30572
12730, 30224
63387, 30224
112165, 30224
17583, 30135
31032, 30135
46572, 30135
56132, 30135
65573, 30135
85406, 30135
85653, 30135
86923, 30135
104144, 30135
122067, 30135
127475, 30135
134377, 30135
141489, 30135
155348, 30135
188849, 30135
210125, 30135
218907, 30135
220223, 30135
230299, 30135
246654, 30135
288226, 30135
294, 29742
54233, 29349
196423, 29207
231435, 29207
244620, 28924
209824, 28689
20275, 28424
13217, 28115
15458, 28115
23627, 28115
39076, 28115
49407, 28115
59461, 28115
81525, 28115
82021, 28115
82760, 28115
88168, 28115
118832, 28115
167574, 28115
168526, 28115
184609, 28115
219194, 27935
83633, 27871
20407, 27583
26797, 27583
41551, 27583
41897, 27583
66040, 27583
69232, 27583
124273, 27583
165916, 27583
166749, 27583
185085, 27583
193531, 27583
200585, 27583
204263, 27583
219427, 27583
245710, 27583
251819, 27583
18033, 26697
19009, 26697
44877, 26697
50104, 26697
56117, 26697
251, 26458
16138, 26452
27798, 26452
60093, 26452
82528, 26452
100943, 26452
150997, 26452
194937, 26452
293396, 26452
251075, 26315
15063, 26158
16327, 26158
141742, 26158
201555, 26158
241186, 26158
264179, 26158
166051, 25997
280554, 25743
10175, 25099
148742, 25018
36975, 24947
94764, 24947
178144, 24864
52, 24726
67804, 24694
39566, 24440
14643, 24185
27278, 24185
36840, 24185
40525, 24185
43708, 24185
60933, 24185
71825, 24185
96270, 24185
115057, 24185
164498, 24185
173312, 24185
627, 24126
559, 24121
24224, 24033
28328, 24033
34559, 24033
36676, 24033
56489, 24033
66169, 24033
81451, 24033
154113, 24033
92393, 23954
42980, 23861
120724, 23381
91370, 22999
30685, 22946
65306, 22946
71072, 22946
77901, 22946
111282, 22946
140316, 22946
144769, 22946
150106, 22946
153644, 22946
155088, 22946
203543, 22946
205219, 22946
254280, 22946
293246, 22946
133302, 22884
138510, 22860
266699, 22860
268299, 22860
20348, 22758
52339, 22744
63689, 22744
118723, 22744
129439, 22744
109542, 22737
273901, 22737
73814, 22585
69592, 22326
78782, 22326
89210, 22326
96930, 22326
111380, 22326
121760, 22326
138782, 22326
148519, 22326
148970, 22326
158797, 22326
174216, 22326
204164, 22326
204210, 22326
210145, 22326
211696, 22326
213532, 22326
237994, 22326
247802, 22326
255533, 22326
265220, 22326
279525, 22326
279729, 22326
281081, 22326
122427, 21814
219767, 21814
223563, 21814
68948, 21051
133138, 21051
262170, 20992
30671, 20767
66680, 20121
94110, 20121
158944, 20121
203809, 20121
231424, 20121
231426, 20121
235653, 20121
274310, 20121
229785, 20014
256964, 20014
211120, 19826
176565, 19748
63337, 19594
39492, 19518
45058, 19518
46316, 19518
73975, 19518
101390, 19518
106512, 19518
107749, 19518
122816, 19518
144221, 19518
166277, 19518
174831, 19518
289826, 19518
146208, 19412
197801, 19412
209797, 19412
216424, 19412
83769, 19312
184116, 18889
101550, 18808
129759, 18808
134289, 18808
168868, 18808
169733, 18808
174807, 18808
287879, 18808
134767, 18807
199080, 18630
288378, 18030
168841, 17345
242182, 17345
279990, 16668
141797, 15976
256706, 15229
267224, 14507
2038, 14336
158150, 12684
26890, 10457
52596, 10457
56070, 10457
68794, 10457
75147, 10457
78603, 10457
94389, 10457
100932, 10457
109930, 10457
116087, 10457
124813, 10457
134460, 10457
142153, 10457
143463, 10457
146018, 10457
150494, 10457
155776, 10457
157653, 10457
160215, 10457
170548, 10457
195796, 10457
226164, 10457
226915, 10457
229493, 10457
232064, 10457
242733, 10457
255246, 10457
270702, 10457
289641, 10457
166337, 10440
40033, 10360
51062, 10360
61991, 10360
70517, 10360
98601, 10360
115103, 10360
140826, 10360
141062, 10360
145724, 10360
177696, 10360
179913, 10360
182555, 10360
189134, 10360
192663, 10360
210609, 10360
213352, 10360
213605, 10360
222678, 10360
224222, 10360
224926, 10360
226006, 10360
236748, 10360
242715, 10360
249748, 10360
254236, 10360
255843, 10360
262006, 10360
262458, 10360
262648, 10360
271134, 10360
275705, 10360
283407, 10360
283735, 10360
145020, 10327
157338, 10327
239034, 10327
268458, 10327
111390, 10228
181226, 9981
102531, 9980
130182, 9980
82147, 9902
98005, 9902
102346, 9902
109734, 9902
87007, 9889
42087, 9826
44666, 9826
57480, 9826
65740, 9826
89641, 9826
97647, 9826
150148, 9826
151476, 9826
245726, 9826
254500, 9826
282504, 9826
178816, 9805
192554, 9805
225555, 9805
261815, 9805
264515, 9805
8170, 9712
17334, 9712
17804, 9712
21846, 9712
42333, 9712
47250, 9712
52046, 9712
61960, 9712
71803, 9712
80838, 9712
97708, 9712
109039, 9712
109940, 9712
111371, 9712
123027, 9712
126449, 9712
133087, 9712
135889, 9712
138957, 9712
161227, 9712
164082, 9712
164612, 9712
165264, 9712
174690, 9712
181303, 9712
191194, 9712
202193, 9712
210354, 9712
212008, 9712
218359, 9712
227339, 9712
235911, 9712
244426, 9712
247258, 9712
250771, 9712
252231, 9712
255823, 9712
263111, 9712
269574, 9712
273726, 9712
278376, 9712
288682, 9712
289659, 9712
55973, 9708
181042, 9708
264576, 9708
272129, 9708
278150, 9708
199176, 9681
71781, 9647
95341, 9647
104937, 9647
110284, 9647
113643, 9647
114967, 9647
117084, 9647
121037, 9647
124204, 9647
127451, 9647
135034, 9647
140576, 9647
141241, 9647
145206, 9647
146007, 9647
149318, 9647
154333, 9647
202234, 9647
216100, 9647
233606, 9647
245509, 9647
265106, 9647
41723, 9643
143658, 9638
98481, 9590
154227, 9590
165705, 9590
193618, 9590
36842, 9548
20858, 9544
156975, 9448
132725, 9440
35192, 9402
48222, 9402
62063, 9369
84906, 9369
109165, 9369
132087, 9369
167501, 9369
221253, 9369
233207, 9369
241479, 9369
248341, 9369
80663, 9365
117581, 9365
153831, 9365
194450, 9353
28542, 9332
86069, 9261
25317, 9190
44432, 9190
35637, 9175
64361, 9175
44077, 9159
28029, 9140
176872, 9069
248479, 9069
259312, 9069
160038, 9064
173087, 9064
229582, 9064
233616, 9064
243738, 9064
278883, 9064
176387, 9023
200668, 9023
51106, 8995
99506, 8994
115630, 8994
122785, 8994
124291, 8994
128179, 8994
134389, 8994
136718, 8994
139412, 8994
143581, 8994
149905, 8994
151114, 8994
153540, 8994
156432, 8994
167673, 8994
191204, 8994
194772, 8994
213101, 8994
217301, 8994
242419, 8994
268485, 8994
281953, 8994
282454, 8994
237208, 8902
54878, 8896
179367, 8896
239742, 8896
102282, 8884
195256, 8884
199236, 8884
166312, 8853
203487, 8853
269166, 8853
276564, 8853
276985, 8853
278118, 8853
110461, 8832
129346, 8832
190891, 8832
195011, 8832
160797, 8781
188142, 8781
195307, 8781
44150, 8772
41343, 8747
67500, 8503
171100, 8488
199324, 8419
273240, 8357
21583, 8328
31479, 8328
69702, 8321
69906, 8321
146097, 8321
147573, 8321
147818, 8321
148887, 8321
150018, 8321
151523, 8321
156701, 8321
157339, 8321
159794, 8321
167198, 8321
175357, 8321
181800, 8321
182350, 8321
182864, 8321
186328, 8321
186545, 8321
191170, 8321
193802, 8321
194334, 8321
198938, 8321
199040, 8321
205791, 8321
216639, 8321
222588, 8321
224724, 8321
228424, 8321
233063, 8321
234483, 8321
237556, 8321
241318, 8321
241702, 8321
242989, 8321
245588, 8321
248414, 8321
248994, 8321
254090, 8321
256083, 8321
257694, 8321
260594, 8321
261635, 8321
261693, 8321
261844, 8321
266091, 8321
270006, 8321
274948, 8321
275440, 8321
275502, 8321
276810, 8321
277925, 8321
278423, 8321
283506, 8321
284198, 8321
284759, 8321
286919, 8321
287977, 8321
291852, 8321
293855, 8321
294327, 8321
295244, 8321
24494, 8253
44554, 8253
44892, 8253
54897, 8253
75954, 8253
26606, 8245
179956, 8178
239923, 8178
276903, 8178
53725, 8144
69600, 8144
42041, 8086
50363, 8086
56055, 8086
60440, 8086
172278, 8086
281040, 8086
35672, 8061
123660, 8045
156843, 8045
157160, 8045
166558, 8045
172651, 8045
178191, 8045
183148, 8045
184367, 8045
187569, 8045
227402, 8045
228444, 8045
237901, 8045
238404, 8045
239120, 8045
241959, 8045
247330, 8045
265128, 8045
270058, 8045
283329, 8045
289585, 8045
116378, 8015
218593, 7849
62670, 7703
33402, 7699
54988, 7699
26927, 7684
27345, 7667
127969, 7667
65220, 7640
98263, 7635
16870, 7601
144677, 7593
14879, 7564
77150, 7555
5382, 7549
201886, 7549
201509, 7548
216282, 7548
22965, 7537
30709, 7440
32526, 7424
82009, 7375
43999, 7374
10627, 7327
12081, 7320
18298, 7298
159387, 7272
36293, 7221
88508, 7208
184793, 7162
184996, 7158
181500, 7051
22574, 7023
19390, 6903
28563, 6903
40601, 6903
40652, 6903
43210, 6903
26169, 6893
106588, 6819
33428, 6808
97814, 6562
60500, 6551
70104, 6551
152626, 6551
205225, 6551
241942, 6551
269506, 6551
242848, 6530
280805, 6530
210496, 6492
62325, 6328
33247, 6137
115275, 5868
25351, 5726
26091, 5726
41459, 5660
95224, 5660
201879, 5660
277775, 5660
280662, 5660
28873, 5590
120568, 5590
148402, 5590
163489, 5590
197044, 5590
212771, 5590
247718, 5590
251263, 5590
263142, 5590
263280, 5590
277354, 5590
280169, 5590
231145, 5506
96362, 5498
145053, 5498
153423, 5498
235912, 5498
254760, 5498
264245, 5498
268342, 5498
75719, 5473
83160, 5473
109731, 5473
109820, 5473
201800, 5473
232035, 5473
247218, 5473
255543, 5473
277404, 5473
280995, 5473
66916, 5439
107271, 5439
110638, 5439
190260, 5439
212173, 5439
121416, 5427
177642, 5427
197461, 5427
209555, 5427
221325, 5427
235818, 5427
237322, 5427
251352, 5427
254636, 5427
270001, 5427
270346, 5427
278413, 5427
291200, 5427
160374, 5379
175501, 5375
68311, 5340
153673, 5340
80958, 5323
85418, 5323
154195, 5323
240833, 5323
276580, 5323
293035, 5323
23916, 5320
29618, 5320
36232, 5320
67119, 5320
88530, 5320
90180, 5320
268222, 5307
159372, 5305
190418, 5305
119625, 5284
217954, 5258
145166, 5247
224510, 5247
75746, 5244
113431, 5244
131257, 5244
182942, 5244
182972, 5244
235416, 5244
281115, 5244
225143, 5237
98415, 5235
118766, 5235
140137, 5235
187315, 5235
214428, 5235
277392, 5235
295692, 5235
153624, 5234
30050, 5230
150833, 5230
96710, 5223
55228, 5199
92660, 5199
120464, 5199
202775, 5199
176351, 5158
9708, 5155
15273, 5155
20458, 5155
69220, 5155
77707, 5155
84822, 5155
107769, 5155
109237, 5155
128226, 5155
168482, 5155
174800, 5155
175911, 5155
177559, 5155
186445, 5155
189274, 5155
202911, 5155
224288, 5155
127080, 5154
206896, 5154
243784, 5154
266040, 5154
279715, 5154
32784, 5151
92564, 5151
130613, 5151
232793, 5151
255013, 5151
93433, 5147
282019, 5147
156866, 5117
266463, 5115
99398, 5112
146601, 5112
194032, 5112
196787, 5112
226954, 5112
245095, 5112
245339, 5112
263594, 5112
283035, 5112
287807, 5112
293890, 5112
207381, 5101
145622, 5100
155608, 5096
218327, 5096
236361, 5096
237478, 5096
157890, 5087
170097, 5087
172680, 5087
183153, 5087
221538, 5087
240038, 5086
105616, 5084
222305, 5084
208498, 5082
218522, 5082
21720, 5078
69131, 5078
110142, 5077
130907, 5075
291048, 5075
26646, 5067
11293, 5058
106258, 5058
70163, 5053
157820, 5053
83231, 5045
230867, 4994
17723, 4992
24998, 4992
109760, 4992
131555, 4992
153840, 4992
281997, 4992
280339, 4985
285824, 4985
98708, 4979
181827, 4979
189172, 4979
214456, 4979
230361, 4979
31512, 4976
59650, 4976
77873, 4976
83034, 4976
101598, 4976
265145, 4976
32888, 4972
26802, 4968
49435, 4968
107240, 4968
111600, 4968
129404, 4968
200773, 4968
210370, 4968
268005, 4968
289228, 4968
184966, 4959
194977, 4959
258630, 4959
282375, 4959
290704, 4959
116022, 4957
257334, 4889
213753, 4882
237751, 4882
243046, 4882
283486, 4882
99203, 4863
182196, 4862
222085, 4862
24562, 4858
24413, 4843
96818, 4843
209811, 4843
242180, 4843
260927, 4843
281588, 4843
292631, 4843
88699, 4836
24293, 4834
43519, 4834
55307, 4834
68617, 4834
116092, 4832
169616, 4824
277780, 4824
127945, 4814
129472, 4814
135370, 4814
170683, 4814
179842, 4814
215601, 4814
277212, 4814
120529, 4802
31208, 4793
33435, 4793
46691, 4793
227700, 4785
238976, 4785
284036, 4785
152627, 4781
71726, 4770
139328, 4761
160800, 4761
290893, 4748
40091, 4743
50046, 4743
63920, 4743
175271, 4743
227790, 4743
279826, 4743
9014, 4728
17753, 4728
24660, 4728
27912, 4728
28626, 4728
30389, 4728
45583, 4728
49762, 4728
55143, 4728
65687, 4728
87443, 4728
92789, 4727
179909, 4727
130638, 4726
178245, 4726
213580, 4726
250307, 4721
62356, 4719
115543, 4719
125758, 4719
176742, 4719
222294, 4719
240227, 4715
89272, 4713
106826, 4713
129116, 4713
154450, 4713
270263, 4713
272013, 4713
292211, 4713
208972, 4703
196030, 4700
55642, 4693
56641, 4693
112531, 4693
124694, 4693
232804, 4648
246800, 4648
49031, 4627
58421, 4627
68608, 4627
120821, 4627
160680, 4627
163010, 4627
163532, 4627
174463, 4627
215744, 4627
227457, 4627
246097, 4627
249390, 4627
262172, 4627
275004, 4627
294127, 4627
53792, 4601
129092, 4601
215424, 4601
284776, 4601
78216, 4599
126920, 4599
128017, 4599
181542, 4599
20556, 4571
92872, 4571
160715, 4571
192400, 4571
211024, 4571
226782, 4571
243674, 4571
95764, 4566
279750, 4566
242159, 4556
231922, 4555
235384, 4534
284423, 4534
194724, 4518
254865, 4505
56572, 4496
88083, 4496
126925, 4496
136806, 4496
159638, 4486
266674, 4486
85496, 4461
164231, 4461
28177, 4457
239216, 4457
73360, 4404
90517, 4404
257920, 4404
76611, 4391
87226, 4391
136016, 4391
139453, 4391
163524, 4391
167137, 4391
212535, 4391
246919, 4391
294519, 4391
119370, 4374
137190, 4374
105507, 4366
118601, 4366
140253, 4366
206858, 4366
227280, 4366
195898, 4358
227554, 4358
296598, 4358
87995, 4354
230904, 4354
259308, 4346
159528, 4340
44494, 4330
205345, 4328
172473, 4312
279570, 4312
158943, 4307
54019, 4303
173481, 4303
215045, 4303
111792, 4289
144170, 4285
237939, 4275
290259, 4271
46420, 4265
28765, 4264
65199, 4264
19707, 4257
38683, 4257
45734, 4257
58590, 4257
87611, 4257
257527, 4257
271666, 4257
280503, 4257
185002, 4249
196605, 4249
258490, 4249
212060, 4241
15778, 4235
71345, 4232
180319, 4224
71899, 4216
141829, 4216
154511, 4216
163328, 4216
204880, 4216
222899, 4216
286792, 4216
4344, 4212
287399, 4212
79593, 4210
80994, 4210
107254, 4210
231655, 4210
7719, 4208
18438, 4208
45071, 4206
261406, 4206
262080, 4206
287144, 4206
37228, 4203
115332, 4203
197114, 4203
276470, 4203
600, 4197
29750, 4195
168309, 4184
94275, 4177
164800, 4168
200209, 4167
26424, 4151
30700, 4151
40853, 4151
54158, 4151
68841, 4151
91561, 4151
14831, 4123
36823, 4107
160078, 4084
59995, 4078
142319, 4078
188852, 4075
296074, 4075
236397, 4074
73768, 4072
180357, 4058
110410, 4055
255856, 4055
285937, 4055
94931, 4038
135607, 4038
141665, 4038
141704, 4038
211454, 4038
212986, 4038
216028, 4038
227551, 4038
111330, 4032
124043, 4032
261532, 4032
285213, 4006
28378, 4001
184200, 3981
13992, 3966
20695, 3960
91397, 3960
136872, 3960
60549, 3952
198814, 3944
78510, 3879
67971, 3875
234856, 3875
246345, 3875
105583, 3869
39618, 3864
50929, 3864
86891, 3864
108187, 3864
119193, 3864
139364, 3864
191286, 3864
233590, 3864
244037, 3864
257426, 3864
2862, 3851
7712, 3851
11181, 3851
18526, 3851
22257, 3851
26614, 3851
29965, 3851
33387, 3851
42949, 3851
47727, 3851
57486, 3851
73478, 3851
77141, 3851
115507, 3851
135138, 3851
224590, 3851
228891, 3851
31990, 3845
59286, 3845
81031, 3845
296080, 3843
33044, 3834
58715, 3834
114122, 3834
138403, 3834
222366, 3834
253636, 3834
283874, 3834
33295, 3801
70690, 3801
118290, 3801
167040, 3801
171745, 3801
81979, 3781
97420, 3781
254096, 3781
289762, 3781
64921, 3776
115656, 3776
53200, 3770
55157, 3770
250514, 3770
281902, 3770
55234, 3761
68005, 3761
126912, 3761
170815, 3761
7508, 3759
214066, 3752
33818, 3749
54339, 3749
56048, 3749
67380, 3749
133422, 3749
139517, 3749
101740, 3738
165633, 3736
39408, 3713
87335, 3711
141060, 3711
186015, 3709
35808, 3701
39978, 3701
75531, 3701
190026, 3701
293610, 3692
282934, 3689
283562, 3679
16274, 3639
250838, 3639
133606, 3628
61399, 3620
174926, 3601
182912, 3588
47734, 3555
53910, 3555
81672, 3555
267249, 3555
7307, 3551
11729, 3551
41277, 3551
235373, 3545
180098, 3540
271256, 3540
74995, 3527
120479, 3518
189542, 3505
204508, 3505
89024, 3472
94124, 3466
41642, 3461
222189, 3461
54638, 3440
58040, 3440
152993, 3435
153479, 3435
187913, 3435
116026, 3422
60252, 3414
238068, 3414
263952, 3414
296417, 3414
224991, 3396
77399, 3395
117702, 3392
273771, 3392
279115, 3392
206920, 3391
185855, 3373
50521, 3372
121803, 3372
265323, 3372
286722, 3372
25300, 3370
91773, 3370
121341, 3370
130939, 3370
277793, 3370
98305, 3335
16390, 3316
39750, 3312
74851, 3312
170382, 3310
29373, 3309
52504, 3309
179164, 3309
194140, 3309
227676, 3309
75645, 3306
126547, 3292
68365, 3281
121463, 3281
184958, 3281
205024, 3272
235827, 3272
288478, 3272
293407, 3272
168705, 3271
9902, 3269
52430, 3269
98221, 3269
106302, 3266
211460, 3264
130025, 3247
156805, 3241
180596, 3241
206889, 3241
219610, 3241
286624, 3241
198059, 3235
238526, 3234
99622, 3229
5173, 3216
55652, 3216
13906, 3188
96812, 3183
145989, 3178
146781, 3173
188747, 3173
287300, 3173
289158, 3173
24629, 3169
59678, 3169
186002, 3169
195987, 3169
270924, 3169
230184, 3165
98903, 3160
30566, 3146
23968, 3132
78592, 3130
122268, 3130
189190, 3130
113232, 3121
157257, 3121
285974, 3121
246319, 3118
205342, 3111
18503, 3109
26842, 3109
46184, 3098
98889, 3098
183498, 3098
184110, 3098
195511, 3098
195787, 3098
229019, 3098
246605, 3098
287997, 3098
13045, 3063
44191, 3063
92828, 3063
99163, 3063
128751, 3063
188787, 3063
251195, 3063
275660, 3063
296139, 3063
40895, 3049
59367, 3049
154937, 3049
162496, 3049
177729, 3049
198856, 3049
225466, 3049
225734, 3049
257795, 3049
280042, 3049
151981, 3044
178538, 3044
251210, 3044
280311, 3044
224527, 3042
94151, 3033
112054, 3023
124459, 3023
49898, 3016
172766, 3016
213904, 3016
168851, 3011
31465, 3007
135132, 3007
246888, 2988
274943, 2988
26313, 2979
165439, 2973
223653, 2972
55370, 2941
187392, 2931
272133, 2927
296333, 2927
68586, 2894
172488, 2894
239745, 2894
11470, 2879
226013, 2879
142587, 2870
202732, 2870
30545, 2866
62808, 2864
200800, 2864
241148, 2864
256330, 2864
257519, 2864
187887, 2862
255570, 2856
263333, 2855
292380, 2852
21572, 2845
168023, 2845
264267, 2845
273875, 2845
137415, 2838
283879, 2838
37766, 2834
49019, 2834
49461, 2834
273155, 2827
21576, 2822
25548, 2820
97720, 2820
121837, 2820
11510, 2803
68095, 2803
15131, 2790
44651, 2790
176970, 2779
194240, 2779
193705, 2759
230788, 2759
73635, 2749
98045, 2749
37546, 2717
77046, 2701
150169, 2701
296162, 2700
107445, 2693
44339, 2681
94519, 2681
150597, 2681
213072, 2681
267101, 2681
27402, 2680
184139, 2650
40227, 2646
129856, 2641
17756, 2640
56630, 2640
166075, 2640
230632, 2629
159379, 2620
236418, 2598
187538, 2571
122553, 2559
148370, 2559
187023, 2559
284073, 2559
16462, 2547
22678, 2547
81671, 2537
158941, 2537
263359, 2537
289365, 2533
93113, 2528
93459, 2528
132319, 2528
165979, 2528
171539, 2523
237405, 2523
240434, 2523
255342, 2523
277864, 2523
12847, 2508
80118, 2508
250915, 2508
146340, 2500
148497, 2500
190912, 2500
144030, 2478
162106, 2478
242295, 2478
25286, 2476
98500, 2453
154135, 2451
242269, 2448
248853, 2448
211541, 2429
224151, 2429
283253, 2429
239035, 2399
171483, 2396
200529, 2386
161817, 2385
183512, 2385
226450, 2385
261761, 2385
273864, 2385
99020, 2377
154631, 2377
193266, 2377
163956, 2370
283176, 2370
222764, 2353
175667, 2352
212772, 2352
214036, 2352
239193, 2352
129844, 2349
193930, 2349
252152, 2349
257393, 2349
287394, 2346
108205, 2343
221703, 2341
81926, 2330
111398, 2330
168364, 2330
183553, 2330
186384, 2330
191225, 2330
193910, 2330
195639, 2330
204778, 2330
208762, 2330
266076, 2330
62572, 2309
115938, 2291
238553, 2291
136768, 2284
245334, 2279
131578, 2277
137844, 2277
196781, 2277
250052, 2271
190391, 2264
260417, 2264
23027, 2262
60147, 2262
85568, 2262
49981, 2240
69080, 2240
69792, 2240
87519, 2240
101303, 2240
224739, 2240
225406, 2240
287938, 2240
36369, 2239
42133, 2232
87148, 2232
242612, 2232
101212, 2229
142691, 2229
29900, 2213
172618, 2210
201627, 2210
81718, 2205
168474, 2204
111477, 2203
71363, 2199
195675, 2199
15756, 2198
42378, 2198
65968, 2198
92762, 2198
288865, 2198
11076, 2197
132467, 2193
294448, 2190
125821, 2180
127199, 2180
145708, 2180
148221, 2180
179795, 2180
227177, 2180
246510, 2180
284812, 2180
157283, 2173
216986, 2173
88299, 2170
215570, 2168
81519, 2161
288484, 2161
36880, 2156
76394, 2156
85550, 2156
214869, 2156
49318, 2155
58297, 2145
55592, 2143
66052, 2143
87354, 2143
92540, 2143
100797, 2143
104679, 2143
110963, 2143
117902, 2143
123018, 2143
136378, 2143
146195, 2143
151367, 2143
157323, 2143
157798, 2143
167519, 2143
171313, 2143
176214, 2143
178534, 2143
188554, 2143
190762, 2143
200926, 2143
205798, 2143
211154, 2143
218949, 2143
220384, 2143
227347, 2143
237356, 2143
238315, 2143
240587, 2143
258737, 2143
284734, 2143
8258, 2142
30906, 2142
230260, 2142
258550, 2142
72822, 2141
181793, 2141
183000, 2141
194206, 2141
275296, 2141
279218, 2141
292742, 2141
31975, 2139
70236, 2139
79245, 2139
90391, 2139
103552, 2139
104913, 2139
109367, 2139
138021, 2139
167506, 2139
171623, 2139
178286, 2139
182681, 2139
189997, 2139
244171, 2139
244617, 2139
249683, 2139
268361, 2139
272178, 2139
280036, 2139
290025, 2139
295208, 2139
137970, 2135
265352, 2135
93799, 2131
118998, 2124
223732, 2124
249480, 2124
35947, 2122
74691, 2122
135430, 2122
141437, 2122
144244, 2122
168744, 2122
176744, 2122
182659, 2122
227702, 2122
234381, 2122
238306, 2122
244567, 2122
258425, 2122
264402, 2122
266464, 2122
275141, 2122
276409, 2122
288843, 2122
289601, 2122
142968, 2116
190297, 2116
131273, 2112
137365, 2111
199021, 2106
113366, 2102
52450, 2097
64976, 2097
66885, 2097
67421, 2097
142705, 2097
144581, 2097
148705, 2097
162668, 2097
168026, 2097
207082, 2097
243325, 2097
255746, 2097
288715, 2097
292731, 2097
174956, 2094
177620, 2094
217160, 2094
232129, 2094
42136, 2090
71219, 2090
76567, 2090
103446, 2090
228175, 2090
231026, 2090
93699, 2088
141290, 2088
175081, 2088
191414, 2088
279643, 2088
282076, 2088
289832, 2088
168835, 2084
11284, 2081
20027, 2081
56220, 2081
84094, 2081
141010, 2081
144389, 2081
226741, 2081
250952, 2079
296589, 2079
58476, 2078
130252, 2076
24987, 2074
50713, 2074
194866, 2074
226158, 2074
262883, 2074
294336, 2074
13353, 2071
59838, 2071
157857, 2070
159534, 2070
195111, 2070
214706, 2070
226209, 2070
242672, 2070
266807, 2070
276562, 2070
167376, 2068
179853, 2068
207847, 2068
234241, 2068
261665, 2068
229338, 2066
286809, 2066
170286, 2065
69840, 2063
102475, 2063
4741, 2060
55313, 2060
273427, 2060
90182, 2059
197823, 2057
209687, 2057
242899, 2057
244129, 2057
249912, 2057
270740, 2057
124960, 2054
213782, 2054
221856, 2054
267337, 2054
5372, 2052
197267, 2052
199544, 2052
235364, 2052
32819, 2050
180213, 2050
282868, 2050
55957, 2043
15243, 2038
48587, 2038
96446, 2038
105545, 2038
106885, 2038
111411, 2038
120940, 2038
122562, 2038
123639, 2038
135525, 2038
141727, 2038
144116, 2038
144205, 2038
146586, 2038
154276, 2038
162953, 2038
176526, 2038
195025, 2038
206576, 2038
215860, 2038
230707, 2038
241313, 2038
243202, 2038
256565, 2038
257343, 2038
288287, 2038
292989, 2038
76689, 2037
90497, 2037
102606, 2037
104122, 2037
107974, 2037
115906, 2037
120578, 2037
133909, 2037
140827, 2037
146567, 2037
153916, 2037
155706, 2037
163766, 2037
179085, 2037
180772, 2037
181231, 2037
192027, 2037
195547, 2037
196276, 2037
197301, 2037
198508, 2037
213673, 2037
228602, 2037
231047, 2037
241981, 2037
247318, 2037
247422, 2037
251420, 2037
251581, 2037
253417, 2037
257727, 2037
268516, 2037
270577, 2037
280225, 2037
281393, 2037
282007, 2037
294184, 2037
14082, 2035
32901, 2035
53441, 2035
96919, 2035
285224, 2035
204873, 2028
33254, 2027
194743, 2027
292068, 2024
44950, 2021
143035, 2021
156931, 2019
290114, 2019
183878, 2015
186209, 2015
191257, 2015
274805, 2015
281488, 2015
83193, 2014
136280, 2014
170124, 2014
295464, 2014
245273, 2013
246486, 2010
293802, 2010
210674, 2008
56813, 2006
62056, 2006
77676, 2006
120889, 2006
237992, 2006
250182, 2006
270932, 2006
128781, 2005
107686, 2003
114005, 2003
163104, 2003
264520, 2003
242472, 2000
283167, 2000
216178, 1998
73442, 1996
80932, 1996
104591, 1996
117943, 1996
118945, 1996
125672, 1996
127730, 1996
142294, 1996
160136, 1996
174582, 1996
289748, 1996
235713, 1994
32777, 1990
84519, 1990
222332, 1984
2886, 1983
57814, 1983
105207, 1983
118552, 1983
122370, 1983
124763, 1983
125139, 1983
196506, 1983
224615, 1983
238516, 1983
238948, 1983
250925, 1983
251158, 1983
256847, 1983
285125, 1983
292861, 1983
293846, 1983
116297, 1982
178204, 1982
95922, 1974
119270, 1974
184551, 1974
213458, 1974
235686, 1974
282990, 1974
294413, 1974
118607, 1971
105115, 1969
91089, 1968
204804, 1967
226494, 1967
52300, 1962
96152, 1962
109520, 1962
126323, 1962
194745, 1962
274880, 1962
93637, 1960
29814, 1954
111702, 1954
124850, 1954
128608, 1954
142689, 1954
175559, 1954
228845, 1954
229549, 1954
242811, 1954
257597, 1954
31389, 1949
39172, 1949
69394, 1949
74171, 1949
111011, 1949
117891, 1949
119247, 1949
119915, 1949
121221, 1949
148247, 1949
152535, 1949
165230, 1949
175663, 1949
183667, 1949
184360, 1949
189184, 1949
198416, 1949
240148, 1949
261986, 1949
263278, 1949
266281, 1949
294422, 1949
19434, 1946
53831, 1946
218265, 1946
39227, 1945
150794, 1945
171946, 1945
248066, 1945
265418, 1945
268781, 1945
292417, 1945
16737, 1944
36005, 1944
44916, 1944
45700, 1944
46468, 1944
80640, 1944
99566, 1944
103849, 1944
115888, 1944
122259, 1944
129485, 1944
132848, 1944
134295, 1944
144807, 1944
146254, 1944
161498, 1944
170008, 1944
170282, 1944
182286, 1944
182532, 1944
189669, 1944
199146, 1944
199173, 1944
218507, 1944
219802, 1944
222498, 1944
222761, 1944
227430, 1944
231856, 1944
233130, 1944
239678, 1944
241770, 1944
245227, 1944
248085, 1944
256438, 1944
262747, 1944
266458, 1944
270882, 1944
273920, 1944
275342, 1944
296487, 1944
286610, 1943
65873, 1940
83679, 1940
126613, 1940
233005, 1940
102073, 1938
173010, 1936
185569, 1936
281604, 1936
287582, 1936
199154, 1935
59811, 1931
80896, 1931
171052, 1931
216834, 1931
80598, 1930
124243, 1930
150134, 1930
290065, 1930
51847, 1925
285467, 1919
34046, 1918
240487, 1918
121020, 1912
218142, 1912
251732, 1910
11153, 1907
47089, 1907
180576, 1907
195248, 1907
276103, 1907
122498, 1906
164458, 1906
283319, 1906
9489, 1904
113829, 1904
128817, 1904
27373, 1901
147014, 1901
207147, 1901
249093, 1901
257494, 1901
278391, 1901
262483, 1900
58422, 1897
48757, 1893
172149, 1893
45582, 1892
53211, 1892
103519, 1892
108136, 1892
115550, 1892
166568, 1892
198908, 1892
202440, 1892
275941, 1892
19433, 1890
190048, 1890
86596, 1887
258551, 1887
106334, 1880
138243, 1880
288465, 1880
290799, 1880
124161, 1878
237979, 1878
244724, 1878
259466, 1878
276199, 1878
190204, 1873
157482, 1871
129686, 1869
225464, 1869
257443, 1869
284785, 1863
222581, 1862
3704, 1857
176865, 1857
44195, 1852
130702, 1852
29802, 1850
77406, 1850
202168, 1850
7768, 1849
18773, 1849
29002, 1849
31421, 1849
49155, 1849
57521, 1849
58722, 1849
60622, 1849
72126, 1849
83676, 1849
88701, 1849
92696, 1849
112440, 1849
115843, 1849
121003, 1849
131934, 1849
139553, 1849
164856, 1849
177772, 1849
187713, 1849
199260, 1849
206104, 1849
206284, 1849
206801, 1849
220794, 1849
224986, 1849
226497, 1849
238698, 1849
240274, 1849
242732, 1849
242937, 1849
254672, 1849
269658, 1849
269896, 1849
279925, 1849
279939, 1849
284782, 1849
13773, 1845
163441, 1845
184339, 1845
290942, 1845
53898, 1843
178442, 1843
190294, 1843
208487, 1843
222448, 1843
115671, 1836
55391, 1832
35881, 1828
285169, 1828
117066, 1827
177608, 1827
187719, 1827
278497, 1827
51765, 1825
159212, 1825
215624, 1825
286879, 1825
80678, 1824
85980, 1824
33599, 1821
90068, 1821
125256, 1821
185611, 1821
260639, 1821
287915, 1821
39307, 1819
69361, 1819
110246, 1819
112739, 1819
206860, 1819
208523, 1819
260848, 1819
72906, 1816
74395, 1816
117729, 1815
92856, 1814
108506, 1814
167151, 1814
194422, 1814
296498, 1814
106062, 1812
24993, 1810
37599, 1810
49822, 1810
76962, 1810
92582, 1810
114744, 1810
128631, 1810
132861, 1810
148645, 1810
163996, 1810
171182, 1810
201437, 1810
211615, 1810
221317, 1810
223711, 1810
230402, 1810
232069, 1810
232683, 1810
243993, 1810
244920, 1810
252941, 1810
264894, 1810
269475, 1810
272150, 1810
277561, 1810
288563, 1810
290678, 1810
291376, 1810
293806, 1810
271597, 1809
114881, 1808
206070, 1808
276802, 1808
284054, 1808
88990, 1807
92792, 1807
104503, 1807
90516, 1805
52823, 1803
57603, 1803
64236, 1802
117643, 1802
127122, 1802
132285, 1802
211461, 1802
254067, 1802
21340, 1800
79834, 1800
113096, 1800
146276, 1800
282648, 1800
283368, 1800
171514, 1799
192240, 1799
204896, 1799
279720, 1799
7003, 1798
11806, 1798
23671, 1798
36310, 1798
60584, 1798
73958, 1798
81019, 1798
83621, 1798
90876, 1798
92275, 1798
98359, 1798
98891, 1798
104474, 1798
112013, 1798
124439, 1798
133474, 1798
137552, 1798
150146, 1798
150892, 1798
166536, 1798
173460, 1798
176994, 1798
116881, 1797
159306, 1797
187049, 1797
232051, 1797
275017, 1795
77113, 1792
85557, 1792
164985, 1792
186244, 1792
196389, 1792
225197, 1792
259649, 1792
294236, 1792
165777, 1790
166500, 1788
86299, 1787
93061, 1787
153876, 1787
165318, 1787
185900, 1786
216865, 1786
219874, 1786
232738, 1786
255170, 1786
290800, 1786
69658, 1785
78067, 1785
88296, 1785
108014, 1785
108839, 1785
111584, 1785
120972, 1785
121913, 1785
122320, 1785
133809, 1785
134515, 1785
147984, 1785
152368, 1785
156210, 1785
162600, 1785
181176, 1785
195850, 1785
207286, 1785
245836, 1785
263401, 1785
279703, 1784
42295, 1782
231660, 1780
115435, 1779
188603, 1779
18040, 1777
24872, 1777
31444, 1777
43825, 1777
56430, 1777
61968, 1777
81467, 1777
88439, 1777
103555, 1777
105093, 1777
106667, 1777
116488, 1777
118505, 1777
122077, 1777
122988, 1777
131038, 1777
133133, 1777
134591, 1777
135808, 1777
136509, 1777
138946, 1777
140431, 1777
153331, 1777
154818, 1777
161238, 1777
162574, 1777
163563, 1777
167200, 1777
173648, 1777
196702, 1777
197838, 1777
206968, 1777
208754, 1777
213591, 1777
225982, 1777
227330, 1777
246405, 1777
255876, 1777
256468, 1777
257435, 1777
262727, 1777
268714, 1777
269564, 1777
271038, 1777
275036, 1777
279659, 1777
288238, 1777
20591, 1773
55192, 1773
142014, 1773
212825, 1773
215940, 1773
30067, 1768
36277, 1768
58237, 1768
61108, 1768
73315, 1768
74695, 1768
74702, 1768
100906, 1768
109344, 1768
112688, 1768
118426, 1768
129231, 1768
171815, 1768
51909, 1766
240094, 1766
29282, 1760
251298, 1760
104881, 1757
103700, 1754
37834, 1753
44611, 1753
62982, 1753
69796, 1753
83260, 1753
126081, 1753
144352, 1753
239504, 1753
21654, 1751
47407, 1751
54714, 1751
93952, 1751
102454, 1751
186755, 1751
192203, 1751
228368, 1751
172761, 1750
179973, 1750
190365, 1750
264434, 1750
36540, 1741
130027, 1741
132968, 1741
147366, 1741
161848, 1741
198678, 1741
273459, 1741
283052, 1741
157512, 1734
150505, 1732
48241, 1731
199471, 1731
221597, 1731
226973, 1731
244175, 1731
264327, 1731
267327, 1731
90223, 1729
186497, 1729
204635, 1729
253478, 1729
87325, 1726
106064, 1726
109418, 1726
138134, 1726
243230, 1726
124481, 1720
228114, 1720
264636, 1720
31869, 1718
43073, 1718
49893, 1718
76577, 1718
141031, 1718
146596, 1718
192935, 1718
200533, 1718
234265, 1718
90799, 1717
194298, 1708
32537, 1706
45337, 1706
104408, 1706
153936, 1706
180767, 1706
188710, 1706
227813, 1704
272944, 1704
19584, 1703
82254, 1703
774, 1701
1247, 1701
25420, 1701
26931, 1701
71613, 1701
87526, 1701
134110, 1701
141306, 1701
176044, 1701
220197, 1701
267986, 1701
275171, 1701
289767, 1701
107031, 1698
112311, 1698
114938, 1698
182235, 1698
244988, 1698
160877, 1694
285190, 1694
7591, 1692
279867, 1692
165761, 1691
198294, 1691
221351, 1691
261143, 1691
159089, 1685
123283, 1683
144163, 1683
153351, 1683
156090, 1683
209721, 1683
210635, 1683
224028, 1683
225355, 1683
237976, 1683
124807, 1681
44659, 1677
53031, 1677
69032, 1677
87630, 1677
92064, 1677
96010, 1677
99181, 1677
115705, 1677
143511, 1677
162019, 1677
219406, 1677
227104, 1677
285113, 1677
173263, 1676
203414, 1674
50557, 1672
91980, 1672
8779, 1671
15659, 1671
17042, 1671
29691, 1671
30096, 1671
32320, 1671
47432, 1671
63458, 1671
72639, 1671
78653, 1671
84755, 1671
88535, 1671
91349, 1671
92818, 1671
99165, 1671
105218, 1671
120084, 1671
121162, 1671
129167, 1671
130590, 1671
133213, 1671
134838, 1671
135317, 1671
135335, 1671
138987, 1671
139297, 1671
141917, 1671
142851, 1671
146590, 1671
148429, 1671
148895, 1671
152746, 1671
177469, 1671
178852, 1671
179891, 1671
183305, 1671
185547, 1671
189295, 1671
193538, 1671
195091, 1671
195562, 1671
198038, 1671
199325, 1671
207745, 1671
219209, 1671
221562, 1671
236423, 1671
237118, 1671
237136, 1671
241844, 1671
244556, 1671
262374, 1671
266718, 1671
269987, 1671
274676, 1671
275722, 1671
278441, 1671
282844, 1671
284849, 1671
121490, 1668
154763, 1668
169859, 1668
287549, 1668
35217, 1664
51783, 1664
157686, 1664
174113, 1664
210985, 1664
84005, 1661
109476, 1661
132167, 1661
161702, 1661
165489, 1658
26317, 1656
29298, 1656
46000, 1656
49800, 1656
59730, 1656
71804, 1656
96702, 1656
99282, 1656
100177, 1656
111256, 1656
115795, 1656
118926, 1656
119956, 1656
123562, 1656
132549, 1656
173986, 1656
192864, 1656
210447, 1656
214489, 1656
215516, 1656
215647, 1656
235047, 1656
237230, 1656
243194, 1656
248661, 1656
250525, 1656
257695, 1656
271077, 1656
276796, 1656
286953, 1656
291420, 1656
296103, 1656
158335, 1655
37676, 1653
85118, 1652
128593, 1652
141539, 1652
146607, 1652
195899, 1652
243890, 1652
253232, 1652
270464, 1652
275340, 1652
282741, 1652
282863, 1652
288562, 1652
256219, 1651
27490, 1650
73771, 1650
181571, 1650
199812, 1650
206788, 1650
118094, 1649
186100, 1646
140142, 1643
72152, 1642
156074, 1642
217166, 1642
226146, 1642
273573, 1642
279327, 1642
222069, 1641
95304, 1640
237347, 1640
78789, 1637
87810, 1637
94490, 1637
96070, 1637
98233, 1637
101837, 1637
104748, 1637
140932, 1637
178576, 1637
227360, 1637
164877, 1636
177187, 1636
111005, 1635
276993, 1635
279294, 1635
286663, 1635
34024, 1634
72273, 1634
246406, 1632
9991, 1628
12437, 1628
14748, 1628
126315, 1628
146911, 1628
154973, 1628
230583, 1628
256367, 1628
275158, 1628
284977, 1628
290399, 1628
54644, 1627
64694, 1626
137344, 1626
145944, 1626
146783, 1626
177809, 1626
86825, 1624
234056, 1624
121083, 1620
194833, 1620
198533, 1620
263666, 1620
282379, 1620
58389, 1619
59125, 1619
82449, 1617
164203, 1616
233690, 1616
63877, 1615
71478, 1615
101239, 1615
108230, 1615
191166, 1615
221469, 1615
242316, 1615
160155, 1611
10553, 1610
73930, 1610
128335, 1609
79780, 1607
91319, 1607
90763, 1606
114589, 1606
148639, 1606
190599, 1606
237315, 1606
244058, 1606
258784, 1606
270823, 1606
72624, 1605
75449, 1605
76480, 1605
77595, 1605
78796, 1605
124897, 1605
127999, 1605
172357, 1605
181097, 1605
188498, 1605
196888, 1605
201000, 1605
236609, 1605
12000, 1602
56045, 1602
273492, 1602
162109, 1601
233221, 1601
258461, 1601
58633, 1599
63945, 1599
95133, 1599
147047, 1599
165121, 1599
201327, 1599
231919, 1599
287594, 1599
84540, 1596
130632, 1596
141944, 1596
262175, 1596
272804, 1596
294058, 1596
63501, 1594
40893, 1593
69900, 1593
7691, 1592
63244, 1592
148706, 1592
204225, 1592
228159, 1592
267703, 1592
63573, 1589
120028, 1589
157172, 1589
249186, 1589
256086, 1589
45247, 1588
103263, 1587
168038, 1587
221589, 1587
228066, 1587
88512, 1586
8564, 1585
174398, 1584
33161, 1583
72413, 1583
105463, 1583
133194, 1583
135295, 1583
164862, 1583
218506, 1583
224640, 1583
225153, 1583
253202, 1583
276925, 1583
278236, 1583
280438, 1583
87807, 1581
205426, 1581
267521, 1581
137739, 1579
151482, 1579
167611, 1579
208043, 1576
248722, 1576
270482, 1576
274432, 1575
153130, 1571
172101, 1568
188762, 1568
20708, 1566
25607, 1566
71035, 1566
86143, 1566
100165, 1566
112776, 1566
115577, 1566
132947, 1566
153192, 1566
183752, 1566
187344, 1566
187646, 1566
223661, 1566
245906, 1566
263941, 1566
9614, 1565
22417, 1564
105810, 1564
109735, 1564
113371, 1564
181230, 1564
28540, 1561
79072, 1561
268881, 1561
28734, 1560
60973, 1560
65287, 1560
71699, 1560
237483, 1560
56611, 1559
147620, 1559
222470, 1559
222127, 1556
252201, 1556
256617, 1556
16623, 1554
46987, 1554
177195, 1554
219142, 1554
260563, 1554
38168, 1552
51104, 1552
73790, 1552
117949, 1552
173941, 1552
215318, 1552
236840, 1552
247573, 1552
259711, 1552
260510, 1552
276132, 1552
278795, 1552
286253, 1552
286308, 1552
295517, 1552
43528, 1551
284873, 1551
104821, 1549
255254, 1549
12720, 1546
249263, 1546
58736, 1545
171983, 1545
286338, 1545
179710, 1543
213919, 1543
283315, 1543
173226, 1540
222413, 1538
274358, 1538
225705, 1534
23558, 1533
98571, 1533
117980, 1533
212127, 1533
101948, 1529
24106, 1528
50193, 1528
211372, 1527
157235, 1526
256875, 1526
29641, 1524
32133, 1524
35748, 1524
38620, 1524
39550, 1524
40842, 1524
41894, 1524
44369, 1524
47761, 1524
49573, 1524
52953, 1524
54410, 1524
54927, 1524
57733, 1524
61131, 1524
61798, 1524
69008, 1524
77687, 1524
89608, 1524
93621, 1524
95258, 1524
217161, 1524
29706, 1523
82138, 1523
90525, 1519
126862, 1519
220764, 1519
267148, 1519
281257, 1519
250073, 1518
26357, 1517
269272, 1517
29942, 1516
32134, 1516
147963, 1516
242620, 1516
13134, 1510
14705, 1510
59500, 1510
78990, 1510
97144, 1510
159803, 1510
160044, 1510
164283, 1510
178560, 1510
205635, 1510
231585, 1510
241470, 1510
244192, 1510
259351, 1510
260103, 1510
276198, 1510
278366, 1510
288254, 1510
289681, 1510
5987, 1509
69342, 1509
136562, 1509
173730, 1509
192335, 1509
293898, 1509
83759, 1508
145219, 1508
103178, 1507
116757, 1507
285159, 1506
28459, 1504
75845, 1503
98275, 1501
133518, 1501
235541, 1501
274434, 1500
74363, 1499
185397, 1499
29314, 1498
278595, 1498
99629, 1492
197504, 1492
210333, 1492
142838, 1491
168153, 1491
22305, 1490
52177, 1490
92333, 1490
117555, 1490
169355, 1490
93379, 1487
150432, 1487
129090, 1486
77669, 1484
203033, 1483
228887, 1483
268725, 1483
188827, 1482
210205, 1482
34145, 1478
183781, 1475
189690, 1475
216229, 1475
217204, 1475
270255, 1475
277239, 1475
281260, 1475
14687, 1471
31806, 1471
229767, 1471
35979, 1469
99272, 1469
142208, 1469
191940, 1469
224945, 1469
228166, 1469
258646, 1469
276793, 1469
61179, 1468
47364, 1467
97583, 1467
139380, 1467
271775, 1467
16977, 1466
165554, 1466
252664, 1466
256680, 1466
261483, 1466
37320, 1464
41088, 1464
51554, 1464
51828, 1464
61047, 1464
32886, 1461
96334, 1461
236668, 1461
39794, 1459
82184, 1459
119788, 1459
129654, 1459
147214, 1459
160000, 1459
175338, 1459
187847, 1459
197085, 1459
212245, 1459
245680, 1459
63980, 1456
188836, 1456
241468, 1456
258087, 1456
279968, 1456
131121, 1455
134691, 1455
203204, 1455
205539, 1455
242145, 1455
248960, 1455
262311, 1455
278185, 1455
293417, 1455
114375, 1453
212674, 1453
60125, 1448
130737, 1448
290464, 1445
66134, 1444
67496, 1444
107818, 1444
114982, 1444
41079, 1443
51351, 1443
214862, 1443
49047, 1442
137196, 1442
26851, 1440
58760, 1440
83841, 1440
93974, 1440
95897, 1440
98614, 1440
110118, 1440
112255, 1440
115701, 1440
128326, 1440
151941, 1440
158816, 1440
169241, 1440
170120, 1440
171367, 1440
175214, 1440
218075, 1440
219946, 1440
220628, 1440
223320, 1440
291439, 1440
201056, 1434
86500, 1432
172444, 1432
172580, 1432
235289, 1432
266577, 1432
46608, 1431
96754, 1431
176264, 1431
209392, 1431
229660, 1431
271105, 1430
121863, 1428
127923, 1428
130810, 1428
195320, 1428
203185, 1428
38212, 1427
82866, 1427
89590, 1427
89740, 1427
93289, 1427
108376, 1427
154897, 1427
200165, 1427
245232, 1427
250900, 1427
131341, 1425
149352, 1425
244811, 1425
284740, 1425
9869, 1424
11390, 1424
50061, 1423
178078, 1423
203585, 1423
246322, 1423
262123, 1423
40102, 1421
206266, 1421
2679, 1418
167181, 1418
57645, 1416
59974, 1416
73337, 1416
85134, 1416
98992, 1416
112722, 1416
114387, 1416
114463, 1416
127670, 1416
143199, 1416
187268, 1416
202460, 1416
205767, 1416
236088, 1416
142417, 1414
170858, 1414
243216, 1414
291649, 1414
190339, 1413
71202, 1411
193737, 1410
250031, 1410
258198, 1410
263976, 1410
15122, 1409
34511, 1409
51595, 1409
81867, 1409
150303, 1409
239215, 1409
258818, 1409
266867, 1409
284755, 1409
34673, 1408
58985, 1408
82485, 1408
95769, 1407
167168, 1407
172637, 1407
185965, 1407
188833, 1407
193717, 1407
194981, 1407
210791, 1407
223023, 1407
31950, 1406
283076, 1406
115650, 1404
135689, 1403
33245, 1401
93312, 1401
102915, 1401
116055, 1401
118215, 1401
145793, 1401
165192, 1401
165895, 1401
234117, 1401
56042, 1400
71337, 1400
153254, 1400
179914, 1400
203705, 1400
230945, 1400
255989, 1400
292119, 1400
121088, 1399
36509, 1398
123802, 1398
29296, 1397
29342, 1397
45862, 1397
162523, 1397
278067, 1397
183591, 1396
185672, 1396
187778, 1396
200826, 1396
294393, 1396
23941, 1394
104059, 1394
179348, 1394
200215, 1394
211961, 1394
213653, 1394
221554, 1394
240102, 1394
56344, 1393
69664, 1393
238489, 1393
73973, 1391
86593, 1391
97602, 1391
126459, 1391
128325, 1391
165620, 1391
203309, 1391
214370, 1391
222536, 1391
238125, 1391
253563, 1391
295107, 1391
104042, 1390
128715, 1390
166570, 1390
211250, 1390
232066, 1390
50639, 1389
148721, 1389
193209, 1389
241897, 1389
252016, 1389
274643, 1389
36883, 1387
44004, 1387
51577, 1387
51810, 1387
61629, 1387
66110, 1387
67868, 1387
70936, 1387
73652, 1387
76192, 1387
78802, 1387
84777, 1387
86322, 1387
86343, 1387
93655, 1387
106451, 1387
109177, 1387
116923, 1387
125611, 1387
133723, 1387
150349, 1387
150947, 1387
152727, 1387
154415, 1387
158874, 1387
176800, 1387
183132, 1387
195622, 1387
208635, 1387
216272, 1387
243798, 1387
269321, 1387
290160, 1387
54081, 1386
59129, 1386
66611, 1386
82146, 1386
100144, 1386
142754, 1386
162331, 1386
177058, 1386
245006, 1386
283374, 1386
7757, 1384
224067, 1384
262325, 1384
264581, 1384
108887, 1381
198292, 1379
211843, 1379
7039, 1378
136687, 1378
56004, 1377
89841, 1377
101868, 1377
177087, 1377
185948, 1377
256741, 1377
11050, 1376
12093, 1376
27958, 1376
42165, 1376
49426, 1376
68758, 1376
82765, 1376
85920, 1376
86797, 1376
90240, 1376
97499, 1376
107368, 1376
125170, 1376
131143, 1376
135371, 1376
162177, 1376
165163, 1376
180341, 1376
189249, 1376
207182, 1376
214151, 1376
216805, 1376
229328, 1376
241673, 1376
252869, 1376
252968, 1376
295329, 1376
295440, 1376
210325, 1375
228017, 1375
107178, 1373
163152, 1373
123010, 1371
158448, 1369
204001, 1369
225859, 1369
262245, 1369
172693, 1368
141025, 1366
58774, 1364
125953, 1364
127986, 1364
256758, 1364
275252, 1364
39215, 1363
91151, 1363
130098, 1363
156806, 1363
223194, 1363
231459, 1363
90377, 1362
154770, 1362
51601, 1360
282577, 1360
54049, 1359
140208, 1359
43626, 1357
101458, 1357
72259, 1356
104803, 1356
119838, 1356
92648, 1355
272475, 1354
79576, 1353
17818, 1352
36377, 1352
54248, 1352
74894, 1352
89730, 1352
96132, 1352
122823, 1352
133672, 1352
138097, 1352
157569, 1352
184688, 1352
199453, 1352
249551, 1352
280439, 1352
288143, 1352
290767, 1352
174316, 1350
229510, 1349
249994, 1349
13413, 1348
134556, 1347
272995, 1347
285811, 1347
94889, 1346
54490, 1345
128674, 1345
214082, 1345
219752, 1345
236193, 1345
272061, 1345
272390, 1345
271982, 1343
113987, 1342
114393, 1342
185655, 1342
193890, 1342
217424, 1342
220190, 1342
234297, 1342
238794, 1342
129382, 1341
193041, 1341
83495, 1340
106117, 1340
130476, 1340
152947, 1340
156834, 1340
167778, 1340
204498, 1340
219416, 1340
219548, 1340
236281, 1340
249689, 1340
254244, 1340
274286, 1340
282320, 1340
139225, 1339
180176, 1339
266739, 1339
57150, 1338
217293, 1338
269186, 1338
103594, 1337
160094, 1337
182625, 1337
233862, 1337
242406, 1337
244885, 1337
288402, 1337
124098, 1336
202071, 1336
238132, 1336
260830, 1336
266271, 1336
19646, 1334
74825, 1334
265006, 1334
78274, 1333
109271, 1333
182515, 1333
230458, 1333
251901, 1333
267669, 1333
277661, 1333
9983, 1330
41783, 1330
52359, 1330
73099, 1330
78084, 1330
86116, 1330
89064, 1330
90717, 1330
105024, 1330
105962, 1330
111517, 1330
113486, 1330
124201, 1330
127930, 1330
140513, 1330
141138, 1330
178481, 1330
187171, 1330
188804, 1330
191220, 1330
203764, 1330
210604, 1330
233317, 1330
248701, 1330
251561, 1330
251690, 1330
261791, 1330
275900, 1330
280708, 1330
283586, 1330
284164, 1330
287776, 1330
53619, 1329
62130, 1329
79313, 1329
89033, 1329
98505, 1329
100545, 1329
114403, 1329
130285, 1329
133568, 1329
134465, 1329
147727, 1329
215698, 1329
244229, 1329
250857, 1329
285491, 1329
4274, 1326
80957, 1326
128824, 1326
139803, 1326
159199, 1326
196919, 1326
208023, 1326
241021, 1326
259173, 1326
224363, 1325
18812, 1324
57528, 1324
280982, 1324
19764, 1321
258927, 1321
277608, 1321
165988, 1319
36946, 1318
88709, 1318
153784, 1318
108414, 1317
271042, 1317
27587, 1311
33485, 1311
75226, 1311
88865, 1311
93101, 1311
161955, 1311
169063, 1311
205256, 1311
212330, 1311
216409, 1311
28055, 1310
38426, 1309
125073, 1309
168370, 1309
37458, 1308
42059, 1308
55851, 1308
140772, 1308
146385, 1308
163431, 1308
28136, 1307
38129, 1307
43913, 1307
76471, 1307
82047, 1307
89739, 1307
92375, 1307
98589, 1307
105854, 1307
112349, 1307
114133, 1307
155118, 1307
163120, 1307
171663, 1307
178760, 1307
179191, 1307
179277, 1307
190369, 1307
196994, 1307
203426, 1307
218857, 1307
222569, 1307
229240, 1307
231747, 1307
232452, 1307
239605, 1307
244395, 1307
260255, 1307
266962, 1307
271069, 1307
276511, 1307
281089, 1307
284469, 1307
285614, 1307
219915, 1306
142997, 1305
219600, 1305
13387, 1304
59455, 1304
75976, 1304
107779, 1304
133968, 1304
135585, 1304
141462, 1304
158177, 1304
160327, 1304
184583, 1304
185721, 1304
185861, 1304
207754, 1304
212045, 1304
215199, 1304
220887, 1304
232463, 1304
237091, 1304
242055, 1304
243474, 1304
245157, 1304
246989, 1304
248711, 1304
249595, 1304
252685, 1304
257541, 1304
266879, 1304
289048, 1304
294226, 1304
257335, 1302
285751, 1302
292227, 1302
283379, 1300
171659, 1299
64741, 1298
277110, 1298
295750, 1298
9295, 1297
16704, 1297
50709, 1297
84987, 1297
24715, 1293
113792, 1293
134243, 1293
160598, 1293
171335, 1293
188564, 1293
207514, 1293
210614, 1293
262142, 1293
267612, 1293
279421, 1293
287098, 1293
6078, 1292
35561, 1292
68546, 1292
77315, 1292
128763, 1292
209602, 1292
229108, 1292
9436, 1290
108338, 1290
141555, 1290
166555, 1290
168849, 1290
181967, 1290
188791, 1290
233684, 1290
238014, 1290
261736, 1290
265742, 1290
284020, 1290
286633, 1290
91924, 1289
115812, 1289
208276, 1289
261574, 1289
68224, 1288
206797, 1288
273970, 1287
67420, 1285
120027, 1285
199999, 1285
217619, 1285
234607, 1285
235063, 1285
118879, 1284
120585, 1284
189442, 1283
235286, 1283
12810, 1282
81616, 1282
140432, 1282
149135, 1282
185489, 1282
202056, 1282
204929, 1282
218677, 1282
222887, 1282
230326, 1282
248857, 1282
252400, 1282
267602, 1282
278293, 1282
5000, 1279
129046, 1278
129136, 1278
145378, 1278
279490, 1278
271018, 1277
65584, 1275
163959, 1275
210472, 1275
228512, 1275
257059, 1274
293859, 1274
80518, 1272
91155, 1272
98283, 1272
146651, 1272
164407, 1272
222357, 1272
235066, 1272
263942, 1272
10131, 1271
101135, 1269
215129, 1269
292426, 1269
294250, 1269
125434, 1268
250727, 1268
171521, 1266
174170, 1266
131372, 1264
221547, 1262
111497, 1260
143521, 1260
214705, 1260
218752, 1260
232033, 1260
277364, 1260
281993, 1260
87069, 1257
237453, 1257
19082, 1256
22244, 1256
31981, 1254
59120, 1254
61645, 1254
63375, 1254
67408, 1254
76479, 1254
86829, 1254
95886, 1254
108398, 1254
129408, 1254
129624, 1254
229644, 1254
291017, 1254
132765, 1253
140020, 1253
168754, 1253
173248, 1253
187278, 1253
191565, 1253
90533, 1251
108602, 1250
273208, 1250
28355, 1249
43515, 1249
146710, 1249
156759, 1249
211731, 1249
247478, 1249
248902, 1249
81230, 1248
255771, 1248
361, 1246
66433, 1245
56874, 1244
165196, 1244
206568, 1244
223959, 1244
260100, 1244
121050, 1242
217540, 1242
278484, 1242
280450, 1242
294537, 1242
28574, 1241
194762, 1241
195086, 1241
199691, 1241
209729, 1241
235483, 1241
240620, 1241
274108, 1241
278919, 1241
286318, 1241
12862, 1239
102486, 1239
51759, 1238
219587, 1238
141096, 1236
224498, 1236
267688, 1236
129026, 1235
182404, 1235
130234, 1234
188720, 1234
247345, 1232
12006, 1231
33489, 1231
80071, 1231
83159, 1231
89387, 1231
142270, 1231
150972, 1231
189521, 1231
264811, 1231
280417, 1230
42149, 1229
254381, 1226
8311, 1225
59019, 1224
106939, 1224
164139, 1224
171427, 1224
180610, 1224
206026, 1224
264194, 1224
292856, 1220
192682, 1218
223876, 1218
163311, 1217
4181, 1214
23678, 1214
165755, 1214
275987, 1214
60725, 1211
89482, 1211
146417, 1211
151313, 1211
160104, 1211
176041, 1211
194364, 1211
196829, 1211
219167, 1211
229422, 1211
242739, 1211
256294, 1211
276096, 1211
52573, 1210
53774, 1210
85362, 1210
119068, 1210
279469, 1210
143852, 1209
44872, 1207
217489, 1206
117220, 1205
158668, 1205
178050, 1205
226951, 1205
230353, 1205
288391, 1205
100644, 1203
145248, 1202
287301, 1202
97161, 1201
218553, 1201
150591, 1200
242229, 1200
118419, 1195
125301, 1195
69335, 1193
70811, 1193
94188, 1193
108746, 1193
151334, 1193
3325, 1192
235785, 1192
259836, 1192
262711, 1192
97853, 1190
146201, 1190
149015, 1190
210596, 1190
283894, 1190
295319, 1190
204121, 1188
93024, 1187
268319, 1187
205547, 1184
26515, 1182
132606, 1182
165721, 1182
69333, 1181
81750, 1181
105175, 1181
263933, 1181
39368, 1180
72675, 1180
161419, 1180
180067, 1179
187870, 1179
207576, 1179
228643, 1179
2106, 1178
282037, 1177
14412, 1176
162593, 1176
168210, 1176
182612, 1176
189127, 1176
269571, 1176
26105, 1174
32782, 1174
287524, 1174
161781, 1173
97417, 1167
278416, 1164
41986, 1161
73824, 1161
89400, 1161
116119, 1161
176757, 1161
218405, 1161
230171, 1161
236300, 1161
292679, 1161
279917, 1158
246139, 1156
190879, 1155
194623, 1155
183217, 1154
222403, 1154
69994, 1152
95905, 1152
100957, 1152
151015, 1152
164084, 1152
236377, 1152
237144, 1152
245691, 1152
289014, 1152
289901, 1152
119451, 1151
170528, 1151
231350, 1151
266179, 1151
273570, 1151
241167, 1150
8055, 1149
36601, 1147
72872, 1147
136431, 1146
295554, 1145
67382, 1144
79330, 1144
97835, 1143
268009, 1141
157265, 1139
206531, 1139
241293, 1139
243607, 1139
247975, 1139
289612, 1139
196004, 1138
291030, 1138
21725, 1137
23076, 1137
26620, 1137
36973, 1137
37374, 1137
53847, 1137
63559, 1137
64663, 1137
66527, 1137
67002, 1137
72695, 1137
79664, 1137
85830, 1137
91566, 1137
96013, 1137
96388, 1137
97369, 1137
97581, 1137
98565, 1137
104278, 1137
104509, 1137
104957, 1137
108018, 1137
109243, 1137
110679, 1137
120655, 1137
140048, 1137
154901, 1137
201814, 1137
225166, 1137
247589, 1137
25495, 1136
30288, 1136
69152, 1136
92091, 1136
93364, 1136
64616, 1135
162988, 1135
186972, 1135
192950, 1135
245265, 1135
81349, 1133
149634, 1130
264842, 1129
261854, 1128
38705, 1127
112509, 1127
55728, 1126
114742, 1126
119656, 1126
209859, 1126
5878, 1124
51841, 1124
51871, 1124
219041, 1124
231314, 1124
248355, 1124
259158, 1124
293457, 1124
285452, 1123
176066, 1120
271379, 1120
93257, 1117
214419, 1117
234664, 1117
100851, 1116
122980, 1116
248674, 1116
268625, 1116
120147, 1115
257772, 1114
281483, 1114
40050, 1113
134688, 1113
30264, 1106
51141, 1106
79804, 1106
82715, 1106
86295, 1106
87812, 1106
14364, 1105
67498, 1105
99363, 1105
129772, 1105
180413, 1105
233641, 1105
160805, 1104
32275, 1102
107050, 1102
146130, 1102
293212, 1102
122459, 1099
125591, 1099
129879, 1099
140237, 1099
144878, 1099
145450, 1099
149811, 1099
153399, 1099
155994, 1099
158639, 1099
164506, 1099
168531, 1099
168632, 1099
169348, 1099
205882, 1099
206892, 1099
219770, 1099
223105, 1099
280305, 1099
124496, 1096
180754, 1096
60578, 1093
118034, 1093
168545, 1093
50107, 1092
33547, 1088
85894, 1088
91273, 1088
97694, 1088
133097, 1088
137032, 1088
147407, 1088
150352, 1088
169931, 1088
211289, 1088
220553, 1088
82242, 1087
22298, 1086
72374, 1086
157931, 1084
244857, 1084
33711, 1082
159515, 1082
207694, 1080
248809, 1080
33120, 1079
280481, 1079
81289, 1078
101267, 1078
109992, 1078
113346, 1078
123299, 1078
127854, 1078
140522, 1078
147782, 1078
156832, 1078
158061, 1078
159587, 1078
175361, 1078
189292, 1078
193991, 1078
204154, 1078
212011, 1078
223897, 1078
230846, 1078
234400, 1078
240860, 1078
251315, 1078
264014, 1078
283850, 1078
57838, 1076
54886, 1075
190947, 1074
288411, 1074
148478, 1067
94727, 1065
109220, 1065
136014, 1065
166318, 1065
179897, 1065
238351, 1065
259878, 1065
127561, 1063
112631, 1061
245771, 1058
294321, 1058
73125, 1057
76991, 1056
256043, 1056
27311, 1053
185830, 1053
247828, 1053
236154, 1052
72588, 1049
54993, 1048
78780, 1046
182157, 1046
203700, 1045
227935, 1045
233074, 1045
32860, 1044
248663, 1044
36529, 1042
48342, 1039
60023, 1039
73904, 1039
75012, 1039
81044, 1039
86104, 1039
88389, 1039
100709, 1039
101078, 1039
103569, 1039
110028, 1039
113975, 1039
122686, 1039
125510, 1039
126161, 1039
132375, 1039
143135, 1039
145381, 1039
157521, 1039
157795, 1039
165783, 1039
173682, 1039
175071, 1039
184858, 1039
203704, 1039
208639, 1039
209171, 1039
212956, 1039
222864, 1039
228569, 1039
231360, 1039
236379, 1039
237002, 1039
244193, 1039
245737, 1039
247789, 1039
249342, 1039
270893, 1039
286822, 1039
290677, 1039
172378, 1038
252118, 1038
222227, 1037
196404, 1034
262853, 1034
92181, 1033
175692, 1033
247089, 1029
166652, 1025
335, 1024
26769, 1024
80120, 1022
210956, 1022
214450, 1022
30471, 1021
212080, 1018
15195, 1017
40777, 1013
43588, 1013
229168, 1013
291303, 1013
54416, 1012
43075, 1011
156756, 1011
255596, 1011
27800, 1010
32912, 1010
60352, 1010
63752, 1010
66339, 1010
72145, 1010
74866, 1010
83659, 1010
85345, 1010
89214, 1010
100000, 1010
113268, 1010
125942, 1010
144599, 1010
180960, 1010
183224, 1010
191084, 1010
210821, 1010
218871, 1010
254087, 1010
258432, 1010
271812, 1010
280604, 1010
56241, 1008
98626, 1008
140128, 1007
195393, 1007
117645, 1002
158951, 1002
28196, 1001
145235, 1001
207269, 1001
225440, 1001
265688, 1000
