31691, 121016
36205, 121016
37578, 121016
40765, 121016
40845, 121016
40938, 121016
42473, 121016
42529, 121016
42961, 121016
44203, 121016
44636, 121016
46074, 121016
46750, 121016
39845, 119126
44022, 119126
46913, 119126
47149, 119126
32642, 112276
38902, 112276
41224, 112276
42731, 112276
45535, 112276
45574, 112276
45991, 112276
46302, 112276
46387, 112276
46943, 112276
50394, 112276
32398, 110488
42194, 110488
42271, 110488
37171, 107445
38131, 107445
34473, 104105
33815, 100947
34375, 100947
34631, 100947
35065, 100947
35201, 100947
35660, 100947
36128, 100947
41050, 100947
41133, 100947
42445, 100947
39406, 90340
33439, 87330
36209, 87330
37053, 87330
37071, 87330
37358, 87330
37796, 87330
38936, 87330
38995, 87330
40173, 87330
40789, 87330
41507, 87330
42298, 87330
42869, 87330
42943, 87330
38195, 83713
38805, 83713
39161, 83713
39341, 83713
42600, 83713
31768, 82432
34256, 82432
37249, 82432
38742, 82432
30793, 72119
31582, 72119
33910, 72119
35349, 72119
37260, 72119
37387, 72119
37836, 72119
38216, 72119
38934, 72119
39633, 72119
40722, 72119
40732, 72119
42292, 72119
47030, 72119
34359, 71485
30934, 70071
46207, 69520
57202, 69520
57368, 69520
59745, 69520
32158, 68795
34786, 68795
35381, 68795
37642, 68795
38246, 68795
38717, 68795
39925, 68795
54563, 68171
62644, 67979
70928, 67979
45489, 67322
47179, 67322
48135, 67322
51176, 67322
51219, 67322
51486, 67322
52104, 67322
56087, 67322
60026, 67322
61122, 67322
62338, 67322
62507, 67322
65339, 67322
69278, 67322
74252, 67322
74834, 67322
39985, 67192
42948, 67192
43806, 67192
44215, 67192
44309, 67192
45938, 67192
46280, 67192
46902, 67192
47067, 67192
47367, 67192
47425, 67192
47547, 67192
47798, 67192
49950, 67192
51198, 67192
51342, 67192
53534, 67192
54071, 67192
54095, 67192
54554, 67192
55264, 67192
55402, 67192
55438, 67192
55623, 67192
60867, 67192
60907, 67192
64985, 67192
39317, 66957
23691, 66887
51842, 66887
51923, 66887
60534, 66887
57217, 66819
66487, 66819
73322, 66819
63985, 66749
67040, 66749
68913, 66749
69839, 66749
73281, 66749
82240, 66749
67948, 66183
42237, 66148
38228, 65723
38818, 65723
40831, 65723
41960, 65723
43254, 65723
43872, 65723
44293, 65723
45072, 65723
45251, 65723
46054, 65723
47306, 65723
47462, 65723
47866, 65723
47914, 65723
48035, 65723
48120, 65723
48580, 65723
49707, 65723
49908, 65723
50976, 65723
51941, 65723
52212, 65723
52376, 65723
52692, 65723
52913, 65723
53252, 65723
54588, 65723
54599, 65723
55289, 65723
56746, 65723
56888, 65723
58343, 65723
58886, 65723
60339, 65723
60824, 65723
62646, 65723
62727, 65723
63372, 65723
63449, 65723
66111, 65723
39325, 63669
40321, 63669
40549, 63669
41962, 63669
42321, 63669
48282, 63669
49703, 63669
32479, 63611
39298, 63611
43488, 63611
51499, 63611
54568, 63611
55753, 63611
56561, 63611
57567, 63611
59795, 63611
61943, 63611
63525, 63611
64267, 63611
64892, 63611
65577, 63611
67544, 63611
71461, 63611
81290, 63611
32752, 63524
38882, 63524
39165, 63524
40510, 63524
41448, 63524
41819, 63524
41979, 63524
43986, 63524
45036, 63524
45202, 63524
45298, 63524
45303, 63524
46148, 63524
47938, 63524
48407, 63524
32246, 63266
32964, 63266
33209, 63266
36123, 63266
38354, 63266
39797, 63266
40130, 63266
41060, 63266
41414, 63266
43395, 63266
45013, 63266
28619, 63214
39793, 63214
40551, 63214
41955, 63214
42422, 63214
42998, 63214
44884, 63214
45256, 63214
33860, 62877
34053, 62877
36791, 62785
39657, 62785
39913, 62785
40266, 62785
44018, 62785
46001, 62785
43822, 62701
44813, 62701
34533, 62652
35258, 62652
36176, 62652
37892, 62652
38143, 62652
40500, 62652
41311, 62652
41588, 62652
43819, 62652
37131, 61855
39796, 61855
39858, 61855
45906, 61855
34077, 61547
36634, 61547
37667, 61547
39877, 61547
48706, 61547
49076, 61547
50166, 61547
51172, 61547
51951, 61547
52571, 61547
54422, 61547
47828, 61518
38490, 61234
40042, 61234
42388, 61234
46423, 61191
48560, 61191
49084, 61191
50489, 61191
54343, 61191
55546, 61191
56236, 61191
56738, 61191
57385, 61191
58489, 61191
59618, 61191
59926, 61191
60370, 61191
60680, 61191
61187, 61191
62139, 61191
62193, 61191
62300, 61191
63133, 61191
63504, 61191
64657, 61191
64861, 61191
65174, 61191
66267, 61191
66378, 61191
66864, 61191
68952, 61191
70045, 61191
70349, 61191
71686, 61191
72838, 61191
72977, 61191
73829, 61191
75370, 61191
71088, 61183
58409, 61112
58826, 60421
49295, 59906
50591, 59906
35875, 59867
35932, 59867
36562, 59867
36729, 59867
37809, 59867
38984, 59867
40434, 59867
40694, 59867
40884, 59867
41127, 59867
41840, 59867
48791, 59867
37860, 54792
41376, 54792
46632, 54792
27645, 52738
37533, 52738
38364, 52738
38835, 52738
39258, 52738
40234, 52738
41138, 52738
25563, 52711
31927, 52705
33559, 52705
34211, 52341
34550, 52243
39824, 52243
41039, 52243
41201, 52243
41474, 52243
41973, 52243
43032, 52243
43036, 52243
44088, 52243
46078, 52243
46850, 52243
47659, 52243
48097, 52199
29828, 52078
33358, 52078
35384, 52078
36872, 52078
35652, 51685
36550, 51685
37472, 51685
33176, 51663
42910, 51663
44439, 51663
46718, 51663
35474, 51333
40078, 51333
41089, 51333
41151, 51333
42013, 51333
42865, 51333
43686, 51333
45113, 51333
43673, 51273
35116, 51028
36994, 51028
30676, 50765
34441, 50765
34774, 50765
36927, 50765
37437, 50765
37972, 50765
38193, 50765
28877, 50610
29322, 50610
30007, 50610
51414, 50210
34111, 49703
39234, 49703
40349, 49703
40515, 49703
41792, 49703
42035, 49703
42772, 49703
20777, 49603
25494, 49541
28155, 49541
28422, 49541
28762, 49541
28882, 49541
38513, 48787
39143, 48787
31026, 48625
33692, 48625
34779, 48625
35688, 48625
35912, 48625
39776, 48625
28799, 48065
23321, 48035
25934, 47891
26820, 47891
26905, 47891
27319, 47891
28979, 47891
29251, 47891
32030, 47891
25851, 47852
35228, 47852
38075, 47852
38471, 47852
41425, 47852
33136, 47486
32551, 47431
36763, 47431
37698, 47431
37950, 47431
38502, 47431
39182, 47431
23645, 47419
18701, 47364
26290, 47211
24984, 47120
36345, 47047
38525, 47047
39300, 47047
40918, 47047
41825, 47047
33127, 47030
36375, 46675
37319, 46675
37644, 46675
38830, 46675
39107, 46675
22587, 46597
22620, 46518
27338, 46404
20834, 46261
18897, 46068
23067, 46044
19283, 45976
20950, 45976
21362, 45976
22822, 45976
30205, 45845
15477, 45799
17576, 45796
15668, 45730
24246, 45730
23958, 45380
27919, 45380
21091, 45370
21789, 45370
22883, 45370
24542, 45370
17256, 45359
19558, 45359
20221, 45359
20431, 45359
21394, 45359
16975, 45296
19239, 45244
20658, 45244
23887, 45107
25802, 45107
19410, 44956
19064, 44944
20899, 44944
22174, 44944
20310, 44878
23047, 44878
22503, 44838
33494, 44740
36554, 44740
41044, 44740
18459, 44731
19721, 44396
19111, 44394
29139, 44030
29443, 44030
29555, 44030
32015, 44030
32159, 44030
33359, 44030
35972, 44030
36325, 44030
36434, 44030
37918, 44030
48115, 44030
28050, 43993
28558, 43993
29150, 43993
31825, 43993
32068, 43993
32475, 43993
33390, 43993
37577, 43993
29653, 43984
34447, 43984
26739, 43965
35256, 43965
38692, 43965
45560, 43597
24696, 43529
45840, 43529
29954, 43523
23827, 43454
30867, 43327
16982, 43226
17779, 43226
18339, 43226
18704, 43226
19208, 43226
19505, 43226
25000, 43189
25352, 43189
33160, 43149
25206, 43136
13985, 42972
14969, 42972
22806, 42950
25936, 42950
26395, 42950
29876, 42950
30280, 42950
31827, 42950
32139, 42950
33122, 42950
12190, 42946
15502, 42946
15656, 42946
13271, 42921
15804, 42921
16492, 42921
16553, 42921
27092, 42896
28681, 42896
30214, 42896
30581, 42896
31257, 42896
34523, 42896
34998, 42896
35095, 42896
36009, 42896
36124, 42896
34406, 42881
35278, 42881
35328, 42881
37081, 42881
37103, 42881
37457, 42881
37532, 42881
37596, 42881
37681, 42881
37780, 42881
37876, 42881
38321, 42881
39450, 42881
39859, 42881
40707, 42881
40833, 42881
41428, 42881
41437, 42881
41613, 42881
43092, 42881
43594, 42881
43978, 42881
44083, 42881
47295, 42881
35816, 42775
10643, 42730
18436, 42610
19197, 42610
20634, 42610
23152, 42610
16614, 42538
34733, 42495
43160, 42495
47013, 42495
48353, 42495
48472, 42495
8931, 42426
10383, 42426
10762, 42426
10782, 42426
11332, 42426
11782, 42426
15262, 42237
40071, 42237
41274, 42237
41906, 42237
44370, 42237
46179, 42237
46613, 42237
47524, 42237
49088, 42237
49392, 42237
49616, 42237
49897, 42237
49947, 42237
50559, 42237
51087, 42237
51347, 42237
52067, 42237
52122, 42237
53177, 42237
53868, 42237
55532, 42237
55844, 42237
58230, 42237
24073, 42227
24225, 42227
27079, 42227
29312, 42227
29600, 42227
29643, 42227
29743, 42227
30018, 42227
30297, 42227
30466, 42227
30704, 42227
31159, 42227
31191, 42227
31469, 42227
31774, 42227
32022, 42227
32183, 42227
32493, 42227
32793, 42227
33466, 42227
34019, 42227
34153, 42227
34171, 42227
34230, 42227
34233, 42227
34540, 42227
35135, 42227
35285, 42227
35547, 42227
35656, 42227
36167, 42227
37383, 42227
37975, 42227
38043, 42227
38446, 42227
16996, 42214
18287, 42214
20249, 42214
8273, 42193
32455, 42102
17589, 42094
16053, 42061
20434, 42061
15161, 42022
17170, 42022
18567, 42022
18577, 42022
18583, 42022
18710, 42022
18786, 42022
19061, 42022
19217, 42022
19279, 42022
19690, 42022
20014, 42022
20696, 42022
20998, 42022
30110, 41937
33629, 41937
33639, 41937
34217, 41937
35058, 41937
36444, 41937
37740, 41937
38454, 41937
44888, 41937
14137, 41905
14571, 41905
15366, 41905
15980, 41905
16516, 41905
16533, 41905
16906, 41905
17156, 41905
17177, 41905
18698, 41905
46375, 41854
25976, 41775
11579, 41708
12042, 41708
12427, 41708
12946, 41708
12975, 41708
13141, 41708
13419, 41708
13558, 41708
13743, 41708
13939, 41708
14018, 41708
14020, 41708
14230, 41708
14282, 41708
14289, 41708
14421, 41708
14459, 41708
14557, 41708
14621, 41708
14667, 41708
15040, 41708
15126, 41708
15444, 41708
15446, 41708
15580, 41708
15662, 41708
15774, 41708
16276, 41708
31474, 41670
32626, 41670
33591, 41670
35046, 41670
35450, 41670
47307, 41657
23179, 41585
33144, 41572
24946, 41560
27115, 41560
27807, 41560
29896, 41560
30347, 41560
30392, 41560
30635, 41560
30898, 41560
33341, 41560
36091, 41560
24507, 41540
25453, 41540
26403, 41540
26497, 41540
27913, 41540
28495, 41540
29375, 41540
30063, 41540
30086, 41540
30115, 41540
30237, 41540
31025, 41540
31286, 41540
31836, 41540
34268, 41540
17055, 41514
19077, 41514
22079, 41514
22808, 41514
23079, 41514
23641, 41514
25057, 41514
16194, 41512
22098, 41512
9292, 41421
11807, 41421
13803, 41400
14590, 41400
15805, 41400
15872, 41400
15885, 41400
16066, 41400
16259, 41400
16343, 41400
16589, 41400
16656, 41400
16758, 41400
16789, 41400
16935, 41400
16948, 41400
17043, 41400
18666, 41378
19247, 41378
20171, 41378
20964, 41378
21190, 41378
21431, 41378
21726, 41378
21816, 41378
22807, 41378
22821, 41378
23035, 41378
23130, 41378
23598, 41378
23852, 41378
24419, 41378
24444, 41378
24451, 41378
24538, 41378
24610, 41378
26190, 41378
26501, 41378
26639, 41378
32821, 41378
53475, 41378
8670, 41351
13409, 41351
20256, 41327
21782, 41327
22839, 41327
22907, 41327
7908, 41279
9750, 41279
10043, 41279
11897, 41279
12616, 41277
14040, 41277
15461, 41277
16337, 41277
17309, 41215
18552, 41215
19748, 41215
20282, 41215
20382, 41215
20482, 41215
21086, 41215
21104, 41215
21226, 41215
21585, 41215
21657, 41215
21986, 41215
22053, 41215
22618, 41215
22982, 41215
7919, 41207
8584, 41207
8751, 41207
9854, 41207
10074, 41207
10090, 41207
10261, 41207
10342, 41207
10633, 41207
10704, 41207
10727, 41207
10978, 41207
11269, 41207
11675, 41207
11746, 41207
12130, 41207
12569, 41207
18464, 41143
8843, 41138
9354, 41138
9950, 41138
10257, 41138
101344, 41138
32718, 41020
36470, 41020
37163, 41020
38307, 41020
40218, 41020
41508, 41020
41858, 41020
43276, 41020
46724, 41020
50378, 41020
53445, 41020
14307, 41005
19713, 41005
22880, 41005
23109, 41005
25015, 41005
30959, 41005
15145, 40999
20662, 40984
22636, 40984
22914, 40984
19450, 40913
19792, 40913
14316, 40887
18470, 40887
18511, 40887
18973, 40887
19867, 40887
20436, 40887
20530, 40887
20860, 40887
21066, 40887
21191, 40887
21601, 40887
21758, 40887
22183, 40887
24008, 40887
24120, 40887
25243, 40887
25460, 40887
25480, 40887
25508, 40887
25604, 40887
25612, 40887
27611, 40887
27999, 40887
29080, 40887
16993, 40864
20119, 40864
20717, 40864
23738, 40864
24702, 40864
24741, 40864
25054, 40864
25638, 40864
26666, 40864
26877, 40864
27142, 40864
27876, 40864
28447, 40864
28680, 40864
29714, 40864
30582, 40864
31214, 40864
31264, 40864
31322, 40864
31374, 40864
23775, 40834
18344, 40769
20254, 40769
20324, 40769
20882, 40769
17145, 40753
18322, 40753
9377, 40697
21460, 40679
22012, 40679
23721, 40679
23732, 40679
23861, 40679
24193, 40679
24655, 40679
24740, 40679
24862, 40679
24922, 40679
25593, 40679
25760, 40679
26368, 40679
26549, 40679
26651, 40679
26708, 40679
26901, 40679
26913, 40679
27120, 40679
27193, 40679
27340, 40679
27342, 40679
27509, 40679
28018, 40679
28060, 40679
28193, 40679
28349, 40679
28909, 40679
28958, 40679
28975, 40679
29004, 40679
29007, 40679
29065, 40679
30073, 40679
32511, 40679
14386, 40621
5917, 40579
7004, 40579
8091, 40579
8182, 40579
8296, 40579
18229, 40576
257358, 40576
46895, 40552
47888, 40552
49922, 40552
49984, 40552
51281, 40552
25200, 40483
26468, 40483
31907, 40483
20745, 40340
21774, 40313
21876, 40313
38080, 40046
39959, 40046
19012, 40036
19563, 40036
20539, 40036
20791, 40036
20962, 40036
21260, 40036
22249, 40036
22484, 40036
12785, 40026
13011, 40026
13057, 40026
13278, 40026
13489, 40026
14191, 40026
15384, 39995
34202, 39908
34281, 39908
38656, 39908
40187, 39908
40779, 39908
41017, 39908
41033, 39908
44920, 39908
45942, 39908
46299, 39908
11322, 39797
37401, 39670
40546, 39670
41462, 39670
42781, 39670
44171, 39670
48077, 39670
50176, 39670
53120, 39670
56222, 39670
30338, 39426
30356, 39426
32612, 39426
34044, 39426
40978, 39426
42081, 39426
40553, 39332
41326, 39332
43415, 39332
43707, 39332
45296, 39332
45459, 39332
45746, 39332
47078, 39332
47729, 39332
48313, 39332
49175, 39332
49686, 39332
51081, 39332
51376, 39332
52134, 39332
39635, 39313
33726, 39218
42311, 39218
12829, 39157
37723, 38793
18491, 38698
21926, 38698
16236, 38655
34834, 38450
42968, 38450
44184, 38450
44381, 38450
46502, 38450
47284, 38450
53579, 38450
55201, 38450
45141, 38305
35569, 38218
36684, 38218
37529, 38218
38060, 38218
38609, 38218
39735, 38218
40633, 38218
40649, 38218
40763, 38218
40880, 38218
41432, 38218
41716, 38218
43703, 38218
43772, 38218
44773, 38218
45033, 38218
45865, 38218
46482, 38218
47498, 38218
47910, 38218
48153, 38218
48489, 38218
48614, 38218
48836, 38218
48988, 38218
48996, 38218
49107, 38218
49394, 38218
49839, 38218
50037, 38218
50387, 38218
51091, 38218
52995, 38218
53001, 38218
55005, 38218
56008, 38218
57707, 38218
58289, 38218
58834, 38218
43449, 38107
36144, 38096
14686, 38071
15318, 38071
16727, 37934
20143, 37914
20416, 37914
22650, 37914
17747, 37905
20607, 37905
21013, 37905
21835, 37905
21853, 37905
20932, 37902
44822, 37890
47819, 37890
48336, 37890
54869, 37890
52049, 37843
42421, 37828
44708, 37828
45592, 37828
45948, 37828
46416, 37828
48753, 37828
49744, 37828
50988, 37828
53011, 37828
34353, 37615
34871, 37615
37405, 37615
37847, 37615
39431, 37615
41535, 37615
42638, 37615
43658, 37615
44143, 37615
44643, 37615
45471, 37615
45530, 37615
45543, 37615
46287, 37615
48663, 37615
48822, 37615
49813, 37615
50045, 37615
54035, 37615
43736, 37607
45632, 37607
48272, 37607
49098, 37607
49177, 37607
49888, 37607
50845, 37607
50995, 37607
51851, 37607
52381, 37607
52384, 37607
52877, 37607
55233, 37607
55591, 37607
55675, 37607
11366, 37531
11403, 37531
42722, 37380
44933, 37380
52585, 37380
36764, 37355
38242, 37355
38854, 37355
38962, 37355
39141, 37355
39862, 37355
40166, 37355
40241, 37355
40819, 37355
41493, 37355
41695, 37355
42046, 37355
42928, 37355
43622, 37355
43757, 37355
43867, 37355
43891, 37355
43964, 37355
44177, 37355
44192, 37355
44690, 37355
45418, 37355
46066, 37355
46363, 37355
47419, 37355
47443, 37355
47832, 37355
47949, 37355
48311, 37355
48696, 37355
49406, 37355
49484, 37355
49536, 37355
49602, 37355
49617, 37355
49987, 37355
50153, 37355
50428, 37355
50813, 37355
52320, 37355
52993, 37355
53241, 37355
55764, 37355
31365, 37187
33343, 37187
33347, 37187
33762, 37187
33955, 37187
35092, 37187
35425, 37187
37901, 37187
39731, 37187
39784, 37187
39788, 37187
40120, 37187
40202, 37187
41344, 37187
41631, 37187
43432, 37187
49767, 37187
43018, 37119
45412, 37119
54150, 37119
58399, 37119
40000, 37085
41943, 37085
45076, 37085
45769, 37085
48295, 37085
51264, 37085
38544, 37080
40414, 37027
41465, 37027
42443, 37027
42911, 37027
44338, 37027
45385, 37027
46086, 37027
46324, 37027
47446, 37027
48304, 37027
48556, 37027
49245, 37027
50482, 37027
53585, 37027
54048, 37027
18950, 36989
14440, 36872
37539, 36871
14023, 36856
19086, 36815
18319, 36655
16202, 36593
16275, 36593
17852, 36593
16564, 36566
17096, 36551
16790, 36548
25290, 36452
32699, 36452
33575, 36452
34129, 36452
34582, 36452
36359, 36452
36758, 36452
36806, 36452
37426, 36452
37806, 36452
38469, 36452
39715, 36452
40455, 36452
40641, 36452
41355, 36452
41567, 36452
42802, 36452
43763, 36452
47485, 36452
48750, 36452
29494, 36431
31777, 36431
32420, 36431
32623, 36431
37232, 36431
37645, 36431
39509, 36431
39831, 36431
39981, 36431
40966, 36431
41657, 36431
42523, 36431
43062, 36431
43898, 36431
44703, 36431
45265, 36431
45587, 36431
45709, 36431
46496, 36431
46788, 36431
47413, 36431
47681, 36431
48071, 36431
48465, 36431
50401, 36431
50561, 36431
52237, 36431
25486, 36402
29359, 36402
32196, 36402
34468, 36402
34822, 36402
34972, 36402
38070, 36402
38292, 36402
39885, 36402
41896, 36402
42417, 36402
42642, 36402
43630, 36402
43768, 36402
43853, 36402
44052, 36402
44123, 36402
44893, 36402
48724, 36402
49528, 36402
31423, 36368
37897, 36368
39185, 36368
39939, 36368
42760, 36368
43439, 36368
44199, 36368
44628, 36368
45853, 36368
45919, 36368
46371, 36368
46399, 36368
48104, 36368
50333, 36368
50563, 36368
50676, 36368
44455, 36311
19257, 35826
17860, 35622
42089, 35611
7949, 35405
9102, 35405
9982, 35405
13824, 35334
15534, 35334
16403, 35334
17673, 35334
38101, 34842
15193, 34311
16200, 34311
16606, 34311
15870, 34225
17224, 34225
17489, 34225
17796, 34225
18702, 34225
15860, 34224
16303, 34224
17333, 34224
18723, 34224
15088, 33953
16679, 33953
17073, 33953
17227, 33953
18217, 33953
18306, 33953
152568, 33953
14425, 33147
15888, 33147
15947, 33147
16229, 33147
17062, 33147
17223, 33147
17761, 33147
5183, 32892
7988, 32290
39533, 31373
17807, 30260
21319, 30188
22126, 30188
26452, 30188
28260, 30188
28914, 30188
31834, 30188
33971, 30188
281534, 30188
11967, 29837
5544, 29771
11899, 28419
32478, 28364
18159, 27729
68042, 27729
16836, 27652
19842, 27577
9919, 27566
14482, 27533
16051, 27077
16189, 27077
16503, 27077
17079, 27077
18178, 27077
5970, 26999
12555, 26894
13410, 26894
13528, 26894
16596, 26837
14454, 26762
16731, 26740
17452, 26740
14692, 26728
12782, 26561
15636, 26561
16065, 26561
14995, 26555
16787, 26555
17264, 26555
16442, 26532
16797, 26532
14675, 26526
27874, 26430
28660, 26379
29873, 26379
15929, 26318
17168, 26276
17750, 26276
17819, 26275
18098, 26275
13594, 26267
13917, 26213
14430, 25977
15525, 25977
15938, 25977
16039, 25977
16076, 25977
16615, 25977
17680, 25977
17897, 25977
18003, 25977
18060, 25977
18341, 25977
18920, 25977
19405, 25977
12907, 25725
18161, 25725
14460, 25637
18112, 25637
7302, 25242
15374, 25190
18479, 25190
14368, 25148
17245, 25146
18699, 25146
16989, 25121
18385, 24963
24186, 24795
21068, 24611
24144, 24611
13835, 24507
13956, 24507
15689, 24507
17106, 24507
17133, 24507
5139, 24305
13559, 24217
15737, 24217
16149, 24217
16605, 24217
16723, 24217
20500, 24193
16091, 24183
16815, 24183
17486, 24183
18469, 24183
16550, 24172
17015, 24172
17994, 24172
9456, 24088
12994, 24084
16567, 24084
16782, 24084
16886, 24084
7366, 24079
8881, 24005
9203, 24005
13770, 23973
15156, 23909
15760, 23909
15916, 23909
25812, 23869
7471, 23786
7633, 23786
14688, 23674
208857, 23530
3878, 23441
3954, 23441
4754, 23441
4979, 23441
41305, 23441
164893, 23441
166949, 23441
176278, 23441
8226, 23324
28959, 23216
28966, 23216
9985, 23109
11474, 23109
11614, 23109
11840, 23109
11950, 23109
12577, 23109
15933, 23092
9918, 23062
10053, 23062
11380, 23010
13833, 22960
16225, 22960
17298, 22960
7564, 22926
8249, 22926
8389, 22926
8565, 22926
8952, 22926
9398, 22926
9534, 22926
9538, 22926
9800, 22926
9801, 22926
10168, 22926
15255, 22919
16021, 22919
15456, 22835
15952, 22835
16048, 22835
16059, 22835
16196, 22835
16478, 22835
16938, 22835
16942, 22835
9277, 22761
18167, 22682
23931, 22682
26158, 22682
12260, 22604
12515, 22604
288711, 22534
4709, 22408
5429, 22322
6246, 22322
11165, 22269
11813, 22269
12812, 22269
13095, 22269
13811, 22269
10604, 22261
11900, 22261
12291, 22261
12154, 22192
12292, 22192
12659, 22031
14616, 22031
14987, 22031
15330, 22031
15356, 22031
16671, 22031
13129, 21881
14358, 21881
27510, 21840
29859, 21806
7236, 21753
10518, 21711
12473, 21706
14171, 21706
14334, 21706
25149, 21629
31007, 21629
7680, 21585
4373, 21392
4459, 21392
4546, 21392
4729, 21392
4800, 21392
37593, 21392
38444, 21392
38862, 21392
45525, 21392
130003, 21392
140763, 21392
14179, 21232
14333, 21232
14455, 21232
14932, 21232
27308, 21090
6867, 20733
26160, 20638
3646, 20608
4128, 20608
4133, 20608
4349, 20608
4392, 20608
41185, 20608
45079, 20608
4715, 20084
5195, 20084
5215, 20084
5275, 20084
5311, 20084
5315, 20084
5492, 20084
5629, 20084
6186, 20084
45812, 20084
47467, 20084
54508, 20084
144287, 20084
26031, 19974
26080, 19974
28843, 19974
4956, 19924
6059, 19621
25428, 19293
26033, 19293
26762, 18652
12175, 18170
4984, 18155
5866, 18155
5962, 18155
6514, 18155
6797, 18155
7010, 18155
7080, 18155
7320, 18155
42635, 18155
55316, 18155
56289, 18155
60315, 18155
72536, 18155
228795, 18155
6992, 18009
7117, 18009
7216, 18009
7288, 18009
7459, 18009
7568, 18009
7687, 18009
7697, 18009
7900, 18009
55796, 18009
56963, 18009
73521, 18009
81278, 18009
199491, 18009
6837, 17931
6084, 17701
6222, 17701
6336, 17701
6500, 17701
6656, 17701
6763, 17701
6857, 17701
6940, 17701
7146, 17701
7255, 17701
58925, 17701
61139, 17701
66307, 17701
71103, 17701
72573, 17701
181383, 17701
182156, 17701
235435, 17701
252248, 17701
268489, 17701
291569, 17701
28733, 16856
31794, 16856
4990, 16692
5110, 16692
5362, 16692
5445, 16692
5888, 16692
5926, 16692
50918, 16692
59485, 16692
153662, 16692
171397, 16692
27407, 16638
29874, 16638
35210, 16638
25213, 16572
6331, 16492
6457, 16492
18357, 16425
37679, 16417
43220, 16417
44424, 16417
3517, 16084
28723, 15606
28864, 15606
32281, 15606
36553, 15606
23789, 15601
18905, 15598
11035, 15362
7937, 15291
25710, 15185
11444, 14919
117588, 14615
127531, 14615
134629, 14615
153957, 14615
158900, 14615
176224, 14615
179014, 14615
192364, 14615
227852, 14615
238877, 14615
253267, 14615
253507, 14615
255262, 14615
271377, 14615
286437, 14615
33141, 14555
239624, 14346
254566, 14346
45005, 14137
69999, 13995
234488, 13995
7061, 13746
7101, 13746
54796, 13746
118158, 13588
118237, 13588
124485, 13588
126129, 13588
131148, 13588
142952, 13588
158066, 13588
158695, 13588
105437, 13254
121251, 13254
140654, 13254
148582, 13254
176675, 13254
179447, 13254
180601, 13254
183589, 13254
184314, 13254
184372, 13254
190335, 13254
200388, 13254
203681, 13254
204603, 13254
205306, 13254
205356, 13254
209144, 13254
212271, 13254
214097, 13254
219688, 13254
225246, 13254
227448, 13254
229903, 13254
230235, 13254
234111, 13254
238403, 13254
244596, 13254
250372, 13254
259928, 13254
260677, 13254
264405, 13254
275278, 13254
276249, 13254
285394, 13254
285692, 13254
287552, 13254
103223, 13052
125950, 13052
154934, 13052
158603, 13052
172249, 13052
177713, 13052
180520, 13052
189366, 13052
193261, 13052
194820, 13052
196968, 13052
197272, 13052
207358, 13052
208072, 13052
208795, 13052
215010, 13052
216081, 13052
217534, 13052
220419, 13052
231155, 13052
231269, 13052
231332, 13052
237618, 13052
238299, 13052
238973, 13052
239737, 13052
246494, 13052
248983, 13052
249379, 13052
250096, 13052
251188, 13052
253018, 13052
254119, 13052
256581, 13052
260085, 13052
261713, 13052
262247, 13052
262414, 13052
263582, 13052
263967, 13052
264666, 13052
264926, 13052
266627, 13052
266798, 13052
267129, 13052
267502, 13052
268217, 13052
270720, 13052
271661, 13052
275385, 13052
276605, 13052
279189, 13052
279353, 13052
280141, 13052
280703, 13052
280726, 13052
284217, 13052
287712, 13052
292363, 13052
292410, 13052
292752, 13052
295824, 13052
3115, 12735
3167, 12735
3238, 12735
3312, 12735
31249, 12735
40420, 12735
109690, 12735
35024, 12724
44397, 12724
101587, 12655
145586, 12655
114657, 12559
292191, 12559
54735, 12532
42300, 12499
46041, 12499
50289, 12499
54800, 12499
68869, 12499
69256, 12499
105778, 12499
116095, 12499
120350, 12499
127816, 12499
132335, 12499
132473, 12499
138618, 12499
145184, 12499
168074, 12499
171107, 12499
175120, 12499
192856, 12499
207149, 12499
225422, 12499
225606, 12499
246576, 12499
260159, 12499
268958, 12499
282976, 12499
283051, 12499
289827, 12499
295047, 12499
170782, 12457
185215, 12457
188696, 12457
193229, 12457
220641, 12457
226002, 12457
235430, 12457
242282, 12457
260391, 12457
262243, 12457
263954, 12457
274780, 12457
1518, 12180
3790, 12180
259155, 12164
2170, 11976
3599, 11976
20631, 11961
44322, 11961
46915, 11961
51889, 11961
56470, 11961
59706, 11961
69841, 11961
73465, 11961
78919, 11961
82745, 11961
86553, 11961
86853, 11961
101949, 11961
108458, 11961
139599, 11961
147348, 11961
163336, 11961
163340, 11961
200130, 11961
221637, 11961
232487, 11961
100297, 11932
101099, 11932
108820, 11932
153556, 11932
185872, 11932
200796, 11932
205410, 11932
227349, 11932
235861, 11932
47907, 11887
55506, 11887
67440, 11887
70334, 11887
217270, 11887
137398, 11851
176428, 11851
177031, 11851
204506, 11851
243711, 11826
273654, 11826
147133, 11771
196799, 11771
39250, 11682
28477, 11547
53873, 11547
64128, 11547
81864, 11547
83147, 11547
7631, 11497
197367, 11485
229713, 11485
255497, 11485
271213, 11485
94278, 11399
149411, 11399
193464, 11399
209039, 11399
218831, 11399
259186, 11399
260883, 11399
290633, 11399
202833, 11346
282211, 11346
232208, 11300
90556, 11203
208589, 11145
274657, 10992
5909, 10985
8932, 10906
7312, 10815
11998, 10815
22795, 10815
25278, 10815
38634, 10815
38851, 10815
211900, 10815
290836, 10801
25430, 10768
90693, 10763
110261, 10763
124778, 10763
6423, 10751
120139, 10746
73797, 10733
79607, 10733
224789, 10606
13227, 10573
40638, 10573
56074, 10573
59386, 10573
61791, 10573
66417, 10573
70916, 10573
73296, 10573
74799, 10573
76528, 10573
80944, 10573
83074, 10573
85654, 10573
87684, 10573
87962, 10573
93244, 10573
95990, 10573
96502, 10573
97713, 10573
107016, 10573
114754, 10573
132088, 10573
135673, 10573
151393, 10573
159564, 10573
160665, 10573
160691, 10573
163690, 10573
165474, 10573
172003, 10573
174289, 10573
211793, 10573
225454, 10573
243949, 10573
261412, 10573
24443, 10333
25302, 10333
26278, 10333
30257, 10333
34142, 10333
36987, 10333
37838, 10333
52829, 10333
71605, 10333
99124, 10333
119015, 10333
126621, 10333
127898, 10333
137346, 10333
138843, 10333
156913, 10333
169681, 10333
185707, 10333
202787, 10333
203044, 10333
237983, 10333
246137, 10333
123867, 10326
175168, 10326
8326, 10300
21323, 10300
24992, 10300
54192, 10300
110281, 10300
3466, 10285
2882, 10269
5186, 10269
223188, 10267
1156, 10259
6075, 10216
6887, 10216
24278, 10216
141730, 10216
2056, 10202
4830, 10202
249162, 10158
274611, 10076
148026, 10075
289934, 10075
2596, 10044
135827, 9931
143517, 9931
60876, 9913
97479, 9913
116202, 9913
120204, 9913
185559, 9913
3179, 9719
40348, 9719
134860, 9558
266392, 9481
99016, 9443
139743, 9443
150466, 9443
197936, 9443
200694, 9443
265761, 9443
227010, 9436
205747, 9344
19374, 9338
31530, 9319
10848, 9145
14267, 9145
18533, 9145
18758, 9145
23247, 9145
44695, 9145
46006, 9145
128171, 9145
208801, 9145
277399, 9145
288400, 9082
12544, 8896
272723, 8742
251911, 8294
75465, 8018
105740, 8018
130649, 8018
139573, 8018
142052, 8018
147108, 8018
177613, 8018
205471, 8018
122517, 7509
33231, 7460
222909, 7398
10829, 7319
72277, 7296
27966, 7252
20650, 7246
197131, 7235
216397, 7235
237227, 7235
240175, 7235
261340, 7235
27957, 7199
29547, 7199
30289, 7199
270436, 7037
20243, 7002
20487, 7002
26353, 7002
28169, 7002
24657, 6977
32161, 6977
38021, 6949
27197, 6945
30718, 6929
227566, 6871
35240, 6859
26752, 6706
147521, 6619
160759, 6619
211686, 6619
23509, 6607
28573, 6607
29178, 6607
31402, 6607
16184, 6540
19709, 6540
23000, 6540
23058, 6540
24380, 6540
25988, 6540
27901, 6540
28338, 6540
122614, 6491
64935, 6376
92088, 6376
109042, 6376
275601, 6376
27609, 6367
28428, 6367
29160, 6117
29480, 6117
31331, 6117
31357, 6117
290213, 5895
84562, 5776
283797, 5776
186667, 5691
21130, 5627
22262, 5566
23854, 5566
111430, 5437
8272, 5420
75234, 5309
84263, 5309
84873, 5309
85707, 5309
115466, 5309
115898, 5309
130854, 5309
136012, 5309
153812, 5309
74885, 5174
78222, 5017
22471, 5016
146857, 4794
232519, 4794
69042, 4699
83003, 4528
211376, 4528
214231, 4528
218515, 4528
235121, 4528
239884, 4528
246952, 4528
248962, 4528
271046, 4528
81363, 4317
115891, 4317
256108, 3982
158748, 3928
266258, 3839
268815, 3839
58202, 3821
206444, 3821
268333, 3821
272186, 3821
132890, 3816
154244, 3816
166604, 3816
175182, 3816
178571, 3816
187894, 3816
202811, 3816
246450, 3816
249856, 3816
252974, 3816
266974, 3816
55885, 3807
70016, 3799
126318, 3792
146684, 3792
148470, 3792
160578, 3792
161830, 3792
165397, 3792
201330, 3792
202671, 3792
233346, 3792
245283, 3792
245903, 3792
263500, 3792
266145, 3792
191948, 3784
230015, 3784
277322, 3784
278701, 3784
164351, 3775
175086, 3775
177752, 3775
178679, 3775
198649, 3775
209265, 3775
217887, 3775
273361, 3775
138765, 3578
234712, 3577
236686, 3577
124875, 3528
292962, 3522
250860, 3520
253524, 3520
145581, 3495
183678, 3495
131741, 3464
258367, 3464
264974, 3464
270283, 3464
277400, 3464
278166, 3464
284652, 3464
288954, 3464
124033, 3372
10660, 2955
219091, 2894
125855, 2837
179967, 2814
17977, 2750
126084, 2693
42620, 2688
158190, 2688
289723, 2469
13378, 2352
261313, 1934
6431, 1851
33657, 1851
6083, 1849
15188, 1801
21559, 1801
23215, 1801
23413, 1801
51397, 1801
69708, 1801
170237, 1801
181798, 1801
222194, 1801
4305, 1770
5298, 1770
10646, 1770
21806, 1770
30764, 1770
46847, 1770
47458, 1770
54057, 1770
55425, 1770
99508, 1770
112802, 1770
15852, 1739
22778, 1739
35491, 1739
39879, 1739
41085, 1739
43339, 1739
44064, 1739
56939, 1739
58163, 1739
59583, 1739
66696, 1739
71568, 1739
76077, 1739
17637, 1737
22723, 1737
24283, 1737
27067, 1737
28068, 1737
31629, 1737
37308, 1737
47454, 1737
82136, 1737
99106, 1737
173843, 1737
204167, 1737
230022, 1737
262615, 1737
123057, 1727
95231, 1709
134906, 1707
200179, 1707
215930, 1707
247681, 1707
20124, 1705
22372, 1705
31148, 1705
63974, 1705
166742, 1705
197180, 1705
203890, 1705
211186, 1705
246924, 1705
257759, 1705
288981, 1705
90519, 1688
137315, 1688
152999, 1688
170483, 1688
185964, 1688
211143, 1688
231327, 1688
284616, 1688
46740, 1662
48697, 1662
49108, 1662
54844, 1662
66736, 1662
73431, 1662
93907, 1662
95112, 1662
112534, 1662
113887, 1662
122496, 1662
130430, 1662
42444, 1657
7698, 1640
13094, 1626
65472, 1624
6226, 1623
37097, 1623
48590, 1623
55033, 1623
69300, 1623
71383, 1623
78125, 1623
81481, 1623
92518, 1623
92793, 1623
10786, 1592
47517, 1592
53558, 1592
60445, 1592
72296, 1592
129166, 1592
129560, 1592
213020, 1592
237000, 1592
268124, 1592
268978, 1592
68295, 1586
72056, 1586
105842, 1586
107978, 1586
18630, 1585
123463, 1585
99464, 1580
2655, 1574
113605, 1574
127650, 1574
151439, 1574
182528, 1574
221585, 1574
12746, 1572
12809, 1572
13021, 1572
13168, 1572
86815, 1572
102509, 1572
121299, 1572
154358, 1572
155209, 1572
160658, 1572
163303, 1572
166335, 1572
187601, 1572
194962, 1572
196055, 1572
203949, 1572
212298, 1572
223791, 1572
250590, 1572
204968, 1557
8264, 1552
11218, 1552
17251, 1552
20829, 1552
24473, 1552
30203, 1552
49856, 1552
62461, 1552
63233, 1552
70773, 1552
74656, 1552
74861, 1552
78200, 1552
79602, 1552
82417, 1552
85463, 1552
86969, 1552
92130, 1552
95040, 1552
96475, 1552
97897, 1552
99769, 1552
104399, 1552
106501, 1552
110863, 1552
112138, 1552
113598, 1552
115924, 1552
123275, 1552
126005, 1552
126898, 1552
127136, 1552
127771, 1552
129331, 1552
134477, 1552
138213, 1552
140052, 1552
142354, 1552
144005, 1552
151330, 1552
158261, 1552
158822, 1552
159307, 1552
159365, 1552
177651, 1552
180274, 1552
183648, 1552
188019, 1552
188391, 1552
194044, 1552
208143, 1552
211954, 1552
213913, 1552
221021, 1552
236529, 1552
238848, 1552
245989, 1552
261334, 1552
277896, 1552
33636, 1549
5804, 1531
6840, 1531
8012, 1531
15204, 1525
25671, 1525
32382, 1525
87269, 1525
89117, 1525
92844, 1525
122411, 1525
136796, 1525
154905, 1525
167731, 1525
180992, 1525
185805, 1525
190957, 1525
193741, 1525
205371, 1525
207800, 1525
212840, 1525
221018, 1525
4026, 1522
124996, 1522
138921, 1522
155621, 1522
173094, 1522
196648, 1522
260815, 1522
278577, 1522
14567, 1509
14755, 1509
15367, 1509
20040, 1509
28627, 1509
28840, 1509
30617, 1509
65082, 1509
86199, 1509
98591, 1509
104958, 1509
113483, 1509
103997, 1504
14892, 1499
20827, 1499
26948, 1499
64457, 1499
101216, 1499
8765, 1496
18671, 1496
8836, 1486
12092, 1486
12318, 1486
43368, 1486
46458, 1486
47693, 1486
49234, 1486
88509, 1486
91276, 1486
98132, 1486
98473, 1486
112079, 1486
116595, 1486
119081, 1486
123559, 1486
127130, 1486
128831, 1486
160303, 1486
163720, 1486
194432, 1486
199404, 1486
208907, 1486
236169, 1486
51361, 1480
50116, 1479
65096, 1479
80819, 1479
8133, 1476
54286, 1475
126351, 1475
161459, 1475
22515, 1467
24526, 1467
41860, 1467
48228, 1467
49601, 1467
64681, 1467
74875, 1467
90742, 1467
92280, 1467
99941, 1467
109071, 1467
114404, 1467
116587, 1467
118533, 1467
124551, 1467
135019, 1467
138429, 1467
155329, 1467
168512, 1467
196160, 1467
200022, 1467
235679, 1467
252973, 1467
262845, 1467
267497, 1467
274461, 1467
281539, 1467
200162, 1453
245258, 1453
277142, 1453
294812, 1448
49907, 1444
138060, 1444
253375, 1440
35289, 1439
181089, 1439
245603, 1436
172865, 1424
3402, 1414
127960, 1414
224190, 1409
12067, 1407
16129, 1407
28831, 1407
57015, 1407
75076, 1407
81358, 1407
91232, 1407
92270, 1407
112949, 1407
6189, 1399
9046, 1399
13172, 1399
15354, 1399
16802, 1399
16804, 1399
24852, 1399
26196, 1399
37729, 1399
47265, 1399
50562, 1399
52025, 1399
52592, 1399
54229, 1399
55117, 1399
62871, 1399
69801, 1399
70201, 1399
70328, 1399
79651, 1399
81813, 1399
83798, 1399
84053, 1399
93676, 1399
102094, 1399
103220, 1399
110022, 1399
110954, 1399
114536, 1399
119527, 1399
119700, 1399
123913, 1399
124234, 1399
124963, 1399
129251, 1399
136515, 1399
140551, 1399
144239, 1399
144263, 1399
144534, 1399
147839, 1399
148462, 1399
151326, 1399
152756, 1399
154367, 1399
155191, 1399
160566, 1399
160874, 1399
163986, 1399
165147, 1399
166058, 1399
166321, 1399
170740, 1399
171595, 1399
173761, 1399
177182, 1399
179959, 1399
184202, 1399
184969, 1399
187813, 1399
188311, 1399
189705, 1399
194615, 1399
195288, 1399
196653, 1399
196677, 1399
198514, 1399
204659, 1399
204884, 1399
207998, 1399
208011, 1399
208959, 1399
209708, 1399
211415, 1399
212416, 1399
213377, 1399
214404, 1399
216539, 1399
218275, 1399
218293, 1399
219929, 1399
223388, 1399
228223, 1399
229014, 1399
232020, 1399
235844, 1399
236378, 1399
238091, 1399
238350, 1399
240091, 1399
240362, 1399
240918, 1399
243751, 1399
243767, 1399
243820, 1399
248213, 1399
248924, 1399
251779, 1399
255463, 1399
255593, 1399
256954, 1399
260568, 1399
261696, 1399
262691, 1399
263266, 1399
264088, 1399
266246, 1399
269007, 1399
269617, 1399
269998, 1399
270151, 1399
271926, 1399
272045, 1399
272187, 1399
272753, 1399
273892, 1399
276055, 1399
280022, 1399
286895, 1399
287446, 1399
287798, 1399
287940, 1399
287964, 1399
289604, 1399
290789, 1399
292037, 1399
294086, 1399
296057, 1399
184185, 1396
198022, 1396
222326, 1396
237190, 1396
267246, 1396
285144, 1396
97487, 1388
107545, 1388
222266, 1388
273854, 1388
293041, 1388
37640, 1377
193104, 1377
221998, 1377
231342, 1377
273150, 1377
23319, 1374
39778, 1374
47323, 1374
47676, 1374
50087, 1374
52106, 1374
62538, 1374
63836, 1374
64962, 1374
66401, 1374
75998, 1374
85615, 1374
95064, 1374
109122, 1374
148819, 1374
127158, 1368
23897, 1350
58243, 1350
66535, 1350
84408, 1350
85523, 1350
111763, 1350
117274, 1350
138149, 1350
148818, 1350
167781, 1350
256425, 1350
271756, 1350
8045, 1345
54310, 1345
64524, 1345
67354, 1345
150861, 1345
188186, 1345
60436, 1333
139341, 1333
188141, 1333
2081, 1330
206357, 1321
146325, 1320
14234, 1318
24434, 1318
27432, 1318
31035, 1318
34580, 1318
38268, 1318
39990, 1318
40790, 1318
43579, 1318
44938, 1318
49542, 1318
54984, 1318
55739, 1318
59261, 1318
62272, 1318
63948, 1318
68593, 1318
86451, 1318
92698, 1318
105397, 1318
108718, 1318
132161, 1318
164851, 1318
295772, 1318
70191, 1317
27975, 1296
50862, 1296
83278, 1296
141143, 1284
152546, 1284
127761, 1274
4409, 1269
3927, 1251
4587, 1239
267421, 1226
7638, 1205
37944, 1205
115046, 1205
169947, 1205
202892, 1205
248894, 1205
250901, 1205
43474, 1202
89221, 1202
269582, 1202
276679, 1179
681, 1171
6218, 1166
8095, 1166
18996, 1166
23043, 1166
31400, 1166
33232, 1166
36818, 1166
41652, 1166
43045, 1166
43807, 1166
44997, 1166
47915, 1166
51549, 1166
54003, 1166
64055, 1166
66097, 1166
66478, 1166
66634, 1166
69739, 1166
78258, 1166
78648, 1166
90833, 1166
95524, 1166
98692, 1166
103935, 1166
104372, 1166
105309, 1166
112522, 1166
113453, 1166
115817, 1166
117464, 1166
119075, 1166
119976, 1166
126896, 1166
128615, 1166
137441, 1166
138577, 1166
144992, 1166
149885, 1166
150829, 1166
152477, 1166
153284, 1166
153738, 1166
177607, 1166
182155, 1166
184952, 1166
185471, 1166
198762, 1166
200062, 1166
200393, 1166
202972, 1166
212197, 1166
212565, 1166
225388, 1166
232823, 1166
236398, 1166
239245, 1166
249099, 1166
252603, 1166
254786, 1166
259311, 1166
264026, 1166
269136, 1166
272850, 1166
274778, 1166
280573, 1166
1294, 1163
343, 1149
824, 1125
1690, 1125
1779, 1125
1820, 1125
2426, 1125
12469, 1124
80124, 1124
117636, 1124
119811, 1124
121204, 1124
121530, 1124
150110, 1124
163913, 1124
178558, 1124
208654, 1124
212627, 1124
212995, 1124
243336, 1124
269144, 1124
269392, 1124
285505, 1124
29093, 1107
168805, 1107
97867, 1098
101361, 1098
110593, 1098
116852, 1098
124095, 1098
140467, 1098
173378, 1098
179136, 1098
183999, 1098
208005, 1098
246830, 1098
248758, 1098
256361, 1098
288569, 1098
290689, 1098
985, 1089
1717, 1089
2910, 1089
3107, 1089
3288, 1089
3295, 1089
3508, 1089
3540, 1089
3565, 1089
3783, 1089
3872, 1089
3959, 1089
4059, 1089
4158, 1089
4233, 1089
4260, 1089
4345, 1089
4353, 1089
4411, 1089
4522, 1089
4556, 1089
4557, 1089
4639, 1089
4654, 1089
26161, 1089
118348, 1089
172688, 1089
101716, 1083
241761, 1083
43146, 1080
75042, 1080
120210, 1080
134343, 1080
176022, 1080
176581, 1080
222215, 1080
224044, 1080
224698, 1080
233030, 1080
245648, 1080
287381, 1080
294007, 1080
51360, 1076
60629, 1076
63528, 1076
95405, 1076
111993, 1076
187488, 1076
1376, 1071
1793, 1071
1827, 1071
2050, 1071
2442, 1071
2451, 1071
2630, 1071
2718, 1071
2840, 1071
2874, 1071
3097, 1071
3171, 1071
3439, 1071
6169, 1066
93515, 1061
193407, 1059
51865, 1057
76448, 1057
79956, 1057
91100, 1057
94720, 1057
159052, 1045
139072, 1030
166963, 1030
195927, 1030
215878, 1030
221426, 1030
1591, 1026
60441, 1026
48154, 1023
54282, 1023
93018, 1023
106840, 1023
127903, 1023
193473, 1023
278931, 1023
10013, 1018
72163, 1018
178199, 1018
4738, 1009
