127158, 114564
4513, 110374
796, 106193
3010, 96135
6083, 95046
65472, 88529
2081, 88236
4305, 85689
5298, 85689
10646, 85689
21806, 85689
30764, 85689
46847, 85689
47458, 85689
54057, 85689
55425, 85689
99508, 85689
112802, 85689
274313, 84782
46740, 84223
48697, 84223
49108, 84223
54844, 84223
66736, 84223
73431, 84223
93907, 84223
95112, 84223
112534, 84223
113887, 84223
122496, 84223
130430, 84223
2500, 80279
134906, 75536
200179, 75536
215930, 75536
247681, 75536
261313, 74726
4026, 72340
124996, 72340
138921, 72340
155621, 72340
173094, 72340
196648, 72340
260815, 72340
278577, 72340
95231, 72313
15188, 70962
21559, 70962
23215, 70962
23413, 70962
51397, 70962
69708, 70962
170237, 70962
181798, 70962
222194, 70962
51361, 70616
49907, 70576
138060, 70576
35289, 70465
181089, 70465
103997, 70364
14892, 70285
20827, 70285
26948, 70285
64457, 70285
101216, 70285
50116, 69489
65096, 69489
80819, 69489
7698, 69415
54286, 69316
126351, 69316
161459, 69316
18630, 69078
123463, 69078
6226, 69073
37097, 69073
48590, 69073
55033, 69073
69300, 69073
71383, 69073
78125, 69073
81481, 69073
92518, 69073
92793, 69073
15852, 67447
22778, 67447
35491, 67447
39879, 67447
41085, 67447
43339, 67447
44064, 67447
56939, 67447
58163, 67447
59583, 67447
66696, 67447
71568, 67447
76077, 67447
8765, 66028
18671, 66028
14567, 65962
14755, 65962
15367, 65962
20040, 65962
28627, 65962
28840, 65962
30617, 65962
65082, 65962
86199, 65962
98591, 65962
104958, 65962
113483, 65962
15204, 65124
25671, 65124
32382, 65124
87269, 65124
89117, 65124
92844, 65124
122411, 65124
136796, 65124
154905, 65124
167731, 65124
180992, 65124
185805, 65124
190957, 65124
193741, 65124
205371, 65124
207800, 65124
212840, 65124
221018, 65124
6431, 64964
33657, 64964
224190, 64139
54310, 63614
64524, 63614
67354, 63614
150861, 63614
188186, 63614
68295, 63175
72056, 63175
105842, 63175
107978, 63175
5804, 63125
6840, 63125
8012, 63125
8133, 62389
14234, 61813
24434, 61813
27432, 61813
31035, 61813
34580, 61813
38268, 61813
39990, 61813
40790, 61813
43579, 61813
44938, 61813
49542, 61813
54984, 61813
55739, 61813
59261, 61813
62272, 61813
63948, 61813
68593, 61813
86451, 61813
92698, 61813
105397, 61813
108718, 61813
132161, 61813
164851, 61813
295772, 61813
172865, 61692
206357, 60676
93515, 60535
27975, 60002
50862, 60002
83278, 60002
3402, 59958
127960, 59958
22515, 59760
24526, 59760
41860, 59760
48228, 59760
49601, 59760
64681, 59760
74875, 59760
90742, 59760
92280, 59760
99941, 59760
109071, 59760
114404, 59760
116587, 59760
118533, 59760
124551, 59760
135019, 59760
138429, 59760
155329, 59760
168512, 59760
196160, 59760
200022, 59760
235679, 59760
252973, 59760
262845, 59760
267497, 59760
274461, 59760
281539, 59760
8045, 59181
20124, 57972
22372, 57972
31148, 57972
63974, 57972
166742, 57972
197180, 57972
203890, 57972
211186, 57972
246924, 57972
257759, 57972
288981, 57972
8264, 57684
11218, 57684
17251, 57684
20829, 57684
24473, 57684
30203, 57684
49856, 57684
62461, 57684
63233, 57684
70773, 57684
74656, 57684
74861, 57684
78200, 57684
79602, 57684
82417, 57684
85463, 57684
86969, 57684
92130, 57684
95040, 57684
96475, 57684
97897, 57684
99769, 57684
104399, 57684
106501, 57684
110863, 57684
112138, 57684
113598, 57684
115924, 57684
123275, 57684
126005, 57684
126898, 57684
127136, 57684
127771, 57684
129331, 57684
134477, 57684
138213, 57684
140052, 57684
142354, 57684
144005, 57684
151330, 57684
158261, 57684
158822, 57684
159307, 57684
159365, 57684
177651, 57684
180274, 57684
183648, 57684
188019, 57684
188391, 57684
194044, 57684
208143, 57684
211954, 57684
213913, 57684
221021, 57684
236529, 57684
238848, 57684
245989, 57684
261334, 57684
277896, 57684
4409, 57680
193407, 57638
10786, 57601
47517, 57601
53558, 57601
60445, 57601
72296, 57601
129166, 57601
129560, 57601
213020, 57601
237000, 57601
268124, 57601
268978, 57601
7638, 57567
37944, 57567
115046, 57567
169947, 57567
202892, 57567
248894, 57567
250901, 57567
42444, 56645
6189, 56547
9046, 56547
13172, 56547
15354, 56547
16802, 56547
16804, 56547
24852, 56547
26196, 56547
37729, 56547
47265, 56547
50562, 56547
52025, 56547
52592, 56547
54229, 56547
55117, 56547
62871, 56547
69801, 56547
70201, 56547
70328, 56547
79651, 56547
81813, 56547
83798, 56547
84053, 56547
93676, 56547
102094, 56547
103220, 56547
110022, 56547
110954, 56547
114536, 56547
119527, 56547
119700, 56547
123913, 56547
124234, 56547
124963, 56547
129251, 56547
136515, 56547
140551, 56547
144239, 56547
144263, 56547
144534, 56547
147839, 56547
148462, 56547
151326, 56547
152756, 56547
154367, 56547
155191, 56547
160566, 56547
160874, 56547
163986, 56547
165147, 56547
166058, 56547
166321, 56547
170740, 56547
171595, 56547
173761, 56547
177182, 56547
179959, 56547
184202, 56547
184969, 56547
187813, 56547
188311, 56547
189705, 56547
194615, 56547
195288, 56547
196653, 56547
196677, 56547
198514, 56547
204659, 56547
204884, 56547
207998, 56547
208011, 56547
208959, 56547
209708, 56547
211415, 56547
212416, 56547
213377, 56547
214404, 56547
216539, 56547
218275, 56547
218293, 56547
219929, 56547
223388, 56547
228223, 56547
229014, 56547
232020, 56547
235844, 56547
236378, 56547
238091, 56547
238350, 56547
240091, 56547
240362, 56547
240918, 56547
243751, 56547
243767, 56547
243820, 56547
248213, 56547
248924, 56547
251779, 56547
255463, 56547
255593, 56547
256954, 56547
260568, 56547
261696, 56547
262691, 56547
263266, 56547
264088, 56547
266246, 56547
269007, 56547
269617, 56547
269998, 56547
270151, 56547
271926, 56547
272045, 56547
272187, 56547
272753, 56547
273892, 56547
276055, 56547
280022, 56547
286895, 56547
287446, 56547
287798, 56547
287940, 56547
287964, 56547
289604, 56547
290789, 56547
292037, 56547
294086, 56547
296057, 56547
285505, 56185
267421, 56013
12067, 55470
16129, 55470
28831, 55470
57015, 55470
75076, 55470
81358, 55470
91232, 55470
92270, 55470
112949, 55470
245603, 54949
23319, 54883
39778, 54883
47323, 54883
47676, 54883
50087, 54883
52106, 54883
62538, 54883
63836, 54883
64962, 54883
66401, 54883
75998, 54883
85615, 54883
95064, 54883
109122, 54883
148819, 54883
23897, 54596
58243, 54596
66535, 54596
84408, 54596
85523, 54596
111763, 54596
117274, 54596
138149, 54596
148818, 54596
167781, 54596
256425, 54596
271756, 54596
6218, 54173
8095, 54173
18996, 54173
23043, 54173
31400, 54173
33232, 54173
36818, 54173
41652, 54173
43045, 54173
43807, 54173
44997, 54173
47915, 54173
51549, 54173
54003, 54173
64055, 54173
66097, 54173
66478, 54173
66634, 54173
69739, 54173
78258, 54173
78648, 54173
90833, 54173
95524, 54173
98692, 54173
103935, 54173
104372, 54173
105309, 54173
112522, 54173
113453, 54173
115817, 54173
117464, 54173
119075, 54173
119976, 54173
126896, 54173
128615, 54173
137441, 54173
138577, 54173
144992, 54173
149885, 54173
150829, 54173
152477, 54173
153284, 54173
153738, 54173
177607, 54173
182155, 54173
184952, 54173
185471, 54173
198762, 54173
200062, 54173
200393, 54173
202972, 54173
212197, 54173
212565, 54173
225388, 54173
232823, 54173
236398, 54173
239245, 54173
249099, 54173
252603, 54173
254786, 54173
259311, 54173
264026, 54173
269136, 54173
272850, 54173
274778, 54173
280573, 54173
12746, 54094
12809, 54094
13021, 54094
13168, 54094
86815, 54094
102509, 54094
121299, 54094
154358, 54094
155209, 54094
160658, 54094
163303, 54094
166335, 54094
187601, 54094
194962, 54094
196055, 54094
203949, 54094
212298, 54094
223791, 54094
250590, 54094
17637, 54062
22723, 54062
24283, 54062
27067, 54062
28068, 54062
31629, 54062
37308, 54062
47454, 54062
82136, 54062
99106, 54062
173843, 54062
204167, 54062
230022, 54062
262615, 54062
4738, 53197
118348, 53078
13094, 52909
146325, 52464
10013, 52168
178199, 52168
200162, 52128
245258, 52128
277142, 52128
43146, 51848
75042, 51848
120210, 51848
134343, 51848
176022, 51848
176581, 51848
222215, 51848
224044, 51848
224698, 51848
233030, 51848
245648, 51848
287381, 51848
294007, 51848
8836, 51728
12092, 51728
12318, 51728
43368, 51728
46458, 51728
47693, 51728
49234, 51728
88509, 51728
91276, 51728
98132, 51728
98473, 51728
112079, 51728
116595, 51728
119081, 51728
123559, 51728
127130, 51728
128831, 51728
160303, 51728
163720, 51728
194432, 51728
199404, 51728
208907, 51728
236169, 51728
26161, 51094
172688, 51094
72163, 51014
23697, 50817
259951, 50817
184185, 50579
198022, 50579
222326, 50579
237190, 50579
267246, 50579
285144, 50579
51865, 50418
76448, 50418
79956, 50418
91100, 50418
94720, 50418
12469, 50377
117636, 50377
119811, 50377
121204, 50377
121530, 50377
150110, 50377
178558, 50377
208654, 50377
212627, 50377
212995, 50377
243336, 50377
269144, 50377
269392, 50377
139072, 50299
166963, 50299
195927, 50299
215878, 50299
221426, 50299
80452, 50233
99040, 50233
110347, 50233
116685, 50233
133907, 50233
153872, 50233
189304, 50233
206605, 50233
228797, 50233
238550, 50233
242964, 50233
272164, 50233
274131, 50233
277764, 50233
288898, 50233
212, 49519
14185, 49519
197422, 49519
221139, 49519
80124, 49513
163913, 49513
97867, 49355
101361, 49355
110593, 49355
116852, 49355
124095, 49355
140467, 49355
173378, 49355
179136, 49355
183999, 49355
208005, 49355
246830, 49355
248758, 49355
256361, 49355
288569, 49355
290689, 49355
159052, 49014
3927, 48856
141143, 48765
152546, 48765
48154, 48720
54282, 48720
93018, 48720
106840, 48720
127903, 48720
193473, 48720
278931, 48720
101716, 48700
241761, 48700
127761, 48608
33636, 48461
63528, 48273
294812, 47972
88294, 47959
90519, 47849
137315, 47849
152999, 47849
170483, 47849
185964, 47849
211143, 47849
231327, 47849
284616, 47849
1591, 47596
60441, 47596
29093, 47008
168805, 47008
51360, 46699
60629, 46699
95405, 46699
111993, 46699
187488, 46699
223245, 45931
206578, 45621
264326, 45621
282566, 45621
253375, 45482
13697, 45252
204968, 45221
123057, 45179
226647, 45082
276679, 44863
37640, 44348
193104, 44348
221998, 44348
231342, 44348
273150, 44348
4587, 43851
60436, 43695
139341, 43695
188141, 43695
99464, 43286
97487, 43202
107545, 43202
222266, 43202
273854, 43202
293041, 43202
111652, 42560
197117, 42560
129040, 42454
281125, 42336
294973, 42336
259593, 42299
16944, 42112
2655, 41974
113605, 41974
127650, 41974
151439, 41974
182528, 41974
221585, 41974
91467, 40854
185224, 39945
259321, 39945
278406, 39945
278498, 39945
289456, 39945
70191, 39174
279819, 38716
43474, 38691
89221, 38691
269582, 38691
145411, 38619
285, 38373
2594, 38373
52554, 38373
52679, 38373
54331, 38373
61708, 38373
65648, 38373
79592, 38373
82820, 38373
88131, 38373
90141, 38373
90664, 38373
93322, 38373
94685, 38373
99742, 38373
99895, 38373
100222, 38373
100871, 38373
102890, 38373
107250, 38373
112498, 38373
115137, 38373
116090, 38373
116549, 38373
124757, 38373
129820, 38373
135158, 38373
137743, 38373
138639, 38373
139058, 38373
142387, 38373
143756, 38373
147768, 38373
150385, 38373
151726, 38373
160660, 38373
161309, 38373
161452, 38373
161474, 38373
163475, 38373
165165, 38373
169029, 38373
170248, 38373
171418, 38373
173656, 38373
174981, 38373
178197, 38373
179236, 38373
185695, 38373
186937, 38373
189483, 38373
189775, 38373
190135, 38373
193245, 38373
194871, 38373
194906, 38373
196220, 38373
203707, 38373
205484, 38373
208967, 38373
211507, 38373
213756, 38373
217417, 38373
217501, 38373
220598, 38373
220806, 38373
221906, 38373
222939, 38373
223374, 38373
226880, 38373
229252, 38373
234319, 38373
237557, 38373
237637, 38373
238721, 38373
238920, 38373
247897, 38373
258921, 38373
262434, 38373
265440, 38373
265566, 38373
273728, 38373
282290, 38373
283228, 38373
291220, 38373
659, 38154
714, 38154
3265, 38154
78023, 38154
78081, 38154
122922, 38154
146978, 38154
212473, 38154
65077, 37940
640, 37764
991, 37764
10192, 37764
130139, 37764
145495, 37764
158737, 37764
172977, 37764
198107, 37764
198858, 37764
200783, 37764
206307, 37764
206910, 37764
210688, 37764
212878, 37764
214629, 37764
215307, 37764
216279, 37764
218952, 37764
222029, 37764
224479, 37764
225383, 37764
229467, 37764
230812, 37764
236719, 37764
237154, 37764
239441, 37764
244445, 37764
245677, 37764
251714, 37764
255258, 37764
256144, 37764
261717, 37764
269660, 37764
273152, 37764
273734, 37764
277059, 37764
279182, 37764
280318, 37764
286516, 37764
292242, 37764
296366, 37764
6169, 37478
52454, 37226
71655, 37226
106467, 37226
134715, 37226
142056, 37226
159593, 37226
162674, 37226
190159, 37226
199922, 37226
221645, 37226
230947, 37226
233722, 37226
244265, 37226
256317, 37226
278884, 37226
289737, 37226
55396, 37189
210733, 37189
214748, 37189
249308, 37189
263799, 37189
122115, 36784
225463, 36730
225693, 36730
278120, 36730
53408, 36454
84980, 36454
112437, 36454
148381, 36271
163292, 36069
228058, 36069
62246, 35710
64263, 35710
139494, 35710
194797, 35710
220736, 35710
227613, 35710
257814, 35710
261278, 35710
28, 35659
202589, 35234
205810, 35234
208109, 35234
99909, 35150
140255, 35116
152900, 35116
201794, 35116
189205, 34595
197251, 34595
95876, 34544
108082, 34544
105601, 33010
119572, 33010
150502, 33010
116677, 32233
255801, 31908
280505, 31908
240729, 31471
154741, 31352
240156, 31352
288820, 31352
47210, 30737
119789, 30737
73602, 28271
91504, 26524
103017, 26524
110511, 26524
110530, 26524
112016, 26524
114108, 26524
114423, 26524
114449, 26524
115531, 26524
118547, 26524
120113, 26524
121970, 26524
125822, 26524
126900, 26524
128392, 26524
129861, 26524
130292, 26524
130698, 26524
132501, 26524
133734, 26524
135155, 26524
136163, 26524
136638, 26524
138969, 26524
140504, 26524
140961, 26524
141753, 26524
141960, 26524
142084, 26524
142419, 26524
142661, 26524
143876, 26524
144210, 26524
144369, 26524
145937, 26524
145973, 26524
145980, 26524
146670, 26524
146711, 26524
146713, 26524
147057, 26524
148627, 26524
148952, 26524
149445, 26524
149603, 26524
150014, 26524
150564, 26524
150643, 26524
150717, 26524
150785, 26524
152705, 26524
153227, 26524
154040, 26524
154755, 26524
156569, 26524
156575, 26524
156677, 26524
157505, 26524
157866, 26524
159721, 26524
159722, 26524
160179, 26524
160816, 26524
160977, 26524
162360, 26524
162508, 26524
162631, 26524
163081, 26524
164514, 26524
164727, 26524
164837, 26524
165471, 26524
165569, 26524
166722, 26524
166786, 26524
166993, 26524
168142, 26524
168416, 26524
168765, 26524
169003, 26524
169690, 26524
171266, 26524
172057, 26524
174109, 26524
174186, 26524
174729, 26524
176782, 26524
177149, 26524
178649, 26524
178659, 26524
178996, 26524
179227, 26524
179305, 26524
179332, 26524
179632, 26524
180219, 26524
180589, 26524
181012, 26524
181140, 26524
182008, 26524
182285, 26524
182388, 26524
182638, 26524
183033, 26524
183696, 26524
184089, 26524
184152, 26524
185795, 26524
185917, 26524
186047, 26524
186587, 26524
187614, 26524
188904, 26524
188926, 26524
189464, 26524
190922, 26524
191306, 26524
191635, 26524
192275, 26524
192286, 26524
192484, 26524
192809, 26524
193842, 26524
193948, 26524
194476, 26524
194531, 26524
194627, 26524
196026, 26524
196530, 26524
197572, 26524
198129, 26524
198185, 26524
198918, 26524
199390, 26524
199773, 26524
200359, 26524
200488, 26524
200569, 26524
200947, 26524
200995, 26524
201880, 26524
202625, 26524
202637, 26524
202730, 26524
202815, 26524
202852, 26524
203089, 26524
203610, 26524
204523, 26524
205499, 26524
205842, 26524
206098, 26524
206606, 26524
206634, 26524
206798, 26524
207086, 26524
207103, 26524
207737, 26524
208058, 26524
208184, 26524
208336, 26524
208692, 26524
208948, 26524
209184, 26524
209468, 26524
210139, 26524
210952, 26524
211497, 26524
211548, 26524
211597, 26524
212713, 26524
214377, 26524
214957, 26524
215757, 26524
216498, 26524
216856, 26524
218173, 26524
218820, 26524
219148, 26524
220155, 26524
220156, 26524
220347, 26524
220382, 26524
220684, 26524
221176, 26524
221482, 26524
221609, 26524
222021, 26524
222662, 26524
223151, 26524
223512, 26524
223527, 26524
223624, 26524
224728, 26524
224820, 26524
225230, 26524
225377, 26524
225675, 26524
226057, 26524
226460, 26524
226682, 26524
226755, 26524
227492, 26524
227575, 26524
227712, 26524
227762, 26524
227784, 26524
227795, 26524
228340, 26524
228507, 26524
228849, 26524
228854, 26524
229124, 26524
229311, 26524
229344, 26524
230159, 26524
230191, 26524
230285, 26524
230348, 26524
231088, 26524
231158, 26524
231198, 26524
232100, 26524
232405, 26524
233157, 26524
233323, 26524
233368, 26524
233456, 26524
233651, 26524
233748, 26524
233817, 26524
234156, 26524
234313, 26524
235170, 26524
235683, 26524
236212, 26524
237149, 26524
237424, 26524
238123, 26524
238971, 26524
239065, 26524
239862, 26524
240206, 26524
240439, 26524
241076, 26524
241899, 26524
241980, 26524
242291, 26524
242342, 26524
242370, 26524
242698, 26524
242717, 26524
243072, 26524
243162, 26524
243170, 26524
243830, 26524
243930, 26524
244332, 26524
244650, 26524
244667, 26524
244882, 26524
244957, 26524
245300, 26524
245929, 26524
246087, 26524
246189, 26524
246226, 26524
246821, 26524
247091, 26524
247346, 26524
247480, 26524
248056, 26524
248433, 26524
248740, 26524
248785, 26524
248872, 26524
249371, 26524
249539, 26524
249669, 26524
250003, 26524
250100, 26524
250139, 26524
250197, 26524
250350, 26524
250612, 26524
250699, 26524
250859, 26524
251620, 26524
251894, 26524
252303, 26524
252498, 26524
252686, 26524
252797, 26524
252827, 26524
252875, 26524
253121, 26524
253135, 26524
253314, 26524
253385, 26524
253458, 26524
253542, 26524
253800, 26524
253912, 26524
254118, 26524
254168, 26524
254216, 26524
254462, 26524
254710, 26524
254821, 26524
254941, 26524
255105, 26524
255253, 26524
255875, 26524
256052, 26524
256167, 26524
256259, 26524
256456, 26524
256807, 26524
256818, 26524
257266, 26524
257704, 26524
258058, 26524
258690, 26524
258691, 26524
259040, 26524
259061, 26524
259245, 26524
259316, 26524
259379, 26524
260056, 26524
260401, 26524
260780, 26524
260792, 26524
261496, 26524
261558, 26524
261649, 26524
261777, 26524
261946, 26524
262011, 26524
263238, 26524
264446, 26524
264955, 26524
265161, 26524
265478, 26524
265481, 26524
266207, 26524
266370, 26524
266406, 26524
266833, 26524
266876, 26524
266931, 26524
267134, 26524
267510, 26524
267717, 26524
267780, 26524
268400, 26524
268659, 26524
268780, 26524
269014, 26524
269228, 26524
270361, 26524
270615, 26524
270733, 26524
270839, 26524
271191, 26524
271334, 26524
271964, 26524
272157, 26524
273151, 26524
273193, 26524
273755, 26524
273844, 26524
274211, 26524
274249, 26524
274361, 26524
275371, 26524
276390, 26524
276412, 26524
276611, 26524
277069, 26524
277396, 26524
277539, 26524
278490, 26524
278553, 26524
278596, 26524
278608, 26524
279122, 26524
279646, 26524
279859, 26524
280050, 26524
280077, 26524
280136, 26524
280863, 26524
281020, 26524
281031, 26524
282021, 26524
282168, 26524
283240, 26524
283655, 26524
283672, 26524
284018, 26524
284024, 26524
284394, 26524
284683, 26524
284954, 26524
285182, 26524
285191, 26524
285513, 26524
285679, 26524
286881, 26524
287352, 26524
287450, 26524
288222, 26524
288324, 26524
288374, 26524
288457, 26524
288704, 26524
288917, 26524
289288, 26524
289714, 26524
289949, 26524
290198, 26524
290288, 26524
290299, 26524
290607, 26524
290793, 26524
291401, 26524
291890, 26524
291983, 26524
291996, 26524
292922, 26524
293162, 26524
293371, 26524
293626, 26524
293684, 26524
293794, 26524
294946, 26524
295806, 26524
296019, 26524
94687, 26399
97140, 26399
114294, 26399
127271, 26399
130100, 26399
132340, 26399
133627, 26399
139089, 26399
139532, 26399
140134, 26399
141358, 26399
147879, 26399
147987, 26399
150409, 26399
151949, 26399
151966, 26399
154004, 26399
154199, 26399
160506, 26399
161903, 26399
162065, 26399
162163, 26399
163445, 26399
165520, 26399
168312, 26399
169699, 26399
169973, 26399
170011, 26399
174300, 26399
174558, 26399
177319, 26399
179143, 26399
179416, 26399
181207, 26399
183304, 26399
183988, 26399
186016, 26399
187353, 26399
188261, 26399
190473, 26399
191625, 26399
191916, 26399
192051, 26399
192519, 26399
192718, 26399
193089, 26399
193216, 26399
193558, 26399
193649, 26399
193913, 26399
194308, 26399
194774, 26399
195856, 26399
197030, 26399
198585, 26399
198645, 26399
199607, 26399
200939, 26399
204123, 26399
205909, 26399
205978, 26399
210944, 26399
211822, 26399
213716, 26399
213899, 26399
214057, 26399
215294, 26399
215894, 26399
216040, 26399
217976, 26399
218135, 26399
219558, 26399
220896, 26399
221349, 26399
221401, 26399
222070, 26399
222788, 26399
223249, 26399
226115, 26399
226784, 26399
227917, 26399
228063, 26399
228653, 26399
229836, 26399
229976, 26399
231119, 26399
231613, 26399
231708, 26399
232366, 26399
232774, 26399
234329, 26399
239119, 26399
240505, 26399
240580, 26399
240652, 26399
242468, 26399
243168, 26399
243219, 26399
243583, 26399
243917, 26399
246969, 26399
249347, 26399
249415, 26399
251995, 26399
252468, 26399
254302, 26399
254824, 26399
255478, 26399
255605, 26399
256016, 26399
256337, 26399
256687, 26399
256766, 26399
258130, 26399
260708, 26399
261931, 26399
262035, 26399
262879, 26399
263135, 26399
264177, 26399
264583, 26399
265627, 26399
267472, 26399
269845, 26399
270366, 26399
271498, 26399
272202, 26399
273315, 26399
273322, 26399
277524, 26399
279013, 26399
279428, 26399
281312, 26399
281968, 26399
282675, 26399
285212, 26399
289487, 26399
289801, 26399
290179, 26399
290796, 26399
292978, 26399
294098, 26399
294541, 26399
295367, 26399
295524, 26399
296587, 26399
83279, 26093
2893, 25916
105871, 25008
142731, 25008
147678, 25008
160939, 25008
183489, 25008
188463, 25008
189424, 25008
244608, 25008
247076, 25008
254325, 25008
257724, 25008
258431, 25008
261933, 25008
272121, 25008
278336, 25008
87580, 24956
91170, 24956
95404, 24956
97678, 24956
100378, 24956
108939, 24956
109792, 24956
113154, 24956
126917, 24956
135270, 24956
143126, 24956
150183, 24956
150740, 24956
152384, 24956
156678, 24956
164234, 24956
174057, 24956
183417, 24956
186628, 24956
189181, 24956
199072, 24956
203010, 24956
204251, 24956
210292, 24956
210484, 24956
212560, 24956
215532, 24956
216255, 24956
218323, 24956
220060, 24956
224848, 24956
228786, 24956
230804, 24956
236670, 24956
239490, 24956
242244, 24956
247215, 24956
247334, 24956
250357, 24956
252962, 24956
254573, 24956
258267, 24956
258585, 24956
261393, 24956
261473, 24956
263236, 24956
269614, 24956
279897, 24956
280176, 24956
282522, 24956
291072, 24956
291384, 24956
99129, 24679
118806, 24679
132962, 24679
134870, 24679
139005, 24679
141213, 24679
147892, 24679
153638, 24679
167963, 24679
198600, 24679
218270, 24679
226287, 24679
229636, 24679
229731, 24679
238717, 24679
240097, 24679
240814, 24679
252295, 24679
256611, 24679
282800, 24679
283346, 24679
285504, 24679
287759, 24679
288150, 24679
288705, 24679
293557, 24679
293833, 24679
294120, 24679
169483, 24521
170686, 24521
231837, 24521
232320, 24521
244651, 24521
259637, 24521
268007, 24521
277203, 24521
91648, 24243
105224, 24243
106966, 24243
108634, 24243
111028, 24243
115672, 24243
118877, 24243
118949, 24243
119086, 24243
130387, 24243
130645, 24243
133447, 24243
133459, 24243
133810, 24243
134208, 24243
134998, 24243
135313, 24243
135364, 24243
135729, 24243
135777, 24243
136254, 24243
136373, 24243
137805, 24243
138153, 24243
138318, 24243
139618, 24243
140570, 24243
140937, 24243
141663, 24243
141837, 24243
142169, 24243
142384, 24243
142560, 24243
142793, 24243
143107, 24243
143188, 24243
143417, 24243
144045, 24243
144049, 24243
144927, 24243
145634, 24243
145686, 24243
145734, 24243
146846, 24243
147429, 24243
148007, 24243
148210, 24243
148847, 24243
149711, 24243
150266, 24243
150452, 24243
151769, 24243
152204, 24243
152407, 24243
152818, 24243
153361, 24243
153593, 24243
154053, 24243
154598, 24243
154810, 24243
155246, 24243
155695, 24243
155827, 24243
157222, 24243
157451, 24243
157553, 24243
157591, 24243
157694, 24243
158099, 24243
159274, 24243
159418, 24243
159668, 24243
159874, 24243
160313, 24243
162179, 24243
163018, 24243
163090, 24243
163330, 24243
163591, 24243
163997, 24243
165449, 24243
165902, 24243
166531, 24243
167933, 24243
167958, 24243
169485, 24243
169976, 24243
170243, 24243
170875, 24243
171785, 24243
172311, 24243
173260, 24243
173572, 24243
174535, 24243
174788, 24243
174979, 24243
177290, 24243
177309, 24243
178106, 24243
178512, 24243
179057, 24243
180703, 24243
181159, 24243
181661, 24243
181867, 24243
182081, 24243
183212, 24243
183225, 24243
185552, 24243
186162, 24243
187138, 24243
187422, 24243
187655, 24243
187955, 24243
188056, 24243
188686, 24243
188850, 24243
190479, 24243
190872, 24243
191230, 24243
192412, 24243
193782, 24243
193917, 24243
194297, 24243
194310, 24243
194417, 24243
194904, 24243
194974, 24243
195294, 24243
195643, 24243
198578, 24243
201191, 24243
201239, 24243
201763, 24243
202010, 24243
202283, 24243
202687, 24243
203266, 24243
203515, 24243
204597, 24243
205771, 24243
206241, 24243
206981, 24243
207194, 24243
207561, 24243
207661, 24243
207838, 24243
208550, 24243
210538, 24243
211883, 24243
211920, 24243
212494, 24243
212603, 24243
213492, 24243
214680, 24243
215497, 24243
215914, 24243
216542, 24243
216774, 24243
216776, 24243
217419, 24243
219014, 24243
219312, 24243
222509, 24243
222648, 24243
223217, 24243
224359, 24243
225080, 24243
225431, 24243
226422, 24243
226438, 24243
226859, 24243
230470, 24243
231482, 24243
232175, 24243
235962, 24243
238497, 24243
240978, 24243
242383, 24243
242974, 24243
243266, 24243
243818, 24243
246421, 24243
247759, 24243
249577, 24243
250265, 24243
250861, 24243
252415, 24243
252466, 24243
254315, 24243
256032, 24243
256169, 24243
256858, 24243
257252, 24243
257448, 24243
258210, 24243
260117, 24243
261237, 24243
264103, 24243
267983, 24243
268056, 24243
269030, 24243
269743, 24243
271239, 24243
274376, 24243
276637, 24243
276792, 24243
278615, 24243
278689, 24243
281156, 24243
282890, 24243
284046, 24243
284449, 24243
285432, 24243
285886, 24243
286083, 24243
288035, 24243
291796, 24243
293513, 24243
293559, 24243
293831, 24243
294876, 24243
89706, 24224
127237, 24224
142020, 24224
158414, 24224
162358, 24224
173868, 24224
176249, 24224
188574, 24224
199386, 24224
209158, 24224
216593, 24224
234331, 24224
236734, 24224
237985, 24224
242525, 24224
283698, 24224
284795, 24224
284930, 24224
285845, 24224
286814, 24224
290745, 24224
252569, 24040
122550, 23984
136877, 23984
202638, 23984
231503, 23984
247278, 23984
255331, 23984
264692, 23984
265829, 23984
281275, 23984
284563, 23984
111889, 23781
114832, 23781
114852, 23781
114876, 23781
116867, 23781
116887, 23781
121102, 23781
122447, 23781
125021, 23781
125744, 23781
126070, 23781
131255, 23781
131497, 23781
135097, 23781
136241, 23781
136367, 23781
137624, 23781
138271, 23781
141126, 23781
141651, 23781
143080, 23781
143544, 23781
143678, 23781
144139, 23781
144618, 23781
144940, 23781
145502, 23781
146694, 23781
147171, 23781
150224, 23781
150368, 23781
150633, 23781
151408, 23781
152554, 23781
152975, 23781
153929, 23781
154308, 23781
154844, 23781
155665, 23781
156703, 23781
156861, 23781
157249, 23781
160353, 23781
160859, 23781
161972, 23781
162166, 23781
163335, 23781
164659, 23781
164789, 23781
165001, 23781
165965, 23781
166182, 23781
167120, 23781
168096, 23781
168290, 23781
170009, 23781
170235, 23781
171761, 23781
172500, 23781
172667, 23781
172914, 23781
173379, 23781
173829, 23781
175014, 23781
175386, 23781
175430, 23781
176171, 23781
177144, 23781
177311, 23781
177461, 23781
179671, 23781
181135, 23781
182851, 23781
183452, 23781
183607, 23781
183637, 23781
185946, 23781
186571, 23781
186573, 23781
189872, 23781
191147, 23781
191522, 23781
192161, 23781
195423, 23781
196294, 23781
197342, 23781
197430, 23781
199364, 23781
203045, 23781
203751, 23781
204882, 23781
206511, 23781
207984, 23781
208375, 23781
208607, 23781
208805, 23781
209301, 23781
210393, 23781
212334, 23781
212599, 23781
213911, 23781
214759, 23781
215675, 23781
219561, 23781
219996, 23781
222901, 23781
226149, 23781
230020, 23781
230083, 23781
233462, 23781
238323, 23781
238879, 23781
240742, 23781
243205, 23781
243909, 23781
247886, 23781
251442, 23781
254050, 23781
255016, 23781
256092, 23781
263842, 23781
267710, 23781
268678, 23781
269102, 23781
270833, 23781
271882, 23781
276358, 23781
276910, 23781
279583, 23781
286220, 23781
292205, 23781
136720, 23738
174539, 23738
201907, 23633
283370, 23633
238030, 23432
112037, 23409
209866, 23409
210939, 23409
219641, 23409
222378, 23409
243262, 23409
276996, 23409
283432, 23409
285035, 23409
293880, 23409
120146, 23356
142301, 23356
146076, 23356
146328, 23356
149946, 23356
153899, 23356
159490, 23356
162591, 23356
165383, 23356
170193, 23356
172305, 23356
177257, 23356
188485, 23356
197770, 23356
200319, 23356
200722, 23356
220784, 23356
231416, 23356
238536, 23356
248691, 23356
252553, 23356
257042, 23356
272262, 23356
275470, 23356
290717, 23356
293874, 23356
275436, 23319
96495, 23089
114434, 23089
137703, 23089
178330, 23089
278493, 23089
281477, 23089
2773, 22927
116600, 22771
118315, 22771
139112, 22771
146673, 22771
149105, 22771
149267, 22771
169644, 22771
172762, 22771
225887, 22771
225972, 22771
254643, 22771
255641, 22771
279289, 22771
295636, 22771
120679, 22650
231076, 22650
272737, 22650
275923, 22650
277987, 22650
130552, 22524
140214, 22524
160492, 22524
222404, 22524
106026, 22354
251044, 22354
181272, 22321
217868, 22321
86895, 22112
89137, 22112
228105, 22112
252489, 22112
149931, 22086
166642, 22086
166874, 22086
179405, 22086
190388, 22086
199600, 22086
214751, 22086
223954, 22086
233796, 22086
239085, 22086
249931, 22086
257733, 22086
260368, 22086
275011, 22086
281022, 22086
282022, 22086
284197, 22086
287835, 22086
295295, 22086
195505, 22062
123048, 22019
206087, 22019
211006, 22019
230596, 22019
121622, 21918
122953, 21918
124130, 21918
128303, 21918
141953, 21918
150063, 21918
152882, 21918
160693, 21918
173621, 21918
173774, 21918
179280, 21918
180449, 21918
194838, 21918
196258, 21918
205215, 21918
214430, 21918
266519, 21918
289405, 21918
188623, 21908
96716, 21778
122958, 21778
156671, 21778
159075, 21778
161930, 21778
184967, 21778
192514, 21778
200028, 21778
207444, 21778
211504, 21778
213925, 21778
240761, 21778
242111, 21778
262365, 21778
134737, 21771
136907, 21771
137457, 21771
141817, 21771
153611, 21771
180685, 21771
191078, 21771
230117, 21771
231460, 21771
252635, 21771
256022, 21771
271687, 21771
272456, 21771
294901, 21771
271075, 21732
126888, 21490
128155, 21490
133092, 21490
133203, 21490
154894, 21490
186055, 21490
201251, 21490
202755, 21490
206368, 21490
209483, 21490
131461, 21426
177155, 21426
224270, 21426
118071, 21271
136621, 21271
141159, 21271
147898, 21271
151690, 21271
167599, 21271
168348, 21271
180083, 21271
215701, 21271
222602, 21271
227245, 21271
239118, 21271
243898, 21271
260633, 21271
277303, 21271
126365, 21033
150081, 21033
150608, 21033
175896, 21033
217345, 21033
257103, 21033
279325, 21033
285095, 21033
211661, 20997
234714, 20997
285500, 20997
198341, 20839
294421, 20791
198354, 20757
286974, 20717
211297, 20680
161139, 20669
284488, 20669
247029, 20652
220159, 20648
150033, 20483
194817, 20175
157062, 20100
244261, 20100
274277, 20100
9843, 19639
288337, 19515
160742, 19462
247690, 19462
278833, 19462
141930, 19300
267743, 19300
286375, 19300
210817, 19192
184543, 19062
206675, 19062
249746, 18919
152845, 18844
240416, 18844
253194, 18844
269807, 18844
292106, 18844
246518, 18827
249736, 18827
124782, 18815
130107, 18815
167355, 18815
287751, 18815
151277, 18812
166456, 18727
280856, 18410
136417, 18374
186522, 18374
266775, 18374
131960, 18220
269491, 18220
196618, 18158
206147, 18158
290116, 18158
222590, 18110
79894, 18065
148332, 17671
164301, 17671
189623, 17671
199439, 17671
244454, 17671
113482, 17268
125722, 17268
145681, 17268
146998, 17268
148412, 17268
150898, 17268
201736, 17268
208681, 17268
230198, 17268
235784, 17268
255816, 17268
261909, 17268
265724, 17268
266635, 17268
292893, 17268
294310, 17268
120043, 17185
124629, 17185
200990, 17185
202686, 17185
208741, 17185
222272, 17185
255803, 17185
282542, 17185
283691, 17185
176855, 17073
250245, 17006
159493, 16659
149635, 16365
168065, 16365
256583, 16365
251640, 16062
114228, 15168
136313, 15168
246996, 15168
101219, 14711
183370, 14711
232516, 14711
264714, 14478
284176, 14478
286791, 14478
291515, 14478
222395, 13680
242578, 13667
233522, 13314
169569, 12656
114657, 12611
292191, 12611
120517, 12278
213814, 12278
282796, 12278
147133, 11884
196799, 11884
148012, 11707
100944, 11637
133119, 11637
135269, 11637
158349, 11637
166905, 11637
196483, 11637
200412, 11637
219151, 11637
180149, 11591
81306, 11360
42300, 11263
46041, 11263
50289, 11263
54800, 11263
68869, 11263
69256, 11263
105778, 11263
116095, 11263
120350, 11263
127816, 11263
132335, 11263
132473, 11263
138618, 11263
145184, 11263
168074, 11263
171107, 11263
175120, 11263
192856, 11263
207149, 11263
225422, 11263
225606, 11263
246576, 11263
260159, 11263
268958, 11263
282976, 11263
283051, 11263
289827, 11263
295047, 11263
100297, 10877
101099, 10877
108820, 10877
153556, 10877
185872, 10877
200796, 10877
205410, 10877
227349, 10877
235861, 10877
120139, 10622
47907, 10592
55506, 10592
67440, 10592
70334, 10592
217270, 10592
259155, 10501
118207, 10476
135163, 10476
175637, 10476
287978, 10476
288835, 10476
268279, 10229
123867, 10144
175168, 10144
223188, 10084
134860, 9690
206773, 9670
233887, 9670
135827, 9653
143517, 9653
205747, 9408
251911, 9175
186345, 9118
272723, 9064
12544, 9017
177037, 8571
20662, 8552
22636, 8552
22914, 8552
99016, 8533
139743, 8533
150466, 8533
197936, 8533
200694, 8533
265761, 8533
17309, 8531
18552, 8531
19748, 8531
20282, 8531
20382, 8531
20482, 8531
21086, 8531
21104, 8531
21226, 8531
21585, 8531
21657, 8531
21986, 8531
22053, 8531
22618, 8531
22982, 8531
266392, 8515
20256, 8502
21782, 8502
22839, 8502
22907, 8502
147825, 8455
11579, 8427
12042, 8427
12427, 8427
12946, 8427
12975, 8427
13141, 8427
13419, 8427
13558, 8427
13743, 8427
13939, 8427
14018, 8427
14020, 8427
14230, 8427
14282, 8427
14289, 8427
14421, 8427
14459, 8427
14557, 8427
14621, 8427
14667, 8427
15040, 8427
15126, 8427
15444, 8427
15446, 8427
15580, 8427
15662, 8427
15774, 8427
16276, 8427
12616, 8367
14040, 8367
15461, 8367
16337, 8367
96084, 8228
168261, 8228
196044, 8228
197131, 8162
216397, 8162
237227, 8162
240175, 8162
261340, 8162
9292, 8159
11807, 8159
12785, 7948
13011, 7948
13057, 7948
13278, 7948
13489, 7948
14191, 7948
8273, 7899
14686, 7890
15318, 7890
7949, 7809
9102, 7809
9982, 7809
227566, 7803
14316, 7753
18470, 7753
18511, 7753
18973, 7753
19867, 7753
20436, 7753
20530, 7753
20860, 7753
21066, 7753
21191, 7753
21601, 7753
21758, 7753
22183, 7753
24008, 7753
24120, 7753
25243, 7753
25460, 7753
25480, 7753
25508, 7753
25604, 7753
25612, 7753
27611, 7753
27999, 7753
29080, 7753
25200, 7740
26468, 7740
31907, 7740
18950, 7726
14307, 7715
18666, 7715
19247, 7715
19713, 7715
20171, 7715
20964, 7715
21190, 7715
21431, 7715
21726, 7715
21816, 7715
22807, 7715
22821, 7715
22880, 7715
23035, 7715
23109, 7715
23130, 7715
23598, 7715
23852, 7715
24419, 7715
24444, 7715
24451, 7715
24538, 7715
24610, 7715
25015, 7715
26190, 7715
26501, 7715
26639, 7715
30959, 7715
32821, 7715
53475, 7715
21460, 7690
22012, 7690
23721, 7690
23732, 7690
23861, 7690
24193, 7690
24655, 7690
24740, 7690
24862, 7690
24922, 7690
25593, 7690
25760, 7690
26368, 7690
26549, 7690
26651, 7690
26708, 7690
26901, 7690
26913, 7690
27120, 7690
27193, 7690
27340, 7690
27342, 7690
27509, 7690
28018, 7690
28060, 7690
28193, 7690
28349, 7690
28909, 7690
28958, 7690
28975, 7690
29004, 7690
29007, 7690
29065, 7690
30073, 7690
32511, 7690
20745, 7687
8931, 7686
10383, 7686
10762, 7686
10782, 7686
11332, 7686
11782, 7686
17055, 7680
19077, 7680
22079, 7680
22808, 7680
23079, 7680
23641, 7680
25057, 7680
24507, 7632
25453, 7632
26403, 7632
26497, 7632
27913, 7632
28495, 7632
29375, 7632
30063, 7632
30086, 7632
30115, 7632
30237, 7632
31025, 7632
31286, 7632
31836, 7632
34268, 7632
16194, 7629
22098, 7629
16993, 7626
20119, 7626
20717, 7626
23738, 7626
24702, 7626
24741, 7626
25054, 7626
25638, 7626
26666, 7626
26877, 7626
27142, 7626
27876, 7626
28447, 7626
28680, 7626
29714, 7626
30582, 7626
31214, 7626
31264, 7626
31322, 7626
31374, 7626
24946, 7585
27115, 7585
27807, 7585
29896, 7585
30347, 7585
30392, 7585
30635, 7585
30898, 7585
33341, 7585
36091, 7585
19450, 7571
19792, 7571
23775, 7563
24073, 7536
24225, 7536
27079, 7536
29312, 7536
29600, 7536
29643, 7536
29743, 7536
30018, 7536
30297, 7536
30466, 7536
30704, 7536
31159, 7536
31191, 7536
31469, 7536
31774, 7536
32022, 7536
32183, 7536
32493, 7536
32793, 7536
33466, 7536
34019, 7536
34153, 7536
34171, 7536
34230, 7536
34233, 7536
34540, 7536
35135, 7536
35285, 7536
35547, 7536
35656, 7536
36167, 7536
37383, 7536
37975, 7536
38043, 7536
38446, 7536
33144, 7532
31474, 7525
32626, 7525
33591, 7525
35046, 7525
35450, 7525
25976, 7500
17145, 7493
18322, 7493
130376, 7446
130661, 7446
170123, 7446
15145, 7390
270436, 7373
9377, 7292
18229, 7282
257358, 7282
174121, 7233
23179, 7221
5183, 7108
13803, 7088
14590, 7088
15805, 7088
15872, 7088
15885, 7088
16066, 7088
16259, 7088
16343, 7088
16589, 7088
16656, 7088
16758, 7088
16789, 7088
16935, 7088
16948, 7088
17043, 7088
13985, 7056
14969, 7056
8670, 7048
13409, 7048
15161, 7022
17170, 7022
18567, 7022
18577, 7022
18583, 7022
18710, 7022
18786, 7022
19061, 7022
19217, 7022
19279, 7022
19690, 7022
20014, 7022
20696, 7022
20998, 7022
7908, 7012
9750, 7012
10043, 7012
11897, 7012
16053, 6994
20434, 6994
11322, 6984
16996, 6980
18287, 6980
20249, 6980
7919, 6968
8584, 6968
8751, 6968
9854, 6968
10074, 6968
10090, 6968
10261, 6968
10342, 6968
10633, 6968
10704, 6968
10727, 6968
10978, 6968
11269, 6968
11675, 6968
11746, 6968
12130, 6968
12569, 6968
12190, 6959
15502, 6959
15656, 6959
8843, 6956
9354, 6956
9950, 6956
10257, 6956
17589, 6952
10643, 6939
13271, 6916
15804, 6916
16492, 6916
16553, 6916
5917, 6834
7004, 6834
8091, 6834
8182, 6834
8296, 6834
14137, 6820
14571, 6820
15366, 6820
15980, 6820
16516, 6820
16533, 6820
16906, 6820
17156, 6820
17177, 6820
18698, 6820
7988, 6802
5544, 6778
5909, 6751
42311, 6738
2170, 6734
3599, 6734
3517, 6726
210290, 6724
234152, 6724
37723, 6722
39635, 6721
30338, 6708
30356, 6708
32612, 6708
34044, 6708
40978, 6708
42081, 6708
101344, 6707
38080, 6703
39959, 6703
6423, 6688
3466, 6674
12829, 6669
2056, 6666
4830, 6666
19257, 6662
5970, 6661
14386, 6647
1518, 6638
3790, 6638
33160, 6627
28050, 6614
28558, 6614
29150, 6614
31825, 6614
32068, 6614
32475, 6614
33390, 6614
37577, 6614
290836, 6607
33726, 6601
15384, 6582
29653, 6557
34447, 6557
1156, 6555
14023, 6531
26739, 6485
35256, 6485
38692, 6485
5429, 6468
6246, 6468
24443, 6445
25302, 6445
26278, 6445
30257, 6445
34142, 6445
36987, 6445
37838, 6445
52829, 6445
71605, 6445
99124, 6445
119015, 6445
126621, 6445
127898, 6445
137346, 6445
138843, 6445
156913, 6445
169681, 6445
185707, 6445
202787, 6445
203044, 6445
237983, 6445
246137, 6445
29139, 6438
29443, 6438
29555, 6438
32015, 6438
32159, 6438
33359, 6438
35972, 6438
36325, 6438
36434, 6438
37918, 6438
48115, 6438
33494, 6419
36554, 6419
41044, 6419
11366, 6399
11403, 6399
6059, 6378
46375, 6316
30867, 6307
20631, 6304
44322, 6304
46915, 6304
51889, 6304
56470, 6304
59706, 6304
69841, 6304
73465, 6304
78919, 6304
82745, 6304
86553, 6304
86853, 6304
101949, 6304
108458, 6304
139599, 6304
147348, 6304
163336, 6304
163340, 6304
200130, 6304
221637, 6304
232487, 6304
34406, 6297
35278, 6297
35328, 6297
37081, 6297
37103, 6297
37457, 6297
37532, 6297
37596, 6297
37681, 6297
37780, 6297
37876, 6297
38321, 6297
39450, 6297
39859, 6297
40707, 6297
40833, 6297
41428, 6297
41437, 6297
41613, 6297
43092, 6297
43594, 6297
43978, 6297
44083, 6297
47295, 6297
30110, 6295
33629, 6295
33639, 6295
34217, 6295
35058, 6295
36444, 6295
37740, 6295
38454, 6295
44888, 6295
35816, 6259
36144, 6148
34202, 6142
34281, 6142
38656, 6142
40187, 6142
40779, 6142
41017, 6142
41033, 6142
43449, 6142
44920, 6142
45942, 6142
46299, 6142
46895, 6139
47888, 6139
49922, 6139
49984, 6139
51281, 6139
36764, 6132
38242, 6132
38854, 6132
38962, 6132
39141, 6132
39862, 6132
40166, 6132
40241, 6132
40819, 6132
41493, 6132
41695, 6132
42046, 6132
42928, 6132
43622, 6132
43757, 6132
43867, 6132
43891, 6132
43964, 6132
44177, 6132
44192, 6132
44690, 6132
45418, 6132
46066, 6132
46363, 6132
47419, 6132
47443, 6132
47832, 6132
47949, 6132
48311, 6132
48696, 6132
49406, 6132
49484, 6132
49536, 6132
49602, 6132
49617, 6132
49987, 6132
50153, 6132
50428, 6132
50813, 6132
52320, 6132
52993, 6132
53241, 6132
55764, 6132
60876, 6118
97479, 6118
116202, 6118
120204, 6118
185559, 6118
29494, 6096
31777, 6096
32420, 6096
32623, 6096
37232, 6096
37645, 6096
39509, 6096
39831, 6096
39981, 6096
40966, 6096
41657, 6096
42523, 6096
43062, 6096
43898, 6096
44703, 6096
45265, 6096
45587, 6096
45709, 6096
46496, 6096
46788, 6096
47413, 6096
47681, 6096
48071, 6096
48465, 6096
50401, 6096
50561, 6096
52237, 6096
40553, 6071
41326, 6071
43415, 6071
43707, 6071
45296, 6071
45459, 6071
45746, 6071
47078, 6071
47729, 6071
48313, 6071
49175, 6071
49686, 6071
51081, 6071
51376, 6071
52134, 6071
13227, 6066
40638, 6066
56074, 6066
59386, 6066
61791, 6066
66417, 6066
70916, 6066
73296, 6066
74799, 6066
76528, 6066
80944, 6066
83074, 6066
85654, 6066
87684, 6066
87962, 6066
93244, 6066
95990, 6066
96502, 6066
97713, 6066
107016, 6066
114754, 6066
132088, 6066
135673, 6066
151393, 6066
159564, 6066
160665, 6066
160691, 6066
163690, 6066
165474, 6066
172003, 6066
174289, 6066
211793, 6066
225454, 6066
243949, 6066
261412, 6066
249162, 6055
32718, 6049
36470, 6049
37163, 6049
38307, 6049
40218, 6049
41508, 6049
41858, 6049
43276, 6049
46724, 6049
50378, 6049
53445, 6049
217377, 6048
44455, 6045
25486, 6035
29359, 6035
32196, 6035
34468, 6035
34822, 6035
34972, 6035
38070, 6035
38292, 6035
39885, 6035
41896, 6035
42417, 6035
42642, 6035
43630, 6035
43768, 6035
43853, 6035
44052, 6035
44123, 6035
44893, 6035
48724, 6035
49528, 6035
25290, 6024
32699, 6024
33575, 6024
34129, 6024
34582, 6024
36359, 6024
36758, 6024
36806, 6024
37426, 6024
37806, 6024
38469, 6024
39715, 6024
40455, 6024
40641, 6024
41355, 6024
41567, 6024
42802, 6024
43763, 6024
47485, 6024
48750, 6024
24696, 6023
45840, 6023
31423, 6019
34733, 6019
37897, 6019
39185, 6019
39939, 6019
42760, 6019
43160, 6019
43439, 6019
44199, 6019
44628, 6019
45853, 6019
45919, 6019
46371, 6019
46399, 6019
47013, 6019
48104, 6019
48353, 6019
48472, 6019
50333, 6019
50563, 6019
50676, 6019
45141, 6010
34834, 6009
42968, 6009
44184, 6009
44381, 6009
46502, 6009
47284, 6009
53579, 6009
55201, 6009
15262, 6008
40071, 6008
41274, 6008
41906, 6008
44370, 6008
46179, 6008
46613, 6008
47524, 6008
49088, 6008
49392, 6008
49616, 6008
49897, 6008
49947, 6008
50559, 6008
51087, 6008
51347, 6008
52067, 6008
52122, 6008
53177, 6008
53868, 6008
55532, 6008
55844, 6008
58230, 6008
27092, 6006
28681, 6006
30214, 6006
30581, 6006
31257, 6006
34523, 6006
34998, 6006
35095, 6006
36009, 6006
36124, 6006
45560, 6004
31365, 6001
33343, 6001
33347, 6001
33762, 6001
33955, 6001
35092, 6001
35425, 6001
37901, 6001
39731, 6001
39784, 6001
39788, 6001
40120, 6001
40202, 6001
41344, 6001
41631, 6001
43432, 6001
49767, 6001
6075, 5996
6887, 5996
24278, 5996
141730, 5996
38544, 5986
32455, 5966
22806, 5953
25936, 5953
26395, 5953
29876, 5953
30280, 5953
31827, 5953
32139, 5953
33122, 5953
37401, 5939
40546, 5939
41462, 5939
42781, 5939
44171, 5939
48077, 5939
50176, 5939
53120, 5939
56222, 5939
47307, 5914
35569, 5898
36684, 5898
37529, 5898
38060, 5898
38609, 5898
39735, 5898
40633, 5898
40649, 5898
40763, 5898
40880, 5898
41432, 5898
41716, 5898
43703, 5898
43772, 5898
44773, 5898
45033, 5898
45865, 5898
46482, 5898
47498, 5898
47910, 5898
48153, 5898
48489, 5898
48614, 5898
48836, 5898
48988, 5898
48996, 5898
49107, 5898
49394, 5898
49839, 5898
50037, 5898
50387, 5898
51091, 5898
52995, 5898
53001, 5898
55005, 5898
56008, 5898
57707, 5898
58289, 5898
58834, 5898
29954, 5888
17807, 5862
7631, 5843
42089, 5784
43018, 5776
45412, 5776
54150, 5776
58399, 5776
37539, 5773
208589, 5757
227010, 5757
105437, 5736
121251, 5736
140654, 5736
148582, 5736
176675, 5736
179447, 5736
180601, 5736
183589, 5736
184314, 5736
184372, 5736
190335, 5736
200388, 5736
203681, 5736
204603, 5736
205306, 5736
205356, 5736
209144, 5736
212271, 5736
214097, 5736
219688, 5736
225246, 5736
227448, 5736
229903, 5736
230235, 5736
234111, 5736
238403, 5736
244596, 5736
250372, 5736
259928, 5736
260677, 5736
264405, 5736
275278, 5736
276249, 5736
285394, 5736
285692, 5736
287552, 5736
10848, 5724
14267, 5724
18533, 5724
18758, 5724
23247, 5724
44695, 5724
46006, 5724
128171, 5724
208801, 5724
277399, 5724
42421, 5604
44708, 5604
45592, 5604
45948, 5604
46416, 5604
48753, 5604
49744, 5604
50988, 5604
53011, 5604
44822, 5602
47819, 5602
48336, 5602
54869, 5602
8932, 5596
40000, 5583
41943, 5583
45076, 5583
45769, 5583
48295, 5583
51264, 5583
40414, 5575
41465, 5575
42443, 5575
42911, 5575
44338, 5575
45385, 5575
46086, 5575
46324, 5575
47446, 5575
48304, 5575
48556, 5575
49245, 5575
50482, 5575
53585, 5575
54048, 5575
224789, 5569
43736, 5548
45632, 5548
48272, 5548
49098, 5548
49177, 5548
49888, 5548
50845, 5548
50995, 5548
51851, 5548
52381, 5548
52384, 5548
52877, 5548
55233, 5548
55591, 5548
55675, 5548
34353, 5542
34871, 5542
37405, 5542
37847, 5542
39431, 5542
41535, 5542
42638, 5542
43658, 5542
44143, 5542
44643, 5542
45471, 5542
45530, 5542
45543, 5542
46287, 5542
48663, 5542
48822, 5542
49813, 5542
50045, 5542
54035, 5542
52049, 5540
235670, 5488
103223, 5485
125950, 5485
154934, 5485
158603, 5485
172249, 5485
177713, 5485
180520, 5485
186667, 5485
189366, 5485
193261, 5485
194820, 5485
196968, 5485
197272, 5485
207358, 5485
208072, 5485
208795, 5485
215010, 5485
216081, 5485
217534, 5485
220419, 5485
231155, 5485
231269, 5485
231332, 5485
237618, 5485
238299, 5485
238973, 5485
239737, 5485
246494, 5485
248983, 5485
249379, 5485
250096, 5485
251188, 5485
253018, 5485
254119, 5485
256581, 5485
260085, 5485
261713, 5485
262247, 5485
262414, 5485
263582, 5485
263967, 5485
264666, 5485
264926, 5485
266627, 5485
266798, 5485
267129, 5485
267502, 5485
268217, 5485
270720, 5485
271661, 5485
275385, 5485
276605, 5485
279189, 5485
279353, 5485
280141, 5485
280703, 5485
280726, 5485
284217, 5485
287712, 5485
292363, 5485
292410, 5485
292752, 5485
295824, 5485
239624, 5451
254566, 5451
117588, 5422
127531, 5422
134629, 5422
153957, 5422
158900, 5422
176224, 5422
179014, 5422
192364, 5422
227852, 5422
238877, 5422
253267, 5422
253507, 5422
255262, 5422
271377, 5422
286437, 5422
42722, 5421
44933, 5421
52585, 5421
90556, 5380
148026, 5358
289934, 5358
7312, 5308
11998, 5308
22795, 5308
25278, 5308
38634, 5308
38851, 5308
211900, 5308
11899, 5256
158748, 5256
20650, 5253
94137, 5201
202833, 5194
282211, 5194
38101, 5175
243711, 5165
273654, 5165
2596, 5157
73797, 5156
79607, 5156
94278, 5151
149411, 5151
193464, 5151
209039, 5151
218831, 5151
259186, 5151
260883, 5151
290633, 5151
170782, 5126
185215, 5126
188696, 5126
193229, 5126
220641, 5126
226002, 5126
235430, 5126
242282, 5126
260391, 5126
262243, 5126
263954, 5126
274780, 5126
8326, 5089
21323, 5089
24992, 5089
54192, 5089
110281, 5089
197367, 5032
229713, 5032
255497, 5032
271213, 5032
13770, 5024
118158, 4923
118237, 4923
124485, 4923
126129, 4923
131148, 4923
142952, 4923
158066, 4923
158695, 4923
232208, 4795
84562, 4793
283797, 4793
31530, 4775
2882, 4774
5186, 4774
274611, 4637
28477, 4609
53873, 4609
64128, 4609
81864, 4609
83147, 4609
75465, 4501
105740, 4501
130649, 4501
139573, 4501
142052, 4501
147108, 4501
177613, 4501
205471, 4501
101587, 4431
145586, 4431
137398, 4419
176428, 4419
177031, 4419
204506, 4419
72277, 4389
39533, 4351
21319, 4341
22126, 4341
26452, 4341
28260, 4341
28914, 4341
31834, 4341
33971, 4341
281534, 4341
32478, 4305
90693, 4292
110261, 4292
124778, 4292
272271, 4289
229373, 4178
147521, 4015
160759, 4015
211686, 4015
64935, 4014
92088, 4014
109042, 4014
275601, 4014
128967, 4006
166984, 4006
122614, 3989
10829, 3971
274657, 3839
125915, 3640
18299, 3585
81151, 3528
294214, 3528
113241, 3485
26681, 3416
104688, 3416
107162, 3416
159434, 3416
187864, 3416
269264, 3416
269680, 3416
289342, 3416
28157, 3400
110450, 3379
288400, 3324
131242, 3280
142915, 3280
4066, 3247
15193, 3247
16200, 3247
16606, 3247
191817, 3247
202144, 3247
245459, 3247
272875, 3247
14482, 3235
11102, 3198
69455, 3198
73266, 3198
88002, 3198
91125, 3198
98323, 3198
98924, 3198
100046, 3198
104014, 3198
105668, 3198
111260, 3198
114402, 3198
124966, 3198
125244, 3198
14425, 3194
15888, 3194
15947, 3194
16229, 3194
17062, 3194
17223, 3194
17761, 3194
15860, 3097
16303, 3097
17333, 3097
18723, 3097
21068, 3071
24144, 3071
140823, 3003
17845, 2999
18464, 2953
19086, 2946
20143, 2921
20416, 2921
22650, 2921
222909, 2920
17747, 2900
20607, 2900
21013, 2900
21835, 2900
21853, 2900
19012, 2838
19563, 2838
20539, 2838
20791, 2838
20962, 2838
21260, 2838
22249, 2838
22484, 2838
18344, 2822
20254, 2822
20324, 2822
20882, 2822
221574, 2783
1294, 2770
34359, 2751
824, 2718
1690, 2718
1779, 2718
1820, 2718
2426, 2718
16982, 2716
17779, 2716
18339, 2716
18704, 2716
19208, 2716
19505, 2716
13594, 2710
14675, 2681
16051, 2678
16189, 2678
16503, 2678
17079, 2678
18178, 2678
37131, 2678
39796, 2678
39858, 2678
45906, 2678
681, 2643
16727, 2635
30934, 2630
14430, 2628
15525, 2628
15938, 2628
16039, 2628
16076, 2628
16615, 2628
17680, 2628
17897, 2628
18003, 2628
18060, 2628
18341, 2628
18920, 2628
19405, 2628
14692, 2593
985, 2591
1717, 2591
2910, 2591
3107, 2591
3288, 2591
3295, 2591
3508, 2591
3540, 2591
3565, 2591
3783, 2591
3872, 2591
3959, 2591
4059, 2591
4158, 2591
4233, 2591
4260, 2591
4345, 2591
4353, 2591
4411, 2591
4522, 2591
4556, 2591
4557, 2591
4639, 2591
4654, 2591
20932, 2591
14995, 2574
16787, 2574
17264, 2574
16731, 2572
17452, 2572
17168, 2566
17750, 2566
1376, 2565
1793, 2565
1827, 2565
2050, 2565
2442, 2565
2451, 2565
2630, 2565
2718, 2565
2840, 2565
2874, 2565
3097, 2565
3171, 2565
3439, 2565
16596, 2562
3738, 2544
3935, 2544
4436, 2544
4562, 2544
4611, 2544
4614, 2544
4771, 2544
4865, 2544
4914, 2544
4922, 2544
5089, 2544
9919, 2544
15929, 2544
14454, 2542
32158, 2542
34786, 2542
35381, 2542
37642, 2542
38246, 2542
38717, 2542
39925, 2542
12782, 2536
15636, 2536
16065, 2536
19842, 2534
12555, 2531
13410, 2531
13528, 2531
38195, 2522
38805, 2522
39161, 2522
39341, 2522
42600, 2522
13824, 2505
15534, 2505
16403, 2505
17673, 2505
16442, 2500
16797, 2500
32752, 2492
38882, 2492
39165, 2492
40510, 2492
41448, 2492
41819, 2492
41979, 2492
43986, 2492
45036, 2492
45202, 2492
45298, 2492
45303, 2492
46148, 2492
47938, 2492
48407, 2492
32479, 2490
39298, 2490
43488, 2490
51499, 2490
54568, 2490
55753, 2490
56561, 2490
57567, 2490
59795, 2490
61943, 2490
63525, 2490
64267, 2490
64892, 2490
65577, 2490
67544, 2490
71461, 2490
81290, 2490
46207, 2487
57202, 2487
57368, 2487
59745, 2487
15374, 2485
18479, 2485
46423, 2485
48560, 2485
49084, 2485
50489, 2485
54343, 2485
55546, 2485
56236, 2485
56738, 2485
57385, 2485
58489, 2485
59618, 2485
59926, 2485
60370, 2485
60680, 2485
61187, 2485
62139, 2485
62193, 2485
62300, 2485
63133, 2485
63504, 2485
64657, 2485
64861, 2485
65174, 2485
66267, 2485
66378, 2485
66864, 2485
68952, 2485
70045, 2485
70349, 2485
71686, 2485
72838, 2485
72977, 2485
73829, 2485
75370, 2485
23321, 2484
17819, 2482
18098, 2482
71088, 2481
14460, 2479
18112, 2479
45489, 2479
47179, 2479
48135, 2479
51176, 2479
51219, 2479
51486, 2479
52104, 2479
56087, 2479
60026, 2479
61122, 2479
62338, 2479
62507, 2479
65339, 2479
69278, 2479
74252, 2479
74834, 2479
30793, 2478
31582, 2478
33910, 2478
35349, 2478
37260, 2478
37387, 2478
37836, 2478
38216, 2478
38934, 2478
39633, 2478
40722, 2478
40732, 2478
42292, 2478
47030, 2478
32642, 2477
38902, 2477
41224, 2477
42731, 2477
45535, 2477
45574, 2477
45991, 2477
46302, 2477
46387, 2477
46943, 2477
50394, 2477
17096, 2476
17860, 2474
18385, 2467
68042, 2467
18159, 2464
14368, 2461
16550, 2459
17015, 2459
17994, 2459
58826, 2457
57217, 2456
66487, 2456
73322, 2456
16989, 2455
17245, 2455
18699, 2455
63985, 2455
67040, 2455
68913, 2455
69839, 2455
73281, 2455
82240, 2455
16564, 2451
16836, 2450
36791, 2443
39657, 2443
39913, 2443
40266, 2443
43822, 2443
44018, 2443
44813, 2443
46001, 2443
67948, 2442
16790, 2439
23691, 2438
51842, 2438
51923, 2438
60534, 2438
16236, 2435
3749, 2422
4317, 2422
4636, 2422
4706, 2422
4932, 2422
4980, 2422
5042, 2422
5114, 2422
5132, 2422
5135, 2422
5212, 2422
5240, 2422
13835, 2421
13956, 2421
15088, 2421
15689, 2421
16679, 2421
17073, 2421
17106, 2421
17133, 2421
17227, 2421
18217, 2421
18306, 2421
152568, 2421
16091, 2420
16815, 2420
17486, 2420
18469, 2420
25934, 2413
26820, 2413
26905, 2413
27319, 2413
28979, 2413
29251, 2413
32030, 2413
12907, 2405
18161, 2405
18491, 2405
21926, 2405
23958, 2405
27919, 2405
23887, 2397
25802, 2397
31768, 2396
34256, 2396
37249, 2396
38742, 2396
27338, 2393
25494, 2389
28155, 2389
28422, 2389
28762, 2389
28882, 2389
62644, 2387
70928, 2387
20777, 2384
30205, 2383
15870, 2378
17224, 2378
17489, 2378
17796, 2378
18702, 2378
19721, 2371
19111, 2369
32246, 2368
32964, 2368
33209, 2368
36123, 2368
38354, 2368
39797, 2368
40130, 2368
41060, 2368
41414, 2368
43395, 2368
45013, 2368
39325, 2354
40321, 2354
40549, 2354
41962, 2354
42321, 2354
48282, 2354
49703, 2354
33860, 2343
34053, 2343
13917, 2341
28877, 2339
29322, 2339
30007, 2339
38490, 2332
40042, 2332
42388, 2332
12994, 2327
16567, 2327
16782, 2327
16886, 2327
20310, 2319
22503, 2319
23047, 2319
25000, 2319
25352, 2319
9456, 2318
18459, 2314
18897, 2310
12260, 2302
12515, 2302
25206, 2296
28799, 2287
23827, 2277
30676, 2274
34441, 2274
34774, 2274
36927, 2274
37437, 2274
37972, 2274
38193, 2274
54563, 2266
26290, 2262
15156, 2260
15760, 2260
15916, 2260
10604, 2253
11900, 2253
12291, 2253
15668, 2251
21774, 2251
21876, 2251
24246, 2251
22587, 2250
9985, 2246
11474, 2246
11614, 2246
11840, 2246
11950, 2246
12577, 2246
24984, 2245
31927, 2240
33559, 2240
15477, 2239
11380, 2237
22620, 2234
31026, 2230
33692, 2230
34779, 2230
35688, 2230
35875, 2230
35912, 2230
35932, 2230
36562, 2230
36729, 2230
37809, 2230
38984, 2230
39776, 2230
40434, 2230
40694, 2230
40884, 2230
41127, 2230
41840, 2230
48791, 2230
25563, 2228
23067, 2226
16614, 2225
17256, 2225
19558, 2225
20221, 2225
20431, 2225
21394, 2225
42237, 2218
33127, 2217
35652, 2208
36550, 2208
37472, 2208
39985, 2208
42948, 2208
43806, 2208
44215, 2208
44309, 2208
45938, 2208
46280, 2208
46902, 2208
47067, 2208
47367, 2208
47425, 2208
47547, 2208
47798, 2208
49950, 2208
51198, 2208
51342, 2208
53534, 2208
54071, 2208
54095, 2208
54554, 2208
55264, 2208
55402, 2208
55438, 2208
55623, 2208
60867, 2208
60907, 2208
64985, 2208
18436, 2207
19197, 2207
20634, 2207
23152, 2207
13129, 2206
14358, 2206
29828, 2205
32551, 2205
33358, 2205
35384, 2205
36763, 2205
36872, 2205
37698, 2205
37950, 2205
38502, 2205
39182, 2205
19239, 2201
19283, 2201
20658, 2201
20950, 2201
21362, 2201
22822, 2201
11165, 2197
11813, 2197
12812, 2197
13095, 2197
13811, 2197
9918, 2191
10053, 2191
12154, 2187
12292, 2187
23645, 2185
38228, 2181
38818, 2181
39317, 2181
40831, 2181
41960, 2181
43254, 2181
43872, 2181
44293, 2181
45072, 2181
45251, 2181
46054, 2181
47306, 2181
47462, 2181
47866, 2181
47914, 2181
48035, 2181
48120, 2181
48580, 2181
49707, 2181
49908, 2181
50976, 2181
51941, 2181
52212, 2181
52376, 2181
52692, 2181
52913, 2181
53252, 2181
54588, 2181
54599, 2181
55289, 2181
56746, 2181
56888, 2181
58343, 2181
58886, 2181
60339, 2181
60824, 2181
62646, 2181
62727, 2181
63372, 2181
63449, 2181
66111, 2181
35116, 2177
36994, 2177
10518, 2176
18701, 2160
36375, 2159
37319, 2159
37644, 2159
38830, 2159
39107, 2159
39845, 2159
44022, 2159
46913, 2159
47149, 2159
13559, 2158
15737, 2158
16149, 2158
16605, 2158
16723, 2158
31691, 2153
36205, 2153
37578, 2153
40765, 2153
40845, 2153
40938, 2153
42473, 2153
42529, 2153
42961, 2153
44203, 2153
44636, 2153
46074, 2153
46750, 2153
34473, 2149
343, 2146
25851, 2146
35228, 2146
38075, 2146
38471, 2146
41425, 2146
16202, 2145
16275, 2145
17852, 2145
12473, 2144
14171, 2144
14334, 2144
32398, 2144
42194, 2144
42271, 2144
39406, 2142
36345, 2141
38525, 2141
39300, 2141
40918, 2141
41825, 2141
14688, 2138
27645, 2136
37533, 2136
38364, 2136
38835, 2136
39258, 2136
40234, 2136
41138, 2136
19064, 2131
20899, 2131
22174, 2131
33815, 2127
34375, 2127
34631, 2127
35065, 2127
35201, 2127
35660, 2127
36128, 2127
41050, 2127
41133, 2127
42445, 2127
38513, 2125
39143, 2125
290213, 2125
11967, 2124
16975, 2123
37171, 2123
38131, 2123
33439, 2120
36209, 2120
37053, 2120
37071, 2120
37358, 2120
37796, 2120
38936, 2120
38995, 2120
40173, 2120
40789, 2120
41507, 2120
42298, 2120
42869, 2120
42943, 2120
208857, 2117
28619, 2116
39793, 2116
40551, 2116
41955, 2116
42422, 2116
42998, 2116
44884, 2116
45256, 2116
34111, 2114
39234, 2114
40349, 2114
40515, 2114
41792, 2114
42035, 2114
42772, 2114
33136, 2112
34533, 2111
35258, 2111
36176, 2111
37892, 2111
38143, 2111
40500, 2111
41311, 2111
41588, 2111
43819, 2111
21091, 2106
21789, 2106
22883, 2106
24542, 2106
20834, 2104
15933, 2100
48097, 2099
15456, 2096
15952, 2096
16048, 2096
16059, 2096
16196, 2096
16478, 2096
16938, 2096
16942, 2096
14179, 2095
14333, 2095
14455, 2095
14932, 2095
12659, 2094
14616, 2094
14987, 2094
15330, 2094
15356, 2094
16671, 2094
19410, 2094
4736, 2093
34550, 2093
39824, 2093
41039, 2093
41201, 2093
41474, 2093
41973, 2093
43032, 2093
43036, 2093
44088, 2093
46078, 2093
46850, 2093
47659, 2093
15255, 2088
16021, 2088
13833, 2084
16225, 2084
17298, 2084
18357, 2070
8881, 2066
9203, 2066
26762, 2066
7366, 2055
34077, 2053
36634, 2053
37667, 2053
39877, 2053
47828, 2053
48706, 2053
49076, 2053
50166, 2053
51172, 2053
51951, 2053
52571, 2053
54422, 2053
7564, 2047
8249, 2047
8389, 2047
8565, 2047
8952, 2047
9398, 2047
9534, 2047
9538, 2047
9800, 2047
9801, 2047
10168, 2047
14440, 2044
146857, 2040
232519, 2040
17576, 2029
9277, 2025
35474, 2012
40078, 2012
41089, 2012
41151, 2012
42013, 2012
42865, 2012
43686, 2012
45113, 2012
33176, 2009
42910, 2009
44439, 2009
46718, 2009
37860, 2001
41376, 2001
46632, 2001
7302, 1981
5139, 1979
125300, 1938
7471, 1937
7633, 1937
49295, 1921
50591, 1921
58409, 1921
8226, 1917
18319, 1812
10660, 1797
34211, 1785
51414, 1769
288711, 1736
19374, 1733
3878, 1721
3954, 1721
4754, 1721
4979, 1721
41305, 1721
164893, 1721
166949, 1721
176278, 1721
7236, 1711
256915, 1695
7680, 1677
179967, 1676
124875, 1672
6867, 1652
131741, 1633
145581, 1633
183678, 1633
258367, 1633
264974, 1633
270283, 1633
277400, 1633
278166, 1633
284652, 1633
288954, 1633
43673, 1617
4709, 1606
124033, 1586
4373, 1552
4459, 1552
4546, 1552
4729, 1552
4800, 1552
37593, 1552
38444, 1552
38862, 1552
45525, 1552
130003, 1552
140763, 1552
3646, 1538
4128, 1538
4133, 1538
4349, 1538
4392, 1538
41185, 1538
45079, 1538
4715, 1536
5195, 1536
5215, 1536
5275, 1536
5311, 1536
5315, 1536
5492, 1536
5629, 1536
6186, 1536
45812, 1536
47467, 1536
54508, 1536
144287, 1536
4956, 1504
27957, 1500
29547, 1500
30289, 1500
4984, 1444
5866, 1444
5962, 1444
6514, 1444
6797, 1444
7010, 1444
7080, 1444
7320, 1444
42635, 1444
55316, 1444
56289, 1444
60315, 1444
72536, 1444
228795, 1444
6992, 1422
7117, 1422
7216, 1422
7288, 1422
7459, 1422
7568, 1422
7687, 1422
7697, 1422
7900, 1422
55796, 1422
56963, 1422
73521, 1422
81278, 1422
199491, 1422
6084, 1398
6222, 1398
6336, 1398
6500, 1398
6656, 1398
6763, 1398
6857, 1398
6940, 1398
7146, 1398
7255, 1398
58925, 1398
61139, 1398
66307, 1398
71103, 1398
72573, 1398
181383, 1398
182156, 1398
235435, 1398
252248, 1398
268489, 1398
291569, 1398
6837, 1391
164351, 1375
175086, 1375
177752, 1375
178679, 1375
198649, 1375
209265, 1375
217887, 1375
273361, 1375
266258, 1370
268815, 1370
256108, 1367
292962, 1361
234712, 1325
236686, 1325
83003, 1318
211376, 1318
214231, 1318
218515, 1318
235121, 1318
239884, 1318
246952, 1318
248962, 1318
271046, 1318
13378, 1303
70016, 1303
250860, 1289
253524, 1289
4990, 1284
5110, 1284
5362, 1284
5445, 1284
5888, 1284
5926, 1284
50918, 1284
59485, 1284
153662, 1284
171397, 1284
6331, 1273
6457, 1273
191948, 1273
230015, 1273
277322, 1273
278701, 1273
58202, 1267
206444, 1267
268333, 1267
272186, 1267
132890, 1250
154244, 1250
166604, 1250
175182, 1250
178571, 1250
187894, 1250
202811, 1250
246450, 1250
249856, 1250
252974, 1250
266974, 1250
75234, 1239
84263, 1239
84873, 1239
85707, 1239
115466, 1239
115898, 1239
130854, 1239
136012, 1239
153812, 1239
55885, 1196
111430, 1196
126318, 1177
146684, 1177
148470, 1177
160578, 1177
161830, 1177
165397, 1177
201330, 1177
202671, 1177
233346, 1177
245283, 1177
245903, 1177
263500, 1177
266145, 1177
22262, 1170
23854, 1170
21130, 1160
138765, 1144
69042, 1130
78222, 1129
74885, 1128
126084, 1113
24657, 1112
32161, 1112
16184, 1108
19709, 1108
23000, 1108
23058, 1108
24380, 1108
25988, 1108
27901, 1108
28338, 1108
20243, 1107
20487, 1107
26353, 1107
28169, 1107
69999, 1104
234488, 1104
7061, 1098
7101, 1098
54796, 1098
219091, 1095
22471, 1094
30718, 1087
27197, 1082
27966, 1072
27609, 1067
28428, 1067
125855, 1008
