265186, 129262
284917, 129262
506, 129162
145047, 129162
197827, 129162
249147, 129162
253327, 129162
273768, 129162
285600, 129162
258997, 118594
260833, 118594
261540, 118594
262392, 118594
264069, 118594
271752, 118594
273524, 118594
280843, 118594
285907, 118594
293100, 118594
294634, 118594
295351, 118594
295420, 118594
295532, 118594
153091, 116296
255517, 116296
290474, 116296
111539, 114979
25304, 15005
49547, 15005
51809, 15005
56614, 15005
65884, 15005
66051, 15005
77821, 15005
103871, 15005
105486, 15005
109503, 15005
113217, 15005
118895, 15005
135126, 15005
142078, 15005
148176, 15005
169090, 15005
176837, 15005
202427, 15005
230918, 15005
231497, 15005
242088, 15005
260055, 15005
273887, 15005
289892, 15005
292428, 15005
171956, 14848
264999, 14848
34865, 14752
279393, 14752
56256, 14737
119324, 14322
131507, 14322
184510, 14276
52910, 14122
60181, 14122
70379, 14122
74540, 14122
80226, 14122
81644, 14122
88799, 14122
93578, 14122
94979, 14122
95359, 14122
96081, 14122
114717, 14122
115406, 14122
133581, 14122
144476, 14122
159321, 14122
174857, 14122
181296, 14122
210201, 14122
249904, 14122
180932, 14047
182627, 14047
84361, 13395
87286, 13395
88097, 13395
101642, 13395
106632, 13395
121654, 13395
123073, 13395
132329, 13395
153255, 13395
155780, 13395
172851, 13395
179794, 13395
183477, 13395
185253, 13395
212798, 13395
224538, 13395
228677, 13395
235840, 13395
238491, 13395
252998, 13395
253271, 13395
257526, 13395
262117, 13395
79866, 13314
93291, 13314
276236, 13314
11669, 13180
31695, 13180
48950, 13180
112835, 13057
228267, 13057
251296, 13057
94558, 12803
148029, 12803
81715, 12650
111576, 12650
59180, 12523
107343, 12523
111313, 12523
112667, 12523
114772, 12523
130141, 12523
132657, 12523
133617, 12523
134801, 12523
138856, 12523
149332, 12523
152715, 12523
166177, 12523
201721, 12523
202472, 12523
205629, 12489
86102, 12432
126649, 12432
235749, 12432
240295, 12432
244903, 12432
77798, 12325
208464, 12325
224759, 12325
112175, 12314
138144, 12314
216626, 12314
256161, 12314
245368, 12194
96507, 12076
150384, 12076
240119, 12076
56599, 12025
154447, 12025
267062, 12025
166830, 11795
191034, 11795
213171, 11795
253346, 11795
241850, 11763
293432, 11763
219435, 11724
233689, 11724
107165, 11705
95888, 11420
148432, 11420
26377, 11232
139934, 11223
193233, 11223
209802, 11223
53958, 11136
74478, 11136
128449, 11136
138922, 11136
160870, 11136
185684, 11136
187085, 11136
190509, 11136
211879, 11136
223950, 11136
229214, 11136
231958, 11136
248566, 11136
284577, 11136
288755, 11136
292705, 11136
294465, 11136
175234, 11133
194839, 11027
116281, 10952
251667, 10946
229622, 10928
100172, 10911
190232, 10911
198093, 10911
198587, 10911
223058, 10911
281907, 10911
54864, 10905
272298, 10905
196111, 10895
259259, 10880
109893, 10868
106944, 10817
157815, 10781
235478, 10781
264751, 10738
79262, 10717
257909, 10680
41273, 10659
219757, 10659
80436, 10621
100870, 10621
154332, 10621
200251, 10621
247002, 10621
287297, 10621
124615, 10614
172948, 10614
225092, 10614
240967, 10614
178320, 10608
178386, 10608
287469, 10608
90404, 10582
155171, 10582
55168, 10523
287390, 10502
196798, 10429
57536, 10409
71844, 10330
151826, 10315
78017, 10311
84568, 10311
89531, 10311
218761, 10311
251641, 10311
295079, 10311
12053, 10305
42518, 10305
87001, 10305
49678, 10301
82399, 10301
152255, 10301
230789, 10301
283654, 10301
32834, 10293
68786, 10293
138308, 10293
120820, 10278
8642, 10227
149326, 10227
150341, 10227
172888, 10227
180333, 10227
208141, 10227
214309, 10227
224614, 10227
251845, 10227
254891, 10227
256427, 10227
273895, 10227
292173, 10227
42181, 10217
18487, 10209
74575, 10209
136155, 10209
138192, 10209
212425, 10209
268545, 10209
235923, 10203
48478, 10198
51021, 10198
147888, 10198
248276, 10198
9361, 10182
14648, 10182
32371, 10182
43033, 10182
50690, 10182
63283, 10182
72282, 10182
94965, 10182
100136, 10182
100434, 10182
100863, 10182
110526, 10182
113201, 10182
127582, 10182
134358, 10182
134958, 10182
139482, 10182
155730, 10182
157379, 10182
157601, 10182
159767, 10182
182349, 10182
186061, 10182
215884, 10182
218400, 10182
227663, 10182
243987, 10182
245438, 10182
248371, 10182
251972, 10182
271713, 10182
275155, 10182
286939, 10182
59003, 10177
91376, 10177
121994, 10177
159936, 10177
208242, 10177
240491, 10177
244810, 10177
251486, 10177
271010, 10177
273825, 10177
161927, 10147
264150, 10147
288816, 10103
215573, 10097
183510, 10078
260102, 10078
150143, 10029
16099, 10026
61604, 9978
55187, 9967
56764, 9967
146359, 9967
162292, 9967
172382, 9967
237758, 9935
291244, 9892
19825, 9885
56629, 9885
105373, 9885
130177, 9791
155005, 9791
217475, 9791
39464, 9777
106825, 9777
116644, 9777
182164, 9777
200096, 9777
208538, 9777
209390, 9777
241944, 9777
246388, 9777
247393, 9777
248664, 9777
264042, 9777
292378, 9777
21239, 9768
25172, 9768
27924, 9768
36545, 9768
67981, 9768
94911, 9768
133830, 9768
184197, 9768
226597, 9768
267900, 9768
120683, 9748
202046, 9748
199424, 9743
275727, 9743
53189, 9683
76888, 9683
116597, 9683
167883, 9683
177588, 9683
199633, 9683
264293, 9683
34290, 9679
223421, 9679
6637, 9654
211103, 9627
244956, 9627
16498, 9606
49646, 9606
291502, 9572
72260, 9545
168442, 9545
78043, 9538
166425, 9538
180950, 9538
245247, 9538
25535, 9532
27688, 9532
29410, 9532
29838, 9532
40485, 9532
43289, 9532
55163, 9532
131914, 9532
132359, 9532
148585, 9532
156967, 9532
156974, 9532
161809, 9532
172792, 9532
197201, 9532
197574, 9532
206225, 9532
220424, 9532
221428, 9532
221611, 9532
243036, 9532
255569, 9532
271804, 9532
281479, 9532
138519, 9529
273545, 9529
20084, 9484
32593, 9484
53394, 9484
189934, 9469
26445, 9446
91883, 9446
162966, 9429
199350, 9426
237434, 9426
128124, 9407
99039, 9403
102582, 9403
122508, 9403
192796, 9403
216612, 9403
148416, 9390
200075, 9358
117177, 9335
199338, 9335
6655, 9324
218006, 9324
284311, 9324
175788, 9323
73452, 9312
111010, 9312
9495, 9300
265496, 9300
270279, 9300
67935, 9278
261077, 9268
25113, 9251
132831, 9228
135194, 9228
98166, 9218
43342, 9214
196893, 9207
233708, 9207
44114, 9201
61487, 9201
64669, 9201
273890, 9201
49313, 9187
60211, 9187
223306, 9187
234477, 9187
75463, 9178
189428, 9150
94500, 9087
92154, 9062
253609, 9062
13598, 9052
121888, 9052
288831, 9033
159438, 9020
74787, 8994
75196, 8994
135539, 8994
199369, 8994
208068, 8994
226616, 8994
35495, 8985
89707, 8985
182716, 8985
91956, 8965
275489, 8965
137719, 8943
212646, 8943
242936, 8939
205162, 8926
72111, 8910
150069, 8881
101109, 8872
131048, 8863
245164, 8859
271347, 8839
217352, 8797
161393, 8768
219564, 8726
91077, 8718
115281, 8718
123474, 8718
131964, 8718
187446, 8718
275901, 8718
296402, 8718
203971, 8693
237240, 8693
13254, 8685
205403, 8685
158233, 8679
229873, 8678
30118, 8664
93840, 8663
39162, 8659
52634, 8659
86049, 8659
96741, 8659
161153, 8659
214246, 8659
276041, 8659
292498, 8659
212081, 8656
32060, 8639
104846, 8639
126525, 8639
233191, 8639
258167, 8639
121833, 8600
163673, 8600
166853, 8600
181951, 8600
222351, 8600
276018, 8600
194583, 8597
196629, 8597
200434, 8597
288698, 8597
20502, 8563
38702, 8563
210594, 8555
156351, 8551
93383, 8529
283474, 8504
86697, 8499
245628, 8458
31638, 8430
76522, 8430
113603, 8430
172868, 8430
245087, 8430
248767, 8430
152493, 8413
185285, 8411
19264, 8384
164206, 8384
287342, 8361
65947, 8352
203963, 8349
191127, 8347
131506, 8346
158592, 8346
178307, 8346
182113, 8346
190168, 8346
209419, 8346
22212, 8343
169388, 8343
173141, 8330
221819, 8330
86760, 8303
152191, 8303
218913, 8303
62359, 8276
107405, 8276
124088, 8276
184234, 8276
29188, 8262
52102, 8262
52818, 8262
54443, 8262
91796, 8262
112632, 8262
124976, 8262
131044, 8262
138959, 8262
169482, 8262
172405, 8262
178666, 8262
180367, 8262
197137, 8262
216971, 8262
231244, 8262
243586, 8262
244326, 8262
252445, 8262
260769, 8262
276507, 8262
295188, 8262
234178, 8243
236602, 8230
156519, 8228
233440, 8223
236232, 8223
36985, 8172
276987, 8164
92929, 8158
196756, 8158
237275, 8158
65170, 8144
126694, 8134
231987, 8134
244423, 8134
182572, 8124
51205, 8123
204643, 8123
235753, 8123
276519, 8123
224960, 8119
264994, 8117
199119, 8108
41023, 8094
64535, 8094
106816, 8094
221350, 8045
171466, 8044
61271, 8035
89761, 8035
94094, 8035
112005, 8035
140408, 8035
155904, 8035
178575, 8035
243843, 8035
278229, 8035
219547, 8012
292901, 8012
62881, 8011
72501, 8011
147465, 8011
230080, 8011
36892, 7994
163497, 7994
268280, 7994
107581, 7971
205837, 7971
288251, 7971
128009, 7957
150668, 7957
173347, 7957
212119, 7957
97625, 7953
106120, 7953
292411, 7953
57879, 7936
166306, 7936
24900, 7924
62046, 7924
67693, 7924
155070, 7924
270481, 7924
40069, 7900
241866, 7900
134618, 7887
226953, 7887
38645, 7861
100365, 7861
115105, 7861
204595, 7861
291641, 7861
121155, 7859
167540, 7859
44664, 7837
45890, 7837
99879, 7837
107462, 7837
120513, 7837
157169, 7837
229382, 7837
29344, 7818
49820, 7818
66213, 7818
88340, 7818
125049, 7818
200091, 7818
12612, 7810
106945, 7795
31849, 7763
295317, 7763
66127, 7756
214600, 7752
234426, 7752
295813, 7752
80030, 7736
89717, 7736
183736, 7736
283318, 7736
79836, 7733
151252, 7733
209856, 7714
235922, 7710
57006, 7697
260991, 7697
19788, 7694
72097, 7694
167432, 7694
17138, 7693
114501, 7693
174992, 7693
195858, 7693
251441, 7693
215292, 7679
173748, 7673
161035, 7663
57751, 7654
252141, 7652
207432, 7634
281716, 7634
85583, 7632
181015, 7632
188168, 7632
222032, 7632
264485, 7632
288407, 7632
291553, 7632
243068, 7625
106083, 7615
115700, 7615
51180, 7609
95019, 7609
202044, 7609
18231, 7591
39814, 7591
70661, 7591
73785, 7591
123720, 7591
94442, 7590
60305, 7587
100737, 7584
258860, 7584
198635, 7572
208680, 7571
42640, 7569
49428, 7569
194221, 7569
212746, 7569
15457, 7566
38775, 7566
39963, 7566
87195, 7566
225360, 7566
261477, 7566
249971, 7556
64815, 7548
207919, 7514
264819, 7510
261302, 7497
130941, 7444
5702, 7438
99755, 7438
195677, 7438
66226, 7427
70677, 7427
130410, 7427
191787, 7427
249710, 7427
148978, 7395
164972, 7376
176822, 7376
228085, 7369
33058, 7360
53247, 7360
84799, 7360
123977, 7360
275506, 7360
153576, 7351
73445, 7340
99679, 7340
192872, 7340
282647, 7340
61129, 7339
148569, 7339
155298, 7339
185919, 7339
196239, 7339
219010, 7339
220130, 7339
239158, 7339
252194, 7339
280210, 7339
287904, 7339
157660, 7317
109338, 7314
153510, 7314
160679, 7314
185741, 7314
214074, 7314
248401, 7314
266992, 7314
93189, 7303
160779, 7303
208475, 7303
221004, 7303
224255, 7303
95414, 7302
19823, 7285
232203, 7285
61967, 7281
97096, 7281
170215, 7281
177776, 7281
242747, 7274
136734, 7269
269844, 7269
46647, 7266
210202, 7266
87738, 7264
141255, 7251
129207, 7245
140767, 7245
183915, 7245
266875, 7245
250995, 7237
191336, 7236
77601, 7231
16297, 7214
114913, 7214
25933, 7197
52137, 7197
169079, 7197
271961, 7197
94758, 7187
111841, 7187
5974, 7186
61175, 7185
24572, 7178
145283, 7178
226314, 7177
243221, 7164
31925, 7163
252588, 7158
295676, 7158
61864, 7157
94282, 7156
184508, 7124
76143, 7116
28118, 7108
238122, 7105
261163, 7105
54762, 7102
60336, 7096
71791, 7096
139768, 7086
232740, 7075
141312, 7063
149328, 7063
211169, 7063
249257, 7063
116616, 7056
160849, 7056
192490, 7056
97847, 7055
203449, 7055
268507, 7055
289316, 7055
32375, 7051
32728, 7051
37931, 7051
40743, 7051
48503, 7051
49811, 7051
67391, 7051
96668, 7051
107662, 7051
115015, 7051
118843, 7051
119858, 7051
124404, 7051
130126, 7051
130899, 7051
140350, 7051
156638, 7051
165958, 7051
180342, 7051
182129, 7051
183612, 7051
189821, 7051
192179, 7051
197035, 7051
213150, 7051
213806, 7051
216033, 7051
220124, 7051
222858, 7051
223393, 7051
226858, 7051
229012, 7051
233042, 7051
237346, 7051
238374, 7051
241240, 7051
241391, 7051
241728, 7051
244505, 7051
250962, 7051
258179, 7051
267247, 7051
268169, 7051
278779, 7051
286442, 7051
295427, 7051
245528, 7047
147066, 7040
163749, 7040
51761, 7029
95910, 7029
133664, 7029
162911, 7029
164387, 7029
170708, 7029
187196, 7029
227234, 7029
228784, 7029
241617, 7029
246265, 7029
250889, 7029
257961, 7029
287514, 7029
287771, 7029
296225, 7029
12281, 7028
22675, 7028
37417, 7028
56022, 7028
57268, 7028
62071, 7028
64602, 7028
72732, 7028
77422, 7028
77744, 7028
82676, 7028
89121, 7028
96704, 7028
97773, 7028
101241, 7028
102597, 7028
110561, 7028
112331, 7028
113274, 7028
117444, 7028
125535, 7028
143948, 7028
151689, 7028
152857, 7028
156594, 7028
165319, 7028
173270, 7028
196983, 7028
197086, 7028
197620, 7028
199601, 7028
208352, 7028
213501, 7028
221520, 7028
224815, 7028
228867, 7028
236200, 7028
240957, 7028
244479, 7028
247211, 7028
254560, 7028
255143, 7028
257791, 7028
260726, 7028
265439, 7028
268583, 7028
270898, 7028
271231, 7028
272899, 7028
273418, 7028
285658, 7028
294417, 7028
274494, 7027
109040, 7026
1643, 7011
55026, 7001
57400, 7001
44786, 6988
45631, 6988
51195, 6988
83493, 6988
113954, 6988
140225, 6988
150987, 6988
217463, 6988
230144, 6988
260589, 6988
24058, 6977
48019, 6975
83873, 6975
152648, 6975
267673, 6975
71297, 6972
21210, 6971
41506, 6971
57769, 6971
184043, 6971
207055, 6971
242142, 6971
268892, 6971
255288, 6970
277618, 6956
158357, 6952
179610, 6944
140278, 6941
94961, 6939
163149, 6939
37750, 6935
43213, 6935
54380, 6935
55430, 6935
57052, 6935
78314, 6935
88314, 6935
91969, 6935
118973, 6935
138595, 6935
148820, 6935
152210, 6935
156980, 6935
162502, 6935
215487, 6935
217663, 6935
219187, 6935
221027, 6935
225244, 6935
232830, 6935
253538, 6935
255999, 6935
256036, 6935
267122, 6935
272436, 6935
80165, 6920
167264, 6920
262133, 6920
294074, 6920
143026, 6914
41073, 6905
63432, 6905
72746, 6905
76873, 6905
76895, 6905
82830, 6905
86492, 6905
92233, 6905
92686, 6905
99055, 6905
102279, 6905
121991, 6905
129750, 6905
132230, 6905
134506, 6905
149670, 6905
161038, 6905
164497, 6905
171481, 6905
177610, 6905
180937, 6905
186302, 6905
217120, 6905
223846, 6905
235977, 6905
247591, 6905
286898, 6905
288529, 6905
53524, 6897
91999, 6897
97240, 6897
128120, 6897
175744, 6897
180442, 6897
192009, 6897
207961, 6897
215093, 6897
215518, 6897
238046, 6897
243673, 6897
247310, 6897
255029, 6897
268657, 6897
36495, 6896
36615, 6896
133436, 6892
90660, 6890
178168, 6890
30009, 6887
40926, 6887
173915, 6887
29214, 6879
21565, 6874
132936, 6874
141141, 6873
287124, 6873
103207, 6871
124480, 6871
139530, 6871
218950, 6871
229034, 6871
247221, 6871
250304, 6871
269505, 6871
283030, 6871
168039, 6866
265287, 6865
203702, 6864
184216, 6863
40739, 6859
270761, 6858
120645, 6848
216314, 6848
184861, 6847
238974, 6847
170840, 6842
114829, 6841
136965, 6841
149663, 6840
235965, 6840
62908, 6839
163661, 6839
165614, 6839
49694, 6838
84292, 6838
93785, 6838
237331, 6838
264717, 6838
60439, 6833
136041, 6833
217919, 6833
280460, 6833
16976, 6831
56937, 6829
68675, 6829
125430, 6829
33769, 6828
77285, 6828
82120, 6828
84862, 6828
88055, 6828
105095, 6828
119633, 6828
121488, 6828
136043, 6828
138842, 6828
143833, 6828
149897, 6828
166597, 6828
166731, 6828
168982, 6828
171454, 6828
183035, 6828
188700, 6828
200227, 6828
209925, 6828
216763, 6828
233856, 6828
237968, 6828
243852, 6828
257768, 6828
266320, 6828
268156, 6828
295074, 6828
35279, 6824
184101, 6824
248899, 6822
254421, 6822
234452, 6804
58256, 6800
68654, 6793
33799, 6792
280206, 6791
106116, 6788
163227, 6788
188815, 6788
250648, 6788
277747, 6788
83285, 6786
162769, 6786
278181, 6786
287868, 6786
213882, 6778
37922, 6775
50771, 6775
61087, 6775
67265, 6775
75841, 6775
82742, 6775
92005, 6775
100965, 6775
102291, 6775
110093, 6775
168562, 6775
203994, 6775
208238, 6775
230971, 6775
268752, 6775
269037, 6775
153371, 6774
208559, 6772
37077, 6761
41117, 6761
178409, 6761
211930, 6761
52589, 6743
150687, 6743
31452, 6738
32619, 6738
68399, 6738
70508, 6738
148773, 6738
194101, 6738
210118, 6738
233276, 6738
276205, 6738
99037, 6735
128505, 6735
183198, 6735
188166, 6735
189696, 6735
196053, 6735
221970, 6735
256136, 6735
292830, 6734
118258, 6730
129212, 6730
194815, 6730
294845, 6730
109927, 6728
146721, 6728
164684, 6728
237436, 6728
275887, 6728
283132, 6728
285696, 6728
289372, 6728
157583, 6725
252341, 6721
285403, 6718
292371, 6718
31448, 6708
64251, 6708
76305, 6708
83695, 6708
83922, 6708
86542, 6708
87178, 6708
91886, 6708
102003, 6708
104909, 6708
109169, 6708
117343, 6708
128670, 6708
130925, 6708
132424, 6708
144091, 6708
146052, 6708
151584, 6708
153283, 6708
154497, 6708
166381, 6708
166488, 6708
168619, 6708
172327, 6708
201982, 6708
202506, 6708
205022, 6708
211803, 6708
213188, 6708
218936, 6708
226307, 6708
236334, 6708
295690, 6708
145163, 6698
63893, 6682
83760, 6682
292570, 6682
99559, 6681
277887, 6681
65017, 6679
152118, 6679
112716, 6677
237650, 6677
76137, 6670
126287, 6670
223340, 6670
82189, 6667
120943, 6667
182893, 6667
216649, 6667
262218, 6667
173008, 6662
164794, 6660
174106, 6653
174456, 6643
23070, 6639
245739, 6639
247001, 6639
206682, 6632
211390, 6632
55432, 6618
83396, 6618
150514, 6618
165477, 6618
206821, 6618
236001, 6618
243025, 6618
263713, 6617
266561, 6617
193623, 6609
158395, 6608
286028, 6607
199113, 6600
107760, 6599
239907, 6598
223782, 6593
244791, 6593
255156, 6593
26700, 6586
129626, 6586
183073, 6586
192942, 6586
174536, 6576
150431, 6572
47224, 6565
66368, 6565
81796, 6565
121135, 6565
209567, 6565
257888, 6565
269929, 6565
137265, 6562
69594, 6561
146854, 6561
214490, 6561
277046, 6561
89677, 6558
212591, 6556
269519, 6543
70197, 6529
182622, 6529
249892, 6529
142602, 6525
153689, 6525
29532, 6523
109921, 6522
115970, 6522
122082, 6522
177515, 6522
181291, 6522
257769, 6522
269134, 6522
282215, 6522
266006, 6521
289168, 6521
94736, 6517
83085, 6509
100069, 6509
107293, 6509
103426, 6499
98103, 6497
164758, 6492
237471, 6492
275852, 6492
19042, 6489
164041, 6489
58380, 6486
87371, 6486
93957, 6486
105891, 6486
107146, 6486
121005, 6486
179942, 6486
190285, 6486
194338, 6486
278200, 6486
109190, 6483
255563, 6483
11225, 6482
251353, 6482
254994, 6475
79424, 6464
99198, 6451
51283, 6436
147451, 6436
168530, 6435
279846, 6435
101836, 6426
264361, 6425
223222, 6419
290599, 6419
187073, 6402
116836, 6396
199969, 6388
45694, 6382
59869, 6380
172124, 6380
153093, 6376
52166, 6375
85356, 6372
217697, 6372
246502, 6372
180202, 6364
91041, 6359
95618, 6359
115292, 6359
134027, 6359
136401, 6359
166975, 6359
186738, 6359
187026, 6359
212463, 6359
216383, 6359
253172, 6359
253300, 6359
262176, 6359
288729, 6359
294072, 6359
191378, 6348
205512, 6348
107569, 6344
181749, 6344
193734, 6344
270783, 6344
272039, 6344
24185, 6317
97877, 6317
136648, 6317
163144, 6317
243678, 6317
211225, 6316
103681, 6314
70732, 6294
108669, 6294
108688, 6294
158174, 6294
175486, 6294
208799, 6294
209786, 6294
229589, 6289
290148, 6289
185314, 6285
234421, 6285
8726, 6279
46422, 6278
266708, 6278
244902, 6273
155652, 6269
182579, 6269
209947, 6269
207763, 6256
222983, 6256
293993, 6249
92176, 6241
18433, 6227
38319, 6227
58754, 6227
249847, 6227
108021, 6226
83073, 6222
287184, 6197
122675, 6194
169766, 6188
229202, 6188
20052, 6179
117786, 6177
187651, 6175
244121, 6164
253590, 6140
282382, 6140
105824, 6139
163758, 6139
75460, 6135
119836, 6135
126457, 6135
235007, 6135
66817, 6123
127336, 6123
150733, 6123
102831, 6115
173952, 6115
245304, 6115
248617, 6111
25955, 6109
35899, 6109
260285, 6109
85440, 6106
221999, 6105
246625, 6096
40806, 6093
110824, 6093
134699, 6093
267145, 6093
273588, 6093
124617, 6087
282615, 6085
6263, 6077
270586, 6077
194911, 6061
116221, 6052
222307, 6052
69302, 6035
143040, 6032
147434, 6032
211418, 6032
66330, 6024
182731, 6024
219580, 6024
246908, 6024
102943, 6022
247783, 6005
203671, 5993
215619, 5993
222461, 5990
240981, 5989
28225, 5984
255834, 5983
270960, 5983
67598, 5977
68063, 5977
98444, 5977
145888, 5977
263296, 5977
264668, 5977
149695, 5976
259982, 5976
293611, 5976
263704, 5960
258404, 5958
26527, 5928
92665, 5925
157365, 5920
234155, 5920
98944, 5917
169460, 5911
124405, 5905
209288, 5905
116032, 5893
254788, 5883
63066, 5880
150832, 5871
244212, 5871
130366, 5869
165448, 5866
290272, 5865
161980, 5862
203218, 5862
44436, 5858
54198, 5847
59037, 5847
61227, 5845
62368, 5845
281667, 5845
283568, 5827
5511, 5826
111103, 5826
136380, 5826
167054, 5826
269406, 5820
262421, 5815
157717, 5810
127556, 5809
48942, 5803
136713, 5787
137562, 5787
23489, 5775
111508, 5775
135211, 5775
137022, 5775
197694, 5775
81571, 5772
259130, 5772
31865, 5769
180419, 5769
211683, 5769
251755, 5769
252639, 5769
268006, 5769
221758, 5768
51251, 5767
177387, 5759
89366, 5753
139974, 5750
105995, 5728
70920, 5719
142010, 5719
169568, 5719
257477, 5719
8847, 5713
49809, 5713
181509, 5708
241047, 5705
108336, 5697
292204, 5697
125638, 5691
294951, 5691
62048, 5687
145233, 5687
217554, 5687
252749, 5687
18790, 5684
132504, 5684
185874, 5654
225079, 5653
238115, 5653
124734, 5652
261369, 5650
51018, 5641
100825, 5641
130162, 5641
133243, 5641
136867, 5641
184953, 5641
210096, 5641
210298, 5641
235116, 5641
270341, 5641
285695, 5641
159476, 5623
288128, 5613
143790, 5610
259267, 5608
276321, 5596
138470, 5595
253288, 5595
33149, 5592
64155, 5589
71653, 5589
89142, 5589
111098, 5589
132482, 5589
157747, 5589
186242, 5589
206627, 5589
233758, 5589
245458, 5589
248522, 5589
259891, 5589
229436, 5588
207820, 5582
207211, 5579
46116, 5573
104076, 5572
33586, 5569
86646, 5569
160762, 5565
231531, 5563
133700, 5552
188705, 5551
3771, 5541
107433, 5531
175678, 5529
231159, 5529
84888, 5528
139603, 5513
179357, 5513
215521, 5512
109170, 5503
115468, 5503
148227, 5503
242039, 5503
272605, 5503
149132, 5500
37461, 5492
195487, 5492
267741, 5492
90222, 5488
5634, 5484
22196, 5477
242831, 5464
295020, 5464
36438, 5455
84946, 5455
89480, 5455
72275, 5441
105001, 5432
269215, 5417
245537, 5413
166383, 5408
171994, 5387
87924, 5386
156377, 5385
139833, 5381
194790, 5381
61576, 5376
67487, 5375
68035, 5375
260506, 5375
41197, 5374
51733, 5374
172946, 5374
173527, 5374
201562, 5374
7191, 5359
140642, 5357
161534, 5357
191594, 5357
252041, 5357
268447, 5348
143673, 5340
28475, 5338
289141, 5338
287608, 5332
235833, 5325
281334, 5322
175160, 5302
231492, 5302
245175, 5302
266305, 5302
243891, 5298
155834, 5294
178057, 5283
260600, 5273
161441, 5267
261224, 5263
273324, 5263
37854, 5258
231901, 5256
36490, 5253
39004, 5253
59630, 5253
77370, 5253
81635, 5253
116156, 5253
50460, 5252
294829, 5252
159640, 5250
248966, 5250
134800, 5249
147093, 5249
148309, 5249
245902, 5246
135024, 5237
171835, 5229
4048, 5225
119010, 5225
124356, 5225
130483, 5225
138655, 5225
170796, 5225
189749, 5220
70594, 5217
106937, 5213
70762, 5187
115710, 5187
135352, 5187
197909, 5187
252026, 5187
289166, 5187
136686, 5185
207746, 5185
71744, 5170
266783, 5170
6570, 5162
243413, 5158
113020, 5147
124708, 5147
166281, 5147
182861, 5147
212929, 5147
293590, 5147
149001, 5143
198235, 5143
48979, 5141
85154, 5138
106498, 5138
210465, 5138
135161, 5137
85367, 5130
237115, 5130
244137, 5130
289793, 5130
235111, 5117
156302, 5116
36026, 5114
61338, 5102
83491, 5102
134400, 5102
169208, 5097
9007, 5092
70263, 5088
107236, 5088
111866, 5088
171837, 5088
179170, 5088
169923, 5086
99958, 5070
71717, 5069
155017, 5069
125168, 5064
167386, 5060
170450, 5051
294681, 5049
153246, 5046
202222, 5046
188010, 5044
124560, 5031
147117, 5031
226566, 5031
230823, 5031
252072, 5031
292719, 5031
8568, 5029
209959, 5020
142800, 5017
161674, 5017
224641, 5017
248655, 5017
264990, 5017
103212, 5015
143174, 5015
213931, 5015
275442, 5015
21512, 5000
292741, 5000
8414, 4995
250148, 4986
45499, 4983
219445, 4971
132768, 4970
137669, 4955
162622, 4955
215526, 4955
132265, 4950
186957, 4950
220226, 4950
221236, 4950
251234, 4950
265304, 4950
184054, 4949
202485, 4942
175633, 4941
193822, 4941
254599, 4941
266979, 4941
107505, 4939
138676, 4939
196992, 4939
32151, 4936
108651, 4936
117684, 4936
121140, 4936
165296, 4936
11563, 4929
100220, 4929
119910, 4929
201107, 4929
177540, 4921
231864, 4921
236627, 4921
180491, 4920
199310, 4920
199100, 4912
276353, 4907
73759, 4906
197597, 4905
101400, 4903
269852, 4891
291196, 4891
117757, 4889
250284, 4888
117179, 4886
185475, 4886
8450, 4872
236400, 4872
287002, 4867
230580, 4860
82769, 4856
145055, 4850
266920, 4850
69087, 4849
84522, 4849
252619, 4841
136782, 4827
57578, 4815
110101, 4815
120723, 4815
137924, 4815
195921, 4810
127242, 4794
146758, 4794
231411, 4794
58273, 4791
89068, 4791
142981, 4787
238628, 4777
204186, 4776
234960, 4776
68321, 4775
281597, 4775
157848, 4772
90447, 4770
284227, 4770
89445, 4767
253076, 4767
76257, 4760
92057, 4760
107556, 4760
152594, 4760
155672, 4760
209354, 4760
211072, 4760
219660, 4760
240161, 4760
253190, 4760
256710, 4760
267436, 4760
294158, 4760
227603, 4759
123664, 4754
161152, 4753
241346, 4753
255079, 4753
282216, 4753
142079, 4750
174006, 4741
292420, 4738
207646, 4734
148244, 4731
189330, 4726
55889, 4719
120805, 4709
252242, 4709
159710, 4699
134217, 4674
26984, 4669
70799, 4669
96994, 4669
119029, 4669
175179, 4669
195477, 4669
216473, 4669
269028, 4669
285027, 4669
7931, 4667
29041, 4667
174585, 4667
234717, 4667
263648, 4667
7350, 4665
16547, 4665
34152, 4665
48959, 4665
54744, 4665
82071, 4665
110110, 4665
128048, 4665
166031, 4665
176706, 4665
189277, 4665
290918, 4665
295277, 4665
116460, 4661
274992, 4661
290141, 4661
268050, 4660
125745, 4658
154423, 4658
219593, 4650
274484, 4646
169185, 4642
283868, 4642
64471, 4640
71637, 4638
97165, 4638
105148, 4638
175934, 4638
188217, 4638
214533, 4638
291926, 4638
293018, 4638
23752, 4629
10173, 4624
89591, 4624
123605, 4624
141148, 4624
173907, 4624
213432, 4624
250544, 4624
289626, 4624
36003, 4623
99621, 4623
48611, 4619
153677, 4619
229761, 4618
111842, 4613
97377, 4606
179313, 4606
220975, 4599
37748, 4593
98577, 4593
163145, 4593
177797, 4593
222990, 4593
279120, 4593
283915, 4593
113375, 4591
249687, 4591
175494, 4584
190448, 4584
205398, 4578
193450, 4567
245824, 4567
134790, 4565
90842, 4560
123795, 4560
150730, 4560
176266, 4560
187693, 4560
203317, 4560
273223, 4560
255735, 4557
2509, 4556
11501, 4556
72635, 4556
85153, 4556
100711, 4556
127851, 4556
140632, 4556
152927, 4556
170476, 4556
180838, 4556
192095, 4556
266357, 4556
273263, 4556
290287, 4556
22161, 4555
178497, 4555
245076, 4555
269305, 4555
267143, 4546
3492, 4545
13307, 4545
19133, 4545
54628, 4545
54833, 4545
58167, 4545
58556, 4545
93156, 4545
99247, 4545
99433, 4545
105722, 4545
113213, 4545
121171, 4545
136888, 4545
195266, 4545
266606, 4545
290466, 4545
3772, 4544
15038, 4544
16257, 4544
82160, 4544
126835, 4544
271745, 4544
272291, 4544
66505, 4536
250869, 4536
7066, 4535
10686, 4535
28624, 4535
28953, 4535
36271, 4535
39243, 4535
54524, 4535
59363, 4535
64189, 4535
72847, 4535
81166, 4535
82423, 4535
88241, 4535
91683, 4535
93656, 4535
112482, 4535
126355, 4535
143155, 4535
148024, 4535
156349, 4535
160148, 4535
161823, 4535
196846, 4535
197637, 4535
209474, 4535
215079, 4535
239537, 4535
244438, 4535
280614, 4535
281278, 4535
287710, 4535
76835, 4525
227394, 4525
157192, 4524
291421, 4519
269714, 4517
94915, 4514
67091, 4507
223341, 4507
70113, 4502
147220, 4501
160917, 4501
204626, 4501
264298, 4501
137783, 4496
185171, 4496
280135, 4494
198305, 4489
262496, 4488
260061, 4482
258229, 4474
129508, 4471
269513, 4470
75636, 4465
139685, 4465
260165, 4465
200705, 4461
20665, 4459
26910, 4459
33388, 4459
34935, 4459
39440, 4459
87707, 4459
92076, 4459
92965, 4459
108735, 4459
121373, 4459
127346, 4459
130489, 4459
131247, 4459
134830, 4459
135618, 4459
144400, 4459
154305, 4459
156836, 4459
168231, 4459
178577, 4459
179028, 4459
181518, 4459
220651, 4459
230752, 4459
234733, 4459
252649, 4459
269282, 4459
284513, 4459
290516, 4459
294666, 4459
26185, 4457
272686, 4455
88970, 4454
211518, 4451
131692, 4446
20289, 4445
60509, 4445
136357, 4445
149506, 4445
259826, 4445
267943, 4445
277689, 4445
98997, 4442
217803, 4441
157639, 4425
161995, 4424
21200, 4423
35453, 4423
55656, 4423
64971, 4423
85847, 4423
91763, 4423
148777, 4423
163162, 4423
167005, 4423
168894, 4423
180867, 4423
186604, 4423
195467, 4423
212095, 4423
216916, 4423
223556, 4423
234776, 4423
249976, 4423
256951, 4423
260153, 4423
268706, 4423
270921, 4423
281594, 4423
79270, 4416
6277, 4411
220304, 4404
179550, 4403
189522, 4403
234768, 4403
243907, 4403
278218, 4403
289531, 4403
71897, 4392
47647, 4388
90388, 4388
103933, 4388
207565, 4388
211038, 4388
219565, 4388
263809, 4388
98726, 4370
121320, 4370
264470, 4369
27649, 4362
68138, 4362
194347, 4362
28721, 4354
282047, 4354
203711, 4350
46507, 4349
156634, 4349
190212, 4349
270036, 4349
284851, 4349
108297, 4347
111637, 4347
141387, 4347
184404, 4347
251216, 4347
207679, 4343
20174, 4338
40748, 4338
95511, 4336
69890, 4330
56447, 4318
111299, 4318
132849, 4317
108095, 4314
39132, 4310
115977, 4306
195558, 4295
234706, 4288
21613, 4278
249978, 4278
129279, 4272
100024, 4264
81344, 4262
162967, 4262
208376, 4249
39829, 4248
133433, 4248
172184, 4248
45743, 4235
125547, 4235
79948, 4223
11519, 4216
179255, 4216
65823, 4214
71466, 4214
189747, 4214
296095, 4211
143599, 4208
284068, 4208
110012, 4203
157599, 4203
274478, 4203
9515, 4202
27138, 4202
136618, 4202
54479, 4200
127297, 4199
165598, 4197
63115, 4193
147976, 4193
260082, 4191
224126, 4189
186023, 4186
146450, 4183
241385, 4183
178469, 4181
270784, 4181
195828, 4178
66553, 4175
15375, 4174
178029, 4173
226083, 4172
162303, 4171
93353, 4170
97315, 4169
221065, 4168
230363, 4168
108127, 4166
120255, 4166
63497, 4162
173487, 4162
234232, 4162
147285, 4157
201304, 4157
165733, 4154
292666, 4154
185694, 4136
83565, 4135
115844, 4134
167384, 4134
94035, 4130
156174, 4130
221619, 4130
129176, 4127
101140, 4122
121860, 4122
148200, 4120
64021, 4117
104022, 4117
22626, 4116
94458, 4115
52616, 4109
75744, 4101
117666, 4101
186752, 4101
229577, 4098
277576, 4098
156216, 4095
270202, 4095
20759, 4088
48021, 4085
88018, 4084
186048, 4084
196166, 4084
197908, 4083
272560, 4083
146858, 4082
212768, 4082
240219, 4082
268076, 4082
281216, 4082
48839, 4078
97917, 4078
177007, 4078
150532, 4077
172237, 4074
212283, 4074
226084, 4074
242874, 4074
13071, 4072
166520, 4065
200311, 4065
249929, 4065
24775, 4052
181796, 4052
203942, 4049
205932, 4049
49568, 4047
107520, 4047
134286, 4047
260934, 4047
108774, 4045
159576, 4045
182411, 4045
176265, 4031
5496, 4021
162468, 4021
88049, 4020
163068, 4020
167824, 4020
160204, 4008
20937, 4007
86004, 4007
14620, 3999
140831, 3996
291777, 3996
98056, 3993
120088, 3993
120378, 3992
110056, 3987
286570, 3987
159218, 3983
167690, 3977
179485, 3977
188212, 3977
38141, 3972
289983, 3970
260319, 3964
11803, 3962
76337, 3962
136665, 3962
252149, 3962
209601, 3961
236346, 3961
252185, 3961
296267, 3961
114884, 3943
268001, 3943
32240, 3939
36466, 3939
65312, 3939
170392, 3939
240298, 3939
116245, 3938
123482, 3938
180391, 3938
18062, 3937
183633, 3929
246022, 3929
47821, 3926
214962, 3924
35594, 3917
54933, 3917
204445, 3911
62238, 3910
152519, 3906
220233, 3906
137044, 3904
16791, 3891
118865, 3876
37555, 3875
176637, 3872
61240, 3868
58204, 3864
117860, 3864
121505, 3864
151704, 3864
260333, 3864
282053, 3861
217268, 3859
247847, 3856
13255, 3855
190837, 3855
179603, 3850
257979, 3850
236632, 3849
98170, 3843
7966, 3842
61770, 3842
17975, 3840
52458, 3840
117447, 3840
221556, 3840
131342, 3837
248956, 3834
37769, 3832
117602, 3832
42623, 3831
99118, 3831
26234, 3829
82034, 3824
134823, 3824
122096, 3819
172887, 3819
186606, 3819
103901, 3812
175366, 3807
235805, 3807
205254, 3806
266969, 3803
130331, 3801
188447, 3801
246448, 3801
251584, 3801
271958, 3801
286306, 3801
290162, 3801
177682, 3800
32001, 3799
84481, 3799
91791, 3799
95578, 3799
119053, 3799
138474, 3799
140656, 3799
172197, 3799
175404, 3799
178305, 3799
218730, 3799
246978, 3799
274189, 3799
259538, 3792
5422, 3785
39676, 3785
133676, 3784
25872, 3782
151917, 3782
276418, 3778
157555, 3775
88456, 3767
38610, 3766
48122, 3766
51689, 3766
58434, 3766
58753, 3766
59433, 3766
60027, 3766
66999, 3766
85061, 3766
217726, 3766
115948, 3764
124032, 3764
216215, 3764
53936, 3762
249255, 3760
43730, 3759
69780, 3759
99498, 3759
182140, 3754
11940, 3751
171211, 3751
175217, 3748
179411, 3744
10206, 3742
77194, 3736
82132, 3736
86261, 3736
94258, 3736
100571, 3736
117608, 3736
167107, 3736
204862, 3736
174314, 3729
25139, 3728
136436, 3728
211077, 3727
172034, 3725
220018, 3725
49462, 3716
224722, 3714
246201, 3714
155410, 3709
163801, 3700
10220, 3699
11503, 3699
15843, 3699
19166, 3699
30532, 3699
109919, 3699
152851, 3699
264213, 3694
292994, 3694
197302, 3691
70455, 3690
268690, 3690
13974, 3682
136091, 3682
84114, 3681
197779, 3681
183366, 3674
207002, 3674
224964, 3674
249011, 3669
276877, 3669
68877, 3668
198906, 3667
207488, 3667
276949, 3667
7491, 3660
13017, 3660
17545, 3660
125057, 3660
156943, 3660
241446, 3660
261499, 3660
132528, 3657
146641, 3657
188472, 3657
165180, 3651
44758, 3650
242822, 3650
289309, 3650
37213, 3648
101073, 3647
10812, 3645
29321, 3645
65561, 3645
65875, 3645
103930, 3645
151488, 3645
155686, 3645
189269, 3645
199126, 3645
213124, 3645
238214, 3645
261454, 3645
263132, 3645
280577, 3645
289003, 3645
295266, 3645
2661, 3644
13423, 3644
14246, 3644
53341, 3644
63951, 3644
69383, 3644
135581, 3644
148263, 3644
85279, 3642
132302, 3642
165567, 3642
233011, 3642
258288, 3642
275766, 3642
294755, 3642
65611, 3640
151281, 3640
160408, 3640
233282, 3640
215690, 3637
72208, 3635
80610, 3635
141171, 3635
218027, 3635
223395, 3635
236067, 3635
162883, 3632
62605, 3631
67003, 3631
84633, 3631
116299, 3631
137134, 3631
145748, 3631
173880, 3631
189596, 3631
242518, 3631
253400, 3631
266952, 3631
271834, 3631
289781, 3631
227383, 3629
217570, 3628
71260, 3624
141386, 3624
164687, 3624
175255, 3624
234910, 3624
243334, 3624
258896, 3624
268187, 3624
11624, 3618
27449, 3618
120634, 3618
242175, 3616
28370, 3615
49561, 3615
89115, 3615
158877, 3612
245766, 3612
196092, 3611
206170, 3611
211617, 3611
260330, 3611
270381, 3611
13467, 3605
47662, 3605
123006, 3605
241404, 3604
250697, 3601
70306, 3600
71265, 3600
194093, 3600
288838, 3600
208233, 3599
276651, 3599
93508, 3596
111857, 3596
201795, 3596
203862, 3596
30525, 3594
83473, 3592
185233, 3589
81875, 3586
152707, 3586
153486, 3586
200659, 3586
201210, 3586
266581, 3586
278031, 3586
226435, 3579
171168, 3578
66340, 3576
76657, 3576
85379, 3575
210499, 3575
18514, 3574
41624, 3574
48755, 3574
56676, 3574
57721, 3574
60791, 3574
71121, 3574
85508, 3574
137732, 3574
140670, 3574
146633, 3574
227704, 3574
243178, 3574
250685, 3574
257210, 3574
258248, 3574
264820, 3574
287631, 3574
163217, 3571
218496, 3570
145222, 3567
230019, 3567
196784, 3566
200817, 3566
31914, 3564
50277, 3564
282426, 3564
99787, 3550
169081, 3550
177918, 3550
244249, 3550
282886, 3550
128483, 3549
181306, 3549
85182, 3548
190255, 3548
240596, 3548
291675, 3548
294855, 3548
60536, 3545
218180, 3545
277398, 3545
219736, 3544
238855, 3544
283394, 3544
242956, 3542
23920, 3541
82074, 3541
146494, 3541
23607, 3540
47810, 3539
89598, 3539
179995, 3539
200133, 3539
222823, 3539
260410, 3539
112533, 3538
123235, 3538
146133, 3538
210589, 3538
226001, 3538
236074, 3538
290382, 3538
101255, 3536
152565, 3536
175790, 3536
176870, 3536
186254, 3536
195745, 3536
204712, 3536
228565, 3536
236253, 3536
267375, 3536
278666, 3536
159997, 3535
265866, 3535
103683, 3534
112363, 3534
114910, 3534
132013, 3534
32270, 3532
75915, 3532
89407, 3532
124483, 3532
128377, 3532
147894, 3532
148830, 3532
153938, 3532
203621, 3532
250840, 3532
282031, 3532
293524, 3532
283624, 3529
123269, 3527
114395, 3524
127970, 3524
147571, 3524
160529, 3524
271072, 3524
283563, 3524
136923, 3516
48392, 3514
115776, 3514
118009, 3514
150072, 3514
174694, 3513
177877, 3513
268449, 3511
25580, 3508
39485, 3508
109633, 3508
195055, 3508
256466, 3508
68559, 3506
133910, 3506
259456, 3506
248724, 3505
27987, 3504
60556, 3504
100712, 3504
179681, 3504
222787, 3502
91380, 3499
107418, 3499
200865, 3498
23918, 3497
70338, 3497
69253, 3495
162741, 3495
190640, 3495
56372, 3492
3581, 3490
10213, 3490
20132, 3490
26103, 3490
113469, 3490
120312, 3490
201783, 3490
198914, 3489
160750, 3487
34534, 3485
77031, 3485
218110, 3485
122778, 3484
30253, 3478
172992, 3478
197387, 3478
219159, 3478
219149, 3477
89030, 3476
220960, 3476
247191, 3476
247942, 3476
271419, 3475
176644, 3471
205549, 3471
191217, 3468
226371, 3468
236209, 3465
256423, 3465
12351, 3463
13338, 3463
112975, 3463
177796, 3463
208267, 3463
262941, 3463
197570, 3461
140787, 3455
155633, 3455
169808, 3455
194580, 3455
239353, 3455
269775, 3455
168588, 3453
236854, 3453
281928, 3450
58939, 3448
139602, 3440
155312, 3440
237811, 3438
10870, 3437
44005, 3437
46526, 3437
291595, 3437
34029, 3435
66855, 3435
90293, 3435
127219, 3435
165329, 3435
201413, 3430
10883, 3417
44574, 3417
63773, 3417
196636, 3417
278935, 3417
199572, 3416
50319, 3413
52815, 3413
143118, 3413
217674, 3412
155376, 3409
262701, 3409
82183, 3408
82754, 3408
112774, 3408
183652, 3408
193542, 3408
207464, 3408
179000, 3406
85434, 3404
124713, 3402
223789, 3402
153745, 3401
50669, 3393
169033, 3391
40591, 3390
61133, 3390
116645, 3390
185772, 3390
223270, 3390
55894, 3388
67219, 3388
129634, 3388
252518, 3388
37870, 3386
64074, 3386
64141, 3386
82611, 3386
84126, 3386
102574, 3386
184744, 3386
204625, 3386
205929, 3386
211921, 3386
217055, 3386
244689, 3386
254883, 3386
278319, 3386
226343, 3381
274440, 3381
98513, 3378
175871, 3378
182024, 3378
216684, 3378
290362, 3377
178021, 3376
273245, 3376
110309, 3370
283675, 3370
118183, 3368
234286, 3367
242172, 3358
203932, 3355
13115, 3346
27364, 3346
43025, 3346
54625, 3346
59116, 3346
153258, 3346
209128, 3346
31912, 3343
188328, 3339
237875, 3335
8816, 3332
9726, 3332
37263, 3332
97909, 3332
274889, 3332
105307, 3326
156452, 3326
178681, 3326
207242, 3326
241051, 3326
143206, 3324
272365, 3324
94916, 3322
208255, 3322
262096, 3322
288604, 3322
133646, 3320
195123, 3320
199745, 3320
266064, 3319
173151, 3316
177679, 3315
278271, 3314
115627, 3313
25716, 3308
54389, 3308
169182, 3308
184875, 3308
187683, 3308
74539, 3305
110575, 3304
116078, 3304
216530, 3302
285956, 3302
114042, 3301
200348, 3300
99385, 3296
138511, 3295
176596, 3295
209460, 3295
247649, 3295
280214, 3294
206032, 3293
158871, 3290
208617, 3290
247331, 3290
270682, 3290
275398, 3290
139385, 3288
153458, 3287
177687, 3287
212075, 3286
260909, 3285
115987, 3279
63928, 3276
136643, 3276
93106, 3275
190730, 3274
261094, 3272
214918, 3271
209877, 3270
280544, 3270
285052, 3270
230451, 3269
155891, 3266
178207, 3266
194260, 3266
87694, 3262
151203, 3261
189036, 3261
4385, 3258
79771, 3258
245383, 3255
156690, 3254
166374, 3254
203060, 3254
71317, 3251
119148, 3248
54977, 3245
2233, 3242
199440, 3242
287240, 3240
286961, 3239
163373, 3235
113861, 3228
254699, 3222
75811, 3221
153803, 3221
200510, 3221
231634, 3221
267570, 3221
17374, 3220
159558, 3220
166207, 3220
73582, 3218
76526, 3218
100283, 3218
105592, 3218
108518, 3218
135083, 3218
144117, 3218
148092, 3218
158744, 3218
159255, 3218
170115, 3218
173348, 3218
177869, 3218
243869, 3218
246987, 3218
278115, 3218
284401, 3218
26971, 3215
10302, 3212
29729, 3212
39610, 3212
46209, 3212
48766, 3212
64312, 3212
74972, 3212
88245, 3212
115043, 3212
122925, 3212
136067, 3212
157920, 3212
207532, 3212
225462, 3212
259197, 3212
278876, 3212
281388, 3212
41754, 3210
46084, 3210
83890, 3210
85400, 3210
137749, 3210
152206, 3210
191391, 3210
195725, 3210
25472, 3208
52782, 3208
70174, 3208
49424, 3201
64682, 3201
108791, 3201
274364, 3201
276695, 3201
27893, 3197
48842, 3197
89234, 3197
166855, 3197
169554, 3197
223658, 3197
238445, 3197
267814, 3190
34237, 3186
51353, 3186
115605, 3186
142845, 3186
202002, 3186
222594, 3186
237409, 3186
262230, 3186
60506, 3179
250035, 3178
293400, 3178
249527, 3177
173177, 3175
187396, 3175
259025, 3175
261098, 3175
268414, 3175
229612, 3174
262993, 3174
274776, 3174
215886, 3172
222730, 3172
228906, 3169
150876, 3165
162651, 3165
281975, 3162
166605, 3161
294229, 3161
112116, 3160
223497, 3160
236335, 3160
280985, 3160
283345, 3160
16132, 3157
86863, 3156
184176, 3156
149633, 3153
166583, 3153
264659, 3147
58466, 3146
77937, 3146
191874, 3146
87533, 3142
117471, 3142
241102, 3142
145297, 3139
245979, 3138
228442, 3134
92634, 3131
113682, 3131
138128, 3131
173505, 3131
222471, 3131
232273, 3131
209176, 3128
264075, 3128
35221, 3124
104697, 3124
124310, 3124
241041, 3124
280352, 3124
168706, 3123
181506, 3123
173471, 3119
37031, 3117
88222, 3117
95148, 3116
100063, 3116
69124, 3115
85364, 3115
264771, 3115
58494, 3114
65041, 3114
231609, 3113
234511, 3113
237261, 3113
130058, 3112
239084, 3112
269172, 3112
165604, 3110
246498, 3110
150773, 3109
60450, 3108
81272, 3108
110628, 3108
152680, 3108
187727, 3108
134938, 3102
239739, 3102
10499, 3100
109472, 3100
156695, 3100
181253, 3098
291133, 3098
229911, 3096
135070, 3089
26328, 3087
35920, 3087
65817, 3087
110264, 3087
199416, 3087
204460, 3087
241946, 3087
242337, 3084
264543, 3084
92997, 3078
157303, 3078
82301, 3073
140091, 3073
198798, 3073
237276, 3073
216108, 3071
235127, 3070
180347, 3068
181086, 3068
142126, 3064
247177, 3060
39973, 3059
68380, 3059
84728, 3059
90608, 3059
262034, 3059
145260, 3058
140308, 3055
169762, 3055
218351, 3055
37742, 3047
56552, 3047
143363, 3047
158930, 3047
166356, 3047
198738, 3047
284494, 3047
294277, 3047
243659, 3045
15882, 3044
24395, 3044
163833, 3043
73419, 3042
157340, 3040
29474, 3037
209665, 3037
272336, 3037
215826, 3036
79004, 3034
244787, 3034
288115, 3034
17216, 3033
72975, 3033
96565, 3033
197236, 3033
283673, 3033
86393, 3031
207229, 3031
53610, 3029
71440, 3029
261544, 3025
106906, 3022
232704, 3022
272331, 3019
287612, 3019
143105, 3018
75067, 3017
201159, 3017
228595, 3017
74137, 3015
117287, 3015
140117, 3015
64642, 3013
92167, 3013
150263, 3013
170130, 3013
242192, 3013
85531, 3011
96018, 3011
183838, 3011
221780, 3011
37595, 3010
60844, 3009
269913, 3009
190268, 3008
264891, 3006
290067, 3004
195834, 3000
200013, 3000
215864, 3000
206613, 2995
296365, 2993
68157, 2992
265941, 2992
167694, 2989
254265, 2989
257518, 2989
7424, 2986
72862, 2986
109843, 2986
227362, 2984
261813, 2984
37601, 2982
113674, 2982
122918, 2982
67633, 2979
161910, 2979
274391, 2979
151022, 2975
265756, 2975
277476, 2975
135954, 2968
213564, 2964
85035, 2963
93309, 2963
94792, 2963
124022, 2963
140527, 2963
148077, 2963
179428, 2963
207989, 2963
210033, 2963
214797, 2963
253072, 2963
281443, 2963
81437, 2962
236742, 2961
262799, 2961
30849, 2960
171350, 2960
98994, 2952
3721, 2950
189548, 2950
223230, 2950
280548, 2950
15543, 2948
10831, 2947
12202, 2947
55974, 2947
216564, 2946
219448, 2944
75104, 2943
149594, 2943
270988, 2943
212455, 2942
209044, 2941
103656, 2938
167865, 2938
190980, 2938
217366, 2938
244291, 2938
268985, 2938
295749, 2938
170376, 2936
202436, 2936
250647, 2936
2811, 2935
146700, 2935
199520, 2934
121847, 2933
175843, 2929
233600, 2929
249723, 2929
36358, 2926
154347, 2926
179111, 2926
229474, 2926
288603, 2925
146878, 2922
83527, 2920
295085, 2919
131868, 2918
86067, 2915
207956, 2914
55173, 2913
107126, 2913
169233, 2911
79503, 2909
292098, 2909
68043, 2905
77103, 2905
157620, 2905
177453, 2905
192483, 2905
223599, 2905
229824, 2905
119098, 2904
240989, 2904
218930, 2902
195717, 2899
121018, 2890
58344, 2887
244146, 2884
167997, 2879
176280, 2874
245016, 2874
250649, 2874
84389, 2872
122190, 2872
227011, 2872
2870, 2870
161250, 2870
183912, 2870
221014, 2870
233999, 2870
238414, 2870
272835, 2870
221304, 2868
72769, 2862
290280, 2862
17191, 2859
231665, 2857
283116, 2857
184618, 2855
144860, 2854
177923, 2854
211675, 2854
218288, 2854
230911, 2854
290315, 2854
12955, 2853
108879, 2853
146294, 2853
207811, 2853
31413, 2849
142843, 2847
162594, 2847
77919, 2846
285110, 2846
198440, 2845
91698, 2844
281269, 2844
94960, 2842
153365, 2842
82859, 2840
127827, 2838
211802, 2838
215885, 2838
60778, 2833
98942, 2833
211036, 2833
110086, 2831
192756, 2831
260204, 2830
261441, 2827
292951, 2827
8993, 2826
149209, 2826
123394, 2825
57457, 2824
266276, 2824
296203, 2824
7228, 2823
86884, 2822
261282, 2822
272160, 2822
15393, 2816
90845, 2816
107852, 2816
267522, 2816
139552, 2813
53892, 2810
176153, 2808
20212, 2807
178024, 2807
275995, 2807
230368, 2806
18185, 2801
146480, 2798
149504, 2797
188527, 2797
243663, 2797
247571, 2797
259614, 2797
205257, 2796
46163, 2795
58823, 2795
63325, 2795
64257, 2795
123402, 2795
169217, 2795
193317, 2795
245918, 2795
267890, 2795
6546, 2792
246850, 2789
74687, 2786
85571, 2786
197435, 2786
225474, 2786
27370, 2784
50470, 2784
122611, 2784
192948, 2784
261184, 2784
146029, 2782
218873, 2782
248127, 2781
126972, 2780
286296, 2780
7688, 2778
9232, 2778
12077, 2778
14502, 2778
17939, 2778
22157, 2778
54514, 2778
55534, 2778
69419, 2778
83172, 2778
157872, 2778
271173, 2778
145986, 2777
67164, 2776
265281, 2776
203790, 2774
65347, 2772
230420, 2772
66133, 2766
76764, 2766
94766, 2766
101154, 2766
110774, 2766
162006, 2766
174165, 2766
199246, 2766
215658, 2766
237798, 2766
50226, 2764
56593, 2764
85124, 2764
106148, 2764
291260, 2764
890, 2762
6531, 2762
116900, 2762
141928, 2762
180094, 2762
189407, 2762
263682, 2762
274987, 2762
296278, 2762
184927, 2760
87549, 2759
95787, 2759
106523, 2759
110357, 2759
129613, 2759
131305, 2759
149346, 2759
183885, 2759
215500, 2759
251076, 2759
275560, 2759
288209, 2759
289902, 2759
157790, 2757
208317, 2757
231728, 2757
11464, 2754
34068, 2754
67049, 2754
251957, 2754
184198, 2748
58705, 2745
64746, 2745
136277, 2745
158952, 2744
57704, 2742
92388, 2742
102668, 2742
145493, 2741
119602, 2740
181852, 2740
197532, 2740
230886, 2740
258565, 2740
11797, 2738
194361, 2738
251689, 2738
200927, 2737
233655, 2737
9669, 2736
194775, 2736
260642, 2736
27150, 2735
16047, 2729
131839, 2729
27500, 2724
53967, 2724
106456, 2724
115038, 2724
131658, 2724
139241, 2724
142966, 2724
152838, 2724
159484, 2724
169124, 2724
170238, 2724
175891, 2724
187792, 2724
194931, 2724
213253, 2724
218268, 2724
236776, 2724
237495, 2724
238075, 2724
240442, 2724
244329, 2724
248830, 2724
252065, 2724
258594, 2724
291192, 2724
291547, 2724
66940, 2723
62609, 2721
4006, 2720
120949, 2720
188685, 2719
232806, 2718
199695, 2714
257941, 2714
37960, 2713
74049, 2712
77920, 2711
196856, 2707
205127, 2707
208572, 2707
258156, 2705
123922, 2703
191146, 2703
241091, 2703
42594, 2702
71146, 2702
164235, 2702
199252, 2702
248576, 2702
253908, 2702
263034, 2702
23758, 2699
32217, 2699
90089, 2699
136636, 2699
235549, 2699
256761, 2699
130271, 2698
294850, 2698
200473, 2697
200720, 2697
235628, 2697
244686, 2697
113056, 2696
268383, 2696
283880, 2696
13061, 2694
111945, 2694
192494, 2694
196852, 2694
249600, 2694
157808, 2693
131490, 2687
81288, 2685
17592, 2683
84285, 2682
182391, 2679
254093, 2678
234684, 2675
270890, 2674
285636, 2673
89213, 2672
92191, 2669
43430, 2668
73232, 2668
86773, 2668
110778, 2668
118722, 2668
143687, 2668
145274, 2668
147148, 2668
153502, 2668
161136, 2668
164982, 2668
176532, 2668
196232, 2668
254989, 2668
259486, 2668
282543, 2668
10780, 2667
17390, 2666
181305, 2665
206902, 2665
51477, 2663
181846, 2663
228370, 2663
65770, 2662
61734, 2661
107758, 2658
195459, 2658
211517, 2658
278702, 2658
289495, 2658
30597, 2657
34200, 2657
117182, 2657
75172, 2655
130175, 2654
223660, 2654
236679, 2654
258266, 2654
273714, 2654
113816, 2652
99753, 2650
276022, 2650
48898, 2647
74992, 2647
133120, 2647
185245, 2647
206467, 2647
283660, 2647
24405, 2646
115520, 2646
133164, 2646
44809, 2644
141480, 2643
290340, 2643
31248, 2641
70127, 2641
224486, 2641
283995, 2641
178934, 2640
180762, 2640
218920, 2640
233261, 2640
115407, 2637
36403, 2635
105274, 2635
125964, 2634
99441, 2633
202517, 2632
61793, 2630
115065, 2630
170897, 2630
193860, 2630
124389, 2628
288793, 2628
13759, 2624
27568, 2624
24437, 2623
126050, 2622
211687, 2622
16168, 2620
66138, 2618
6671, 2616
220763, 2614
26692, 2612
98019, 2612
136988, 2612
150451, 2612
253790, 2608
194559, 2606
184767, 2605
204620, 2605
181327, 2604
107193, 2602
200552, 2602
146199, 2601
210828, 2599
221287, 2598
65128, 2597
74449, 2597
105764, 2595
197286, 2595
214155, 2595
245565, 2595
281996, 2595
42499, 2593
73572, 2593
131731, 2593
137349, 2593
145924, 2593
39612, 2592
205448, 2592
206610, 2592
234267, 2592
20980, 2586
28511, 2586
91973, 2586
103602, 2586
170125, 2586
235174, 2586
251748, 2586
261015, 2586
200413, 2583
286345, 2582
73072, 2581
127264, 2580
101406, 2579
28594, 2578
179464, 2578
295818, 2578
213914, 2576
258744, 2576
271782, 2576
41157, 2575
138165, 2575
165821, 2575
174574, 2575
180466, 2575
197738, 2575
258577, 2575
270769, 2575
115186, 2573
126689, 2573
284301, 2573
281317, 2572
116584, 2569
153072, 2569
154081, 2569
171380, 2568
252332, 2568
202013, 2567
221427, 2567
260463, 2564
12780, 2562
16010, 2562
88857, 2562
119476, 2562
154510, 2562
178198, 2562
21972, 2559
241801, 2559
76400, 2555
79798, 2555
122474, 2555
153009, 2555
4579, 2554
155077, 2554
187923, 2554
195298, 2554
221878, 2554
242352, 2554
279285, 2554
285853, 2554
125235, 2552
194660, 2552
231500, 2548
82043, 2547
169385, 2545
96223, 2544
125969, 2543
222079, 2542
268732, 2542
7329, 2540
233449, 2540
73729, 2537
143686, 2537
166334, 2537
180866, 2537
219884, 2537
284079, 2537
285884, 2537
221251, 2536
169134, 2534
253803, 2534
61390, 2532
107762, 2532
246113, 2529
76706, 2528
88908, 2527
101473, 2525
133064, 2524
63937, 2522
197818, 2522
203300, 2522
214790, 2522
235504, 2522
91237, 2520
102547, 2520
110715, 2520
203083, 2520
224468, 2520
261910, 2520
15741, 2519
44000, 2518
154836, 2518
243366, 2518
153535, 2517
155814, 2517
183925, 2517
222052, 2517
254674, 2517
256755, 2517
36821, 2515
78150, 2515
287134, 2513
25520, 2512
116591, 2511
121143, 2506
184499, 2505
237207, 2502
20373, 2501
126113, 2499
150524, 2499
190900, 2499
254864, 2499
288611, 2499
26309, 2497
29769, 2497
87361, 2497
99078, 2497
160294, 2496
18116, 2494
199448, 2494
145423, 2492
208585, 2492
264604, 2492
284614, 2492
198739, 2491
253709, 2487
133556, 2486
240822, 2486
151908, 2485
115669, 2482
134961, 2481
203385, 2481
97312, 2479
104337, 2479
286383, 2479
50035, 2478
98018, 2478
91348, 2477
10507, 2475
140027, 2468
211068, 2468
213699, 2468
218763, 2468
234070, 2468
31401, 2467
134735, 2467
134877, 2467
160171, 2467
206890, 2467
257712, 2467
85004, 2466
30176, 2465
144488, 2463
146619, 2461
23486, 2460
43112, 2460
46409, 2460
53012, 2460
125290, 2460
212800, 2460
47372, 2459
211352, 2459
225311, 2459
253623, 2459
174019, 2458
46770, 2455
275836, 2452
150651, 2450
92899, 2444
173132, 2444
214563, 2444
42725, 2442
185657, 2442
136669, 2441
142075, 2441
131371, 2440
195192, 2440
137443, 2437
153274, 2435
46953, 2434
76820, 2434
87172, 2434
101675, 2434
117052, 2434
144596, 2434
158236, 2434
178790, 2434
254711, 2434
280818, 2434
61039, 2432
107106, 2429
286556, 2429
46523, 2427
261199, 2427
70919, 2425
145231, 2425
237575, 2425
294283, 2425
30523, 2422
164085, 2421
249176, 2420
34306, 2419
60013, 2418
64620, 2418
93678, 2418
94585, 2418
101677, 2418
103834, 2418
144151, 2418
148875, 2418
154658, 2418
165286, 2418
169641, 2418
188073, 2418
295564, 2418
277868, 2414
171378, 2412
235987, 2412
282261, 2412
144780, 2409
221930, 2409
79364, 2408
83997, 2408
53354, 2404
57322, 2404
163551, 2404
433, 2402
87896, 2400
122072, 2399
115638, 2398
117715, 2398
134924, 2398
163632, 2398
187425, 2398
215792, 2398
250075, 2398
250133, 2398
262728, 2398
201639, 2396
280082, 2396
178213, 2395
179472, 2395
209771, 2395
251004, 2395
238019, 2394
271773, 2394
175636, 2393
204735, 2393
244346, 2393
126201, 2390
135085, 2390
141243, 2390
194683, 2390
206537, 2390
44438, 2388
147037, 2388
176887, 2388
227967, 2388
155267, 2387
272412, 2387
29141, 2386
81968, 2386
84871, 2386
208359, 2386
288049, 2386
33012, 2384
229745, 2384
149564, 2381
220919, 2381
264400, 2378
272476, 2377
247073, 2375
216138, 2371
283127, 2371
129937, 2369
153238, 2369
207351, 2369
246328, 2369
39195, 2368
255094, 2368
38924, 2364
57492, 2364
255678, 2364
111350, 2362
84231, 2358
261872, 2357
238412, 2356
115963, 2354
177424, 2354
266018, 2353
156121, 2352
203340, 2350
248964, 2350
80006, 2349
118624, 2349
81859, 2348
249512, 2348
138108, 2347
291951, 2347
241871, 2346
19259, 2343
43983, 2343
177727, 2343
289163, 2343
35766, 2339
56177, 2339
107000, 2339
169622, 2339
184638, 2339
196292, 2336
209958, 2336
256519, 2336
74378, 2335
85469, 2335
86213, 2335
249807, 2335
58661, 2334
95565, 2334
4872, 2333
127882, 2333
167932, 2332
182518, 2332
65419, 2329
159601, 2329
240679, 2328
91600, 2326
132264, 2324
140066, 2324
161537, 2324
203830, 2324
295994, 2324
130708, 2320
142782, 2320
168308, 2320
212214, 2320
10253, 2319
62648, 2319
209661, 2315
253995, 2315
117107, 2313
149671, 2313
238578, 2313
254341, 2313
293816, 2313
125286, 2312
127482, 2312
191919, 2312
283791, 2312
288544, 2312
110313, 2304
159314, 2304
195594, 2304
205088, 2304
251947, 2304
75010, 2303
275556, 2303
75406, 2300
250610, 2298
198183, 2296
204853, 2294
223542, 2291
274757, 2291
95474, 2287
98192, 2287
280716, 2287
174244, 2285
198137, 2285
90462, 2282
232749, 2282
126399, 2281
219844, 2281
286600, 2278
137159, 2276
95238, 2275
265105, 2274
12903, 2273
6438, 2269
137172, 2269
65341, 2268
184490, 2268
189670, 2267
275559, 2266
294117, 2266
277915, 2265
81503, 2254
87761, 2254
94790, 2254
97794, 2254
104772, 2254
107863, 2254
146535, 2254
277210, 2254
190517, 2252
11379, 2250
248187, 2250
216791, 2247
170645, 2245
286140, 2245
222023, 2244
33192, 2241
148779, 2241
162715, 2241
114679, 2239
172317, 2239
21580, 2237
71886, 2237
138090, 2237
215808, 2237
225893, 2237
272890, 2237
125120, 2236
208997, 2236
104644, 2233
68543, 2232
106617, 2232
271168, 2232
111334, 2231
256204, 2230
55089, 2228
164350, 2228
218207, 2228
229440, 2228
252623, 2228
258677, 2228
269924, 2228
36653, 2226
48385, 2226
68091, 2226
84590, 2226
94793, 2226
108477, 2226
208067, 2226
224425, 2226
282689, 2226
59325, 2224
137554, 2224
276833, 2224
141550, 2221
82994, 2220
164509, 2219
224875, 2219
53573, 2216
168576, 2216
195486, 2216
279010, 2216
205070, 2215
83347, 2214
147202, 2214
256478, 2213
117054, 2211
147149, 2211
150094, 2211
225186, 2211
47991, 2210
65269, 2208
232049, 2208
127147, 2207
130020, 2207
226157, 2205
14510, 2203
169318, 2201
170107, 2201
253051, 2200
186049, 2197
133564, 2195
16726, 2193
105201, 2190
150160, 2190
201869, 2190
55615, 2189
275447, 2189
117289, 2188
149563, 2187
260572, 2187
256616, 2184
222973, 2182
286153, 2181
59383, 2179
72434, 2179
288373, 2176
39967, 2175
12530, 2173
24554, 2173
65367, 2173
145265, 2173
195361, 2173
219965, 2173
220405, 2173
261882, 2173
286501, 2173
174440, 2169
186563, 2169
213262, 2169
51799, 2168
279370, 2168
193730, 2167
118429, 2166
143406, 2166
226318, 2166
286686, 2166
58003, 2165
256076, 2165
264632, 2165
118765, 2164
124346, 2164
159560, 2164
161422, 2164
277155, 2164
58335, 2163
219720, 2163
91670, 2162
105304, 2160
220278, 2160
15467, 2159
115814, 2159
216057, 2159
40030, 2157
256097, 2156
156641, 2155
15335, 2153
94919, 2153
115227, 2153
48858, 2152
277572, 2152
285712, 2152
235921, 2150
35159, 2149
35869, 2149
40400, 2147
135399, 2147
174806, 2147
213637, 2147
239402, 2147
265319, 2147
77628, 2146
115895, 2146
131745, 2146
142836, 2146
159022, 2146
226523, 2146
236567, 2146
280434, 2146
290457, 2146
148144, 2145
228199, 2145
250902, 2145
13441, 2144
150637, 2144
202306, 2144
181143, 2143
286657, 2143
27497, 2142
66504, 2142
122603, 2142
185250, 2142
203129, 2142
230229, 2142
245799, 2142
252322, 2142
276971, 2142
50215, 2141
63339, 2141
96594, 2141
113919, 2141
115534, 2141
152161, 2141
157883, 2141
211112, 2141
248444, 2141
281303, 2141
104344, 2139
195603, 2139
223060, 2139
274747, 2139
186743, 2137
81823, 2136
226486, 2136
229843, 2136
37690, 2135
46596, 2135
157412, 2135
228259, 2135
27471, 2134
32561, 2134
39673, 2134
59729, 2134
133348, 2134
163932, 2134
196949, 2134
214581, 2134
118477, 2133
150491, 2133
200271, 2133
275193, 2133
103330, 2131
122476, 2129
148225, 2129
156782, 2129
20012, 2127
179557, 2126
225097, 2124
21544, 2123
103285, 2123
112954, 2123
145368, 2123
147101, 2123
217969, 2123
290928, 2123
143704, 2122
228296, 2122
120445, 2120
35072, 2119
64963, 2119
68704, 2119
96544, 2119
106652, 2119
189280, 2119
189564, 2119
200970, 2117
33832, 2116
135397, 2116
221108, 2116
225122, 2116
8541, 2114
16201, 2114
16876, 2114
17430, 2114
18903, 2114
19815, 2114
24977, 2114
27831, 2114
31467, 2114
31669, 2114
33087, 2114
34857, 2114
36462, 2114
45465, 2114
49587, 2114
91283, 2114
94978, 2114
98112, 2114
105946, 2114
111761, 2114
19639, 2112
33239, 2112
96618, 2112
152042, 2112
285799, 2112
260797, 2111
232099, 2110
232973, 2110
62595, 2107
174616, 2107
27636, 2101
83481, 2101
90143, 2101
147177, 2101
195390, 2101
248450, 2101
286827, 2101
224318, 2100
226176, 2100
277970, 2100
289749, 2100
273238, 2098
62286, 2097
152617, 2097
55384, 2096
108892, 2095
178328, 2095
153379, 2094
129547, 2093
57034, 2092
123666, 2092
51413, 2090
174779, 2090
202829, 2090
112745, 2089
105505, 2088
177951, 2088
182106, 2088
281636, 2087
65107, 2086
104514, 2085
131744, 2085
241017, 2084
15578, 2083
17246, 2083
17565, 2083
18416, 2083
19231, 2083
23248, 2083
41334, 2083
166986, 2083
184536, 2083
197178, 2083
46628, 2082
72529, 2082
141465, 2082
260098, 2082
162225, 2081
191236, 2081
225078, 2081
239833, 2081
287261, 2081
2125, 2080
102803, 2079
80065, 2077
291765, 2076
1889, 2073
267376, 2073
10863, 2071
171733, 2071
287863, 2069
34674, 2068
49639, 2068
116179, 2068
159386, 2068
217375, 2068
257551, 2068
284188, 2068
15956, 2067
80647, 2067
252012, 2066
283093, 2066
212291, 2065
182559, 2064
271684, 2063
288905, 2062
22994, 2061
27614, 2061
244679, 2061
10205, 2060
128993, 2060
267739, 2060
87802, 2058
107998, 2058
113325, 2058
186679, 2058
217613, 2058
221278, 2058
234640, 2058
291673, 2058
178600, 2057
10865, 2056
75891, 2056
98021, 2056
237209, 2056
152028, 2055
179543, 2055
56326, 2053
239343, 2053
39232, 2052
43672, 2048
71597, 2048
108736, 2048
19651, 2047
147069, 2047
155145, 2047
166521, 2047
254913, 2047
255748, 2047
143730, 2046
293820, 2046
119192, 2044
88358, 2043
215800, 2041
81967, 2040
147206, 2037
95087, 2033
288367, 2033
138357, 2032
172443, 2032
280851, 2032
18239, 2029
270778, 2029
87018, 2027
119856, 2027
129309, 2027
171695, 2027
177013, 2027
183317, 2027
230423, 2027
282085, 2027
174673, 2026
29383, 2024
57548, 2020
201703, 2017
4904, 2016
7401, 2016
86045, 2015
91236, 2015
128229, 2015
202943, 2015
247059, 2015
259610, 2015
280211, 2015
289836, 2015
223524, 2012
246977, 2012
133423, 2010
171668, 2009
206898, 2009
121506, 2008
211174, 2008
18882, 2004
154532, 2004
55926, 2003
107480, 2002
147369, 2002
28048, 2001
62763, 2001
239728, 1998
165683, 1997
182315, 1997
267426, 1997
137356, 1996
150957, 1996
70292, 1995
194258, 1989
261883, 1989
66206, 1987
101996, 1987
105785, 1987
158971, 1986
194541, 1985
217171, 1985
262838, 1984
275326, 1979
25183, 1978
254980, 1978
23183, 1977
40539, 1977
120688, 1977
123167, 1977
161198, 1977
232414, 1977
235692, 1977
148181, 1976
150665, 1976
173649, 1976
100569, 1975
109108, 1975
104433, 1973
112434, 1973
116441, 1973
99487, 1972
277106, 1972
295969, 1971
63302, 1968
94851, 1968
119155, 1968
164335, 1968
210783, 1968
218675, 1968
128814, 1966
123410, 1965
84267, 1964
120547, 1963
51328, 1962
82822, 1962
233434, 1962
279632, 1962
100616, 1961
148730, 1961
67816, 1960
246804, 1960
284436, 1959
74897, 1958
178569, 1958
196835, 1957
284808, 1956
38110, 1955
117746, 1955
52284, 1954
114685, 1954
67308, 1953
85109, 1953
90338, 1953
162386, 1953
179975, 1953
31013, 1952
69602, 1952
84505, 1952
93964, 1952
98142, 1952
237683, 1952
88729, 1951
153395, 1951
189117, 1951
231489, 1951
256888, 1951
284190, 1951
292588, 1951
115625, 1949
206348, 1949
294464, 1949
144290, 1948
76424, 1945
167969, 1945
203650, 1945
207995, 1945
164885, 1943
162783, 1942
140031, 1940
185309, 1940
125098, 1937
114937, 1936
126001, 1936
174621, 1936
240174, 1936
8984, 1934
84483, 1934
179498, 1933
214225, 1933
268401, 1933
282687, 1933
128816, 1932
76146, 1930
146543, 1930
197069, 1930
215620, 1930
215699, 1930
20366, 1928
44668, 1928
271747, 1927
136002, 1926
178331, 1926
275358, 1926
291964, 1924
118209, 1923
80429, 1922
17706, 1921
185517, 1921
6208, 1920
8465, 1920
207170, 1920
227531, 1920
288760, 1919
114551, 1913
127440, 1910
210211, 1910
102824, 1908
126640, 1908
170100, 1907
197983, 1907
101186, 1906
153568, 1905
175007, 1904
180671, 1904
194498, 1904
202315, 1904
204512, 1904
293634, 1904
296243, 1904
142987, 1902
237701, 1902
276671, 1901
14176, 1900
17626, 1900
36482, 1900
39769, 1900
170992, 1900
175952, 1900
200040, 1900
203117, 1900
221545, 1900
281507, 1900
292825, 1900
215923, 1899
135881, 1898
226250, 1897
126950, 1896
26608, 1895
255749, 1895
170455, 1894
223946, 1894
196054, 1891
153391, 1889
191991, 1889
203174, 1889
229876, 1889
295901, 1889
244987, 1888
288771, 1888
279394, 1887
19800, 1886
92621, 1886
191216, 1886
274167, 1886
92479, 1885
133287, 1884
161102, 1884
293760, 1883
46565, 1880
262536, 1880
236431, 1876
186315, 1875
228952, 1874
81505, 1873
97418, 1873
134635, 1873
142936, 1873
162748, 1873
171666, 1873
175939, 1873
202528, 1873
220191, 1873
230435, 1873
265859, 1873
288888, 1873
69509, 1872
69996, 1871
146894, 1871
201709, 1871
95609, 1870
164267, 1870
178530, 1870
224188, 1869
226517, 1865
121604, 1864
189840, 1864
114677, 1863
20079, 1861
46411, 1861
156356, 1861
16348, 1859
26789, 1859
56763, 1859
163138, 1858
94051, 1857
170801, 1857
259509, 1857
46924, 1856
159735, 1856
226695, 1856
34104, 1855
243531, 1855
268460, 1854
282207, 1846
16314, 1845
19905, 1845
36558, 1845
61112, 1845
267882, 1845
90930, 1844
270872, 1843
60384, 1842
128810, 1842
207674, 1842
263320, 1842
47896, 1841
285717, 1839
198698, 1838
8967, 1837
146899, 1837
82227, 1835
172957, 1835
257190, 1835
208084, 1834
185328, 1831
126567, 1830
162698, 1829
279491, 1828
10149, 1827
275827, 1827
63521, 1824
260735, 1824
30443, 1823
79471, 1823
39093, 1820
159145, 1819
5133, 1818
40191, 1818
46493, 1818
131848, 1818
287371, 1818
4007, 1816
114105, 1816
272277, 1814
203405, 1813
295019, 1813
162577, 1812
145492, 1811
160729, 1811
172063, 1811
28770, 1810
68419, 1809
37747, 1808
42767, 1808
122490, 1807
170755, 1807
216957, 1807
15412, 1806
165599, 1806
121385, 1805
132737, 1805
180451, 1805
185435, 1805
197164, 1805
227646, 1805
179751, 1804
107153, 1801
53836, 1800
56317, 1800
57204, 1800
97729, 1800
117805, 1800
159349, 1799
157786, 1798
280482, 1798
69938, 1797
181568, 1797
30550, 1796
151883, 1795
130468, 1793
42815, 1792
79785, 1792
125803, 1792
219165, 1790
135864, 1789
189494, 1789
259790, 1789
273637, 1789
295012, 1789
58986, 1788
87072, 1788
44138, 1785
119317, 1785
133225, 1785
217665, 1785
236759, 1784
119869, 1783
144728, 1783
148898, 1783
275375, 1783
277959, 1783
146363, 1780
129345, 1778
134182, 1778
160954, 1778
67095, 1777
67342, 1775
190752, 1775
131123, 1774
210575, 1774
223313, 1774
224689, 1774
251715, 1774
265712, 1774
174360, 1773
58158, 1772
138031, 1772
201225, 1772
269099, 1772
5811, 1770
97978, 1770
207953, 1770
227113, 1769
251179, 1769
257828, 1769
46203, 1768
65780, 1768
86037, 1768
87988, 1768
128410, 1768
141499, 1768
148785, 1768
151122, 1768
155399, 1768
201659, 1768
41191, 1766
68824, 1766
187099, 1766
196040, 1766
58320, 1762
57470, 1760
90352, 1760
106217, 1760
115960, 1760
162964, 1760
227200, 1760
261245, 1760
95665, 1759
108943, 1759
113536, 1759
267461, 1759
113289, 1758
124859, 1757
217640, 1757
262410, 1757
268162, 1757
89814, 1756
51067, 1755
77832, 1755
25153, 1754
37550, 1754
154419, 1754
145285, 1753
289725, 1753
92385, 1752
202807, 1752
115805, 1751
292701, 1751
258465, 1750
56330, 1749
122768, 1749
188481, 1749
193086, 1749
207073, 1749
242102, 1749
287565, 1749
288587, 1749
88672, 1748
136816, 1748
208354, 1748
50594, 1747
99771, 1747
97506, 1746
20162, 1745
179670, 1745
219398, 1745
225644, 1745
116254, 1743
191371, 1743
58860, 1741
200737, 1740
257303, 1740
168136, 1739
190239, 1739
264319, 1739
269108, 1739
143550, 1738
25088, 1737
122084, 1737
134843, 1737
159864, 1737
188806, 1737
217302, 1737
219754, 1737
225631, 1737
47800, 1734
87314, 1732
195676, 1732
33067, 1731
40536, 1731
169891, 1731
113316, 1729
202920, 1729
162431, 1728
54393, 1727
146631, 1727
223567, 1727
49418, 1724
87372, 1724
229454, 1724
190127, 1722
116335, 1721
162625, 1721
173842, 1721
158965, 1718
268308, 1718
271006, 1718
272773, 1718
281829, 1717
100972, 1714
107606, 1714
112913, 1714
134017, 1714
152233, 1714
160973, 1714
220243, 1714
240819, 1714
248588, 1714
259935, 1714
275833, 1714
111716, 1710
46893, 1708
196512, 1708
294211, 1708
75084, 1707
210925, 1707
255343, 1705
218535, 1704
255190, 1704
272403, 1704
216874, 1702
241411, 1701
265549, 1701
53318, 1700
21304, 1699
42919, 1699
63498, 1697
107241, 1697
191736, 1697
206782, 1697
210350, 1697
219400, 1697
284543, 1697
37485, 1695
38997, 1695
54053, 1695
73708, 1695
83970, 1695
119358, 1695
119762, 1695
122588, 1695
139240, 1695
147121, 1695
160628, 1695
167629, 1695
167736, 1695
171337, 1695
171734, 1695
178379, 1695
191800, 1695
193147, 1695
217506, 1695
219663, 1695
222684, 1695
226979, 1695
230519, 1695
252200, 1695
262275, 1695
11458, 1694
42366, 1694
129553, 1694
213349, 1694
197679, 1693
278021, 1693
12234, 1692
94895, 1692
109401, 1692
137283, 1691
230098, 1691
250754, 1691
275843, 1691
10286, 1690
66804, 1690
86841, 1690
103556, 1690
255003, 1690
282644, 1690
150091, 1689
218947, 1689
244740, 1688
280898, 1688
4745, 1687
47684, 1687
130155, 1687
146072, 1687
271546, 1687
275021, 1687
177683, 1686
269179, 1686
207609, 1685
264992, 1685
111966, 1684
238109, 1684
177248, 1683
211361, 1683
212163, 1683
227714, 1683
273937, 1683
277283, 1683
292006, 1683
62983, 1682
244004, 1681
251371, 1681
32124, 1679
236793, 1679
288345, 1679
140023, 1678
18129, 1677
25348, 1677
26860, 1677
47712, 1677
85723, 1677
107325, 1677
123713, 1677
146882, 1675
24450, 1674
216988, 1674
150447, 1673
268382, 1669
88059, 1668
202467, 1668
98498, 1667
94943, 1666
186300, 1666
118056, 1665
130713, 1665
225803, 1665
49534, 1664
73692, 1664
81280, 1664
82921, 1664
84089, 1664
99086, 1664
101928, 1664
104906, 1664
107774, 1664
108400, 1664
113484, 1664
118629, 1664
130819, 1664
136555, 1664
156158, 1664
163947, 1664
164699, 1664
167141, 1664
179005, 1664
185477, 1664
193712, 1664
199928, 1664
207564, 1664
215329, 1664
219792, 1664
237156, 1664
251025, 1664
253696, 1664
269620, 1664
293756, 1664
295899, 1664
12022, 1663
137968, 1663
222645, 1663
237829, 1663
4652, 1662
118693, 1662
238560, 1661
274902, 1661
291636, 1661
52673, 1660
51009, 1659
67319, 1657
159483, 1657
219798, 1656
9808, 1654
294471, 1654
54706, 1652
151088, 1650
155873, 1650
239999, 1649
190218, 1647
290154, 1647
34775, 1646
37150, 1646
55688, 1646
69359, 1646
78923, 1646
79025, 1646
84001, 1646
84570, 1646
86296, 1646
102038, 1646
107917, 1646
116992, 1646
125125, 1646
141535, 1646
145188, 1646
150950, 1646
164790, 1646
166429, 1646
181160, 1646
186232, 1646
197506, 1646
203260, 1646
220624, 1646
261659, 1646
278914, 1646
287186, 1646
16093, 1645
69512, 1645
132666, 1645
157821, 1645
165677, 1645
235955, 1645
271262, 1645
186170, 1644
76238, 1643
214935, 1643
241629, 1643
42965, 1642
49199, 1642
105254, 1641
161895, 1641
193754, 1641
215714, 1641
243915, 1641
249190, 1641
132488, 1640
265441, 1640
5487, 1639
65322, 1639
71940, 1639
79433, 1639
81603, 1639
111022, 1639
114729, 1639
116744, 1639
119621, 1639
133167, 1639
145617, 1639
150189, 1639
154346, 1639
160301, 1639
171911, 1639
185847, 1639
198017, 1639
216694, 1639
217564, 1639
222970, 1639
224978, 1639
226035, 1639
229083, 1639
229399, 1639
232105, 1639
232652, 1639
239240, 1639
244951, 1639
251680, 1639
254784, 1639
267213, 1639
267969, 1639
273782, 1639
39935, 1638
73060, 1638
274802, 1638
281038, 1637
32929, 1636
102183, 1635
125833, 1634
151048, 1634
188925, 1634
269769, 1634
233050, 1633
267453, 1633
91708, 1632
132366, 1632
91055, 1630
165734, 1630
178017, 1630
192397, 1630
198473, 1630
224432, 1630
262183, 1630
77559, 1628
78965, 1628
140680, 1628
154122, 1628
204726, 1626
244938, 1626
37536, 1625
126143, 1625
127455, 1625
128845, 1625
141602, 1625
149537, 1625
158131, 1625
161010, 1625
201829, 1625
219994, 1625
224312, 1625
226123, 1625
241259, 1625
241466, 1625
250982, 1625
256212, 1625
261728, 1625
277209, 1625
281306, 1625
290650, 1625
296513, 1625
104607, 1624
130798, 1624
152261, 1623
223042, 1623
226348, 1623
104140, 1622
235552, 1622
27463, 1620
107344, 1620
126367, 1620
199549, 1620
208629, 1620
159559, 1619
159878, 1619
184118, 1619
75327, 1618
80296, 1617
173291, 1616
226765, 1616
56547, 1614
121977, 1614
205871, 1614
247860, 1614
271052, 1614
58745, 1613
165627, 1613
19287, 1612
91163, 1612
124280, 1612
197157, 1612
46853, 1610
124543, 1610
18694, 1609
173935, 1609
203392, 1606
174866, 1605
205596, 1605
12370, 1604
261886, 1604
53070, 1600
122979, 1600
145201, 1600
190166, 1600
273384, 1600
275471, 1600
206620, 1599
247576, 1599
264687, 1599
4930, 1598
12136, 1598
47928, 1598
225769, 1598
72617, 1593
73705, 1593
105377, 1593
223551, 1593
267812, 1593
273571, 1593
1080, 1592
53906, 1592
141511, 1592
195572, 1592
197273, 1592
223803, 1592
245359, 1592
52407, 1590
257742, 1590
147416, 1589
155510, 1589
171796, 1589
199632, 1589
111123, 1588
189021, 1588
207709, 1588
237074, 1588
239404, 1588
248939, 1588
254850, 1588
266196, 1588
266493, 1588
185898, 1587
73792, 1584
112462, 1584
136447, 1584
138950, 1584
148047, 1584
186041, 1584
195925, 1584
197208, 1584
217881, 1584
257556, 1584
260573, 1584
281681, 1584
62124, 1583
31611, 1582
30690, 1581
160483, 1581
179203, 1581
252238, 1581
135829, 1580
238887, 1580
248595, 1580
279774, 1580
29376, 1579
86293, 1579
109455, 1579
115432, 1579
247472, 1579
249727, 1579
252674, 1579
255775, 1579
289045, 1579
83421, 1578
106271, 1578
83681, 1577
133284, 1577
150322, 1577
158136, 1577
160448, 1577
186633, 1577
196824, 1577
224797, 1577
225539, 1577
250413, 1577
276079, 1577
46654, 1576
112714, 1576
143791, 1576
215038, 1576
112342, 1575
175928, 1575
180968, 1575
207042, 1575
248321, 1575
271821, 1575
290886, 1575
294215, 1575
197609, 1574
254743, 1574
157955, 1573
289438, 1573
125298, 1572
203252, 1572
247315, 1572
150723, 1570
221621, 1570
194576, 1567
117348, 1566
158786, 1566
170657, 1566
175117, 1566
268366, 1566
274565, 1566
5839, 1564
28229, 1564
88450, 1564
97975, 1564
173210, 1564
201106, 1564
204433, 1564
215665, 1564
10836, 1563
155249, 1562
250455, 1562
22627, 1560
89669, 1560
89752, 1560
90706, 1560
91574, 1560
101708, 1560
106698, 1560
112873, 1560
115241, 1560
118021, 1560
122095, 1560
125870, 1560
138563, 1560
141633, 1560
152712, 1560
154310, 1560
160291, 1560
167520, 1560
173049, 1560
180315, 1560
181916, 1560
181920, 1560
184480, 1560
185832, 1560
188220, 1560
195351, 1560
199889, 1560
204017, 1560
208362, 1560
214785, 1560
215496, 1560
216322, 1560
216526, 1560
217320, 1560
219403, 1560
219478, 1560
223877, 1560
228366, 1560
230868, 1560
237101, 1560
238604, 1560
238840, 1560
242763, 1560
243671, 1560
250416, 1560
251385, 1560
253019, 1560
254719, 1560
259812, 1560
269049, 1560
269885, 1560
275579, 1560
277462, 1560
278803, 1560
284241, 1560
287464, 1560
292259, 1560
296149, 1560
296322, 1560
157676, 1559
252491, 1559
273607, 1559
295287, 1559
80010, 1556
91382, 1556
199449, 1556
257625, 1556
16082, 1555
147706, 1553
204587, 1553
262671, 1553
76782, 1551
170733, 1551
210288, 1551
108249, 1550
38024, 1549
19298, 1548
98274, 1548
115424, 1548
273068, 1547
132533, 1546
179419, 1546
43382, 1545
94725, 1545
250399, 1545
36394, 1544
107622, 1544
155952, 1544
166631, 1544
174878, 1544
180752, 1544
219374, 1544
228075, 1544
231720, 1544
236874, 1544
264081, 1544
282842, 1544
31074, 1543
95223, 1543
98851, 1543
109206, 1543
118549, 1543
132403, 1543
152771, 1543
178578, 1543
183722, 1543
190272, 1543
216392, 1543
230043, 1543
239894, 1543
253774, 1543
271104, 1543
274482, 1543
279911, 1543
282094, 1543
291615, 1543
137823, 1542
79246, 1541
236464, 1541
253554, 1539
134177, 1538
250853, 1538
22200, 1537
56394, 1537
73342, 1537
283734, 1536
284561, 1534
129221, 1533
154013, 1533
248659, 1533
132192, 1532
194609, 1532
223136, 1532
261037, 1531
69464, 1530
87997, 1530
104860, 1530
117794, 1530
184210, 1530
186780, 1530
238381, 1530
244950, 1530
246728, 1530
258603, 1530
284874, 1530
288675, 1530
7772, 1529
16892, 1529
69064, 1529
94743, 1529
101160, 1529
216755, 1529
47851, 1528
59902, 1526
78537, 1526
251174, 1526
266516, 1526
136188, 1525
207243, 1524
115506, 1523
122255, 1523
136682, 1523
147669, 1523
213227, 1523
257285, 1523
190111, 1522
131179, 1521
149989, 1521
199588, 1521
233218, 1521
240739, 1521
254973, 1521
274642, 1521
291256, 1521
296287, 1521
248422, 1520
96303, 1518
230409, 1518
246656, 1518
270600, 1518
275026, 1518
29550, 1517
68117, 1517
79472, 1517
125451, 1517
162020, 1517
271097, 1517
122955, 1516
71999, 1514
73392, 1514
115313, 1514
166884, 1514
235017, 1514
243302, 1514
250095, 1514
261413, 1514
264216, 1514
281820, 1514
108190, 1513
207087, 1513
245338, 1513
257987, 1513
67397, 1512
207951, 1512
240322, 1512
140242, 1511
253215, 1511
78466, 1510
166219, 1510
21402, 1509
42034, 1509
116356, 1509
294669, 1509
53889, 1507
57577, 1507
105968, 1507
116736, 1507
40303, 1505
66585, 1505
73147, 1505
74835, 1505
78382, 1505
84184, 1505
101427, 1505
119356, 1505
131810, 1505
189341, 1505
69134, 1504
93681, 1504
116634, 1504
280794, 1504
24573, 1503
66556, 1503
68963, 1503
100966, 1503
122244, 1503
214471, 1503
235456, 1503
112962, 1500
222231, 1500
60327, 1499
55344, 1498
232800, 1498
265553, 1498
121536, 1497
208521, 1497
222283, 1497
137541, 1496
186676, 1496
281550, 1496
67267, 1495
247937, 1495
257265, 1495
280606, 1495
10818, 1494
40873, 1494
54489, 1494
156611, 1494
175850, 1494
181709, 1494
229001, 1494
278466, 1494
290053, 1494
118761, 1493
119553, 1493
124009, 1493
150209, 1493
153041, 1493
288343, 1493
155001, 1492
163050, 1492
166154, 1492
218390, 1492
222081, 1492
223513, 1492
233134, 1492
234506, 1492
262738, 1492
266446, 1492
268987, 1492
34063, 1489
184948, 1489
205211, 1489
209026, 1489
280183, 1489
15897, 1486
39402, 1486
80622, 1486
92761, 1486
98172, 1486
156751, 1486
208503, 1486
225104, 1486
153197, 1485
159738, 1485
173200, 1485
229826, 1485
208720, 1484
253114, 1484
112578, 1481
151143, 1480
170515, 1480
30648, 1479
97362, 1479
139654, 1479
141599, 1479
157724, 1479
159600, 1479
161133, 1479
192559, 1479
193207, 1479
201387, 1479
213766, 1479
227719, 1479
246580, 1479
281409, 1479
281557, 1479
282839, 1479
223549, 1478
290322, 1478
34748, 1477
114289, 1477
187213, 1477
54624, 1476
91117, 1476
97464, 1476
123947, 1476
217267, 1476
260196, 1476
284517, 1476
257986, 1474
105724, 1473
150149, 1473
186761, 1473
292218, 1473
134335, 1470
196510, 1470
113504, 1469
161683, 1469
248854, 1469
190422, 1468
271182, 1468
77831, 1467
171135, 1467
213715, 1467
228718, 1467
287233, 1467
20927, 1465
21344, 1465
230422, 1465
288104, 1465
135502, 1464
209177, 1464
234830, 1464
277701, 1464
295439, 1464
13242, 1463
62055, 1463
64357, 1463
68531, 1463
70710, 1463
84305, 1463
84931, 1463
125985, 1463
130788, 1463
187381, 1463
191150, 1463
209668, 1463
217191, 1463
237899, 1463
272706, 1463
285970, 1463
82545, 1461
95152, 1461
179875, 1461
230666, 1461
240049, 1460
247516, 1460
26907, 1459
54237, 1459
62101, 1459
64056, 1459
91532, 1459
101545, 1459
123764, 1459
125210, 1459
149373, 1459
231250, 1459
251239, 1459
150959, 1458
276654, 1458
7157, 1456
10299, 1456
148563, 1456
145475, 1455
234631, 1455
110829, 1454
227946, 1454
239256, 1454
7342, 1453
33051, 1453
40409, 1453
46828, 1453
75564, 1453
77560, 1453
79547, 1453
82874, 1453
90867, 1453
99618, 1453
108801, 1453
123774, 1453
126799, 1453
127638, 1453
127837, 1453
148044, 1453
149932, 1453
153001, 1453
155957, 1453
174433, 1453
189362, 1453
194709, 1453
221508, 1453
230274, 1453
230516, 1453
238705, 1453
240913, 1453
247395, 1453
251545, 1453
253885, 1453
258912, 1453
260415, 1453
269196, 1453
270982, 1453
281206, 1453
282852, 1453
287177, 1453
293810, 1453
92782, 1452
114029, 1451
175285, 1451
178916, 1451
178952, 1451
256283, 1451
285217, 1451
295713, 1451
110331, 1450
148331, 1450
158204, 1450
178855, 1450
222485, 1450
3015, 1449
120611, 1449
125233, 1449
184593, 1449
61055, 1448
241284, 1448
239704, 1447
274260, 1447
105707, 1446
238860, 1446
287760, 1446
148342, 1445
203442, 1445
85776, 1442
204235, 1442
198642, 1441
211882, 1441
214704, 1441
277607, 1441
113059, 1440
30156, 1438
50772, 1438
105382, 1438
125273, 1438
173646, 1438
185261, 1438
221921, 1438
35678, 1437
121845, 1437
157772, 1437
171662, 1437
211344, 1437
220486, 1437
32654, 1436
87735, 1436
102878, 1436
185379, 1436
238883, 1436
243070, 1436
284599, 1436
48509, 1435
107519, 1435
192087, 1435
205626, 1435
247135, 1435
95513, 1434
127484, 1434
145133, 1434
196755, 1434
112461, 1433
233513, 1433
254354, 1433
266814, 1433
283441, 1433
87254, 1432
3094, 1431
121937, 1431
129912, 1429
249713, 1429
288225, 1429
5658, 1428
7763, 1428
15637, 1428
249743, 1428
292935, 1428
150486, 1427
158654, 1427
87624, 1426
38969, 1425
52001, 1425
64403, 1425
89820, 1425
96693, 1425
121307, 1425
131426, 1425
165495, 1425
177193, 1425
187481, 1425
197735, 1425
206269, 1425
210860, 1425
220750, 1425
234257, 1425
237961, 1425
243893, 1425
260580, 1425
269591, 1425
275857, 1425
185806, 1424
231166, 1424
280922, 1424
61341, 1422
63205, 1422
77718, 1422
87593, 1422
96771, 1422
116056, 1422
145446, 1422
157958, 1422
182819, 1422
230210, 1422
251566, 1422
282873, 1422
242855, 1420
173247, 1419
234107, 1419
272406, 1418
201798, 1417
81368, 1415
95358, 1415
96583, 1415
129243, 1415
139562, 1415
143428, 1415
160908, 1415
177963, 1415
182906, 1415
230539, 1415
257366, 1415
125912, 1414
210934, 1414
57127, 1413
146563, 1413
191358, 1413
50070, 1412
137342, 1412
203123, 1411
105225, 1409
160088, 1409
100734, 1408
249292, 1408
245245, 1407
99195, 1406
214539, 1406
248635, 1406
172250, 1404
71626, 1403
128458, 1403
156385, 1403
15327, 1402
102870, 1402
130431, 1402
148974, 1402
201514, 1402
207151, 1402
218828, 1402
236189, 1402
295922, 1402
125085, 1400
62596, 1399
221672, 1399
260715, 1399
61404, 1398
67242, 1397
85921, 1397
113115, 1397
116770, 1397
169235, 1397
170804, 1397
221089, 1397
250641, 1397
15084, 1396
94163, 1396
124410, 1396
140063, 1396
161719, 1396
172173, 1396
202322, 1396
268662, 1396
164816, 1395
208922, 1395
67430, 1393
150586, 1393
14238, 1392
19389, 1392
262824, 1392
283452, 1392
292776, 1392
74642, 1391
77623, 1391
100263, 1391
128797, 1391
158111, 1391
161677, 1391
191855, 1391
295250, 1391
48480, 1390
118104, 1390
75138, 1389
106545, 1388
120333, 1388
236478, 1388
120914, 1387
180473, 1387
218016, 1386
30604, 1385
52012, 1385
46238, 1382
49474, 1382
88024, 1382
34444, 1381
159843, 1381
196567, 1381
25030, 1380
101937, 1380
164412, 1380
177523, 1380
225904, 1380
276380, 1380
151401, 1379
177324, 1379
242671, 1379
281779, 1379
143977, 1378
100120, 1377
157827, 1377
185636, 1377
191167, 1377
252581, 1377
280034, 1377
87067, 1376
55080, 1375
70036, 1375
146656, 1374
173053, 1373
230293, 1373
253025, 1373
261790, 1373
45378, 1371
110390, 1371
268350, 1371
255729, 1370
103173, 1368
167744, 1368
281906, 1368
29852, 1367
40881, 1367
45106, 1367
83928, 1367
134969, 1367
140971, 1367
174208, 1367
112670, 1366
229199, 1366
142709, 1365
179916, 1365
268247, 1365
170055, 1364
283495, 1364
162142, 1363
235687, 1363
103974, 1362
204708, 1362
205045, 1362
238732, 1362
282418, 1362
66278, 1361
193429, 1361
295959, 1361
81625, 1360
127364, 1360
137672, 1360
61326, 1359
98051, 1359
169112, 1359
115861, 1358
224953, 1357
68582, 1356
98038, 1356
205663, 1356
223511, 1356
135754, 1355
88118, 1352
139594, 1352
143956, 1352
256015, 1352
80249, 1351
124903, 1351
139549, 1351
146361, 1351
207491, 1351
207633, 1351
289727, 1351
22737, 1350
230282, 1350
296319, 1350
73844, 1349
277635, 1349
277769, 1349
285943, 1349
43692, 1348
86332, 1347
135262, 1347
239294, 1347
272972, 1347
13179, 1346
127529, 1344
145766, 1344
204066, 1344
206155, 1344
275599, 1344
33982, 1343
190717, 1343
232781, 1343
254143, 1343
257469, 1343
154095, 1342
178539, 1342
13727, 1341
99358, 1340
104052, 1340
110300, 1340
135996, 1340
142565, 1340
207233, 1340
220909, 1340
262407, 1340
269234, 1340
288074, 1340
23768, 1339
189425, 1339
207201, 1339
7859, 1338
23830, 1338
201898, 1338
151376, 1337
215546, 1337
31224, 1335
43300, 1335
185990, 1335
186862, 1335
196694, 1335
68415, 1333
230650, 1332
252309, 1331
296051, 1331
219679, 1330
140901, 1329
157241, 1329
195138, 1329
265340, 1329
97587, 1328
141951, 1328
151849, 1328
208384, 1328
210564, 1328
254084, 1328
281530, 1328
61074, 1326
68349, 1326
102796, 1326
256018, 1326
59143, 1325
97685, 1325
109115, 1325
148183, 1325
215758, 1325
218263, 1325
249269, 1325
254839, 1325
283666, 1325
50934, 1324
53749, 1324
77562, 1324
78491, 1324
92673, 1324
98450, 1324
107007, 1324
117152, 1324
142994, 1324
179654, 1324
189084, 1324
189507, 1324
196971, 1324
253791, 1324
119011, 1323
168974, 1323
215865, 1323
233194, 1323
255500, 1323
263552, 1323
264306, 1323
266265, 1323
13348, 1322
40685, 1322
60918, 1322
68576, 1322
69736, 1322
96267, 1322
98858, 1322
105798, 1322
137875, 1322
140218, 1322
205675, 1322
133329, 1321
160670, 1321
162301, 1321
169978, 1321
175003, 1321
182448, 1321
186577, 1321
213495, 1321
221355, 1321
238263, 1321
253023, 1321
264923, 1321
281400, 1321
285019, 1321
286137, 1321
26083, 1320
55654, 1320
141870, 1320
148719, 1320
263962, 1320
86798, 1319
147792, 1319
225776, 1319
176292, 1318
263165, 1318
294375, 1318
294986, 1318
171603, 1317
198249, 1317
227910, 1317
237450, 1317
249042, 1317
281786, 1317
81461, 1316
202855, 1316
15054, 1315
94862, 1315
118845, 1315
151921, 1315
181074, 1315
50342, 1314
88005, 1314
114928, 1314
264265, 1314
105803, 1313
233475, 1313
113273, 1312
149593, 1312
131202, 1310
183908, 1310
115847, 1309
78814, 1308
292780, 1308
61098, 1307
70162, 1307
73603, 1307
102862, 1307
109091, 1307
167076, 1307
210321, 1307
218678, 1307
294436, 1307
134108, 1305
6088, 1304
13549, 1304
239439, 1304
24906, 1303
23322, 1302
151727, 1302
289216, 1302
145357, 1301
147903, 1301
230319, 1301
286379, 1301
37581, 1300
201669, 1300
201849, 1300
22478, 1299
181766, 1299
246712, 1299
39690, 1298
82814, 1298
104177, 1298
138807, 1298
193575, 1298
238917, 1298
272063, 1298
103546, 1297
117228, 1297
172027, 1297
214227, 1297
154405, 1296
251054, 1296
31179, 1295
102044, 1295
118659, 1295
33659, 1294
102556, 1294
159680, 1294
165354, 1294
36223, 1292
76118, 1292
81630, 1292
92805, 1292
175565, 1292
212091, 1292
97435, 1291
110834, 1291
115349, 1291
131115, 1291
151427, 1291
171910, 1291
180626, 1291
204424, 1291
221886, 1291
287373, 1291
295817, 1291
81905, 1290
171077, 1290
292124, 1290
97938, 1289
142543, 1288
242281, 1288
243195, 1288
46177, 1287
54726, 1287
57146, 1287
169640, 1287
226132, 1287
232844, 1287
115259, 1286
126218, 1286
51020, 1285
109770, 1285
245445, 1285
267946, 1285
287232, 1285
67090, 1284
103551, 1284
103874, 1284
117314, 1284
120158, 1284
143638, 1284
152649, 1284
152938, 1284
168541, 1284
194727, 1284
232642, 1284
259950, 1284
266047, 1284
273891, 1284
52084, 1283
72368, 1283
153588, 1283
217280, 1283
259144, 1283
275884, 1283
277965, 1283
289740, 1283
69036, 1282
121464, 1282
80686, 1280
101618, 1280
118230, 1279
224471, 1279
253388, 1279
15183, 1278
48049, 1278
98361, 1278
125105, 1278
175666, 1278
231540, 1278
242507, 1278
271952, 1278
134796, 1277
8457, 1276
84835, 1276
115386, 1276
153767, 1276
217884, 1276
28073, 1274
140533, 1273
142964, 1273
17681, 1272
33281, 1272
201240, 1272
48198, 1271
53627, 1271
86189, 1271
139296, 1271
130777, 1270
235272, 1269
14558, 1268
122868, 1268
200385, 1268
261268, 1268
108796, 1267
121179, 1267
138409, 1267
173284, 1267
183725, 1267
231415, 1267
6724, 1265
87567, 1264
56859, 1263
78946, 1263
85064, 1263
219785, 1263
49095, 1262
70615, 1262
209311, 1262
258729, 1262
31623, 1261
166497, 1261
218479, 1261
292014, 1261
33235, 1260
104811, 1260
126176, 1260
93134, 1259
160331, 1258
194030, 1258
275256, 1258
141380, 1257
22741, 1256
54901, 1256
65023, 1256
71315, 1256
138934, 1256
207280, 1256
219608, 1256
259152, 1256
271139, 1256
282421, 1255
39707, 1254
42583, 1254
47573, 1254
61137, 1254
66068, 1254
77326, 1254
79566, 1254
92190, 1254
98206, 1254
108283, 1254
112097, 1254
114061, 1254
135667, 1254
151458, 1254
164501, 1254
169675, 1254
184687, 1254
188240, 1254
212654, 1254
232573, 1254
249818, 1254
262946, 1254
271646, 1254
272856, 1254
284949, 1254
291842, 1254
293527, 1254
286998, 1253
28612, 1252
23513, 1251
67670, 1251
196631, 1251
81099, 1250
192215, 1250
259406, 1250
158623, 1249
254849, 1249
270404, 1249
286623, 1249
42289, 1248
92849, 1248
2309, 1247
234727, 1247
239431, 1247
36685, 1245
88436, 1245
162013, 1245
221771, 1245
125463, 1244
284814, 1244
21798, 1243
32400, 1243
41609, 1243
44803, 1243
55594, 1243
114979, 1243
153123, 1243
154855, 1243
262610, 1243
272505, 1243
94845, 1242
119225, 1242
224866, 1242
289709, 1242
27200, 1241
57674, 1241
261670, 1241
198512, 1240
78505, 1239
170177, 1239
203988, 1239
22102, 1238
49854, 1238
113785, 1238
156191, 1238
174399, 1238
254546, 1238
53586, 1237
97423, 1237
129639, 1237
130167, 1237
206650, 1237
214331, 1237
57705, 1236
92238, 1236
102536, 1236
105311, 1236
110288, 1236
159992, 1236
165971, 1236
169027, 1236
223094, 1236
247902, 1236
250104, 1236
252165, 1236
39585, 1235
67290, 1235
97520, 1235
137673, 1235
152494, 1235
160522, 1235
170178, 1235
14188, 1234
39986, 1234
130212, 1234
167799, 1234
241676, 1234
100857, 1233
170680, 1233
273075, 1233
16734, 1232
17278, 1232
43157, 1232
51398, 1232
54941, 1232
96877, 1232
125726, 1232
131277, 1232
136321, 1232
190463, 1232
232006, 1232
141288, 1231
49290, 1230
59002, 1230
64217, 1230
64290, 1230
93160, 1230
105283, 1230
124666, 1230
136560, 1230
153606, 1230
154191, 1230
195718, 1230
197564, 1230
217709, 1230
248289, 1230
265391, 1230
281958, 1230
36480, 1229
112471, 1229
154395, 1229
169366, 1228
180129, 1228
205456, 1228
42591, 1226
84090, 1226
205745, 1225
232805, 1225
259001, 1225
288537, 1225
288939, 1225
54980, 1224
143613, 1224
178316, 1224
207515, 1224
263308, 1224
275080, 1224
282093, 1224
36118, 1223
38278, 1223
41980, 1223
46644, 1223
62076, 1223
67366, 1223
79074, 1223
83310, 1223
92922, 1223
94972, 1223
99254, 1223
101196, 1223
103365, 1223
119934, 1223
140258, 1223
148559, 1223
149863, 1223
153207, 1223
163203, 1223
189981, 1223
191973, 1223
198997, 1223
207509, 1223
208776, 1223
211601, 1223
220221, 1223
228636, 1223
232367, 1223
237967, 1223
239214, 1223
249112, 1223
251788, 1223
252305, 1223
262179, 1223
264200, 1223
268746, 1223
275263, 1223
292035, 1223
26102, 1222
31667, 1222
248057, 1222
291208, 1222
94624, 1221
217937, 1221
270291, 1221
154233, 1220
165079, 1220
264492, 1220
79193, 1219
166519, 1219
107047, 1218
184104, 1218
225223, 1218
257917, 1218
268502, 1218
27895, 1217
77592, 1217
79716, 1217
100123, 1217
129926, 1217
168813, 1217
184112, 1217
191261, 1217
231374, 1217
96221, 1216
100877, 1216
102415, 1216
157781, 1216
268347, 1216
19643, 1215
62505, 1215
127331, 1215
251579, 1215
95173, 1214
154218, 1214
201252, 1213
220385, 1213
252046, 1213
54908, 1212
62979, 1212
71892, 1212
150727, 1212
162927, 1212
271957, 1212
14432, 1211
45622, 1211
58907, 1211
69826, 1211
156472, 1211
187326, 1211
207364, 1211
264595, 1211
277788, 1211
292749, 1211
10472, 1210
179129, 1210
256063, 1210
27184, 1209
30539, 1209
80616, 1209
102021, 1209
126887, 1209
137041, 1209
165711, 1209
202535, 1209
235413, 1209
290992, 1209
12325, 1208
29419, 1208
74899, 1208
199778, 1208
190170, 1207
71677, 1206
236207, 1206
253158, 1206
48064, 1204
90432, 1204
241320, 1204
237092, 1203
37013, 1202
45771, 1202
46727, 1202
66316, 1202
71267, 1202
75201, 1202
90147, 1202
218240, 1202
224731, 1202
28360, 1201
53964, 1201
79439, 1201
97187, 1201
186531, 1201
234921, 1201
235791, 1201
248685, 1201
250997, 1201
20721, 1200
25382, 1200
32255, 1200
33991, 1200
40542, 1200
71946, 1200
162357, 1200
206013, 1200
229894, 1200
241800, 1200
249478, 1200
269056, 1200
214982, 1198
52803, 1196
59777, 1196
64674, 1196
158868, 1196
181949, 1196
211545, 1196
248878, 1196
281231, 1196
155293, 1195
185789, 1195
209469, 1195
269957, 1195
204203, 1194
230981, 1194
127627, 1193
137828, 1192
230378, 1192
269278, 1192
52855, 1191
145945, 1191
185462, 1191
203558, 1191
45152, 1190
52944, 1190
61229, 1190
64481, 1190
146297, 1190
181444, 1190
191165, 1190
240341, 1190
275090, 1190
9908, 1189
36571, 1189
10282, 1188
221338, 1188
237730, 1188
90616, 1187
95889, 1187
97264, 1187
203127, 1187
272281, 1187
273350, 1187
119361, 1186
129319, 1186
145005, 1186
109291, 1185
132060, 1185
158983, 1185
243282, 1185
280066, 1185
144726, 1184
24854, 1183
50043, 1183
78057, 1183
93302, 1183
50078, 1182
160059, 1182
228808, 1182
241644, 1182
249145, 1182
119144, 1181
205947, 1181
213945, 1181
226626, 1181
243927, 1181
266364, 1181
139782, 1180
92933, 1179
208734, 1179
33462, 1177
138426, 1177
143644, 1177
144661, 1177
147596, 1177
189359, 1177
200172, 1177
217232, 1177
255157, 1177
255689, 1177
47579, 1176
36309, 1175
44671, 1175
56773, 1175
56981, 1175
67365, 1175
79308, 1175
99263, 1175
101738, 1175
102328, 1175
118393, 1175
126820, 1175
127035, 1175
136527, 1175
188443, 1175
190678, 1175
191040, 1175
214191, 1175
242764, 1175
247185, 1175
255218, 1175
255282, 1175
258183, 1175
268519, 1175
268634, 1175
272696, 1175
275814, 1175
285033, 1175
52943, 1174
91231, 1174
101891, 1174
134797, 1174
60367, 1173
90311, 1173
111789, 1173
32959, 1172
50168, 1172
102437, 1172
275410, 1172
210655, 1171
60484, 1170
72947, 1170
79744, 1170
87357, 1170
162958, 1170
169032, 1170
185132, 1170
187635, 1170
210772, 1170
231888, 1170
269550, 1170
288662, 1170
51988, 1169
69355, 1169
267481, 1169
26293, 1167
100198, 1167
145941, 1167
184383, 1167
139345, 1166
289594, 1166
236881, 1165
266205, 1165
92534, 1164
191759, 1164
204617, 1164
240254, 1164
244565, 1164
270888, 1164
284405, 1164
69638, 1162
137478, 1162
251273, 1162
171518, 1161
161464, 1159
190100, 1159
242807, 1159
265884, 1159
294758, 1159
166681, 1158
245874, 1158
39131, 1157
114862, 1157
132033, 1157
136125, 1157
168799, 1157
182947, 1157
210623, 1157
224296, 1157
280653, 1157
42548, 1156
233363, 1156
285582, 1156
21678, 1155
97753, 1155
166183, 1155
222723, 1155
241112, 1155
243153, 1155
66679, 1154
131702, 1154
169555, 1154
203094, 1154
208343, 1154
270240, 1154
272139, 1154
137880, 1153
280084, 1153
67860, 1152
38285, 1151
103584, 1151
136543, 1151
287839, 1151
288474, 1151
58472, 1150
206834, 1150
137450, 1149
221235, 1149
239420, 1149
76748, 1148
85650, 1148
98730, 1148
99675, 1148
105109, 1148
144273, 1148
258312, 1148
262194, 1148
287249, 1148
188857, 1147
228156, 1147
238844, 1147
96434, 1146
134898, 1146
143132, 1146
223266, 1146
121980, 1145
208769, 1145
276622, 1145
130326, 1144
30184, 1142
44406, 1142
105235, 1142
135853, 1142
147854, 1142
225615, 1142
31568, 1141
293638, 1141
51943, 1140
63256, 1140
69273, 1140
110722, 1140
256986, 1140
261765, 1140
296224, 1140
86768, 1139
120538, 1139
134711, 1139
134739, 1139
137319, 1139
290841, 1139
99228, 1138
115141, 1138
178913, 1138
216975, 1138
192220, 1137
215737, 1137
69707, 1136
84889, 1136
190725, 1136
22291, 1135
40023, 1135
54767, 1135
85992, 1135
105872, 1135
107354, 1135
131970, 1135
166635, 1135
171071, 1135
194932, 1135
214340, 1135
238253, 1135
258538, 1135
292975, 1135
90704, 1134
124559, 1134
280804, 1134
169256, 1133
209835, 1133
85868, 1131
141119, 1131
190679, 1131
202572, 1131
211219, 1131
18435, 1130
136258, 1130
274213, 1130
284365, 1130
285663, 1130
215125, 1128
20351, 1127
57012, 1127
83554, 1127
100410, 1127
102884, 1127
103324, 1127
104476, 1127
133312, 1127
148959, 1127
151831, 1127
159977, 1127
174811, 1127
178089, 1127
197920, 1127
215473, 1127
245396, 1127
259516, 1127
268907, 1127
294892, 1127
64310, 1126
138253, 1126
145868, 1126
274558, 1126
234834, 1125
290200, 1125
42474, 1124
114969, 1124
31815, 1123
83327, 1123
18924, 1122
77624, 1122
119402, 1122
143086, 1122
149417, 1122
18657, 1121
20906, 1121
52386, 1121
147514, 1121
23156, 1120
110148, 1120
114310, 1120
122502, 1120
124308, 1120
180808, 1120
181369, 1120
185595, 1120
191536, 1120
193591, 1120
203081, 1120
250406, 1120
284596, 1120
72755, 1119
144451, 1119
290465, 1119
41767, 1118
47658, 1118
54244, 1118
75139, 1118
137137, 1118
154137, 1118
162560, 1118
171791, 1118
178676, 1118
181522, 1118
206813, 1118
233903, 1118
280593, 1118
50633, 1117
93368, 1117
107453, 1117
104050, 1116
194967, 1116
27487, 1115
81271, 1115
118282, 1115
176951, 1115
27314, 1114
50604, 1114
60056, 1114
108882, 1114
160781, 1114
244400, 1114
279821, 1114
162048, 1113
7584, 1112
82454, 1112
95720, 1112
115971, 1112
157668, 1112
235596, 1112
261129, 1112
272339, 1112
280129, 1112
79623, 1111
38355, 1110
194852, 1110
259195, 1110
3874, 1109
9417, 1109
98027, 1109
127358, 1109
167169, 1109
256980, 1109
66566, 1108
89399, 1108
99714, 1108
117924, 1108
126309, 1108
128016, 1108
136986, 1108
141046, 1108
146098, 1108
168407, 1108
214095, 1108
219053, 1108
224661, 1108
245069, 1108
259504, 1108
259992, 1108
293946, 1108
148310, 1107
157085, 1107
204162, 1107
288833, 1107
82371, 1106
159443, 1106
226911, 1106
277599, 1105
244734, 1104
245630, 1104
6372, 1103
68606, 1103
25005, 1102
144189, 1102
169585, 1102
174903, 1102
182637, 1102
194822, 1102
254164, 1102
61887, 1101
80009, 1101
173724, 1101
260421, 1101
265554, 1101
279065, 1101
29661, 1100
68026, 1100
68459, 1100
99064, 1100
159699, 1100
290938, 1100
192001, 1099
3096, 1098
7622, 1098
13581, 1098
204279, 1098
249114, 1098
141950, 1097
289421, 1097
166169, 1096
234517, 1096
92936, 1095
97266, 1095
99611, 1095
141242, 1095
144375, 1095
153196, 1095
121709, 1094
15894, 1093
38323, 1093
38475, 1093
127107, 1093
137725, 1093
247988, 1093
273379, 1093
28179, 1092
85025, 1092
141697, 1092
142548, 1092
163207, 1092
236319, 1092
10259, 1091
101900, 1091
105839, 1091
167782, 1091
226511, 1091
28033, 1090
29045, 1090
77765, 1090
83076, 1090
217449, 1089
47252, 1088
76999, 1088
287824, 1088
5379, 1087
38497, 1087
42847, 1087
65626, 1087
142047, 1087
94819, 1086
131456, 1086
276363, 1086
289911, 1086
60414, 1085
92376, 1085
102067, 1085
184893, 1085
257714, 1085
92348, 1084
128523, 1084
183398, 1083
230881, 1083
284396, 1083
76709, 1081
224009, 1081
249588, 1081
21679, 1080
81389, 1080
86286, 1080
95251, 1080
99881, 1080
198247, 1080
101105, 1079
129554, 1079
34338, 1078
13234, 1076
99127, 1076
137521, 1076
141009, 1076
239680, 1076
116986, 1075
264110, 1075
268668, 1075
283813, 1074
107934, 1073
273256, 1073
273383, 1073
66319, 1072
72979, 1072
121981, 1072
147464, 1072
182236, 1072
187127, 1072
194706, 1072
206174, 1072
220773, 1070
245022, 1070
21216, 1069
212431, 1069
103829, 1068
206672, 1068
233745, 1068
41705, 1066
74397, 1066
269644, 1066
137060, 1065
187573, 1065
200914, 1065
169353, 1064
123471, 1063
130530, 1063
141206, 1063
142139, 1063
254591, 1063
32649, 1062
112682, 1062
164820, 1062
176217, 1062
191598, 1062
202108, 1061
50317, 1060
63555, 1060
164228, 1060
190019, 1060
257562, 1060
115163, 1058
145729, 1058
182787, 1058
192816, 1058
202607, 1058
216756, 1058
231993, 1058
243111, 1058
245421, 1058
250582, 1058
265369, 1058
275520, 1057
235559, 1056
77146, 1055
185293, 1055
197452, 1055
85821, 1053
187167, 1053
55925, 1052
84528, 1052
103730, 1052
105472, 1052
159378, 1052
174891, 1052
240017, 1052
277474, 1052
48387, 1051
51259, 1051
61293, 1051
161543, 1051
165224, 1051
168951, 1051
209454, 1051
285117, 1051
119480, 1050
135258, 1050
172645, 1049
188351, 1049
191205, 1049
223478, 1049
231783, 1049
257152, 1049
285975, 1049
2046, 1048
112936, 1048
162160, 1048
172632, 1048
112262, 1047
192382, 1047
220458, 1047
241860, 1047
274413, 1047
289135, 1047
189218, 1046
250957, 1046
28182, 1045
33072, 1045
202062, 1045
42723, 1044
82091, 1043
89542, 1043
218520, 1043
237803, 1043
239185, 1043
58301, 1042
166274, 1040
168330, 1040
181927, 1040
193287, 1040
257182, 1040
270254, 1040
290209, 1040
294668, 1039
178403, 1038
180317, 1038
236927, 1038
67110, 1036
72076, 1036
79489, 1036
83083, 1036
111418, 1036
204711, 1036
84976, 1035
174035, 1035
151535, 1033
270775, 1033
11673, 1031
48537, 1031
84063, 1030
121136, 1030
97304, 1029
129135, 1029
189526, 1029
194161, 1029
260955, 1029
242205, 1028
46260, 1027
49847, 1027
56871, 1027
84378, 1027
96980, 1027
120660, 1027
123952, 1027
222963, 1027
252388, 1027
133633, 1026
146144, 1026
180926, 1026
234310, 1026
98781, 1025
52011, 1024
103622, 1024
126149, 1024
136343, 1024
152897, 1024
153966, 1024
162677, 1024
178860, 1024
185555, 1024
218508, 1024
245571, 1024
259056, 1024
261924, 1024
279740, 1024
281415, 1024
235341, 1023
6743, 1022
14951, 1021
99168, 1021
123765, 1021
167314, 1021
169897, 1021
4191, 1020
26670, 1020
84998, 1020
116935, 1020
127944, 1020
134141, 1020
152590, 1020
154517, 1020
161668, 1020
178417, 1020
197555, 1020
201650, 1020
223180, 1020
226453, 1020
242306, 1020
268581, 1020
271066, 1020
84291, 1019
128883, 1019
7170, 1018
28082, 1018
31986, 1018
45018, 1018
67100, 1018
130188, 1018
161451, 1018
165751, 1018
181712, 1018
181943, 1018
184449, 1018
191797, 1018
194473, 1018
209303, 1018
238181, 1018
250943, 1018
253493, 1018
256141, 1018
276456, 1018
258557, 1017
295856, 1017
42033, 1016
61733, 1016
66262, 1016
87550, 1016
163878, 1016
270079, 1016
166818, 1015
182576, 1015
198421, 1015
45790, 1014
177551, 1014
1366, 1013
2527, 1013
93713, 1013
118841, 1013
178491, 1013
184313, 1013
293799, 1013
61319, 1012
44873, 1011
52529, 1011
105128, 1011
240263, 1011
175834, 1010
210823, 1010
240408, 1010
249408, 1010
272695, 1010
274352, 1010
275816, 1010
287961, 1010
180854, 1009
187752, 1009
222547, 1009
231152, 1009
249110, 1009
80690, 1008
249007, 1008
260091, 1008
204292, 1007
156554, 1006
161496, 1006
120446, 1005
166282, 1005
71594, 1004
234582, 1003
241868, 1003
281290, 1003
39806, 1001
51430, 1001
94891, 1001
255507, 1000
287702, 1000
