54986, 118777
63013, 90923
98466, 90923
99615, 90923
118979, 90923
131874, 90923
104709, 83872
63827, 78458
78855, 78458
80687, 78458
85410, 78458
87901, 78458
89199, 78458
92654, 78458
97311, 78458
97437, 78458
98554, 78458
98957, 78458
99031, 78458
99100, 78458
99192, 78458
99583, 78458
100309, 78458
100818, 78458
100822, 78458
101365, 78458
101748, 78458
102247, 78458
102459, 78458
103294, 78458
103649, 78458
104080, 78458
105209, 78458
105361, 78458
107021, 78458
108732, 78458
108958, 78458
113654, 78458
113690, 78458
117904, 78458
118848, 78458
138007, 78458
51890, 75940
70304, 75940
71764, 75940
72885, 75940
74141, 75940
75524, 75940
75851, 75940
76504, 75940
76679, 75940
76830, 75940
78710, 75940
80337, 75940
80385, 75940
82819, 75940
83953, 75940
84033, 75940
84397, 75940
84803, 75940
84916, 75940
86072, 75940
86086, 75940
87893, 75940
88402, 75940
88926, 75940
89350, 75940
89414, 75940
89449, 75940
89821, 75940
91892, 75940
92138, 75940
92198, 75940
92675, 75940
93224, 75940
93719, 75940
94574, 75940
94642, 75940
94751, 75940
94752, 75940
95391, 75940
96193, 75940
96578, 75940
96692, 75940
97450, 75940
97933, 75940
98102, 75940
98611, 75940
99617, 75940
100025, 75940
100685, 75940
101174, 75940
102089, 75940
102122, 75940
103506, 75940
103759, 75940
104326, 75940
104417, 75940
106114, 75940
106897, 75940
106961, 75940
111353, 75940
111668, 75940
114649, 75940
115123, 75940
116207, 75940
117457, 75940
61940, 74870
72012, 74870
85261, 74870
94234, 74870
85139, 60604
95645, 60604
96079, 60604
73407, 42413
82428, 42413
83036, 42413
83438, 42413
86945, 42413
91179, 42413
91794, 42413
96246, 42413
97091, 42413
97466, 42413
97475, 42413
97823, 42413
98797, 42413
100949, 42413
100977, 42413
101325, 42413
102292, 42413
103529, 42413
103545, 42413
109550, 42413
110256, 42413
115499, 42413
132026, 42413
137220, 42413
92927, 40924
93496, 40924
95453, 40924
106243, 40924
65529, 39789
83898, 39789
127880, 39789
17624, 36249
55794, 36249
59119, 36249
59609, 36249
62654, 36249
64378, 36249
64499, 36249
66943, 36249
67403, 36249
67509, 36249
67535, 36249
67897, 36249
68402, 36249
68951, 36249
68968, 36249
69102, 36249
69785, 36249
70053, 36249
70151, 36249
71203, 36249
71525, 36249
72500, 36249
72677, 36249
72846, 36249
73898, 36249
74204, 36249
75106, 36249
75601, 36249
76100, 36249
76111, 36249
76181, 36249
76730, 36249
76749, 36249
76765, 36249
77355, 36249
77484, 36249
77505, 36249
77531, 36249
77597, 36249
78837, 36249
79150, 36249
79519, 36249
79580, 36249
80168, 36249
80662, 36249
81021, 36249
81212, 36249
81447, 36249
81802, 36249
81973, 36249
82151, 36249
82269, 36249
82445, 36249
82909, 36249
82936, 36249
83211, 36249
83926, 36249
84082, 36249
84430, 36249
84986, 36249
86658, 36249
86925, 36249
87823, 36249
88457, 36249
89166, 36249
90217, 36249
90521, 36249
91254, 36249
93337, 36249
94153, 36249
96655, 36249
99389, 36249
102037, 36249
59780, 34635
61490, 24953
91666, 24118
91941, 24118
100925, 24118
73920, 18655
75149, 18655
77508, 18655
82896, 18655
87518, 18655
87891, 18655
88686, 18655
90088, 18655
90976, 18655
96201, 18655
96354, 18655
96478, 18655
96789, 18655
97017, 18655
97537, 18655
98864, 18655
99927, 18655
100615, 18655
101636, 18655
103518, 18655
103723, 18655
104991, 18655
107873, 18655
109249, 18655
110806, 18655
115944, 18655
122243, 18655
124900, 18655
129678, 18655
48868, 18389
57953, 18389
60186, 18389
62047, 18389
62731, 18389
63998, 18389
66764, 18389
67774, 18389
67855, 18389
67921, 18389
68170, 18389
71538, 18389
73074, 18389
77397, 18389
78415, 18389
78640, 18389
81583, 18066
86531, 18066
90317, 18066
91545, 18066
96494, 18066
96993, 18066
97166, 18066
115734, 18066
75153, 15459
76819, 15459
76822, 15459
78205, 15459
78344, 15459
79839, 15459
79872, 15459
83775, 15459
84097, 15459
84490, 15459
85155, 15459
86941, 15459
87401, 15459
88321, 15459
88393, 15459
88451, 15459
89181, 15459
89625, 15459
90065, 15459
91106, 15459
91618, 15459
91726, 15459
93316, 15459
93446, 15459
94041, 15459
94582, 15459
95371, 15459
95410, 15459
95734, 15459
96039, 15459
102302, 15459
90510, 14436
92459, 14436
94099, 14436
96423, 14436
101901, 14436
102987, 14436
56890, 13424
86777, 13424
88115, 13424
28596, 13079
84313, 12229
68028, 9456
74777, 9456
57819, 7962
58251, 7962
58672, 7962
59872, 7962
59969, 7962
61711, 7962
62500, 7962
63123, 7962
63577, 7962
64143, 7962
64199, 7962
64244, 7962
66091, 7962
66562, 7962
67317, 7962
67572, 7962
67623, 7962
67686, 7962
67811, 7962
68085, 7962
68189, 7962
68309, 7962
69459, 7962
69857, 7962
69891, 7962
70080, 7962
70604, 7962
71109, 7962
71131, 7962
71995, 7962
72306, 7962
72463, 7962
73496, 7962
73586, 7962
74458, 7962
75200, 7962
75257, 7962
75769, 7962
76007, 7962
77690, 7962
78765, 7962
79619, 7962
81857, 7962
86738, 7962
88880, 7962
72983, 7312
75565, 7312
76757, 7312
73669, 6820
74091, 6820
74771, 6820
57579, 6784
57130, 6160
57292, 6160
57355, 6160
59638, 6160
60081, 6160
61988, 6160
62455, 6160
51926, 6119
53271, 6119
60835, 6119
61979, 6119
62984, 6119
63503, 6119
65042, 6119
65395, 6119
67146, 6119
68090, 6119
68274, 6119
73931, 6119
85987, 6119
66331, 5956
72780, 5956
61315, 5933
10223, 5851
11185, 5851
12552, 5851
13116, 5851
13174, 5851
13231, 5851
13265, 5851
13384, 5851
13392, 5851
13571, 5851
13607, 5851
13611, 5851
13886, 5851
14344, 5851
8111, 5823
8544, 5823
8714, 5823
12663, 5823
12760, 5823
12467, 5810
6772, 5745
10905, 5745
12142, 5745
12883, 5745
13588, 5745
7563, 5568
11258, 5568
11654, 5568
11776, 5568
12217, 5568
12273, 5568
12525, 5568
12685, 5568
13078, 5568
15582, 5439
15752, 5439
15830, 5439
16180, 5439
5389, 5424
12299, 5405
12323, 5405
13291, 5405
13374, 5405
13703, 5405
13866, 5405
14033, 5405
14096, 5405
14147, 5405
14158, 5405
15232, 5405
15363, 5405
15429, 5405
17557, 5405
13124, 5366
13468, 5366
14408, 5366
15402, 5366
16017, 5274
16822, 5024
5914, 4481
10987, 4481
11020, 4481
11110, 4481
11217, 4481
11392, 4481
7659, 4425
6499, 4418
8585, 4418
9461, 4418
16302, 4417
16428, 4417
16696, 4417
18595, 4417
18737, 4417
3794, 4415
4414, 4415
6102, 4415
6761, 4415
7223, 4415
7555, 4415
7583, 4415
7896, 4415
8439, 4415
8752, 4415
8867, 4415
9566, 4415
10275, 4415
8201, 4406
9713, 4406
9870, 4406
10512, 4406
11156, 4406
20203, 4406
80094, 4401
8858, 4373
9524, 4373
9755, 4373
10052, 4373
10094, 4373
10318, 4373
10830, 4373
12280, 4373
94143, 4241
49727, 4234
51798, 4234
54890, 4234
55716, 4234
59685, 4234
88665, 4234
94796, 4234
29205, 4023
37963, 4023
40805, 4023
45306, 4023
47532, 4023
49758, 4023
50273, 4023
51802, 4023
54332, 4023
17799, 4005
18267, 4005
17271, 3935
53336, 3729
64180, 3729
51518, 3631
54789, 3631
46012, 3501
41870, 3442
42479, 3442
42926, 3442
43048, 3442
43685, 3442
44377, 3442
44512, 3442
44894, 3442
44941, 3442
45155, 3442
45230, 3442
46603, 3442
47608, 3442
48490, 3442
51097, 3442
51140, 3442
51678, 3442
52600, 3442
57787, 3442
58497, 3442
61627, 3442
62630, 3442
74828, 3442
76397, 3442
54952, 3402
38750, 3053
39957, 3053
42414, 3053
43540, 3053
43726, 3053
44356, 3053
44389, 3053
45359, 3053
45447, 3053
45531, 3053
45797, 3053
46349, 3053
46634, 3053
47545, 3053
47923, 3053
48437, 3053
48592, 3053
49231, 3053
49865, 3053
50219, 3053
50243, 3053
51762, 3053
39284, 3049
42173, 3049
42336, 3049
43130, 3049
44346, 3049
44712, 3049
45740, 3049
46405, 3049
47163, 3049
22336, 3028
12162, 3012
19305, 3012
25052, 3012
45301, 2967
17496, 2889
19575, 2889
19597, 2889
19714, 2889
20113, 2889
20215, 2889
20388, 2889
20405, 2889
20503, 2889
20939, 2889
21250, 2889
21285, 2889
22476, 2889
22867, 2889
23102, 2889
23168, 2889
23197, 2889
23461, 2889
23507, 2889
24235, 2889
24296, 2889
24544, 2889
24810, 2889
26046, 2889
27335, 2889
28856, 2889
50177, 2878
12766, 2871
14890, 2871
16406, 2871
16537, 2871
17594, 2871
17707, 2871
17729, 2871
17996, 2871
18017, 2871
18945, 2871
19404, 2871
20370, 2871
20561, 2871
20742, 2871
21371, 2871
21641, 2871
22901, 2871
23605, 2871
58183, 2840
70684, 2840
24264, 2808
46136, 2768
52319, 2768
52661, 2768
55400, 2768
62792, 2768
63617, 2188
52675, 2164
23470, 2159
24085, 2159
24763, 2159
25074, 2159
30116, 2159
53209, 2146
53306, 2146
55133, 2146
55755, 2146
19362, 2117
19396, 2117
19868, 2117
25096, 2117
25500, 2117
25576, 2117
26548, 2117
27232, 2117
64739, 2049
65189, 2049
19895, 2034
20192, 2034
22479, 2034
22774, 2034
23737, 2034
24669, 2034
32960, 1885
23072, 1861
24614, 1861
25405, 1861
26391, 1861
26627, 1861
27132, 1861
27307, 1861
30663, 1861
32344, 1861
43592, 1828
50508, 1828
54910, 1828
59163, 1828
20734, 1820
23884, 1820
24615, 1820
25654, 1820
25727, 1820
25786, 1820
26019, 1820
26096, 1820
26121, 1820
26711, 1820
27203, 1820
23395, 1812
25829, 1812
26881, 1812
26972, 1812
27799, 1812
28630, 1812
42618, 1730
42916, 1730
50865, 1730
52760, 1730
52934, 1730
53144, 1730
53605, 1730
26092, 1723
25877, 1722
26212, 1722
26581, 1722
33226, 1722
22279, 1624
24560, 1624
26191, 1624
26686, 1624
26786, 1624
23539, 1589
24230, 1589
24509, 1589
24589, 1589
24931, 1589
25124, 1589
25456, 1589
25844, 1589
25937, 1589
26970, 1589
28102, 1589
29017, 1589
25504, 1579
44107, 1577
45290, 1577
48671, 1577
54502, 1577
58079, 1577
61909, 1577
63625, 1577
47373, 1475
47931, 1475
50094, 1475
50233, 1475
50493, 1475
57560, 1475
41186, 1348
42671, 1348
45830, 1348
47117, 1348
49200, 1348
50048, 1348
51178, 1348
51695, 1348
53381, 1348
54531, 1348
48374, 1148
48945, 1148
49137, 1148
49734, 1148
49801, 1148
50059, 1148
38286, 1024
44384, 1024
45682, 1024
46007, 1024
46361, 1024
46889, 1024
47612, 1024
47773, 1024
50702, 1024
50827, 1024
