8201, 144429
9713, 144429
9870, 144429
10512, 144429
11156, 144429
20203, 144429
7659, 141934
6499, 140519
8585, 140519
9461, 140519
3794, 140503
4414, 140503
6102, 140503
6761, 140503
7223, 140503
7555, 140503
7583, 140503
7896, 140503
8439, 140503
8752, 140503
8867, 140503
9566, 140503
10275, 140503
8858, 136198
9524, 136198
9755, 136198
10052, 136198
10094, 136198
10318, 136198
10830, 136198
12280, 136198
5914, 129796
10987, 129796
11020, 129796
11110, 129796
11217, 129796
11392, 129796
5389, 126293
7563, 111250
11258, 111250
11654, 111250
11776, 111250
12217, 111250
12273, 111250
12525, 111250
12685, 111250
13078, 111250
6772, 81924
10905, 81924
12142, 81924
12883, 81924
13588, 81924
12467, 80902
8111, 80153
8544, 80153
8714, 80153
12663, 80153
12760, 80153
15582, 80083
15752, 80083
15830, 80083
16180, 80083
12299, 79719
12323, 79719
13291, 79719
13374, 79719
13703, 79719
13866, 79719
14033, 79719
14096, 79719
14147, 79719
14158, 79719
15232, 79719
15363, 79719
15429, 79719
17557, 79719
13124, 78313
13468, 78313
14408, 78313
15402, 78313
10223, 77194
11185, 77194
12552, 77194
13116, 77194
13174, 77194
13231, 77194
13265, 77194
13384, 77194
13392, 77194
13571, 77194
13607, 77194
13611, 77194
13886, 77194
14344, 77194
16017, 73762
16822, 71995
16302, 67769
16428, 67769
16696, 67769
18595, 67769
18737, 67769
17799, 59160
18267, 59160
17271, 56574
12162, 51309
19305, 51309
25052, 51309
24264, 50468
22336, 50455
12766, 49894
14890, 49894
16406, 49894
16537, 49894
17594, 49894
17707, 49894
17729, 49894
17996, 49894
18017, 49894
18945, 49894
19404, 49894
20370, 49894
20561, 49894
20742, 49894
21371, 49894
21641, 49894
22901, 49894
23605, 49894
17496, 38558
19575, 38558
19597, 38558
19714, 38558
20113, 38558
20215, 38558
20388, 38558
20405, 38558
20503, 38558
20939, 38558
21250, 38558
21285, 38558
22476, 38558
22867, 38558
23102, 38558
23168, 38558
23197, 38558
23461, 38558
23507, 38558
24235, 38558
24296, 38558
24544, 38558
24810, 38558
26046, 38558
27335, 38558
28856, 38558
23470, 30760
24085, 30760
24763, 30760
25074, 30760
30116, 30760
19895, 28591
20192, 28591
22479, 28591
22774, 28591
23737, 28591
24669, 28591
19362, 28116
19396, 28116
19868, 28116
25096, 28116
25500, 28116
25576, 28116
26548, 28116
27232, 28116
20734, 21285
23884, 21285
24615, 21285
25654, 21285
25727, 21285
25786, 21285
26019, 21285
26096, 21285
26121, 21285
26711, 21285
27203, 21285
32960, 19325
23072, 19057
24614, 19057
25405, 19057
26391, 19057
26627, 19057
27132, 19057
27307, 19057
30663, 19057
32344, 19057
25877, 16181
26212, 16181
26581, 16181
33226, 16181
23395, 15885
25829, 15885
26881, 15885
26972, 15885
27799, 15885
28630, 15885
26092, 14915
23539, 12125
24230, 12125
24509, 12125
24589, 12125
24931, 12125
25124, 12125
25456, 12125
25844, 12125
25937, 12125
26970, 12125
28102, 12125
29017, 12125
22279, 11976
24560, 11976
26191, 11976
26686, 11976
26786, 11976
19066, 10891
25504, 9648
24096, 9043
24255, 9043
24407, 9043
24477, 9043
24489, 9043
25357, 9043
25414, 9043
25479, 9043
25690, 9043
25738, 9043
25815, 9043
26228, 9043
20786, 8145
25216, 8145
25466, 8145
24292, 6183
24358, 6183
24782, 6183
25429, 6183
26224, 6183
26376, 6183
26469, 6183
26495, 6183
27134, 6183
27993, 6183
28460, 6183
29325, 6183
30095, 6183
21744, 5889
22181, 5889
22340, 5889
22799, 5889
23180, 5889
24059, 5889
24141, 5889
24243, 5889
24376, 5889
24558, 5889
24747, 5889
24766, 5889
24805, 5889
24833, 5889
24950, 5889
25157, 5889
25175, 5889
25205, 5889
25264, 5889
25457, 5889
25469, 5889
25617, 5889
25657, 5889
25769, 5889
25770, 5889
25808, 5889
26026, 5889
26150, 5889
26155, 5889
26238, 5889
26300, 5889
26443, 5889
26829, 5889
27981, 5889
28005, 5889
22510, 5430
23994, 5430
24006, 5430
26643, 5430
26918, 5430
26965, 5430
27448, 5430
27619, 5430
27908, 5430
27970, 5430
28198, 5430
28473, 5430
28759, 5430
29211, 5430
29280, 5430
29425, 5430
29517, 5430
29915, 5430
30033, 5430
30113, 5430
30411, 5430
30554, 5430
30618, 5430
30733, 5430
31394, 5430
31883, 5430
31910, 5430
32052, 5430
32064, 5430
32519, 5430
32748, 5430
33574, 5430
36381, 5430
32750, 4176
33262, 4176
34669, 4176
34814, 4176
36752, 4176
37733, 4176
22135, 4081
3365, 3323
37011, 3172
38899, 3172
41295, 3172
41946, 3172
43225, 3172
43283, 3172
43349, 3172
43407, 3172
45243, 3172
45586, 3172
45939, 3172
49112, 3172
34125, 2989
35374, 2989
37985, 2989
30127, 2928
31242, 2928
32048, 2928
33863, 2928
35375, 2928
38399, 2928
40200, 2928
42293, 2928
41561, 2725
42098, 2725
44844, 2725
45836, 2725
51713, 2725
34103, 2709
34556, 2709
35469, 2709
36501, 2709
37064, 2709
38547, 2709
39832, 2709
29591, 2645
36636, 2645
42211, 2645
42358, 2645
43875, 2645
43910, 2645
46433, 2645
46690, 2645
50953, 2645
41083, 2590
46867, 2590
32864, 2513
37085, 2513
37262, 2513
37295, 2513
37421, 2513
37451, 2513
37569, 2513
38179, 2513
35854, 2423
36228, 2423
37209, 2423
37393, 2423
37938, 2423
39451, 2423
41109, 2423
42465, 2423
44367, 2423
35814, 2004
35995, 2004
38261, 2004
39783, 2004
40841, 2004
42460, 2004
42463, 2004
42741, 2004
44303, 2004
53209, 1610
53306, 1610
55133, 1610
55755, 1610
52675, 1563
63617, 1560
51518, 1533
54789, 1533
87814, 1530
110766, 1530
114839, 1530
132854, 1530
133411, 1530
136128, 1530
147034, 1530
153990, 1530
154902, 1530
156220, 1530
161266, 1530
162844, 1530
166269, 1530
186294, 1530
192425, 1530
192470, 1530
276727, 1530
247592, 1516
289273, 1516
56265, 1500
129395, 1476
148638, 1476
151724, 1476
155748, 1476
157575, 1476
159954, 1476
160190, 1476
160582, 1476
162524, 1476
164070, 1476
164405, 1476
164961, 1476
165802, 1476
168889, 1476
169535, 1476
173733, 1476
174076, 1476
177120, 1476
179174, 1476
179175, 1476
182368, 1476
182534, 1476
184552, 1476
186969, 1476
187255, 1476
187496, 1476
189414, 1476
199782, 1476
199881, 1476
200608, 1476
204687, 1476
205233, 1476
206873, 1476
208929, 1476
209623, 1476
210417, 1476
210846, 1476
214602, 1476
216842, 1476
218111, 1476
219251, 1476
222679, 1476
223214, 1476
229966, 1476
233370, 1476
237004, 1476
241325, 1476
255653, 1476
263858, 1476
273311, 1476
48374, 1472
48945, 1472
49137, 1472
49734, 1472
49801, 1472
50059, 1472
128337, 1470
133310, 1470
143098, 1470
146873, 1470
147257, 1470
149366, 1470
155264, 1470
155302, 1470
155965, 1470
155966, 1470
156147, 1470
158006, 1470
158102, 1470
159161, 1470
160047, 1470
161200, 1470
162042, 1470
163874, 1470
166407, 1470
169620, 1470
173336, 1470
182935, 1470
184120, 1470
189009, 1470
200767, 1470
258111, 1470
276703, 1470
292156, 1470
141873, 1463
144735, 1463
121772, 1462
129927, 1458
143249, 1458
149406, 1458
152463, 1458
182455, 1458
188254, 1458
198289, 1458
210116, 1458
223767, 1458
247641, 1458
279082, 1458
280062, 1458
269192, 1457
286561, 1457
474, 1446
185963, 1446
191455, 1446
196795, 1446
224497, 1446
251294, 1446
263134, 1446
266735, 1446
271532, 1446
282590, 1446
283054, 1446
53336, 1420
64180, 1420
100119, 1420
100946, 1420
102064, 1420
105873, 1420
107932, 1420
109308, 1420
109880, 1420
110760, 1420
112905, 1420
116233, 1420
117373, 1420
119768, 1420
121118, 1420
122277, 1420
122589, 1420
122757, 1420
125220, 1420
126618, 1420
127838, 1420
128138, 1420
129561, 1420
129584, 1420
133701, 1420
134708, 1420
139684, 1420
140521, 1420
142374, 1420
145174, 1420
167321, 1420
190615, 1420
191262, 1420
38286, 1407
44384, 1407
45682, 1407
46007, 1407
46361, 1407
46889, 1407
47612, 1407
47773, 1407
50702, 1407
50827, 1407
104715, 1397
133030, 1397
133195, 1397
144731, 1397
147312, 1397
147740, 1397
149456, 1397
150226, 1397
154169, 1397
157501, 1397
158074, 1397
167298, 1397
167312, 1397
169517, 1397
174409, 1397
179036, 1397
181849, 1397
187219, 1397
200834, 1397
206066, 1397
207696, 1397
88370, 1394
90993, 1394
93842, 1394
108260, 1394
124664, 1394
125457, 1394
99710, 1382
105654, 1382
116009, 1382
117678, 1378
180646, 1378
180665, 1378
189285, 1378
197263, 1378
204838, 1378
213996, 1378
236439, 1378
241820, 1378
285581, 1378
29205, 1345
37963, 1345
40805, 1345
45306, 1345
47532, 1345
49758, 1345
50273, 1345
51802, 1345
54332, 1345
244195, 1345
140879, 1329
148449, 1329
148915, 1329
154635, 1329
154911, 1329
157294, 1329
158665, 1329
158791, 1329
162821, 1329
163571, 1329
165242, 1329
173433, 1329
181241, 1329
182830, 1329
185650, 1329
192934, 1329
194086, 1329
197407, 1329
198948, 1329
199807, 1329
203730, 1329
203848, 1329
205636, 1329
207926, 1329
212543, 1329
217485, 1329
222200, 1329
230223, 1329
234031, 1329
236064, 1329
236898, 1329
236982, 1329
240457, 1329
256099, 1329
256201, 1329
257417, 1329
263553, 1329
273625, 1329
278221, 1329
284769, 1329
41186, 1320
42671, 1320
45830, 1320
47117, 1320
49200, 1320
50048, 1320
51178, 1320
51695, 1320
53381, 1320
54531, 1320
85751, 1319
113567, 1319
121698, 1319
131885, 1319
47373, 1318
47931, 1318
50094, 1318
50233, 1318
50493, 1318
57560, 1318
68638, 1308
72177, 1308
75727, 1308
82431, 1308
87244, 1308
87673, 1308
90851, 1308
98176, 1308
98665, 1308
106254, 1308
110421, 1308
113334, 1308
114304, 1308
116642, 1308
119019, 1308
119519, 1308
119670, 1308
122407, 1308
91484, 1295
137983, 1291
139435, 1291
139919, 1291
154530, 1291
155622, 1291
166329, 1291
205501, 1291
114658, 1290
44107, 1283
45290, 1283
48671, 1283
54502, 1283
58079, 1283
61909, 1283
63625, 1283
43592, 1156
50508, 1156
54910, 1156
59163, 1156
42618, 1153
42916, 1153
50865, 1153
52760, 1153
52934, 1153
53144, 1153
53605, 1153
71889, 1128
71480, 1106
91928, 1106
92213, 1106
101306, 1106
111383, 1106
112595, 1106
115126, 1106
115894, 1106
123126, 1106
132043, 1106
64739, 1089
65189, 1089
36161, 1078
41513, 1078
70556, 1078
53712, 1052
120511, 1037
41318, 1035
47788, 1035
51246, 1035
53127, 1035
53713, 1035
54017, 1035
54201, 1035
64788, 1035
72790, 1035
84641, 1035
94246, 1027
105529, 1027
46655, 1021
34175, 1011
34257, 1011
35231, 1011
35914, 1011
36395, 1011
36417, 1011
36505, 1011
36621, 1011
36760, 1011
37148, 1011
37855, 1011
38639, 1011
39929, 1011
40055, 1011
44300, 1011
47263, 1011
48641, 1011
49303, 1011
53115, 1011
40476, 1009
