285, 128854
2594, 128854
52554, 128854
52679, 128854
54331, 128854
61708, 128854
65648, 128854
79592, 128854
82820, 128854
88131, 128854
90141, 128854
90664, 128854
93322, 128854
94685, 128854
99742, 128854
99895, 128854
100222, 128854
100871, 128854
102890, 128854
107250, 128854
112498, 128854
115137, 128854
116090, 128854
116549, 128854
124757, 128854
129820, 128854
135158, 128854
137743, 128854
138639, 128854
139058, 128854
142387, 128854
143756, 128854
147768, 128854
150385, 128854
151726, 128854
160660, 128854
161309, 128854
161452, 128854
161474, 128854
163475, 128854
165165, 128854
169029, 128854
170248, 128854
171418, 128854
173656, 128854
174981, 128854
178197, 128854
179236, 128854
185695, 128854
186937, 128854
189483, 128854
189775, 128854
190135, 128854
193245, 128854
194871, 128854
194906, 128854
196220, 128854
203707, 128854
205484, 128854
208967, 128854
211507, 128854
213756, 128854
217417, 128854
217501, 128854
220598, 128854
220806, 128854
221906, 128854
222939, 128854
223374, 128854
226880, 128854
229252, 128854
234319, 128854
237557, 128854
237637, 128854
238721, 128854
238920, 128854
247897, 128854
258921, 128854
262434, 128854
265440, 128854
265566, 128854
273728, 128854
282290, 128854
283228, 128854
291220, 128854
659, 125565
714, 125565
3265, 125565
78023, 125565
78081, 125565
122922, 125565
146978, 125565
212473, 125565
52454, 125362
71655, 125362
106467, 125362
134715, 125362
142056, 125362
159593, 125362
162674, 125362
190159, 125362
199922, 125362
221645, 125362
230947, 125362
233722, 125362
244265, 125362
256317, 125362
278884, 125362
289737, 125362
202589, 124117
205810, 124117
208109, 124117
55396, 123608
210733, 123608
214748, 123608
249308, 123608
263799, 123608
640, 122503
991, 122503
10192, 122503
130139, 122503
145495, 122503
158737, 122503
172977, 122503
198107, 122503
198858, 122503
200783, 122503
206307, 122503
206910, 122503
210688, 122503
212878, 122503
214629, 122503
215307, 122503
216279, 122503
218952, 122503
222029, 122503
224479, 122503
225383, 122503
229467, 122503
230812, 122503
236719, 122503
237154, 122503
239441, 122503
244445, 122503
245677, 122503
251714, 122503
255258, 122503
256144, 122503
261717, 122503
269660, 122503
273152, 122503
273734, 122503
277059, 122503
279182, 122503
280318, 122503
286516, 122503
292242, 122503
296366, 122503
28, 121320
122115, 116605
99909, 114214
116677, 113542
145411, 112223
185224, 108836
259321, 108836
278406, 108836
278498, 108836
289456, 108836
279819, 107833
83279, 105648
73602, 102449
65077, 90464
225463, 75847
225693, 75847
278120, 75847
294812, 63678
17637, 62536
22723, 62536
24283, 62536
27067, 62536
28068, 62536
31629, 62536
37308, 62536
47454, 62536
82136, 62536
99106, 62536
173843, 62536
204167, 62536
230022, 62536
262615, 62536
97487, 62117
107545, 62117
222266, 62117
273854, 62117
293041, 62117
6431, 62113
33657, 62113
20124, 61395
22372, 61395
31148, 61395
63974, 61395
166742, 61395
197180, 61395
203890, 61395
211186, 61395
246924, 61395
257759, 61395
288981, 61395
253375, 58844
12746, 58626
12809, 58626
13021, 58626
13168, 58626
86815, 58626
102509, 58626
121299, 58626
154358, 58626
155209, 58626
160658, 58626
163303, 58626
166335, 58626
187601, 58626
194962, 58626
196055, 58626
203949, 58626
212298, 58626
223791, 58626
250590, 58626
15188, 58593
21559, 58593
23215, 58593
23413, 58593
51397, 58593
69708, 58593
170237, 58593
181798, 58593
222194, 58593
7698, 58522
15852, 58165
22778, 58165
35491, 58165
39879, 58165
41085, 58165
43339, 58165
44064, 58165
56939, 58165
58163, 58165
59583, 58165
66696, 58165
71568, 58165
76077, 58165
37640, 57552
193104, 57552
221998, 57552
231342, 57552
273150, 57552
163292, 56914
228058, 56914
33636, 56867
148381, 56619
194797, 56307
227613, 56307
43474, 56292
89221, 56292
269582, 56292
261313, 56199
6083, 55943
255801, 55791
280505, 55791
154741, 55608
240156, 55608
288820, 55608
200162, 55504
245258, 55504
277142, 55504
62246, 55259
64263, 55259
139494, 55259
220736, 55259
257814, 55259
261278, 55259
189205, 55184
197251, 55184
18630, 54545
123463, 54545
140255, 54463
152900, 54463
201794, 54463
47210, 54370
119789, 54370
53408, 54077
84980, 54077
112437, 54077
105601, 53746
119572, 53746
150502, 53746
95876, 53386
108082, 53386
95231, 52727
46740, 51759
48697, 51759
49108, 51759
54844, 51759
66736, 51759
73431, 51759
93907, 51759
95112, 51759
112534, 51759
113887, 51759
122496, 51759
130430, 51759
10786, 51437
47517, 51437
53558, 51437
60445, 51437
72296, 51437
129166, 51437
129560, 51437
213020, 51437
237000, 51437
268124, 51437
268978, 51437
42444, 51354
4305, 51270
5298, 51270
10646, 51270
21806, 51270
30764, 51270
46847, 51270
47458, 51270
54057, 51270
55425, 51270
99508, 51270
112802, 51270
134906, 51249
200179, 51249
215930, 51249
247681, 51249
5804, 50812
6840, 50812
8012, 50812
8264, 50670
11218, 50670
17251, 50670
20829, 50670
24473, 50670
30203, 50670
49856, 50670
62461, 50670
63233, 50670
70773, 50670
74656, 50670
74861, 50670
78200, 50670
79602, 50670
82417, 50670
85463, 50670
86969, 50670
92130, 50670
95040, 50670
96475, 50670
97897, 50670
99769, 50670
104399, 50670
106501, 50670
110863, 50670
112138, 50670
113598, 50670
115924, 50670
123275, 50670
126005, 50670
126898, 50670
127136, 50670
127771, 50670
129331, 50670
134477, 50670
138213, 50670
140052, 50670
142354, 50670
144005, 50670
151330, 50670
158261, 50670
158822, 50670
159307, 50670
159365, 50670
177651, 50670
180274, 50670
183648, 50670
188019, 50670
188391, 50670
194044, 50670
208143, 50670
211954, 50670
213913, 50670
221021, 50670
236529, 50670
238848, 50670
245989, 50670
261334, 50670
277896, 50670
68295, 50453
72056, 50453
105842, 50453
107978, 50453
22515, 50351
24526, 50351
41860, 50351
48228, 50351
49601, 50351
64681, 50351
74875, 50351
90742, 50351
92280, 50351
99941, 50351
109071, 50351
114404, 50351
116587, 50351
118533, 50351
124551, 50351
135019, 50351
138429, 50351
155329, 50351
168512, 50351
196160, 50351
200022, 50351
235679, 50351
252973, 50351
262845, 50351
267497, 50351
274461, 50351
281539, 50351
3402, 49734
127960, 49734
6189, 49424
9046, 49424
13172, 49424
15354, 49424
16802, 49424
16804, 49424
24852, 49424
26196, 49424
37729, 49424
47265, 49424
50562, 49424
52025, 49424
52592, 49424
54229, 49424
55117, 49424
62871, 49424
69801, 49424
70201, 49424
70328, 49424
79651, 49424
81813, 49424
83798, 49424
84053, 49424
93676, 49424
102094, 49424
103220, 49424
110022, 49424
110954, 49424
114536, 49424
119527, 49424
119700, 49424
123913, 49424
124234, 49424
124963, 49424
129251, 49424
136515, 49424
140551, 49424
144239, 49424
144263, 49424
144534, 49424
147839, 49424
148462, 49424
151326, 49424
152756, 49424
154367, 49424
155191, 49424
160566, 49424
160874, 49424
163986, 49424
165147, 49424
166058, 49424
166321, 49424
170740, 49424
171595, 49424
173761, 49424
177182, 49424
179959, 49424
184202, 49424
184969, 49424
187813, 49424
188311, 49424
189705, 49424
194615, 49424
195288, 49424
196653, 49424
196677, 49424
198514, 49424
204659, 49424
204884, 49424
207998, 49424
208011, 49424
208959, 49424
209708, 49424
211415, 49424
212416, 49424
213377, 49424
214404, 49424
216539, 49424
218275, 49424
218293, 49424
219929, 49424
223388, 49424
228223, 49424
229014, 49424
232020, 49424
235844, 49424
236378, 49424
238091, 49424
238350, 49424
240091, 49424
240362, 49424
240918, 49424
243751, 49424
243767, 49424
243820, 49424
248213, 49424
248924, 49424
251779, 49424
255463, 49424
255593, 49424
256954, 49424
260568, 49424
261696, 49424
262691, 49424
263266, 49424
264088, 49424
266246, 49424
269007, 49424
269617, 49424
269998, 49424
270151, 49424
271926, 49424
272045, 49424
272187, 49424
272753, 49424
273892, 49424
276055, 49424
280022, 49424
286895, 49424
287446, 49424
287798, 49424
287940, 49424
287964, 49424
289604, 49424
290789, 49424
292037, 49424
294086, 49424
296057, 49424
65472, 49406
15204, 49289
25671, 49289
32382, 49289
87269, 49289
89117, 49289
92844, 49289
122411, 49289
136796, 49289
154905, 49289
167731, 49289
180992, 49289
185805, 49289
190957, 49289
193741, 49289
205371, 49289
207800, 49289
212840, 49289
221018, 49289
6226, 48822
37097, 48822
48590, 48822
55033, 48822
69300, 48822
71383, 48822
78125, 48822
81481, 48822
92518, 48822
92793, 48822
4026, 48708
124996, 48708
138921, 48708
155621, 48708
173094, 48708
196648, 48708
260815, 48708
278577, 48708
8836, 48462
12092, 48462
12318, 48462
43368, 48462
46458, 48462
47693, 48462
49234, 48462
88509, 48462
91276, 48462
98132, 48462
98473, 48462
112079, 48462
116595, 48462
119081, 48462
123559, 48462
127130, 48462
128831, 48462
160303, 48462
163720, 48462
194432, 48462
199404, 48462
208907, 48462
236169, 48462
7638, 48424
37944, 48424
115046, 48424
169947, 48424
202892, 48424
248894, 48424
250901, 48424
8133, 48065
267421, 47791
6218, 47669
8095, 47669
18996, 47669
23043, 47669
31400, 47669
33232, 47669
36818, 47669
41652, 47669
43045, 47669
43807, 47669
44997, 47669
47915, 47669
51549, 47669
54003, 47669
64055, 47669
66097, 47669
66478, 47669
66634, 47669
69739, 47669
78258, 47669
78648, 47669
90833, 47669
95524, 47669
98692, 47669
103935, 47669
104372, 47669
105309, 47669
112522, 47669
113453, 47669
115817, 47669
117464, 47669
119075, 47669
119976, 47669
126896, 47669
128615, 47669
137441, 47669
138577, 47669
144992, 47669
149885, 47669
150829, 47669
152477, 47669
153284, 47669
153738, 47669
177607, 47669
182155, 47669
184952, 47669
185471, 47669
198762, 47669
200062, 47669
200393, 47669
202972, 47669
212197, 47669
212565, 47669
225388, 47669
232823, 47669
236398, 47669
239245, 47669
249099, 47669
252603, 47669
254786, 47669
259311, 47669
264026, 47669
269136, 47669
272850, 47669
274778, 47669
280573, 47669
13094, 47445
51361, 47415
217377, 47192
240729, 47034
245603, 46669
184185, 45629
198022, 45629
222326, 45629
237190, 45629
267246, 45629
285144, 45629
23697, 45174
259951, 45174
12469, 45064
117636, 45064
119811, 45064
121204, 45064
121530, 45064
150110, 45064
178558, 45064
208654, 45064
212627, 45064
212995, 45064
243336, 45064
269144, 45064
269392, 45064
212, 44770
14185, 44770
197422, 44770
221139, 44770
60436, 44589
139341, 44589
188141, 44589
90519, 44553
137315, 44553
152999, 44553
170483, 44553
185964, 44553
211143, 44553
231327, 44553
284616, 44553
123057, 44324
72163, 44252
10013, 43928
178199, 43928
8045, 43809
88294, 43808
48154, 43611
54282, 43611
93018, 43611
106840, 43611
127903, 43611
193473, 43611
278931, 43611
118348, 43121
2081, 43023
12067, 42191
16129, 42191
28831, 42191
57015, 42191
75076, 42191
81358, 42191
91232, 42191
92270, 42191
112949, 42191
3927, 42106
4409, 41990
99464, 41311
4738, 41199
226647, 40852
2655, 40597
113605, 40597
127650, 40597
151439, 40597
182528, 40597
221585, 40597
4587, 40396
129040, 39893
23897, 39770
58243, 39770
66535, 39770
84408, 39770
85523, 39770
111763, 39770
117274, 39770
138149, 39770
148818, 39770
167781, 39770
256425, 39770
271756, 39770
204968, 39649
111652, 39320
197117, 39320
259593, 38773
141143, 38734
152546, 38734
16944, 38535
26161, 38415
172688, 38415
223245, 37966
127158, 37881
51865, 37785
76448, 37785
79956, 37785
91100, 37785
94720, 37785
1591, 37598
60441, 37598
13697, 37507
70191, 37378
43146, 37066
75042, 37066
120210, 37066
134343, 37066
176022, 37066
176581, 37066
222215, 37066
224044, 37066
224698, 37066
233030, 37066
245648, 37066
287381, 37066
294007, 37066
97867, 36964
101361, 36964
110593, 36964
116852, 36964
124095, 36964
140467, 36964
173378, 36964
179136, 36964
183999, 36964
208005, 36964
246830, 36964
248758, 36964
256361, 36964
288569, 36964
290689, 36964
159052, 36941
101716, 36920
241761, 36920
206578, 36840
264326, 36840
282566, 36840
63528, 36782
281125, 36336
294973, 36336
80124, 35873
163913, 35873
80452, 35791
99040, 35791
110347, 35791
116685, 35791
133907, 35791
153872, 35791
189304, 35791
206605, 35791
228797, 35791
238550, 35791
242964, 35791
272164, 35791
274131, 35791
277764, 35791
288898, 35791
23319, 35691
39778, 35691
47323, 35691
47676, 35691
50087, 35691
52106, 35691
62538, 35691
63836, 35691
64962, 35691
66401, 35691
75998, 35691
85615, 35691
95064, 35691
109122, 35691
148819, 35691
139072, 35679
166963, 35679
195927, 35679
215878, 35679
221426, 35679
29093, 35598
168805, 35598
51360, 35546
60629, 35546
95405, 35546
111993, 35546
187488, 35546
6169, 35038
91467, 34793
2500, 32963
146325, 32724
127761, 32537
14234, 32358
24434, 32358
27432, 32358
31035, 32358
34580, 32358
38268, 32358
39990, 32358
40790, 32358
43579, 32358
44938, 32358
49542, 32358
54984, 32358
55739, 32358
59261, 32358
62272, 32358
63948, 32358
68593, 32358
86451, 32358
92698, 32358
105397, 32358
108718, 32358
132161, 32358
164851, 32358
295772, 32358
274313, 30511
285505, 30213
27975, 30091
50862, 30091
83278, 30091
8765, 29791
18671, 29791
93515, 29673
14892, 28553
20827, 28553
26948, 28553
64457, 28553
101216, 28553
276679, 28452
103997, 28433
14567, 28242
14755, 28242
15367, 28242
20040, 28242
28627, 28242
28840, 28242
30617, 28242
65082, 28242
86199, 28242
98591, 28242
104958, 28242
113483, 28242
50116, 28100
65096, 28100
80819, 28100
54286, 28097
126351, 28097
161459, 28097
35289, 26699
181089, 26699
169569, 26689
49907, 26686
138060, 26686
172865, 26489
193407, 26144
224190, 25742
54310, 25695
64524, 25695
67354, 25695
150861, 25695
188186, 25695
206357, 24370
252569, 23235
2893, 22309
4513, 20429
2773, 18810
250245, 13430
9843, 10617
91504, 9397
103017, 9397
110511, 9397
110530, 9397
112016, 9397
114108, 9397
114423, 9397
114449, 9397
115531, 9397
118547, 9397
120113, 9397
121970, 9397
125822, 9397
126900, 9397
128392, 9397
129861, 9397
130292, 9397
130698, 9397
132501, 9397
133734, 9397
135155, 9397
136163, 9397
136638, 9397
138969, 9397
140504, 9397
140961, 9397
141753, 9397
141960, 9397
142084, 9397
142419, 9397
142661, 9397
143876, 9397
144210, 9397
144369, 9397
145937, 9397
145973, 9397
145980, 9397
146670, 9397
146711, 9397
146713, 9397
147057, 9397
148627, 9397
148952, 9397
149445, 9397
149603, 9397
150014, 9397
150564, 9397
150643, 9397
150717, 9397
150785, 9397
152705, 9397
153227, 9397
154040, 9397
154755, 9397
156569, 9397
156575, 9397
156677, 9397
157505, 9397
157866, 9397
159721, 9397
159722, 9397
160179, 9397
160816, 9397
160977, 9397
162360, 9397
162508, 9397
162631, 9397
163081, 9397
164514, 9397
164727, 9397
164837, 9397
165471, 9397
165569, 9397
166722, 9397
166786, 9397
166993, 9397
168142, 9397
168416, 9397
168765, 9397
169003, 9397
169690, 9397
171266, 9397
172057, 9397
174109, 9397
174186, 9397
174729, 9397
176782, 9397
177149, 9397
178649, 9397
178659, 9397
178996, 9397
179227, 9397
179305, 9397
179332, 9397
179632, 9397
180219, 9397
180589, 9397
181012, 9397
181140, 9397
182008, 9397
182285, 9397
182388, 9397
182638, 9397
183033, 9397
183696, 9397
184089, 9397
184152, 9397
185795, 9397
185917, 9397
186047, 9397
186587, 9397
187614, 9397
188904, 9397
188926, 9397
189464, 9397
190922, 9397
191306, 9397
191635, 9397
192275, 9397
192286, 9397
192484, 9397
192809, 9397
193842, 9397
193948, 9397
194476, 9397
194531, 9397
194627, 9397
196026, 9397
196530, 9397
197572, 9397
198129, 9397
198185, 9397
198918, 9397
199390, 9397
199773, 9397
200359, 9397
200488, 9397
200569, 9397
200947, 9397
200995, 9397
201880, 9397
202625, 9397
202637, 9397
202730, 9397
202815, 9397
202852, 9397
203089, 9397
203610, 9397
204523, 9397
205499, 9397
205842, 9397
206098, 9397
206606, 9397
206634, 9397
206798, 9397
207086, 9397
207103, 9397
207737, 9397
208058, 9397
208184, 9397
208336, 9397
208692, 9397
208948, 9397
209184, 9397
209468, 9397
210139, 9397
210952, 9397
211497, 9397
211548, 9397
211597, 9397
212713, 9397
214377, 9397
214957, 9397
215757, 9397
216498, 9397
216856, 9397
218173, 9397
218820, 9397
219148, 9397
220155, 9397
220156, 9397
220347, 9397
220382, 9397
220684, 9397
221176, 9397
221482, 9397
221609, 9397
222021, 9397
222662, 9397
223151, 9397
223512, 9397
223527, 9397
223624, 9397
224728, 9397
224820, 9397
225230, 9397
225377, 9397
225675, 9397
226057, 9397
226460, 9397
226682, 9397
226755, 9397
227492, 9397
227575, 9397
227712, 9397
227762, 9397
227784, 9397
227795, 9397
228340, 9397
228507, 9397
228849, 9397
228854, 9397
229124, 9397
229311, 9397
229344, 9397
230159, 9397
230191, 9397
230285, 9397
230348, 9397
231088, 9397
231158, 9397
231198, 9397
232100, 9397
232405, 9397
233157, 9397
233323, 9397
233368, 9397
233456, 9397
233651, 9397
233748, 9397
233817, 9397
234156, 9397
234313, 9397
235170, 9397
235683, 9397
236212, 9397
237149, 9397
237424, 9397
238123, 9397
238971, 9397
239065, 9397
239862, 9397
240206, 9397
240439, 9397
241076, 9397
241899, 9397
241980, 9397
242291, 9397
242342, 9397
242370, 9397
242698, 9397
242717, 9397
243072, 9397
243162, 9397
243170, 9397
243830, 9397
243930, 9397
244332, 9397
244650, 9397
244667, 9397
244882, 9397
244957, 9397
245300, 9397
245929, 9397
246087, 9397
246189, 9397
246226, 9397
246821, 9397
247091, 9397
247346, 9397
247480, 9397
248056, 9397
248433, 9397
248740, 9397
248785, 9397
248872, 9397
249371, 9397
249539, 9397
249669, 9397
250003, 9397
250100, 9397
250139, 9397
250197, 9397
250350, 9397
250612, 9397
250699, 9397
250859, 9397
251620, 9397
251894, 9397
252303, 9397
252498, 9397
252686, 9397
252797, 9397
252827, 9397
252875, 9397
253121, 9397
253135, 9397
253314, 9397
253385, 9397
253458, 9397
253542, 9397
253800, 9397
253912, 9397
254118, 9397
254168, 9397
254216, 9397
254462, 9397
254710, 9397
254821, 9397
254941, 9397
255105, 9397
255253, 9397
255875, 9397
256052, 9397
256167, 9397
256259, 9397
256456, 9397
256807, 9397
256818, 9397
257266, 9397
257704, 9397
258058, 9397
258690, 9397
258691, 9397
259040, 9397
259061, 9397
259245, 9397
259316, 9397
259379, 9397
260056, 9397
260401, 9397
260780, 9397
260792, 9397
261496, 9397
261558, 9397
261649, 9397
261777, 9397
261946, 9397
262011, 9397
263238, 9397
264446, 9397
264955, 9397
265161, 9397
265478, 9397
265481, 9397
266207, 9397
266370, 9397
266406, 9397
266833, 9397
266876, 9397
266931, 9397
267134, 9397
267510, 9397
267717, 9397
267780, 9397
268400, 9397
268659, 9397
268780, 9397
269014, 9397
269228, 9397
270361, 9397
270615, 9397
270733, 9397
270839, 9397
271191, 9397
271334, 9397
271964, 9397
272157, 9397
273151, 9397
273193, 9397
273755, 9397
273844, 9397
274211, 9397
274249, 9397
274361, 9397
275371, 9397
276390, 9397
276412, 9397
276611, 9397
277069, 9397
277396, 9397
277539, 9397
278490, 9397
278553, 9397
278596, 9397
278608, 9397
279122, 9397
279646, 9397
279859, 9397
280050, 9397
280077, 9397
280136, 9397
280863, 9397
281020, 9397
281031, 9397
282021, 9397
282168, 9397
283240, 9397
283655, 9397
283672, 9397
284018, 9397
284024, 9397
284394, 9397
284683, 9397
284954, 9397
285182, 9397
285191, 9397
285513, 9397
285679, 9397
286881, 9397
287352, 9397
287450, 9397
288222, 9397
288324, 9397
288374, 9397
288457, 9397
288704, 9397
288917, 9397
289288, 9397
289714, 9397
289949, 9397
290198, 9397
290288, 9397
290299, 9397
290607, 9397
290793, 9397
291401, 9397
291890, 9397
291983, 9397
291996, 9397
292922, 9397
293162, 9397
293371, 9397
293626, 9397
293684, 9397
293794, 9397
294946, 9397
295806, 9397
296019, 9397
94687, 9357
97140, 9357
114294, 9357
127271, 9357
130100, 9357
132340, 9357
133627, 9357
139089, 9357
139532, 9357
140134, 9357
141358, 9357
147879, 9357
147987, 9357
150409, 9357
151949, 9357
151966, 9357
154004, 9357
154199, 9357
160506, 9357
161903, 9357
162065, 9357
162163, 9357
163445, 9357
165520, 9357
168312, 9357
169699, 9357
169973, 9357
170011, 9357
174300, 9357
174558, 9357
177319, 9357
179143, 9357
179416, 9357
181207, 9357
183304, 9357
183988, 9357
186016, 9357
187353, 9357
188261, 9357
190473, 9357
191625, 9357
191916, 9357
192051, 9357
192519, 9357
192718, 9357
193089, 9357
193216, 9357
193558, 9357
193649, 9357
193913, 9357
194308, 9357
194774, 9357
195856, 9357
197030, 9357
198585, 9357
198645, 9357
199607, 9357
200939, 9357
204123, 9357
205909, 9357
205978, 9357
210944, 9357
211822, 9357
213716, 9357
213899, 9357
214057, 9357
215294, 9357
215894, 9357
216040, 9357
217976, 9357
218135, 9357
219558, 9357
220896, 9357
221349, 9357
221401, 9357
222070, 9357
222788, 9357
223249, 9357
226115, 9357
226784, 9357
227917, 9357
228063, 9357
228653, 9357
229836, 9357
229976, 9357
231119, 9357
231613, 9357
231708, 9357
232366, 9357
232774, 9357
234329, 9357
239119, 9357
240505, 9357
240580, 9357
240652, 9357
242468, 9357
243168, 9357
243219, 9357
243583, 9357
243917, 9357
246969, 9357
249347, 9357
249415, 9357
251995, 9357
252468, 9357
254302, 9357
254824, 9357
255478, 9357
255605, 9357
256016, 9357
256337, 9357
256687, 9357
256766, 9357
258130, 9357
260708, 9357
261931, 9357
262035, 9357
262879, 9357
263135, 9357
264177, 9357
264583, 9357
265627, 9357
267472, 9357
269845, 9357
270366, 9357
271498, 9357
272202, 9357
273315, 9357
273322, 9357
277524, 9357
279013, 9357
279428, 9357
281312, 9357
281968, 9357
282675, 9357
285212, 9357
289487, 9357
289801, 9357
290179, 9357
290796, 9357
292978, 9357
294098, 9357
294541, 9357
295367, 9357
295524, 9357
296587, 9357
91648, 9156
105224, 9156
106966, 9156
108634, 9156
111028, 9156
115672, 9156
118877, 9156
118949, 9156
119086, 9156
130387, 9156
130645, 9156
133447, 9156
133459, 9156
133810, 9156
134208, 9156
134998, 9156
135313, 9156
135364, 9156
135729, 9156
135777, 9156
136254, 9156
136373, 9156
137805, 9156
138153, 9156
138318, 9156
139618, 9156
140570, 9156
140937, 9156
141663, 9156
141837, 9156
142169, 9156
142384, 9156
142560, 9156
142793, 9156
143107, 9156
143188, 9156
143417, 9156
144045, 9156
144049, 9156
144927, 9156
145634, 9156
145686, 9156
145734, 9156
146846, 9156
147429, 9156
148007, 9156
148210, 9156
148847, 9156
149711, 9156
150266, 9156
150452, 9156
151769, 9156
152204, 9156
152407, 9156
152818, 9156
153361, 9156
153593, 9156
154053, 9156
154598, 9156
154810, 9156
155246, 9156
155695, 9156
155827, 9156
157222, 9156
157451, 9156
157553, 9156
157591, 9156
157694, 9156
158099, 9156
159274, 9156
159418, 9156
159668, 9156
159874, 9156
160313, 9156
162179, 9156
163018, 9156
163090, 9156
163330, 9156
163591, 9156
163997, 9156
165449, 9156
165902, 9156
166531, 9156
167933, 9156
167958, 9156
169485, 9156
169976, 9156
170243, 9156
170875, 9156
171785, 9156
172311, 9156
173260, 9156
173572, 9156
174535, 9156
174788, 9156
174979, 9156
177290, 9156
177309, 9156
178106, 9156
178512, 9156
179057, 9156
180703, 9156
181159, 9156
181661, 9156
181867, 9156
182081, 9156
183212, 9156
183225, 9156
185552, 9156
186162, 9156
187138, 9156
187422, 9156
187655, 9156
187955, 9156
188056, 9156
188686, 9156
188850, 9156
190479, 9156
190872, 9156
191230, 9156
192412, 9156
193782, 9156
193917, 9156
194297, 9156
194310, 9156
194417, 9156
194904, 9156
194974, 9156
195294, 9156
195643, 9156
198578, 9156
201191, 9156
201239, 9156
201763, 9156
202010, 9156
202283, 9156
202687, 9156
203266, 9156
203515, 9156
204597, 9156
205771, 9156
206241, 9156
206981, 9156
207194, 9156
207561, 9156
207661, 9156
207838, 9156
208550, 9156
210538, 9156
211883, 9156
211920, 9156
212494, 9156
212603, 9156
213492, 9156
214680, 9156
215497, 9156
215914, 9156
216542, 9156
216774, 9156
216776, 9156
217419, 9156
219014, 9156
219312, 9156
222509, 9156
222648, 9156
223217, 9156
224359, 9156
225080, 9156
225431, 9156
226422, 9156
226438, 9156
226859, 9156
230470, 9156
231482, 9156
232175, 9156
235962, 9156
238497, 9156
240978, 9156
242383, 9156
242974, 9156
243266, 9156
243818, 9156
246421, 9156
247759, 9156
249577, 9156
250265, 9156
250861, 9156
252415, 9156
252466, 9156
254315, 9156
256032, 9156
256169, 9156
256858, 9156
257252, 9156
257448, 9156
258210, 9156
260117, 9156
261237, 9156
264103, 9156
267983, 9156
268056, 9156
269030, 9156
269743, 9156
271239, 9156
274376, 9156
276637, 9156
276792, 9156
278615, 9156
278689, 9156
281156, 9156
282890, 9156
284046, 9156
284449, 9156
285432, 9156
285886, 9156
286083, 9156
288035, 9156
291796, 9156
293513, 9156
293559, 9156
293831, 9156
294876, 9156
120146, 9108
142301, 9108
146076, 9108
146328, 9108
149946, 9108
153899, 9108
159490, 9108
162591, 9108
165383, 9108
170193, 9108
172305, 9108
177257, 9108
188485, 9108
197770, 9108
200319, 9108
200722, 9108
220784, 9108
231416, 9108
238536, 9108
248691, 9108
252553, 9108
257042, 9108
272262, 9108
275470, 9108
290717, 9108
293874, 9108
105871, 9036
142731, 9036
147678, 9036
160939, 9036
183489, 9036
188463, 9036
189424, 9036
244608, 9036
247076, 9036
254325, 9036
257724, 9036
258431, 9036
261933, 9036
272121, 9036
278336, 9036
87580, 8963
91170, 8963
95404, 8963
97678, 8963
100378, 8963
108939, 8963
109792, 8963
113154, 8963
126917, 8963
135270, 8963
143126, 8963
150183, 8963
150740, 8963
152384, 8963
156678, 8963
164234, 8963
174057, 8963
183417, 8963
186628, 8963
189181, 8963
199072, 8963
203010, 8963
204251, 8963
210292, 8963
210484, 8963
212560, 8963
215532, 8963
216255, 8963
218323, 8963
220060, 8963
224848, 8963
228786, 8963
230804, 8963
236670, 8963
239490, 8963
242244, 8963
247215, 8963
247334, 8963
250357, 8963
252962, 8963
254573, 8963
258267, 8963
258585, 8963
261393, 8963
261473, 8963
263236, 8963
269614, 8963
279897, 8963
280176, 8963
282522, 8963
291072, 8963
291384, 8963
111889, 8917
114832, 8917
114852, 8917
114876, 8917
116867, 8917
116887, 8917
121102, 8917
122447, 8917
125021, 8917
125744, 8917
126070, 8917
131255, 8917
131497, 8917
135097, 8917
136241, 8917
136367, 8917
137624, 8917
138271, 8917
141126, 8917
141651, 8917
143080, 8917
143544, 8917
143678, 8917
144139, 8917
144618, 8917
144940, 8917
145502, 8917
146694, 8917
147171, 8917
150224, 8917
150368, 8917
150633, 8917
151408, 8917
152554, 8917
152975, 8917
153929, 8917
154308, 8917
154844, 8917
155665, 8917
156703, 8917
156861, 8917
157249, 8917
160353, 8917
160859, 8917
161972, 8917
162166, 8917
163335, 8917
164659, 8917
164789, 8917
165001, 8917
165965, 8917
166182, 8917
167120, 8917
168096, 8917
168290, 8917
170009, 8917
170235, 8917
171761, 8917
172500, 8917
172667, 8917
172914, 8917
173379, 8917
173829, 8917
175014, 8917
175386, 8917
175430, 8917
176171, 8917
177144, 8917
177311, 8917
177461, 8917
179671, 8917
181135, 8917
182851, 8917
183452, 8917
183607, 8917
183637, 8917
185946, 8917
186571, 8917
186573, 8917
189872, 8917
191147, 8917
191522, 8917
192161, 8917
195423, 8917
196294, 8917
197342, 8917
197430, 8917
199364, 8917
203045, 8917
203751, 8917
204882, 8917
206511, 8917
207984, 8917
208375, 8917
208607, 8917
208805, 8917
209301, 8917
210393, 8917
212334, 8917
212599, 8917
213911, 8917
214759, 8917
215675, 8917
219561, 8917
219996, 8917
222901, 8917
226149, 8917
230020, 8917
230083, 8917
233462, 8917
238323, 8917
238879, 8917
240742, 8917
243205, 8917
243909, 8917
247886, 8917
251442, 8917
254050, 8917
255016, 8917
256092, 8917
263842, 8917
267710, 8917
268678, 8917
269102, 8917
270833, 8917
271882, 8917
276358, 8917
276910, 8917
279583, 8917
286220, 8917
292205, 8917
169483, 8858
170686, 8858
231837, 8858
232320, 8858
244651, 8858
259637, 8858
268007, 8858
277203, 8858
116600, 8827
118315, 8827
139112, 8827
146673, 8827
149105, 8827
149267, 8827
169644, 8827
172762, 8827
225887, 8827
225972, 8827
254643, 8827
255641, 8827
279289, 8827
295636, 8827
99129, 8815
118806, 8815
132962, 8815
134870, 8815
139005, 8815
141213, 8815
147892, 8815
153638, 8815
167963, 8815
198600, 8815
218270, 8815
226287, 8815
229636, 8815
229731, 8815
238717, 8815
240097, 8815
240814, 8815
252295, 8815
256611, 8815
282800, 8815
283346, 8815
285504, 8815
287759, 8815
288150, 8815
288705, 8815
293557, 8815
293833, 8815
294120, 8815
106026, 8650
251044, 8650
130552, 8616
140214, 8616
160492, 8616
222404, 8616
122550, 8588
136877, 8588
202638, 8588
231503, 8588
247278, 8588
255331, 8588
264692, 8588
265829, 8588
281275, 8588
284563, 8588
136720, 8577
174539, 8577
121622, 8574
122953, 8574
124130, 8574
128303, 8574
141953, 8574
150063, 8574
152882, 8574
160693, 8574
173621, 8574
173774, 8574
179280, 8574
180449, 8574
194838, 8574
196258, 8574
205215, 8574
214430, 8574
266519, 8574
289405, 8574
89706, 8555
127237, 8555
142020, 8555
158414, 8555
162358, 8555
173868, 8555
176249, 8555
188574, 8555
199386, 8555
209158, 8555
216593, 8555
234331, 8555
236734, 8555
237985, 8555
242525, 8555
283698, 8555
284795, 8555
284930, 8555
285845, 8555
286814, 8555
290745, 8555
201907, 8503
283370, 8503
134737, 8487
136907, 8487
137457, 8487
141817, 8487
153611, 8487
180685, 8487
191078, 8487
230117, 8487
231460, 8487
252635, 8487
256022, 8487
271687, 8487
272456, 8487
294901, 8487
149931, 8462
166642, 8462
166874, 8462
179405, 8462
190388, 8462
199600, 8462
214751, 8462
223954, 8462
233796, 8462
239085, 8462
249931, 8462
257733, 8462
260368, 8462
275011, 8462
281022, 8462
282022, 8462
284197, 8462
287835, 8462
295295, 8462
120679, 8386
231076, 8386
272737, 8386
275923, 8386
277987, 8386
96716, 8331
122958, 8331
156671, 8331
159075, 8331
161930, 8331
184967, 8331
192514, 8331
200028, 8331
207444, 8331
211504, 8331
213925, 8331
240761, 8331
242111, 8331
262365, 8331
112037, 8319
209866, 8319
210939, 8319
219641, 8319
222378, 8319
243262, 8319
276996, 8319
283432, 8319
285035, 8319
293880, 8319
126888, 8220
128155, 8220
133092, 8220
133203, 8220
154894, 8220
186055, 8220
201251, 8220
202755, 8220
206368, 8220
209483, 8220
275436, 8167
118071, 8131
136621, 8131
141159, 8131
147898, 8131
151690, 8131
167599, 8131
168348, 8131
180083, 8131
215701, 8131
222602, 8131
227245, 8131
239118, 8131
243898, 8131
260633, 8131
277303, 8131
238030, 8128
126365, 8080
150081, 8080
150608, 8080
175896, 8080
217345, 8080
257103, 8080
279325, 8080
285095, 8080
131461, 7971
177155, 7971
224270, 7971
96495, 7930
114434, 7930
137703, 7930
178330, 7930
278493, 7930
281477, 7930
181272, 7918
217868, 7918
160742, 7901
247690, 7901
278833, 7901
211297, 7898
161139, 7861
284488, 7861
188623, 7852
198354, 7835
157062, 7803
244261, 7803
274277, 7803
195505, 7797
271075, 7747
194817, 7717
141930, 7713
267743, 7713
286375, 7713
247029, 7682
86895, 7616
89137, 7616
228105, 7616
252489, 7616
198341, 7581
184543, 7552
206675, 7552
152845, 7545
240416, 7545
253194, 7545
269807, 7545
292106, 7545
136417, 7539
186522, 7539
266775, 7539
148332, 7526
164301, 7526
189623, 7526
199439, 7526
244454, 7526
280856, 7489
123048, 7470
206087, 7470
211006, 7470
230596, 7470
249746, 7439
166456, 7341
246518, 7327
249736, 7327
120043, 7304
124629, 7304
200990, 7304
202686, 7304
208741, 7304
222272, 7304
255803, 7304
282542, 7304
283691, 7304
150033, 7289
220159, 7289
286974, 7284
124782, 7267
130107, 7267
167355, 7267
287751, 7267
113482, 7261
125722, 7261
145681, 7261
146998, 7261
148412, 7261
150898, 7261
201736, 7261
208681, 7261
230198, 7261
235784, 7261
255816, 7261
261909, 7261
265724, 7261
266635, 7261
292893, 7261
294310, 7261
176855, 7226
151277, 7214
222590, 7178
131960, 7050
269491, 7050
294421, 7035
196618, 7028
206147, 7028
290116, 7028
79894, 6998
42300, 6981
46041, 6981
50289, 6981
54800, 6981
68869, 6981
69256, 6981
105778, 6981
116095, 6981
120350, 6981
127816, 6981
132335, 6981
132473, 6981
138618, 6981
145184, 6981
168074, 6981
171107, 6981
175120, 6981
192856, 6981
207149, 6981
225422, 6981
225606, 6981
246576, 6981
260159, 6981
268958, 6981
282976, 6981
283051, 6981
289827, 6981
295047, 6981
211661, 6929
234714, 6929
285500, 6929
114657, 6836
292191, 6836
159493, 6742
251640, 6713
259155, 6713
288337, 6712
100297, 6610
101099, 6610
108820, 6610
153556, 6610
185872, 6610
200796, 6610
205410, 6610
227349, 6610
235861, 6610
47907, 6581
55506, 6581
67440, 6581
70334, 6581
217270, 6581
147133, 6515
196799, 6515
149635, 6454
168065, 6454
256583, 6454
210817, 6446
135827, 6405
143517, 6405
242578, 6403
114228, 6209
136313, 6209
246996, 6209
101219, 6183
183370, 6183
232516, 6183
205747, 6133
264714, 5846
284176, 5846
286791, 5846
291515, 5846
100944, 5796
133119, 5796
135269, 5796
158349, 5796
166905, 5796
196483, 5796
200412, 5796
219151, 5796
81306, 5710
233522, 5630
796, 5513
8273, 5322
222395, 5258
9377, 5211
5183, 5171
118207, 5124
135163, 5124
175637, 5124
287978, 5124
288835, 5124
270436, 5094
8931, 5083
10383, 5083
10762, 5083
10782, 5083
11332, 5083
11782, 5083
9292, 5082
11807, 5082
268279, 5012
120517, 4992
213814, 4992
282796, 4992
120139, 4983
12544, 4964
180149, 4942
148012, 4927
11579, 4890
12042, 4890
12427, 4890
12946, 4890
12975, 4890
13141, 4890
13419, 4890
13558, 4890
13743, 4890
13939, 4890
14018, 4890
14020, 4890
14230, 4890
14282, 4890
14289, 4890
14421, 4890
14459, 4890
14557, 4890
14621, 4890
14667, 4890
15040, 4890
15126, 4890
15444, 4890
15446, 4890
15580, 4890
15662, 4890
15774, 4890
16276, 4890
6423, 4817
123867, 4799
175168, 4799
290836, 4797
223188, 4759
5909, 4758
8932, 4757
7631, 4752
8843, 4724
9354, 4724
9950, 4724
10257, 4724
101344, 4687
17589, 4684
177037, 4662
5917, 4656
7004, 4656
8091, 4656
8182, 4656
8296, 4656
15161, 4650
17170, 4650
18567, 4650
18577, 4650
18583, 4650
18710, 4650
18786, 4650
19061, 4650
19217, 4650
19279, 4650
19690, 4650
20014, 4650
20696, 4650
20998, 4650
20256, 4649
21782, 4649
22839, 4649
22907, 4649
16053, 4644
20434, 4644
17309, 4612
18552, 4612
19748, 4612
20282, 4612
20382, 4612
20482, 4612
21086, 4612
21104, 4612
21226, 4612
21585, 4612
21657, 4612
21986, 4612
22053, 4612
22618, 4612
22982, 4612
20662, 4606
22636, 4606
22914, 4606
18666, 4599
19247, 4599
20171, 4599
20964, 4599
21190, 4599
21431, 4599
21726, 4599
21816, 4599
22807, 4599
22821, 4599
23035, 4599
23130, 4599
23598, 4599
23852, 4599
24419, 4599
24444, 4599
24451, 4599
24538, 4599
24610, 4599
26190, 4599
26501, 4599
26639, 4599
32821, 4599
53475, 4599
2170, 4588
3599, 4588
17055, 4585
19077, 4585
22079, 4585
22808, 4585
23079, 4585
23641, 4585
25057, 4585
3466, 4582
12616, 4575
14040, 4575
15461, 4575
16337, 4575
208589, 4572
7908, 4567
9750, 4567
10043, 4567
11897, 4567
7919, 4553
8584, 4553
8751, 4553
9854, 4553
10074, 4553
10090, 4553
10261, 4553
10342, 4553
10633, 4553
10704, 4553
10727, 4553
10978, 4553
11269, 4553
11675, 4553
11746, 4553
12130, 4553
12569, 4553
134860, 4550
16194, 4520
22098, 4520
16993, 4511
20119, 4511
20717, 4511
23738, 4511
24702, 4511
24741, 4511
25054, 4511
25638, 4511
26666, 4511
26877, 4511
27142, 4511
27876, 4511
28447, 4511
28680, 4511
29714, 4511
30582, 4511
31214, 4511
31264, 4511
31322, 4511
31374, 4511
8670, 4497
13409, 4497
13803, 4495
14590, 4495
15805, 4495
15872, 4495
15885, 4495
16066, 4495
16259, 4495
16343, 4495
16589, 4495
16656, 4495
16758, 4495
16789, 4495
16935, 4495
16948, 4495
17043, 4495
14316, 4492
18470, 4492
18511, 4492
18973, 4492
19867, 4492
20436, 4492
20530, 4492
20860, 4492
21066, 4492
21191, 4492
21601, 4492
21758, 4492
22183, 4492
24008, 4492
24120, 4492
25243, 4492
25460, 4492
25480, 4492
25508, 4492
25604, 4492
25612, 4492
27611, 4492
27999, 4492
29080, 4492
21460, 4488
22012, 4488
23721, 4488
23732, 4488
23861, 4488
24193, 4488
24655, 4488
24740, 4488
24862, 4488
24922, 4488
25593, 4488
25760, 4488
26368, 4488
26549, 4488
26651, 4488
26708, 4488
26901, 4488
26913, 4488
27120, 4488
27193, 4488
27340, 4488
27342, 4488
27509, 4488
28018, 4488
28060, 4488
28193, 4488
28349, 4488
28909, 4488
28958, 4488
28975, 4488
29004, 4488
29007, 4488
29065, 4488
30073, 4488
32511, 4488
99016, 4484
139743, 4484
150466, 4484
197936, 4484
200694, 4484
265761, 4484
24507, 4482
25453, 4482
26403, 4482
26497, 4482
27913, 4482
28495, 4482
29375, 4482
30063, 4482
30086, 4482
30115, 4482
30237, 4482
31025, 4482
31286, 4482
31836, 4482
34268, 4482
266392, 4482
1156, 4479
1518, 4476
3790, 4476
186667, 4475
12785, 4468
13011, 4468
13057, 4468
13278, 4468
13489, 4468
14191, 4468
25200, 4467
26468, 4467
31907, 4467
14307, 4465
19713, 4465
22880, 4465
23109, 4465
25015, 4465
30959, 4465
23775, 4459
19450, 4454
19792, 4454
24946, 4450
27115, 4450
27807, 4450
29896, 4450
30347, 4450
30392, 4450
30635, 4450
30898, 4450
33341, 4450
36091, 4450
20745, 4449
15145, 4400
25976, 4396
96084, 4394
168261, 4394
196044, 4394
251911, 4391
17145, 4376
18322, 4376
7988, 4305
14686, 4297
15318, 4297
18229, 4284
257358, 4284
206773, 4237
233887, 4237
147825, 4200
11322, 4160
5970, 4159
186345, 4147
18950, 4137
7949, 4085
9102, 4085
9982, 4085
5429, 4079
6246, 4079
12829, 4060
272723, 4042
10643, 4033
5544, 4028
13985, 3997
14969, 3997
16996, 3943
18287, 3943
20249, 3943
3517, 3932
14386, 3921
130376, 3915
130661, 3915
170123, 3915
2056, 3873
4830, 3873
12190, 3862
15502, 3862
15656, 3862
15384, 3859
19257, 3846
13271, 3841
15804, 3841
16492, 3841
16553, 3841
14137, 3814
14571, 3814
15366, 3814
15980, 3814
16516, 3814
16533, 3814
16906, 3814
17156, 3814
17177, 3814
18698, 3814
11366, 3803
11403, 3803
14023, 3772
24073, 3728
24225, 3728
27079, 3728
29312, 3728
29600, 3728
29643, 3728
29743, 3728
30018, 3728
30297, 3728
30466, 3728
30704, 3728
31159, 3728
31191, 3728
31469, 3728
31774, 3728
32022, 3728
32183, 3728
32493, 3728
32793, 3728
33466, 3728
34019, 3728
34153, 3728
34171, 3728
34230, 3728
34233, 3728
34540, 3728
35135, 3728
35285, 3728
35547, 3728
35656, 3728
36167, 3728
37383, 3728
37975, 3728
38043, 3728
38446, 3728
6059, 3716
33144, 3690
29954, 3683
44822, 3680
47819, 3680
48336, 3680
54869, 3680
31474, 3676
32626, 3676
33591, 3676
35046, 3676
35450, 3676
26681, 3670
104688, 3670
107162, 3670
159434, 3670
187864, 3670
269264, 3670
269680, 3670
289342, 3670
27092, 3656
28681, 3656
30214, 3656
30581, 3656
31257, 3656
34523, 3656
34998, 3656
35095, 3656
36009, 3656
36124, 3656
22806, 3652
25936, 3652
26395, 3652
29876, 3652
30280, 3652
31827, 3652
32139, 3652
33122, 3652
42421, 3651
44708, 3651
45592, 3651
45948, 3651
46416, 3651
48753, 3651
49744, 3651
50988, 3651
53011, 3651
40000, 3650
41943, 3650
45076, 3650
45769, 3650
48295, 3650
51264, 3650
34353, 3645
34871, 3645
37405, 3645
37847, 3645
39431, 3645
40414, 3645
41465, 3645
41535, 3645
42443, 3645
42638, 3645
42911, 3645
43658, 3645
43736, 3645
44143, 3645
44338, 3645
44643, 3645
45385, 3645
45471, 3645
45530, 3645
45543, 3645
45632, 3645
46086, 3645
46287, 3645
46324, 3645
47446, 3645
48272, 3645
48304, 3645
48556, 3645
48663, 3645
48822, 3645
49098, 3645
49177, 3645
49245, 3645
49813, 3645
49888, 3645
50045, 3645
50482, 3645
50845, 3645
50995, 3645
51851, 3645
52381, 3645
52384, 3645
52877, 3645
53585, 3645
54035, 3645
54048, 3645
55233, 3645
55591, 3645
55675, 3645
36144, 3642
36764, 3642
38242, 3642
38854, 3642
38962, 3642
39141, 3642
39862, 3642
40166, 3642
40241, 3642
40819, 3642
41493, 3642
41695, 3642
42046, 3642
42928, 3642
43449, 3642
43622, 3642
43757, 3642
43867, 3642
43891, 3642
43964, 3642
44177, 3642
44192, 3642
44690, 3642
45418, 3642
46066, 3642
46363, 3642
47419, 3642
47443, 3642
47832, 3642
47949, 3642
48311, 3642
48696, 3642
49406, 3642
49484, 3642
49536, 3642
49602, 3642
49617, 3642
49987, 3642
50153, 3642
50428, 3642
50813, 3642
52049, 3642
52320, 3642
52993, 3642
53241, 3642
55764, 3642
28050, 3622
28558, 3622
29150, 3622
31825, 3622
32068, 3622
32475, 3622
33390, 3622
37577, 3622
46895, 3618
47888, 3618
49922, 3618
49984, 3618
51281, 3618
29653, 3614
34447, 3614
35816, 3613
34406, 3605
35278, 3605
35328, 3605
37081, 3605
37103, 3605
37457, 3605
37532, 3605
37596, 3605
37681, 3605
37780, 3605
37876, 3605
38321, 3605
39450, 3605
39859, 3605
40707, 3605
40833, 3605
41428, 3605
41437, 3605
41613, 3605
43092, 3605
43594, 3605
43978, 3605
44083, 3605
47295, 3605
42722, 3600
44933, 3600
52585, 3600
32455, 3583
40553, 3579
41326, 3579
43415, 3579
43707, 3579
45296, 3579
45459, 3579
45746, 3579
47078, 3579
47729, 3579
48313, 3579
49175, 3579
49686, 3579
51081, 3579
51376, 3579
52134, 3579
23179, 3571
34834, 3558
42968, 3558
44184, 3558
44381, 3558
46502, 3558
47284, 3558
53579, 3558
55201, 3558
249162, 3556
4066, 3550
33160, 3550
191817, 3550
202144, 3550
245459, 3550
272875, 3550
33494, 3537
36554, 3537
41044, 3537
210290, 3528
234152, 3528
45141, 3520
25486, 3513
29359, 3513
32196, 3513
34468, 3513
34822, 3513
34972, 3513
38070, 3513
38292, 3513
39885, 3513
41896, 3513
42417, 3513
42642, 3513
43630, 3513
43768, 3513
43853, 3513
44052, 3513
44123, 3513
44893, 3513
48724, 3513
49528, 3513
46375, 3507
30110, 3506
33629, 3506
33639, 3506
34217, 3506
35058, 3506
36444, 3506
37740, 3506
38454, 3506
44888, 3506
29139, 3501
29443, 3501
29555, 3501
32015, 3501
32159, 3501
33359, 3501
35972, 3501
36325, 3501
36434, 3501
37918, 3501
48115, 3501
26739, 3500
35256, 3500
38692, 3500
38101, 3493
30867, 3473
25290, 3464
31423, 3464
32699, 3464
33575, 3464
34129, 3464
34582, 3464
36359, 3464
36758, 3464
36806, 3464
37426, 3464
37806, 3464
37897, 3464
38469, 3464
39185, 3464
39715, 3464
39939, 3464
40455, 3464
40641, 3464
41355, 3464
41567, 3464
42760, 3464
42802, 3464
43439, 3464
43763, 3464
44199, 3464
44628, 3464
45853, 3464
45919, 3464
46371, 3464
46399, 3464
47485, 3464
48104, 3464
48750, 3464
50333, 3464
50563, 3464
50676, 3464
2596, 3461
38080, 3457
39959, 3457
42089, 3457
197131, 3457
216397, 3457
237227, 3457
240175, 3457
261340, 3457
38544, 3441
34202, 3431
34281, 3431
38656, 3431
40187, 3431
40779, 3431
41017, 3431
41033, 3431
44920, 3431
45942, 3431
46299, 3431
33726, 3414
30338, 3411
30356, 3411
32612, 3411
34044, 3411
40978, 3411
42081, 3411
31365, 3406
33343, 3406
33347, 3406
33762, 3406
33955, 3406
35092, 3406
35425, 3406
37901, 3406
39731, 3406
39784, 3406
39788, 3406
40120, 3406
40202, 3406
41344, 3406
41631, 3406
43432, 3406
49767, 3406
42311, 3392
39635, 3378
94137, 3367
37723, 3362
14425, 3360
15888, 3360
15947, 3360
16229, 3360
17062, 3360
17223, 3360
17761, 3360
17807, 3357
28157, 3357
45560, 3352
32718, 3345
36470, 3345
37163, 3345
38307, 3345
40218, 3345
41508, 3345
41858, 3345
43276, 3345
46724, 3345
50378, 3345
53445, 3345
18299, 3338
34733, 3329
43160, 3329
47013, 3329
48353, 3329
48472, 3329
29494, 3325
31777, 3325
32420, 3325
32623, 3325
37232, 3325
37645, 3325
39509, 3325
39831, 3325
39981, 3325
40966, 3325
41657, 3325
42523, 3325
43062, 3325
43898, 3325
44703, 3325
45265, 3325
45587, 3325
45709, 3325
46496, 3325
46788, 3325
47413, 3325
47681, 3325
48071, 3325
48465, 3325
50401, 3325
50561, 3325
52237, 3325
24696, 3320
45840, 3320
44455, 3316
15262, 3311
40071, 3311
41274, 3311
41906, 3311
44370, 3311
46179, 3311
46613, 3311
47524, 3311
49088, 3311
49392, 3311
49616, 3311
49897, 3311
49947, 3311
50559, 3311
51087, 3311
51347, 3311
52067, 3311
52122, 3311
53177, 3311
53868, 3311
55532, 3311
55844, 3311
58230, 3311
174121, 3247
47307, 3227
37401, 3184
40546, 3184
41462, 3184
42781, 3184
44171, 3184
48077, 3184
50176, 3184
53120, 3184
56222, 3184
113241, 3176
35569, 3160
36684, 3160
37529, 3160
38060, 3160
38609, 3160
39735, 3160
40633, 3160
40649, 3160
40763, 3160
40880, 3160
41432, 3160
41716, 3160
43703, 3160
43772, 3160
44773, 3160
45033, 3160
45865, 3160
46482, 3160
47498, 3160
47910, 3160
48153, 3160
48489, 3160
48614, 3160
48836, 3160
48988, 3160
48996, 3160
49107, 3160
49394, 3160
49839, 3160
50037, 3160
50387, 3160
51091, 3160
52995, 3160
53001, 3160
55005, 3160
56008, 3160
57707, 3160
58289, 3160
58834, 3160
43018, 3146
45412, 3146
54150, 3146
58399, 3146
37539, 3122
14482, 3067
11899, 3057
105437, 3024
121251, 3024
140654, 3024
148582, 3024
176675, 3024
179447, 3024
180601, 3024
183589, 3024
184314, 3024
184372, 3024
190335, 3024
200388, 3024
203681, 3024
204603, 3024
205306, 3024
205356, 3024
209144, 3024
212271, 3024
214097, 3024
219688, 3024
225246, 3024
227448, 3024
229903, 3024
230235, 3024
234111, 3024
238403, 3024
244596, 3024
250372, 3024
259928, 3024
260677, 3024
264405, 3024
275278, 3024
276249, 3024
285394, 3024
285692, 3024
287552, 3024
10829, 2997
117588, 2997
127531, 2997
134629, 2997
153957, 2997
158900, 2997
176224, 2997
179014, 2997
192364, 2997
227852, 2997
238877, 2997
253267, 2997
253507, 2997
255262, 2997
271377, 2997
286437, 2997
239624, 2986
254566, 2986
20631, 2970
21319, 2970
22126, 2970
26452, 2970
28260, 2970
28914, 2970
31834, 2970
33971, 2970
44322, 2970
46915, 2970
51889, 2970
56470, 2970
59706, 2970
69841, 2970
73465, 2970
78919, 2970
82745, 2970
86553, 2970
86853, 2970
101949, 2970
108458, 2970
139599, 2970
147348, 2970
163336, 2970
163340, 2970
200130, 2970
221637, 2970
232487, 2970
281534, 2970
16596, 2966
94278, 2948
149411, 2948
193464, 2948
209039, 2948
218831, 2948
259186, 2948
260883, 2948
290633, 2948
11967, 2917
12555, 2917
13410, 2917
13528, 2917
13770, 2912
224789, 2895
15860, 2883
16303, 2883
17333, 2883
18723, 2883
11102, 2875
69455, 2875
73266, 2875
88002, 2875
91125, 2875
98323, 2875
98924, 2875
100046, 2875
104014, 2875
105668, 2875
111260, 2875
114402, 2875
124966, 2875
125244, 2875
24443, 2872
25302, 2872
26278, 2872
30257, 2872
34142, 2872
36987, 2872
37838, 2872
52829, 2872
71605, 2872
99124, 2872
119015, 2872
126621, 2872
127898, 2872
137346, 2872
138843, 2872
156913, 2872
169681, 2872
185707, 2872
202787, 2872
203044, 2872
237983, 2872
246137, 2872
32478, 2865
21774, 2861
21876, 2861
110450, 2857
14692, 2852
118158, 2849
118237, 2849
124485, 2849
126129, 2849
131148, 2849
142952, 2849
158066, 2849
158695, 2849
15193, 2846
16200, 2846
16606, 2846
16731, 2845
17452, 2845
60876, 2838
97479, 2838
116202, 2838
120204, 2838
185559, 2838
103223, 2827
125950, 2827
154934, 2827
158603, 2827
172249, 2827
177713, 2827
180520, 2827
189366, 2827
193261, 2827
194820, 2827
196968, 2827
197272, 2827
207358, 2827
208072, 2827
208795, 2827
215010, 2827
216081, 2827
217534, 2827
220419, 2827
231155, 2827
231269, 2827
231332, 2827
237618, 2827
238299, 2827
238973, 2827
239737, 2827
246494, 2827
248983, 2827
249379, 2827
250096, 2827
251188, 2827
253018, 2827
254119, 2827
256581, 2827
260085, 2827
261713, 2827
262247, 2827
262414, 2827
263582, 2827
263967, 2827
264666, 2827
264926, 2827
266627, 2827
266798, 2827
267129, 2827
267502, 2827
268217, 2827
270720, 2827
271661, 2827
275385, 2827
276605, 2827
279189, 2827
279353, 2827
280141, 2827
280703, 2827
280726, 2827
284217, 2827
287712, 2827
292363, 2827
292410, 2827
292752, 2827
295824, 2827
170782, 2814
185215, 2814
188696, 2814
193229, 2814
220641, 2814
226002, 2814
235430, 2814
242282, 2814
260391, 2814
262243, 2814
263954, 2814
274780, 2814
18436, 2813
19197, 2813
20634, 2813
23152, 2813
13824, 2811
15534, 2811
16403, 2811
17673, 2811
16614, 2806
14454, 2802
272271, 2801
39533, 2799
13227, 2788
13594, 2788
40638, 2788
56074, 2788
59386, 2788
61791, 2788
66417, 2788
70916, 2788
73296, 2788
74799, 2788
76528, 2788
80944, 2788
83074, 2788
85654, 2788
87684, 2788
87962, 2788
93244, 2788
95990, 2788
96502, 2788
97713, 2788
107016, 2788
114754, 2788
132088, 2788
135673, 2788
151393, 2788
159564, 2788
160665, 2788
160691, 2788
163690, 2788
165474, 2788
172003, 2788
174289, 2788
211793, 2788
225454, 2788
243949, 2788
261412, 2788
131242, 2782
142915, 2782
19064, 2750
20899, 2750
22174, 2750
14995, 2730
16787, 2730
17264, 2730
16564, 2728
125915, 2726
202833, 2726
282211, 2726
227566, 2719
148026, 2717
289934, 2717
17096, 2702
16790, 2690
19410, 2687
20834, 2678
137398, 2642
176428, 2642
177031, 2642
204506, 2642
243711, 2623
273654, 2623
13559, 2621
15737, 2621
16149, 2621
16605, 2621
16723, 2621
140823, 2621
232208, 2619
17860, 2614
101587, 2607
145586, 2607
15156, 2589
15760, 2589
15916, 2589
12994, 2588
16567, 2588
16782, 2588
16886, 2588
18464, 2572
16975, 2570
9456, 2563
15374, 2548
18479, 2548
21091, 2546
21789, 2546
22883, 2546
24542, 2546
197367, 2546
229713, 2546
255497, 2546
271213, 2546
14688, 2543
16051, 2540
16189, 2540
16503, 2540
17079, 2540
18178, 2540
14675, 2538
16550, 2525
17015, 2525
17994, 2525
15088, 2521
16679, 2521
17073, 2521
17227, 2521
18217, 2521
18306, 2521
152568, 2521
16091, 2516
16815, 2516
17486, 2516
18469, 2516
14430, 2505
15525, 2505
15938, 2505
16039, 2505
16076, 2505
16615, 2505
17680, 2505
17897, 2505
18003, 2505
18060, 2505
18341, 2505
18920, 2505
19405, 2505
17245, 2500
18699, 2500
20143, 2497
20416, 2497
22650, 2497
13835, 2494
13956, 2494
15689, 2494
17106, 2494
17133, 2494
68042, 2493
12260, 2492
12515, 2492
12782, 2492
15636, 2492
16065, 2492
15933, 2491
16982, 2491
17779, 2491
18339, 2491
18704, 2491
19208, 2491
19505, 2491
17168, 2489
17750, 2489
23645, 2486
15929, 2484
18701, 2482
13833, 2480
16225, 2480
17298, 2480
18385, 2477
11380, 2464
235670, 2464
9918, 2463
10053, 2463
16727, 2451
274657, 2451
10604, 2450
11900, 2450
12291, 2450
17747, 2449
20607, 2449
21013, 2449
21835, 2449
21853, 2449
20932, 2447
11165, 2446
11813, 2446
12812, 2446
13095, 2446
13811, 2446
9985, 2441
11474, 2441
11614, 2441
11840, 2441
11950, 2441
12577, 2441
14368, 2441
16989, 2441
12154, 2440
12292, 2440
15255, 2439
16021, 2439
18491, 2436
21926, 2436
16236, 2435
18159, 2435
12907, 2431
16442, 2431
16797, 2431
18161, 2431
17819, 2421
18098, 2421
19012, 2420
19563, 2420
20539, 2420
20791, 2420
20962, 2420
21260, 2420
22249, 2420
22484, 2420
16836, 2412
9919, 2407
15870, 2406
17224, 2406
17489, 2406
17796, 2406
18702, 2406
19086, 2405
15456, 2394
15952, 2394
16048, 2394
16059, 2394
16196, 2394
16478, 2394
16938, 2394
16942, 2394
18344, 2388
20254, 2388
20324, 2388
20882, 2388
19842, 2375
14460, 2372
18112, 2372
16202, 2370
16275, 2370
17852, 2370
7302, 2367
229373, 2348
13917, 2332
3010, 2330
19239, 2316
20658, 2316
5139, 2311
274611, 2291
14440, 2289
12659, 2287
14616, 2287
14987, 2287
15330, 2287
15356, 2287
16671, 2287
7471, 2269
7633, 2269
14179, 2259
14333, 2259
14455, 2259
14932, 2259
8226, 2239
18319, 2227
18897, 2219
22503, 2214
17576, 2206
18459, 2205
22620, 2191
20310, 2190
23047, 2190
288711, 2187
10518, 2186
22587, 2178
12473, 2175
13129, 2175
14171, 2175
14334, 2175
14358, 2175
24984, 2174
26290, 2161
6075, 2153
6887, 2153
24278, 2153
141730, 2153
28477, 2141
53873, 2141
64128, 2141
81864, 2141
83147, 2141
288400, 2125
128967, 2099
166984, 2099
90556, 2094
208857, 2093
7680, 2090
7236, 2088
84562, 2088
283797, 2088
17845, 2079
7312, 2054
11998, 2054
22795, 2054
25278, 2054
38634, 2054
38851, 2054
211900, 2054
227010, 2050
23067, 2039
8881, 2036
9203, 2036
15477, 2033
19283, 2029
20950, 2029
21362, 2029
22822, 2029
7564, 2028
8249, 2028
8389, 2028
8565, 2028
8952, 2028
9398, 2028
9534, 2028
9538, 2028
9800, 2028
9801, 2028
10168, 2028
7366, 2023
81151, 2006
294214, 2006
9277, 2001
15668, 1996
24246, 1996
73797, 1995
79607, 1995
6867, 1994
17256, 1991
19558, 1991
20221, 1991
20431, 1991
21394, 1991
10848, 1990
14267, 1990
18533, 1990
18758, 1990
23247, 1990
44695, 1990
46006, 1990
128171, 1990
208801, 1990
277399, 1990
31530, 1969
21068, 1966
24144, 1966
8326, 1957
21323, 1957
24992, 1957
54192, 1957
110281, 1957
90693, 1933
110261, 1933
124778, 1933
19721, 1901
19111, 1899
25000, 1898
25206, 1898
25352, 1898
2882, 1868
5186, 1868
6992, 1852
7117, 1852
7216, 1852
7288, 1852
7459, 1852
7568, 1852
7687, 1852
7697, 1852
7900, 1852
55796, 1852
56963, 1852
73521, 1852
81278, 1852
199491, 1852
222909, 1852
30205, 1842
4984, 1824
5866, 1824
5962, 1824
6514, 1824
6797, 1824
7010, 1824
7080, 1824
7320, 1824
42635, 1824
55316, 1824
56289, 1824
60315, 1824
72536, 1824
228795, 1824
75465, 1816
105740, 1816
130649, 1816
139573, 1816
142052, 1816
147108, 1816
177613, 1816
205471, 1816
6837, 1794
26762, 1766
72277, 1761
158748, 1746
20650, 1735
3878, 1729
3954, 1729
4754, 1729
4979, 1729
41305, 1729
164893, 1729
166949, 1729
176278, 1729
42620, 1662
158190, 1662
23321, 1653
27338, 1631
126084, 1617
23827, 1593
4709, 1590
23887, 1587
25802, 1587
343, 1579
138765, 1574
4715, 1553
5195, 1553
5215, 1553
5275, 1553
5311, 1553
5315, 1553
5492, 1553
5629, 1553
6186, 1553
45812, 1553
47467, 1553
54508, 1553
144287, 1553
221574, 1552
23958, 1549
27919, 1549
4373, 1545
4459, 1545
4546, 1545
4729, 1545
4800, 1545
37593, 1545
38444, 1545
38862, 1545
45525, 1545
130003, 1545
140763, 1545
25934, 1525
26820, 1525
26905, 1525
27319, 1525
28979, 1525
29251, 1525
32030, 1525
20777, 1516
25494, 1506
28155, 1506
28422, 1506
28762, 1506
28882, 1506
147521, 1503
160759, 1503
211686, 1503
69999, 1488
234488, 1488
3646, 1486
4128, 1486
4133, 1486
4349, 1486
4392, 1486
4956, 1486
41185, 1486
45079, 1486
28877, 1468
29322, 1468
30007, 1468
122614, 1449
33136, 1448
28799, 1441
33127, 1438
38513, 1429
39143, 1429
64935, 1419
92088, 1419
109042, 1419
275601, 1419
35116, 1390
36994, 1390
6084, 1384
6222, 1384
6336, 1384
6500, 1384
6656, 1384
6763, 1384
6857, 1384
6940, 1384
7146, 1384
7255, 1384
58925, 1384
61139, 1384
66307, 1384
71103, 1384
72573, 1384
181383, 1384
182156, 1384
235435, 1384
252248, 1384
268489, 1384
291569, 1384
10660, 1366
25563, 1365
29828, 1356
33358, 1356
35384, 1356
36872, 1356
31927, 1337
33559, 1337
18357, 1331
35652, 1321
36550, 1321
37472, 1321
191948, 1288
230015, 1288
277322, 1288
278701, 1288
30676, 1286
34441, 1286
34774, 1286
36927, 1286
37437, 1286
37972, 1286
38193, 1286
132890, 1282
154244, 1282
166604, 1282
175182, 1282
178571, 1282
187894, 1282
202811, 1282
246450, 1282
249856, 1282
252974, 1282
266974, 1282
6331, 1280
6457, 1280
4990, 1277
5110, 1277
5362, 1277
5445, 1277
5888, 1277
5926, 1277
50918, 1277
59485, 1277
153662, 1277
171397, 1277
266258, 1272
268815, 1272
31026, 1232
33692, 1232
34779, 1232
35688, 1232
35912, 1232
39776, 1232
824, 1229
1690, 1229
1779, 1229
1820, 1229
2426, 1229
164351, 1225
175086, 1225
177752, 1225
178679, 1225
198649, 1225
209265, 1225
217887, 1225
273361, 1225
32551, 1189
36763, 1189
37698, 1189
37950, 1189
38502, 1189
39182, 1189
985, 1183
1717, 1183
2910, 1183
3107, 1183
3288, 1183
3295, 1183
3508, 1183
3540, 1183
3565, 1183
3783, 1183
3872, 1183
3959, 1183
4059, 1183
4158, 1183
4233, 1183
4260, 1183
4345, 1183
4353, 1183
4411, 1183
4522, 1183
4556, 1183
4557, 1183
4639, 1183
4654, 1183
36375, 1160
37319, 1160
37644, 1160
38830, 1160
39107, 1160
25851, 1155
35228, 1155
38075, 1155
38471, 1155
41425, 1155
111430, 1151
75234, 1149
84263, 1149
84873, 1149
85707, 1149
115466, 1149
115898, 1149
130854, 1149
136012, 1149
153812, 1149
1294, 1135
78222, 1131
681, 1128
1376, 1124
1793, 1124
1827, 1124
2050, 1124
2442, 1124
2451, 1124
2630, 1124
2718, 1124
2840, 1124
2874, 1124
3097, 1124
3171, 1124
3439, 1124
36345, 1120
38525, 1120
39300, 1120
40918, 1120
41825, 1120
3738, 1113
3935, 1113
4436, 1113
4562, 1113
4611, 1113
4614, 1113
4771, 1113
4865, 1113
4914, 1113
4922, 1113
5089, 1113
7061, 1109
7101, 1109
54796, 1109
69042, 1089
250860, 1080
253524, 1080
3749, 1076
4317, 1076
4636, 1076
4706, 1076
4932, 1076
4980, 1076
5042, 1076
5114, 1076
5132, 1076
5135, 1076
5212, 1076
5240, 1076
34111, 1070
39234, 1070
40349, 1070
40515, 1070
41792, 1070
42035, 1070
42772, 1070
70016, 1067
34359, 1066
58202, 1065
206444, 1065
268333, 1065
272186, 1065
27645, 1063
37533, 1063
38364, 1063
38835, 1063
39258, 1063
40234, 1063
41138, 1063
74885, 1056
13378, 1050
146857, 1043
232519, 1043
125855, 1039
81363, 1031
115891, 1031
34533, 1030
35258, 1030
36176, 1030
37892, 1030
38143, 1030
40500, 1030
41311, 1030
41588, 1030
43819, 1030
32246, 1020
32964, 1020
33209, 1020
36123, 1020
38354, 1020
39797, 1020
40130, 1020
41060, 1020
41414, 1020
43395, 1020
45013, 1020
30934, 1016
39325, 1010
40321, 1010
40549, 1010
41962, 1010
42321, 1010
48282, 1010
49703, 1010
219091, 1010
126318, 1008
146684, 1008
148470, 1008
160578, 1008
161830, 1008
165397, 1008
201330, 1008
202671, 1008
233346, 1008
245283, 1008
245903, 1008
263500, 1008
266145, 1008
37131, 1007
39796, 1007
39858, 1007
45906, 1007
