24171, 125907
54376, 125907
2593, 125538
3866, 125538
6497, 125538
6975, 125538
20378, 125538
25719, 125538
30085, 125538
44283, 125538
183488, 125538
238223, 125538
170150, 122489
224446, 122489
238120, 122489
246245, 122489
266965, 122489
1417, 122293
1446, 122293
1481, 122293
1755, 122293
2357, 122293
2457, 122293
3890, 122293
3913, 122293
4537, 122293
4785, 122293
5453, 122293
7215, 122293
7875, 122293
8288, 122293
11333, 122293
12429, 122293
13446, 122293
13923, 122293
14738, 122293
16687, 122293
16851, 122293
17326, 122293
17469, 122293
17535, 122293
18059, 122293
18566, 122293
18650, 122293
19458, 122293
20108, 122293
20131, 122293
20617, 122293
20875, 122293
22338, 122293
24592, 122293
25772, 122293
25957, 122293
26599, 122293
26768, 122293
28083, 122293
28300, 122293
29927, 122293
29974, 122293
32335, 122293
32521, 122293
32585, 122293
37135, 122293
37392, 122293
37898, 122293
39907, 122293
40401, 122293
40671, 122293
40932, 122293
45351, 122293
49211, 122293
50451, 122293
61007, 122293
68448, 122293
68620, 122293
70886, 122293
72081, 122293
72099, 122293
72911, 122293
76974, 122293
80665, 122293
83059, 122293
84372, 122293
84944, 122293
86522, 122293
90185, 122293
93086, 122293
93295, 122293
106278, 122293
111074, 122293
113051, 122293
117541, 122293
119770, 122293
122691, 122293
123886, 122293
136829, 122293
138772, 122293
141116, 122293
144612, 122293
148728, 122293
154887, 122293
159085, 122293
162167, 122293
169176, 122293
178658, 122293
196683, 122293
210598, 122293
211135, 122293
233678, 122293
253247, 122293
256736, 122293
269002, 122293
284053, 122293
287139, 122293
290156, 122293
89377, 121937
211852, 121937
230125, 121937
247989, 121937
248358, 121937
256532, 121937
277688, 120856
192307, 118045
294482, 118045
4367, 118039
41020, 118039
58702, 118039
63224, 118039
69930, 118039
72288, 118039
83569, 118039
142485, 118039
154110, 118039
188500, 118039
5611, 117471
190802, 115268
207214, 16070
77551, 15735
96394, 15735
194337, 15735
197870, 15735
202600, 15735
231799, 15735
244625, 15735
295873, 15735
74893, 15677
80971, 15677
92059, 15677
95104, 15677
100194, 15677
106414, 15677
109860, 15677
133222, 15677
136721, 15677
136934, 15677
137216, 15677
140610, 15677
141420, 15677
142225, 15677
142728, 15677
150593, 15677
152524, 15677
152553, 15677
153652, 15677
156020, 15677
159354, 15677
163941, 15677
167558, 15677
171394, 15677
172733, 15677
177722, 15677
185185, 15677
187944, 15677
195678, 15677
202929, 15677
203359, 15677
215985, 15677
225022, 15677
226129, 15677
231715, 15677
233328, 15677
239651, 15677
241436, 15677
248064, 15677
249064, 15677
252763, 15677
255183, 15677
259664, 15677
261502, 15677
262280, 15677
263677, 15677
272325, 15677
275050, 15677
277897, 15677
279052, 15677
289508, 15677
291818, 15677
293101, 15677
75137, 14793
112164, 14793
128841, 14793
150438, 14793
192322, 14793
214567, 14793
232734, 14729
23028, 14263
271580, 14263
50443, 13625
60043, 13625
61541, 13625
247686, 13625
257802, 13625
103436, 12977
112352, 12977
128051, 12977
138912, 12977
172245, 12977
178914, 12977
206425, 12977
210138, 12977
225738, 12977
293264, 12977
269190, 12878
69347, 12610
191319, 12610
213004, 12135
272736, 12135
250780, 10917
24055, 9880
34316, 9880
37253, 9880
46347, 9880
48613, 9880
72461, 9880
86374, 9880
87442, 9880
149734, 9880
140014, 9874
240582, 9844
21577, 9839
40478, 9839
42310, 9839
42810, 9839
60039, 9839
60073, 9839
63003, 9839
85249, 9839
85464, 9839
89819, 9839
91022, 9839
95160, 9839
98216, 9839
98440, 9839
100706, 9839
120066, 9839
126157, 9839
128994, 9839
132110, 9839
135243, 9839
171279, 9839
179641, 9839
206242, 9839
213936, 9839
31520, 9813
38343, 9813
107068, 9813
70622, 9741
76418, 9741
88356, 9741
89648, 9741
108531, 9741
111725, 9741
127975, 9741
128948, 9741
133516, 9741
134450, 9741
137292, 9741
171729, 9741
206507, 9741
230953, 9741
235137, 9741
261051, 9741
262866, 9741
266215, 9741
267342, 9741
19457, 9710
36299, 9710
81631, 9710
97649, 9710
119277, 9710
122963, 9710
124195, 9710
138923, 9710
149257, 9710
159583, 9710
198956, 9710
249852, 9710
276945, 9710
173709, 9708
33219, 9202
15361, 9200
71964, 9199
114287, 9199
241141, 9199
11311, 9096
88901, 8723
122664, 8723
122977, 8723
192901, 8495
231796, 8495
209605, 8318
26280, 8112
38798, 8112
95823, 8112
99188, 8112
141203, 8112
148757, 8112
149941, 8112
163648, 8112
243017, 8112
260774, 8112
267608, 8112
287069, 8112
4721, 8091
10585, 8091
24502, 8091
59637, 8091
62563, 8091
113106, 8091
115698, 8091
151065, 8091
218435, 8091
257172, 8091
217885, 8054
232073, 8054
39276, 7989
65559, 7798
10479, 7712
95656, 7712
214357, 7712
264766, 7712
63707, 7710
290578, 7710
33320, 7707
65137, 7707
112790, 7707
108030, 7697
59852, 7616
98561, 7616
151815, 7616
161236, 7616
163541, 7616
190539, 7616
211151, 7616
216654, 7616
88785, 7595
254274, 7595
8756, 7506
67413, 7506
145290, 7506
151948, 7506
120846, 7492
158286, 7492
16282, 7385
63242, 7372
214718, 7372
235156, 7372
284924, 7372
105907, 7351
124344, 7351
29132, 7313
74413, 7313
282526, 7292
30107, 7063
154671, 7063
65690, 6945
67512, 6945
249163, 6939
132633, 6876
84304, 6841
123233, 6841
155531, 6841
176582, 6841
260645, 6841
204997, 6799
239922, 6799
266986, 6799
94196, 6719
77052, 6617
134318, 6617
180080, 6617
185105, 6617
196488, 6565
219421, 6470
276179, 6452
36693, 6443
49851, 6440
71793, 6368
132188, 6368
157109, 6168
275832, 6134
128826, 5956
190253, 5956
16444, 5927
31478, 5927
35215, 5927
52296, 5902
6567, 5886
86601, 5870
193071, 5670
33378, 5664
125670, 5570
44449, 5553
94403, 5508
155092, 5508
57771, 5431
87784, 5431
95860, 5431
226506, 5431
249244, 5431
34988, 5418
96462, 5418
7462, 5400
185913, 5357
11374, 5347
180853, 5327
256206, 5327
166365, 5290
155074, 5285
250522, 5285
256728, 5285
268779, 5285
293042, 5285
286480, 5281
247714, 5270
200675, 5269
257067, 5269
240719, 5261
71740, 5251
107636, 5251
112847, 5251
72949, 5245
81254, 5245
82733, 5245
87939, 5245
99173, 5245
100941, 5245
130978, 5245
156303, 5245
156358, 5245
219883, 5245
249646, 5245
266515, 5245
270507, 5245
278903, 5245
179089, 5242
286043, 5242
195006, 5232
199823, 5232
219043, 5232
272866, 5232
85929, 5224
126473, 5222
295110, 5194
240329, 5189
103177, 5170
185064, 5170
213090, 5170
282298, 5170
293329, 5170
163714, 5156
127754, 5142
218232, 5142
258780, 5142
295503, 5142
259774, 5141
153264, 5140
102581, 5138
15208, 5127
39747, 5127
46737, 5115
80112, 5091
291159, 5085
24937, 5067
31685, 5067
62351, 5067
142955, 5065
151784, 5065
192329, 5065
187889, 5046
291585, 5046
83024, 5025
101126, 5025
122815, 5025
153278, 5025
55161, 5017
91491, 5010
123219, 5010
171701, 5000
227854, 4999
21095, 4953
94008, 4946
163364, 4942
6713, 4919
14923, 4919
72224, 4919
72307, 4919
77955, 4919
87089, 4919
97607, 4919
104041, 4919
108574, 4919
109114, 4919
124955, 4919
125432, 4919
126556, 4919
130178, 4919
138460, 4919
141321, 4919
141515, 4919
142594, 4919
143883, 4919
148935, 4919
157971, 4919
165727, 4919
169835, 4919
170948, 4919
174340, 4919
178883, 4919
181734, 4919
183058, 4919
185808, 4919
202413, 4919
204111, 4919
204382, 4919
214449, 4919
216260, 4919
219096, 4919
221041, 4919
221550, 4919
225039, 4919
227066, 4919
231644, 4919
232523, 4919
232668, 4919
236047, 4919
238729, 4919
249993, 4919
257329, 4919
258201, 4919
259818, 4919
276883, 4919
280355, 4919
281241, 4919
282820, 4919
293789, 4919
170846, 4917
102017, 4903
1615, 4897
79168, 4897
209058, 4897
220493, 4897
179394, 4887
48308, 4831
143400, 4803
147064, 4803
164243, 4803
184790, 4803
187749, 4803
253039, 4803
236765, 4801
14132, 4790
35195, 4790
282672, 4729
53148, 4721
284127, 4687
290248, 4684
21154, 4679
137892, 4679
2776, 4674
3485, 4674
35272, 4674
131778, 4674
201379, 4674
288020, 4646
59171, 4636
74617, 4636
200954, 4634
226866, 4634
230896, 4619
99025, 4616
246230, 4581
284667, 4576
254890, 4569
86123, 4566
274785, 4558
68665, 4555
265962, 4555
9280, 4528
113332, 4516
52515, 4513
199565, 4490
17345, 4474
112978, 4474
165101, 4466
54712, 4458
68439, 4451
195618, 4451
152285, 4450
135377, 4441
17823, 4418
75357, 4394
262215, 4391
71445, 4380
252958, 4376
23988, 4369
34948, 4369
254113, 4346
24483, 4340
295991, 4338
1283, 4323
84332, 4311
30759, 4283
76518, 4283
142267, 4283
206379, 4250
260805, 4242
287895, 4242
4967, 4240
7860, 4232
100195, 4225
65905, 4212
256831, 4211
16346, 4196
16834, 4191
115867, 4184
148204, 4184
10857, 4181
121489, 4181
26863, 4156
196424, 4154
244918, 4150
16100, 4149
21672, 4149
47501, 4149
6559, 4144
38115, 4141
20508, 4132
291066, 4131
77571, 4122
89248, 4122
14264, 4119
19254, 4119
52667, 4117
217135, 4093
36212, 4087
61881, 4087
249113, 4080
174458, 4076
32831, 4056
38347, 4052
9126, 4021
273889, 4020
125710, 4001
123467, 3996
159167, 3980
36435, 3939
66328, 3938
219950, 3934
7024, 3932
216036, 3932
268533, 3924
214071, 3912
253706, 3912
26882, 3904
42669, 3904
192360, 3904
27892, 3901
28686, 3901
77130, 3901
104664, 3896
217486, 3896
246094, 3896
3764, 3893
27710, 3891
82602, 3874
202906, 3874
252953, 3862
59925, 3855
21089, 3851
125986, 3840
43623, 3822
156219, 3806
7055, 3789
25340, 3789
37080, 3789
171388, 3789
198281, 3789
229409, 3789
241207, 3789
267801, 3789
275216, 3789
39514, 3783
203750, 3777
282059, 3777
7595, 3765
109346, 3765
278901, 3765
97477, 3759
110303, 3759
23494, 3757
47675, 3757
79620, 3757
99970, 3757
185534, 3757
195286, 3757
277034, 3757
139234, 3751
78754, 3742
101808, 3742
105833, 3742
119115, 3742
171722, 3742
179414, 3742
181300, 3742
198823, 3742
152000, 3741
54400, 3735
239751, 3735
55895, 3730
76421, 3730
12111, 3728
282438, 3726
244628, 3722
142065, 3706
241841, 3704
8667, 3702
9911, 3702
13099, 3702
14720, 3702
27002, 3702
27397, 3702
31715, 3702
41715, 3702
44089, 3702
51249, 3702
82237, 3702
107060, 3702
33632, 3700
272021, 3698
287583, 3698
20728, 3697
242059, 3697
38004, 3692
245184, 3680
20832, 3678
113304, 3669
25413, 3652
218546, 3652
243526, 3652
263100, 3652
265477, 3652
51615, 3646
21123, 3645
56433, 3645
73504, 3645
76304, 3645
81332, 3645
93217, 3645
93949, 3645
98311, 3645
142745, 3645
154926, 3645
192065, 3645
222688, 3645
276989, 3645
287059, 3645
291561, 3645
31169, 3632
112737, 3632
197480, 3632
250509, 3632
273978, 3632
155081, 3629
96045, 3618
287039, 3611
30072, 3610
142189, 3603
212153, 3593
244404, 3593
254031, 3593
25907, 3585
288269, 3581
90295, 3577
100054, 3577
101349, 3577
124398, 3577
184468, 3577
230318, 3577
5553, 3562
9592, 3562
9672, 3562
12984, 3562
23450, 3562
25692, 3562
29164, 3562
32832, 3562
33802, 3562
40080, 3562
40623, 3562
43878, 3562
58220, 3562
58430, 3562
66712, 3562
72984, 3562
74696, 3562
76162, 3562
80075, 3562
83945, 3562
94172, 3562
94540, 3562
105767, 3562
116191, 3562
120807, 3562
120815, 3562
146455, 3562
182057, 3562
197696, 3562
227291, 3562
232489, 3562
272518, 3562
279842, 3562
7551, 3560
108039, 3560
278759, 3557
97603, 3547
43259, 3546
70712, 3543
62467, 3538
53688, 3535
276655, 3534
120232, 3518
265306, 3518
69667, 3494
78083, 3494
144682, 3490
164434, 3481
42752, 3479
99483, 3475
164306, 3475
212962, 3475
229742, 3475
258050, 3475
262140, 3475
253743, 3442
267432, 3442
223685, 3437
92519, 3429
213531, 3429
61824, 3423
142272, 3422
212626, 3416
26933, 3415
33900, 3412
16889, 3402
209322, 3400
14870, 3399
7203, 3396
13720, 3396
26509, 3396
31040, 3396
33809, 3396
46704, 3396
46784, 3396
46993, 3396
57977, 3396
111787, 3396
160268, 3396
176133, 3396
234992, 3396
238236, 3396
238644, 3396
281540, 3396
62556, 3395
204890, 3388
171871, 3387
68555, 3381
56161, 3374
87921, 3370
143020, 3363
42359, 3360
21656, 3354
49756, 3354
67203, 3354
68237, 3354
77747, 3354
92332, 3354
94520, 3354
110570, 3354
136976, 3354
167079, 3354
188758, 3354
192549, 3354
193749, 3354
195303, 3354
204249, 3354
208975, 3354
228706, 3354
203088, 3349
3953, 3343
140427, 3343
32034, 3342
30799, 3340
215484, 3340
253011, 3340
5470, 3336
33624, 3329
27543, 3327
148483, 3326
98400, 3322
133914, 3322
238194, 3314
253248, 3314
263299, 3314
10807, 3312
31255, 3312
36864, 3312
47027, 3312
63958, 3312
64204, 3312
65653, 3312
91929, 3312
104115, 3312
192349, 3312
206040, 3312
273284, 3312
242745, 3308
260069, 3308
95579, 3307
177119, 3307
279753, 3307
118293, 3299
188143, 3277
232338, 3268
16015, 3267
196321, 3265
150329, 3256
33604, 3254
123728, 3254
151556, 3254
262597, 3254
284951, 3251
108389, 3241
150767, 3241
167006, 3241
199514, 3241
249814, 3241
117984, 3239
128728, 3239
146824, 3217
9778, 3208
5223, 3188
20886, 3188
23533, 3188
46557, 3188
62102, 3188
103281, 3188
125500, 3188
140903, 3188
143207, 3188
248749, 3188
135603, 3187
141964, 3186
33000, 3182
46208, 3182
75366, 3182
109252, 3182
238336, 3182
174328, 3165
202622, 3165
4268, 3153
93739, 3153
153005, 3153
64395, 3145
90464, 3145
276405, 3145
79797, 3132
115538, 3128
211598, 3128
71693, 3115
76222, 3115
264398, 3111
20380, 3108
21392, 3108
1666, 3098
30577, 3098
42360, 3098
84458, 3098
28331, 3095
29884, 3095
69230, 3095
70317, 3095
73286, 3095
158735, 3095
261572, 3095
28781, 3089
6000, 3059
61589, 3059
67209, 3059
107239, 3059
4944, 3057
23618, 3057
71046, 3057
74809, 3057
156096, 3057
217196, 3057
230359, 3057
262802, 3057
270086, 3057
92442, 3053
121509, 3053
134402, 3053
149847, 3053
249641, 3053
256085, 3053
289082, 3053
36136, 3046
72898, 3046
16926, 3042
143070, 3030
182162, 3025
113468, 3024
40900, 3021
65514, 3017
91964, 3017
104668, 3017
105123, 3017
117000, 3017
120838, 3017
129544, 3017
154651, 3017
211576, 3017
259775, 3017
285738, 3017
288380, 3017
92949, 3013
117010, 3013
119507, 3013
36283, 3012
56933, 3012
82580, 3012
91764, 3007
105110, 3007
162979, 3007
175639, 3007
178457, 3007
14083, 3004
38414, 3004
103208, 3004
7693, 2993
15709, 2989
7063, 2981
51981, 2980
89268, 2967
97069, 2964
22858, 2960
21037, 2955
38861, 2955
9143, 2952
20213, 2952
35831, 2952
106797, 2952
206602, 2952
270631, 2952
5181, 2947
64534, 2947
85838, 2947
209682, 2947
143509, 2936
208176, 2936
219955, 2936
220695, 2936
21847, 2927
58333, 2927
103103, 2927
117508, 2927
126826, 2927
138362, 2927
186598, 2927
213287, 2927
220323, 2927
46810, 2917
64914, 2917
123681, 2907
131478, 2907
143864, 2907
186750, 2907
255752, 2907
257499, 2907
261801, 2907
268130, 2906
21881, 2902
22450, 2902
23736, 2902
124870, 2902
170292, 2901
262277, 2899
32380, 2897
39151, 2889
45263, 2877
137716, 2877
172024, 2877
189580, 2877
224041, 2877
247369, 2877
188127, 2871
26929, 2861
2049, 2852
244487, 2852
194198, 2850
242121, 2850
28710, 2848
82700, 2848
164587, 2848
112203, 2847
12484, 2843
36690, 2843
251560, 2843
283804, 2843
26558, 2841
232780, 2841
20451, 2838
38027, 2838
43649, 2838
134416, 2838
160186, 2820
167513, 2819
113867, 2817
227239, 2817
41064, 2813
54360, 2809
142149, 2809
273180, 2809
47339, 2799
205464, 2797
24011, 2795
33308, 2788
61537, 2788
114351, 2788
143169, 2788
149914, 2788
154397, 2788
200922, 2788
208061, 2788
287999, 2788
37070, 2787
78224, 2787
122357, 2787
10991, 2784
41958, 2781
80275, 2776
68062, 2772
82996, 2772
155033, 2772
186730, 2770
153643, 2764
40675, 2758
228314, 2758
148005, 2756
154259, 2756
260976, 2756
64915, 2752
76903, 2752
191834, 2752
258545, 2752
87899, 2742
265004, 2742
127176, 2734
262825, 2734
228334, 2729
238736, 2729
269624, 2729
17677, 2724
52758, 2723
127897, 2719
213129, 2718
81540, 2715
88396, 2715
99584, 2715
156478, 2715
6275, 2700
8444, 2700
15680, 2700
18668, 2700
24856, 2700
39966, 2700
47940, 2700
50301, 2700
64248, 2700
76399, 2700
82663, 2700
98778, 2700
145953, 2700
10725, 2698
43028, 2698
45130, 2698
114495, 2698
129233, 2698
271544, 2698
76467, 2694
83104, 2694
97562, 2694
126985, 2694
159698, 2694
171127, 2694
195049, 2694
204221, 2694
281798, 2694
282810, 2694
292367, 2694
184876, 2693
230364, 2693
276596, 2693
167035, 2692
145881, 2689
176748, 2689
231682, 2686
144925, 2682
76001, 2681
294818, 2681
238062, 2680
261187, 2680
278983, 2680
287211, 2680
122566, 2676
242340, 2676
4662, 2672
13560, 2672
88158, 2672
259546, 2672
261609, 2667
139165, 2663
228884, 2663
32813, 2662
82019, 2660
48128, 2659
109360, 2659
224774, 2659
45267, 2657
108578, 2657
9790, 2651
96488, 2651
123794, 2651
123921, 2651
235681, 2651
284393, 2651
54353, 2647
219605, 2642
92101, 2641
179294, 2641
7899, 2636
233213, 2636
240142, 2636
100328, 2635
64241, 2634
215270, 2634
287228, 2634
706, 2630
11417, 2630
73661, 2630
80634, 2630
93465, 2630
179258, 2630
190790, 2630
194428, 2630
208114, 2630
210295, 2630
266396, 2630
295320, 2630
157944, 2628
50011, 2619
176045, 2614
224035, 2614
236083, 2614
42042, 2613
55628, 2608
83600, 2608
109176, 2608
152362, 2608
44145, 2607
72021, 2605
230168, 2605
23959, 2601
162516, 2593
46614, 2589
84, 2587
122, 2587
124, 2587
140, 2587
146, 2587
218, 2587
43138, 2587
43457, 2587
43975, 2587
51837, 2587
54559, 2587
57249, 2587
73436, 2587
195172, 2587
242221, 2587
12464, 2581
12924, 2581
21797, 2581
23997, 2581
27942, 2581
44597, 2581
49619, 2581
66605, 2581
80139, 2581
112264, 2581
124058, 2581
124315, 2581
126815, 2581
127801, 2581
131072, 2581
150966, 2581
159825, 2581
169042, 2581
181288, 2581
197009, 2581
243861, 2581
94789, 2577
108000, 2577
112463, 2577
133088, 2577
208638, 2577
60303, 2576
284576, 2572
31334, 2571
130148, 2567
60236, 2565
78340, 2565
159036, 2565
69599, 2564
154608, 2564
160157, 2558
224094, 2558
227356, 2558
231966, 2558
240869, 2558
242869, 2558
252926, 2557
92396, 2556
18150, 2552
84851, 2552
45185, 2549
180324, 2549
14265, 2546
105858, 2546
273440, 2546
65999, 2542
114236, 2542
101946, 2540
172283, 2540
218921, 2540
268403, 2540
66249, 2537
92769, 2537
96850, 2537
289237, 2537
290996, 2537
76198, 2535
103276, 2535
135486, 2535
147509, 2535
160585, 2535
7897, 2532
16154, 2530
92668, 2530
16578, 2528
141308, 2528
158081, 2528
296236, 2528
111764, 2527
149448, 2518
131203, 2509
125205, 2508
286831, 2507
65168, 2504
183400, 2503
69958, 2496
25397, 2494
125374, 2494
161390, 2494
183341, 2494
233730, 2494
244067, 2490
249372, 2490
86691, 2489
98454, 2489
170298, 2488
15349, 2485
148468, 2481
54699, 2476
35144, 2475
200678, 2475
209096, 2475
282231, 2475
100726, 2469
23828, 2467
58574, 2467
114770, 2467
11451, 2466
174281, 2463
183012, 2463
230178, 2463
15612, 2460
86059, 2460
131019, 2460
235209, 2460
78499, 2458
195003, 2455
104, 2453
117, 2453
168, 2453
223, 2453
1680, 2453
13952, 2453
136407, 2453
281056, 2453
8570, 2451
31039, 2451
35870, 2451
36941, 2451
49009, 2451
65253, 2451
72169, 2451
78916, 2451
121460, 2451
207749, 2451
209295, 2451
37483, 2450
40362, 2450
77863, 2450
114154, 2450
178130, 2450
229015, 2450
236065, 2450
140600, 2449
57327, 2447
98150, 2447
101797, 2447
249399, 2447
6404, 2445
140158, 2445
184546, 2445
270487, 2445
276866, 2445
292565, 2445
148034, 2438
153989, 2438
156493, 2438
23339, 2435
28981, 2435
41106, 2435
125895, 2435
191307, 2435
213755, 2435
79555, 2422
39900, 2419
44414, 2419
182343, 2419
187854, 2419
192014, 2419
293419, 2419
141182, 2413
179013, 2413
123566, 2410
162445, 2410
164195, 2410
166774, 2410
191365, 2410
211876, 2410
215346, 2410
217368, 2410
218152, 2410
239408, 2410
241583, 2410
242137, 2410
247605, 2410
251692, 2410
255762, 2410
256958, 2410
261987, 2410
265730, 2410
278529, 2410
282921, 2410
292869, 2410
295625, 2410
138984, 2400
24258, 2396
181970, 2396
172906, 2395
295775, 2388
240647, 2385
79444, 2384
147221, 2384
104232, 2380
107624, 2380
90126, 2374
102325, 2374
108936, 2374
143442, 2374
213300, 2374
224677, 2374
264477, 2374
10824, 2369
32098, 2369
37940, 2369
81475, 2369
93720, 2369
189116, 2369
177356, 2363
244754, 2363
187302, 2362
55692, 2361
172786, 2360
49991, 2357
80546, 2357
128565, 2357
138810, 2356
193697, 2356
12432, 2354
18965, 2354
224697, 2354
33931, 2353
221722, 2353
234843, 2353
45362, 2350
15437, 2346
7655, 2340
27077, 2332
34088, 2332
75069, 2332
97299, 2332
241368, 2332
92909, 2328
150441, 2328
187671, 2328
198923, 2328
22689, 2326
111207, 2324
42370, 2323
156955, 2323
207659, 2323
228010, 2323
255489, 2323
256365, 2323
282359, 2323
124765, 2322
23836, 2319
46295, 2319
142912, 2319
151259, 2319
159884, 2319
196193, 2319
204458, 2319
209183, 2319
214041, 2319
219408, 2319
221425, 2319
240191, 2319
241672, 2319
271147, 2319
272834, 2319
281707, 2319
294020, 2316
36669, 2311
168213, 2311
148901, 2307
221982, 2307
65327, 2302
81688, 2302
185851, 2302
225212, 2302
289689, 2302
12963, 2298
50631, 2298
86695, 2298
91409, 2298
107949, 2298
111049, 2298
125031, 2298
127780, 2298
129535, 2298
139461, 2298
155550, 2298
173409, 2298
182847, 2298
191039, 2298
209428, 2298
213659, 2298
218305, 2298
220575, 2298
228047, 2298
230398, 2298
231295, 2298
235010, 2298
240987, 2298
243052, 2298
245364, 2298
249972, 2298
252034, 2298
260458, 2298
260643, 2298
262169, 2298
284939, 2298
286499, 2298
292028, 2298
275119, 2292
23937, 2290
83410, 2284
95729, 2284
117971, 2280
259578, 2274
4188, 2270
109979, 2270
167515, 2270
174812, 2270
102166, 2265
31, 2259
11523, 2258
49924, 2258
50576, 2258
60198, 2258
65109, 2258
119382, 2258
162700, 2258
173797, 2258
225030, 2258
22655, 2257
81608, 2257
88639, 2257
201750, 2257
262125, 2257
86721, 2255
246055, 2255
19372, 2253
49387, 2253
174107, 2253
7987, 2251
19519, 2251
233897, 2251
261647, 2251
95754, 2249
126489, 2249
167208, 2249
206808, 2249
29531, 2246
68141, 2246
68315, 2246
110325, 2246
79201, 2229
106544, 2229
111244, 2229
111614, 2229
132393, 2229
143984, 2229
144047, 2229
206297, 2229
34795, 2228
37500, 2228
194286, 2228
220474, 2228
36019, 2226
196827, 2226
67541, 2223
94219, 2223
203423, 2223
219393, 2223
56734, 2219
85394, 2219
6851, 2212
56911, 2212
156245, 2201
66018, 2199
218741, 2199
112194, 2195
295502, 2195
15202, 2190
229368, 2190
33789, 2189
53140, 2189
293690, 2187
52568, 2177
33061, 2176
268176, 2176
17379, 2172
95300, 2172
78463, 2171
225565, 2171
230534, 2171
245725, 2171
246731, 2171
253556, 2171
294233, 2171
176300, 2169
127509, 2166
243472, 2165
276593, 2164
59558, 2163
277320, 2163
10699, 2158
197105, 2158
18932, 2157
43655, 2155
166534, 2155
47587, 2149
8621, 2148
36077, 2148
80530, 2148
107196, 2148
239447, 2148
24631, 2147
118081, 2147
28296, 2144
103798, 2144
116704, 2144
256321, 2144
21637, 2143
31832, 2143
199830, 2143
130035, 2142
31229, 2140
96811, 2140
184824, 2140
212890, 2139
201682, 2136
209053, 2135
38334, 2132
82281, 2132
109563, 2132
143475, 2132
180600, 2132
211348, 2132
251799, 2132
288683, 2132
109905, 2130
126229, 2128
143352, 2125
62671, 2123
119557, 2119
148993, 2119
176220, 2119
218802, 2119
243460, 2119
248648, 2119
233365, 2118
255247, 2110
128722, 2109
147280, 2109
153855, 2109
171173, 2109
186357, 2109
196150, 2109
228726, 2109
231649, 2109
264205, 2109
6019, 2105
37460, 2105
115833, 2105
23057, 2103
196802, 2103
79260, 2102
89312, 2102
124223, 2102
202802, 2102
33625, 2099
43616, 2099
65422, 2097
84535, 2097
133272, 2097
294970, 2097
129442, 2096
148671, 2094
210093, 2094
213119, 2094
29558, 2093
41731, 2093
50431, 2093
59240, 2093
63434, 2093
80080, 2093
83561, 2093
93374, 2093
101417, 2093
111961, 2093
120572, 2093
122947, 2093
133883, 2093
140430, 2093
177940, 2093
188020, 2093
210775, 2093
217760, 2093
254016, 2093
265285, 2093
289476, 2093
3435, 2089
77463, 2086
163597, 2086
195268, 2086
290820, 2086
133271, 2085
45285, 2082
113260, 2082
288065, 2081
35641, 2080
166300, 2080
238881, 2079
119020, 2070
161125, 2070
260029, 2070
14592, 2069
155540, 2069
79907, 2065
112549, 2065
157757, 2065
174752, 2065
186779, 2065
188367, 2065
200107, 2065
217176, 2065
220329, 2065
221134, 2065
221361, 2065
236465, 2065
237386, 2065
252230, 2065
256644, 2065
278558, 2065
280861, 2065
1129, 2060
247945, 2060
12587, 2056
15944, 2053
149031, 2053
69249, 2049
109828, 2047
174124, 2045
97995, 2044
147516, 2044
147924, 2044
22855, 2042
54467, 2042
239255, 2041
75491, 2040
172614, 2040
139, 2036
143, 2036
57692, 2036
58338, 2036
111047, 2036
140579, 2036
145847, 2036
151977, 2036
156388, 2036
160082, 2036
167810, 2036
188473, 2036
217776, 2036
265651, 2036
273961, 2036
282232, 2036
70797, 2035
122605, 2035
138425, 2035
132477, 2029
60321, 2026
84501, 2026
182469, 2026
117550, 2024
213483, 2024
232689, 2024
256842, 2024
36030, 2023
137392, 2022
4658, 2019
86568, 2019
90060, 2019
91085, 2019
99030, 2019
129308, 2019
133839, 2019
133935, 2019
142586, 2019
190362, 2019
194917, 2019
198031, 2019
233483, 2019
252424, 2019
269048, 2019
38180, 2007
81837, 2007
94934, 2007
270730, 2005
186518, 2004
125708, 2003
145082, 2003
76429, 2001
100425, 2001
120941, 2001
127378, 2001
173225, 2001
248618, 2001
159409, 1999
171554, 1998
277894, 1993
80067, 1992
137394, 1992
278873, 1989
109644, 1986
44330, 1985
48758, 1985
61049, 1985
161237, 1985
105184, 1984
275539, 1984
36914, 1982
223912, 1980
10486, 1978
43598, 1978
68392, 1978
169034, 1978
167649, 1977
147770, 1973
123243, 1971
160895, 1971
51870, 1969
51359, 1968
215142, 1968
173240, 1967
199217, 1967
206048, 1967
270687, 1967
44102, 1966
53869, 1966
133079, 1966
240257, 1966
250696, 1966
2984, 1963
253, 1962
314, 1962
351, 1962
42424, 1962
44794, 1962
45346, 1962
45809, 1962
54473, 1962
60381, 1962
76419, 1962
83183, 1962
99085, 1962
267781, 1962
46082, 1961
145929, 1960
228174, 1960
190645, 1954
117894, 1949
150531, 1948
180165, 1946
181619, 1945
84436, 1940
277306, 1940
164578, 1936
187482, 1936
286208, 1936
296147, 1936
262, 1935
44730, 1934
139012, 1934
209405, 1934
21652, 1930
22457, 1930
66834, 1930
75087, 1930
120685, 1930
20271, 1929
97632, 1929
137435, 1929
160645, 1929
251029, 1929
180947, 1928
23759, 1926
132387, 1925
810, 1922
861, 1922
869, 1922
931, 1922
166844, 1922
184747, 1922
188528, 1922
201918, 1922
254567, 1922
58862, 1919
355, 1917
26803, 1915
178261, 1915
162895, 1914
86317, 1913
107752, 1913
115901, 1913
118578, 1913
163641, 1913
194707, 1913
84782, 1911
115626, 1911
205029, 1911
44119, 1910
123194, 1910
195450, 1910
33283, 1906
164432, 1904
203107, 1904
142600, 1903
38190, 1902
285759, 1902
184461, 1899
212274, 1896
295180, 1895
29958, 1894
60924, 1894
80807, 1894
195464, 1894
216295, 1892
286509, 1892
168429, 1881
51876, 1879
63189, 1878
82319, 1878
139789, 1878
197063, 1877
38953, 1876
139776, 1876
230322, 1876
281865, 1876
82918, 1874
34606, 1872
84614, 1872
108415, 1872
163345, 1872
209614, 1872
220071, 1872
244450, 1872
246905, 1872
290346, 1872
70481, 1871
291021, 1871
19608, 1865
4250, 1864
233910, 1864
269905, 1863
217496, 1862
218224, 1850
55014, 1848
113282, 1848
203110, 1848
205393, 1848
236341, 1847
119595, 1839
20480, 1838
284093, 1838
108926, 1837
110680, 1837
114980, 1837
115172, 1837
121066, 1837
135482, 1837
139661, 1837
144450, 1837
146335, 1837
5467, 1835
129028, 1835
176419, 1835
178296, 1835
2906, 1834
81311, 1832
220945, 1832
184556, 1831
65965, 1829
295839, 1829
158017, 1828
226534, 1828
276690, 1828
164167, 1826
185824, 1826
38026, 1822
69106, 1821
196816, 1821
222056, 1821
9440, 1819
111064, 1819
115802, 1819
134551, 1819
152249, 1819
178451, 1819
217817, 1819
3537, 1813
31295, 1813
36048, 1813
99901, 1811
107544, 1811
253764, 1808
8018, 1806
42786, 1806
117998, 1806
157268, 1805
85274, 1801
85006, 1799
56261, 1798
172911, 1797
267351, 1797
125924, 1796
201198, 1796
267275, 1796
188084, 1791
131584, 1788
208186, 1788
99612, 1785
116936, 1785
5829, 1784
11575, 1784
31803, 1784
92296, 1784
95081, 1784
95425, 1784
98350, 1784
110544, 1784
172563, 1784
178904, 1784
246296, 1784
247342, 1784
248718, 1784
68469, 1783
139997, 1783
168190, 1780
191678, 1780
59466, 1778
64486, 1778
61578, 1776
194603, 1776
76864, 1774
9873, 1772
111837, 1772
11984, 1771
24652, 1770
39148, 1770
223630, 1770
9145, 1765
28086, 1765
116511, 1765
235224, 1765
239291, 1765
260087, 1765
263436, 1765
271247, 1765
206524, 1764
52019, 1763
117404, 1763
167270, 1763
207946, 1763
211218, 1763
153500, 1761
19579, 1757
57297, 1757
179466, 1757
179503, 1757
238658, 1757
62736, 1755
269, 1754
54768, 1751
58545, 1751
76169, 1751
259325, 1751
121744, 1749
226620, 1749
212115, 1748
8998, 1747
27470, 1747
139511, 1747
175961, 1747
262520, 1747
141491, 1746
142908, 1746
144938, 1746
156535, 1746
185509, 1746
186840, 1746
192951, 1746
220745, 1746
76126, 1745
152484, 1745
213100, 1745
713, 1744
6242, 1744
156803, 1744
135926, 1743
24981, 1740
122430, 1739
196103, 1739
77634, 1738
143187, 1738
153176, 1738
174154, 1738
176437, 1738
229819, 1738
242841, 1738
272288, 1738
39178, 1737
181440, 1737
225987, 1737
68672, 1736
164292, 1734
28817, 1733
98325, 1733
12892, 1732
77015, 1729
81995, 1727
137948, 1725
186104, 1725
25733, 1719
40492, 1719
217785, 1719
246384, 1719
63535, 1718
90405, 1718
129412, 1718
293641, 1718
65827, 1715
159431, 1715
35016, 1713
88034, 1713
18607, 1710
21400, 1708
21998, 1708
26251, 1708
13582, 1707
17426, 1707
21337, 1707
45167, 1707
60745, 1707
47355, 1706
101278, 1706
113916, 1706
238240, 1706
248265, 1706
3105, 1703
115794, 1701
207345, 1701
280504, 1701
71858, 1700
216191, 1700
231220, 1698
30211, 1697
79356, 1697
186218, 1697
287826, 1697
175110, 1696
296324, 1696
115798, 1691
227509, 1691
2574, 1689
24804, 1689
64899, 1689
77828, 1689
98989, 1689
127171, 1689
203145, 1689
276958, 1685
287527, 1685
191790, 1683
224717, 1683
49656, 1682
14088, 1681
255528, 1678
263389, 1678
295451, 1678
295637, 1678
547, 1677
12060, 1676
70709, 1676
67926, 1675
257709, 1675
268893, 1675
272263, 1675
2728, 1674
29702, 1674
204823, 1674
248584, 1674
51779, 1671
101504, 1671
225074, 1671
258034, 1671
2949, 1669
223278, 1667
83675, 1666
284300, 1665
151275, 1664
182800, 1664
24351, 1663
200414, 1663
236979, 1661
7791, 1660
145612, 1660
112661, 1658
26354, 1657
3849, 1654
89295, 1654
134285, 1654
167885, 1654
263159, 1653
79698, 1651
112443, 1651
258779, 1651
57025, 1650
66407, 1650
70005, 1650
73655, 1650
81298, 1650
103292, 1650
104005, 1650
104854, 1650
139796, 1650
191687, 1650
193267, 1650
237195, 1650
273210, 1650
63274, 1649
2974, 1648
35998, 1648
107661, 1648
157605, 1648
243521, 1648
26076, 1647
75528, 1647
85784, 1647
88668, 1647
90913, 1647
102233, 1647
111502, 1647
117872, 1647
133590, 1647
252522, 1647
61987, 1646
58229, 1644
18778, 1643
21553, 1642
114690, 1642
31350, 1639
50896, 1639
51184, 1639
56049, 1639
90986, 1639
164015, 1639
186299, 1639
45239, 1636
51295, 1636
109593, 1636
212296, 1636
217140, 1636
219699, 1636
265621, 1636
293793, 1636
18707, 1635
182403, 1635
206685, 1635
283126, 1635
55808, 1633
56050, 1633
90959, 1633
88284, 1630
34801, 1625
49613, 1625
83717, 1625
163799, 1625
167535, 1625
60862, 1624
43656, 1622
90186, 1620
261116, 1618
7803, 1616
62471, 1616
62928, 1616
195755, 1616
23845, 1615
63654, 1615
63904, 1615
65699, 1615
88751, 1615
136605, 1615
209592, 1615
221356, 1615
227724, 1615
232611, 1615
235773, 1615
240704, 1615
253849, 1615
278449, 1615
295530, 1615
78244, 1614
143669, 1608
282979, 1608
6575, 1605
31741, 1605
38508, 1605
51724, 1605
216983, 1605
561, 1603
575, 1603
577, 1603
614, 1603
138221, 1598
190712, 1597
20486, 1596
41206, 1596
1081, 1594
206182, 1594
29901, 1592
65363, 1592
132346, 1592
166972, 1592
194290, 1592
80406, 1591
37074, 1589
81751, 1589
94825, 1588
175581, 1588
177639, 1588
253312, 1588
265932, 1588
448, 1586
204611, 1586
161829, 1585
289817, 1585
88020, 1580
82885, 1577
144031, 1577
172626, 1577
278090, 1577
113151, 1575
6257, 1573
94705, 1573
143537, 1573
268023, 1573
5407, 1572
43936, 1571
60369, 1571
133144, 1570
3285, 1569
5898, 1569
7737, 1567
180661, 1567
210703, 1567
4063, 1566
6902, 1563
49499, 1563
150735, 1563
209652, 1563
256933, 1563
27595, 1562
65438, 1562
204357, 1562
216434, 1562
296556, 1562
11867, 1561
294800, 1561
1420, 1560
11536, 1560
11943, 1558
81835, 1558
18126, 1555
70333, 1555
136293, 1555
274570, 1555
620, 1554
683, 1554
119945, 1553
30131, 1551
76676, 1550
83622, 1550
34027, 1548
103171, 1547
139317, 1547
174515, 1547
183865, 1547
206145, 1547
213660, 1547
752, 1546
764, 1546
798, 1546
21702, 1545
50446, 1545
91130, 1545
107913, 1545
118702, 1545
176159, 1545
19911, 1544
193751, 1544
180407, 1543
261998, 1543
21449, 1542
48414, 1542
54028, 1542
222904, 1542
249537, 1542
91258, 1539
145782, 1539
23901, 1536
31029, 1536
137695, 1536
165133, 1535
4225, 1534
98742, 1534
108693, 1533
31998, 1532
121198, 1532
136639, 1532
157932, 1532
167129, 1532
215498, 1532
246639, 1532
184150, 1531
4326, 1530
66300, 1530
110509, 1530
129695, 1530
135069, 1530
219038, 1530
277217, 1530
2696, 1529
5522, 1529
277826, 1528
12683, 1526
17659, 1526
28672, 1526
61545, 1526
117495, 1526
50512, 1523
7765, 1518
78142, 1518
112787, 1518
113575, 1518
117903, 1518
145046, 1518
215266, 1518
261165, 1518
41421, 1517
195443, 1517
94986, 1514
121363, 1514
150817, 1514
160962, 1514
233237, 1514
18614, 1513
74605, 1513
130393, 1513
182673, 1513
73122, 1511
95023, 1511
127850, 1511
251567, 1511
276964, 1511
621, 1509
30221, 1508
41990, 1508
156940, 1508
252413, 1508
253521, 1508
253819, 1508
35388, 1506
135676, 1506
5515, 1503
29882, 1503
31784, 1503
65592, 1503
91531, 1503
119322, 1503
155457, 1503
176795, 1503
177234, 1503
184315, 1503
185640, 1503
192620, 1503
198262, 1503
218556, 1503
236091, 1503
237071, 1503
1444, 1501
98066, 1501
251541, 1501
11545, 1498
88554, 1497
97317, 1496
205030, 1496
66354, 1495
16054, 1494
92591, 1494
103704, 1494
110855, 1494
111301, 1494
118142, 1494
118302, 1494
125079, 1494
127779, 1494
203198, 1494
203975, 1494
210442, 1494
232795, 1494
244281, 1494
244945, 1494
251498, 1494
255776, 1494
261610, 1494
278641, 1494
292048, 1494
296112, 1494
54304, 1493
110545, 1493
193318, 1493
293750, 1493
128703, 1492
2331, 1491
87653, 1491
151914, 1491
161771, 1491
189541, 1491
147845, 1490
46305, 1488
26644, 1487
88226, 1487
246595, 1487
145815, 1486
28930, 1485
33968, 1485
91753, 1485
139706, 1485
193337, 1485
239526, 1485
240827, 1485
7585, 1483
31133, 1483
182646, 1483
86425, 1482
206210, 1480
292034, 1480
217445, 1479
106655, 1478
14323, 1477
17555, 1477
23153, 1477
27694, 1477
102489, 1476
124660, 1476
161983, 1476
293522, 1474
9976, 1472
12383, 1472
12522, 1472
20824, 1472
22109, 1472
1241, 1470
3548, 1470
106842, 1470
147907, 1470
188810, 1470
197768, 1470
216339, 1470
219716, 1470
289463, 1470
117436, 1468
132149, 1467
152171, 1467
250987, 1467
262377, 1467
513, 1466
517, 1466
53000, 1465
211537, 1464
66677, 1463
145679, 1462
33989, 1461
72091, 1461
89803, 1461
112834, 1461
116123, 1461
125720, 1461
131045, 1461
161179, 1461
196986, 1461
3677, 1460
77783, 1460
99860, 1460
102388, 1460
107268, 1460
112888, 1460
123816, 1460
126951, 1460
136790, 1460
159355, 1460
188327, 1460
204809, 1460
223176, 1460
254431, 1460
278458, 1460
60311, 1459
113012, 1459
14299, 1458
42488, 1458
58027, 1458
67015, 1458
124333, 1458
149571, 1458
166057, 1458
97837, 1457
17740, 1453
49522, 1453
94046, 1453
36804, 1452
1616, 1450
3724, 1450
58364, 1450
118538, 1450
116569, 1449
5303, 1447
188556, 1447
241428, 1447
73050, 1445
108262, 1445
153809, 1445
43848, 1443
64957, 1442
123136, 1442
21151, 1440
26673, 1439
1965, 1438
148398, 1435
105299, 1433
83998, 1432
162439, 1432
196256, 1432
248844, 1432
281796, 1429
65723, 1428
47409, 1427
117512, 1427
120593, 1427
160806, 1427
210739, 1427
143819, 1425
235592, 1425
42427, 1424
83734, 1424
125853, 1424
155671, 1424
175563, 1424
187619, 1424
189072, 1424
214158, 1424
220095, 1424
277312, 1424
285615, 1424
289682, 1424
55982, 1423
148329, 1423
218205, 1423
224976, 1423
292016, 1423
33877, 1420
112069, 1420
115327, 1419
134844, 1419
170962, 1419
479, 1418
46162, 1418
242680, 1418
202166, 1417
214727, 1417
59175, 1416
165977, 1416
256814, 1416
199006, 1415
247548, 1415
73942, 1413
152536, 1413
178703, 1413
253088, 1413
242081, 1412
124100, 1411
142295, 1411
34121, 1410
152467, 1409
2380, 1408
218732, 1408
77570, 1407
237464, 1406
934, 1405
1001, 1405
129338, 1405
223779, 1404
244273, 1404
248365, 1404
250761, 1404
133732, 1403
185068, 1403
3232, 1402
12651, 1400
25254, 1400
78989, 1400
18652, 1398
64665, 1393
241326, 1393
259717, 1393
292881, 1393
295807, 1393
208300, 1392
96146, 1391
3196, 1390
223896, 1389
167750, 1387
226065, 1387
267693, 1387
283824, 1387
282616, 1386
6628, 1383
159622, 1382
174413, 1382
221035, 1382
262504, 1382
305, 1381
3242, 1381
27797, 1381
190079, 1381
283852, 1380
209843, 1379
79008, 1378
84907, 1378
254055, 1378
6558, 1376
58955, 1376
256308, 1376
37146, 1375
71077, 1375
128721, 1375
77135, 1374
105195, 1374
152863, 1374
181592, 1374
293403, 1374
93016, 1373
100991, 1373
216599, 1373
263932, 1371
10152, 1370
6416, 1369
106623, 1369
152808, 1369
177888, 1369
230287, 1369
268212, 1367
424, 1364
112216, 1364
249634, 1362
221627, 1361
18543, 1360
21857, 1360
827, 1359
903, 1359
959, 1359
25369, 1359
238813, 1359
962, 1357
7432, 1356
132210, 1356
156851, 1356
19849, 1355
80498, 1355
220849, 1355
285641, 1353
21336, 1352
68020, 1352
90765, 1352
129153, 1352
185719, 1352
204025, 1352
204326, 1352
206745, 1352
234841, 1352
273317, 1352
283038, 1352
201095, 1349
218453, 1349
140358, 1348
199304, 1348
204057, 1348
177606, 1344
277414, 1344
42992, 1343
111163, 1342
234432, 1342
268842, 1342
289525, 1342
58310, 1340
221510, 1340
99772, 1339
107084, 1339
147338, 1339
226382, 1339
59949, 1337
71800, 1337
84047, 1337
175065, 1337
200576, 1337
13089, 1335
155959, 1335
168378, 1335
242076, 1335
25238, 1333
92855, 1333
215646, 1333
213587, 1332
256441, 1332
286497, 1332
36258, 1331
78956, 1331
106561, 1330
127768, 1330
279761, 1330
33732, 1328
12354, 1327
15795, 1327
144729, 1327
171977, 1327
178572, 1327
225101, 1325
294069, 1325
9166, 1322
189519, 1320
264008, 1320
276329, 1320
85393, 1319
192900, 1319
220810, 1319
1210, 1318
65484, 1318
109265, 1318
234884, 1318
246461, 1318
158201, 1317
171324, 1317
171802, 1317
193069, 1317
252517, 1317
3193, 1315
175579, 1310
61209, 1309
105171, 1309
188109, 1309
104990, 1306
188708, 1302
286980, 1302
43480, 1301
117126, 1301
199302, 1301
216195, 1301
219664, 1301
275052, 1301
75758, 1299
260840, 1297
232241, 1294
239786, 1294
6274, 1292
119231, 1292
167471, 1292
241975, 1292
290601, 1292
11136, 1291
38178, 1289
50133, 1289
31880, 1288
190416, 1287
290895, 1287
6036, 1286
35919, 1286
48849, 1286
71955, 1286
141748, 1286
159512, 1286
205967, 1286
292983, 1286
12592, 1285
15332, 1283
18510, 1281
10652, 1279
19978, 1279
150623, 1279
151081, 1279
179585, 1279
226992, 1279
231193, 1279
253559, 1279
279107, 1279
31106, 1278
248690, 1278
109573, 1277
116075, 1277
5921, 1274
126434, 1272
260955, 1270
289215, 1266
913, 1264
939, 1264
56492, 1263
190584, 1263
10227, 1261
59195, 1261
67313, 1261
69749, 1261
74006, 1261
75358, 1261
78627, 1261
80313, 1261
80486, 1261
108027, 1261
179320, 1261
15109, 1260
55061, 1260
80837, 1260
103124, 1260
251465, 1260
125177, 1258
157901, 1258
69125, 1257
73164, 1257
190809, 1257
48638, 1256
30720, 1255
62440, 1255
4082, 1254
52902, 1254
257377, 1254
66942, 1253
26260, 1251
129379, 1251
243683, 1251
37956, 1248
71765, 1248
182966, 1248
149558, 1246
165379, 1246
158780, 1245
215302, 1245
240285, 1245
114642, 1244
191555, 1244
9834, 1242
163119, 1240
25550, 1239
39955, 1239
60463, 1239
169414, 1237
34518, 1236
154212, 1235
238949, 1234
32502, 1233
64978, 1233
226015, 1230
235252, 1230
236060, 1230
5559, 1229
107810, 1229
258203, 1229
13226, 1226
126552, 1226
139148, 1225
7186, 1223
113613, 1223
172758, 1223
142342, 1221
261211, 1221
101875, 1220
114278, 1220
137724, 1220
146408, 1220
149836, 1220
169170, 1220
263012, 1220
6477, 1219
12152, 1219
141131, 1219
137138, 1218
191704, 1218
67065, 1217
84710, 1217
262721, 1217
268129, 1217
294426, 1217
288311, 1214
996, 1213
10562, 1213
24905, 1213
80858, 1213
89570, 1213
89795, 1213
90107, 1213
121459, 1213
177905, 1213
187939, 1210
223665, 1207
609, 1206
66711, 1205
32291, 1204
6621, 1202
238373, 1201
25383, 1200
30966, 1200
126668, 1200
545, 1198
78335, 1198
9503, 1197
187521, 1197
90987, 1196
124743, 1193
67419, 1192
52302, 1191
2084, 1190
10662, 1190
250594, 1188
211729, 1187
20820, 1186
79850, 1186
119685, 1186
146602, 1186
251772, 1186
30053, 1185
38642, 1185
74872, 1181
136504, 1181
187920, 1181
193791, 1181
260180, 1181
293766, 1181
291333, 1180
123928, 1179
151497, 1179
151953, 1177
263772, 1177
113174, 1175
247736, 1175
40992, 1174
48015, 1174
61507, 1174
99728, 1174
189211, 1174
88950, 1172
197512, 1172
256556, 1172
277538, 1172
290705, 1172
267908, 1171
21802, 1170
154069, 1170
295499, 1170
3680, 1169
51804, 1169
58664, 1169
7194, 1167
96166, 1165
82810, 1164
96592, 1164
81259, 1163
94301, 1163
206523, 1162
183156, 1161
24807, 1160
163965, 1160
1015, 1159
84388, 1159
93561, 1159
138560, 1159
152502, 1159
196094, 1159
231349, 1159
232407, 1159
236463, 1159
263262, 1159
60825, 1157
66779, 1157
99644, 1157
179604, 1157
254334, 1157
284877, 1157
130179, 1156
143472, 1156
253804, 1154
277390, 1153
24721, 1152
34238, 1152
116330, 1152
176363, 1151
140994, 1150
246410, 1149
254810, 1149
261170, 1149
7973, 1148
236203, 1148
291205, 1148
61384, 1147
144219, 1147
131524, 1146
179137, 1146
277939, 1146
1653, 1144
277010, 1143
160630, 1139
43887, 1138
97259, 1138
163294, 1138
192903, 1138
72777, 1137
197065, 1137
209479, 1137
140968, 1136
285119, 1136
22080, 1135
178672, 1135
29626, 1133
31364, 1133
37631, 1133
57317, 1133
72747, 1133
171014, 1133
215784, 1133
235050, 1133
251685, 1133
261563, 1133
6510, 1132
32126, 1132
58709, 1132
80032, 1132
289440, 1132
271269, 1131
5614, 1130
25362, 1130
34482, 1130
58208, 1130
63634, 1130
69033, 1130
97868, 1130
204827, 1130
229655, 1130
249924, 1130
198538, 1129
250821, 1129
30615, 1126
108703, 1126
31968, 1125
51119, 1125
106061, 1125
25605, 1124
45720, 1124
68325, 1124
86459, 1124
97125, 1124
100874, 1124
108992, 1124
121274, 1124
138826, 1124
143699, 1124
148979, 1124
180237, 1124
202067, 1124
228186, 1124
233928, 1124
242053, 1124
268991, 1124
270029, 1124
281059, 1124
287200, 1124
291315, 1124
11848, 1123
52274, 1123
90978, 1123
141734, 1123
281580, 1123
206857, 1122
3396, 1120
15518, 1120
85215, 1120
94746, 1120
172936, 1120
130103, 1119
86572, 1118
220883, 1118
162105, 1117
287171, 1114
182703, 1113
40053, 1110
57592, 1109
134811, 1109
58643, 1108
130703, 1108
217054, 1108
281535, 1108
6316, 1107
81103, 1106
160287, 1106
127660, 1105
28944, 1104
38066, 1104
71719, 1104
127017, 1104
132423, 1104
143670, 1104
170164, 1104
172883, 1104
183303, 1104
229299, 1104
245109, 1104
245610, 1104
249012, 1104
261306, 1104
282135, 1104
283410, 1104
236576, 1103
1529, 1101
11318, 1101
23132, 1101
79954, 1101
189209, 1101
256509, 1101
19403, 1100
34324, 1100
37455, 1100
174284, 1100
840, 1098
21153, 1097
74218, 1097
156309, 1097
240797, 1097
57490, 1095
57793, 1095
64864, 1095
67012, 1095
88519, 1095
98499, 1095
121232, 1095
121533, 1095
126955, 1095
144096, 1095
144839, 1095
167856, 1095
203276, 1095
210195, 1095
212814, 1095
218273, 1095
247551, 1095
291897, 1095
246358, 1093
15381, 1092
226968, 1090
22318, 1088
39264, 1088
93253, 1087
120528, 1087
140339, 1087
228161, 1087
288870, 1087
66661, 1085
63747, 1084
77080, 1084
109825, 1084
119457, 1084
268115, 1084
131502, 1083
9685, 1081
75526, 1081
82835, 1081
3262, 1080
27727, 1080
112964, 1080
175446, 1078
54861, 1077
153193, 1077
142429, 1076
25926, 1075
65315, 1075
112292, 1075
156069, 1075
174928, 1075
52556, 1074
851, 1073
425, 1072
27905, 1072
35053, 1072
226253, 1072
4643, 1069
33581, 1069
267730, 1069
13834, 1067
48251, 1067
174758, 1067
145355, 1065
258339, 1065
54828, 1063
106923, 1063
143524, 1063
228430, 1062
60660, 1061
101084, 1061
160692, 1061
271857, 1061
144295, 1060
20461, 1059
23472, 1059
68375, 1059
79610, 1059
131528, 1059
163067, 1059
167862, 1059
168244, 1059
196642, 1059
215586, 1059
219659, 1059
278283, 1059
58359, 1058
127145, 1058
247721, 1058
1267, 1057
115905, 1057
140472, 1057
214854, 1057
31391, 1056
42301, 1056
263641, 1056
370, 1055
215279, 1055
3286, 1054
25324, 1054
229963, 1054
237236, 1054
275519, 1054
202586, 1053
253023, 1053
27059, 1052
158644, 1052
268315, 1052
77936, 1051
196853, 1051
248448, 1051
69445, 1050
115392, 1050
144834, 1050
184398, 1050
139548, 1049
199590, 1049
146248, 1048
201864, 1048
55349, 1047
22569, 1045
223353, 1045
10734, 1044
190909, 1044
76780, 1043
55171, 1042
78471, 1042
113706, 1042
169786, 1042
174055, 1042
177624, 1042
205553, 1042
241853, 1042
243087, 1042
252414, 1042
281701, 1042
287129, 1042
9446, 1040
10638, 1040
11733, 1040
13274, 1040
13909, 1040
15401, 1040
15644, 1040
64178, 1040
104102, 1040
8223, 1039
130646, 1038
594, 1037
265989, 1037
96353, 1035
29469, 1034
36349, 1034
38018, 1034
57601, 1034
103412, 1034
140631, 1034
174261, 1034
193691, 1034
217488, 1034
247599, 1034
64968, 1032
242123, 1032
283743, 1032
4038, 1031
265230, 1031
294298, 1031
49761, 1030
224364, 1030
23574, 1029
45445, 1029
65289, 1029
184061, 1029
220286, 1029
288271, 1029
8822, 1025
35389, 1025
36207, 1025
38783, 1025
55897, 1025
59625, 1025
89645, 1025
95088, 1025
110471, 1025
133792, 1025
183973, 1025
243, 1024
66141, 1024
265131, 1024
150951, 1023
273996, 1021
281256, 1021
93502, 1019
244368, 1019
1931, 1018
23119, 1018
119480, 1018
150693, 1018
240456, 1018
285713, 1018
45829, 1016
156533, 1016
159891, 1016
166725, 1016
273746, 1016
31915, 1015
194836, 1015
34719, 1014
37951, 1014
64678, 1014
130567, 1014
179865, 1014
240801, 1014
296621, 1014
91226, 1013
95920, 1013
156068, 1013
207857, 1013
281104, 1012
9032, 1011
6330, 1010
40883, 1010
88494, 1010
171118, 1010
248327, 1010
41258, 1009
11336, 1007
29546, 1007
42288, 1007
113023, 1007
128843, 1007
210255, 1007
28210, 1006
36997, 1006
59860, 1006
123289, 1006
239157, 1006
284970, 1006
188763, 1004
18467, 1003
277606, 1003
258994, 1002
287274, 1002
23782, 1001
124209, 1001
146279, 1000
174480, 1000
