73046, 150187
153023, 150187
37360, 147252
77152, 147252
77238, 147252
80323, 147252
91299, 147252
92943, 147252
93114, 147252
95228, 147252
100496, 147252
101291, 147252
103807, 147252
108584, 147252
109709, 147252
116415, 147252
120810, 147252
147081, 147252
163596, 147252
168425, 147252
171411, 147252
183551, 147252
199991, 147252
219063, 147252
235950, 147252
250741, 147252
279442, 147252
87554, 143953
115921, 143953
170432, 143953
147850, 139802
41389, 135312
48793, 135312
22648, 132348
28161, 132348
33731, 132348
37590, 132348
41648, 132348
46764, 132348
46891, 132348
53992, 132348
55045, 132348
58680, 132348
61556, 132348
62346, 132348
63179, 132348
63757, 132348
66420, 132348
67009, 132348
68378, 132348
70927, 132348
74374, 132348
78425, 132348
80184, 132348
80478, 132348
80969, 132348
82331, 132348
82867, 132348
82923, 132348
86188, 132348
86342, 132348
87648, 132348
88610, 132348
88633, 132348
92417, 132348
93538, 132348
94564, 132348
95760, 132348
96287, 132348
97308, 132348
98406, 132348
99466, 132348
101226, 132348
104331, 132348
107496, 132348
107521, 132348
107563, 132348
108498, 132348
108966, 132348
110798, 132348
111034, 132348
113906, 132348
114190, 132348
114350, 132348
115329, 132348
115409, 132348
115516, 132348
115666, 132348
117402, 132348
118260, 132348
118263, 132348
121623, 132348
122945, 132348
123100, 132348
123894, 132348
124890, 132348
128209, 132348
128542, 132348
128744, 132348
129367, 132348
129712, 132348
130918, 132348
133384, 132348
134390, 132348
135174, 132348
136963, 132348
137003, 132348
137234, 132348
137753, 132348
139676, 132348
140100, 132348
140210, 132348
140667, 132348
141681, 132348
142825, 132348
143017, 132348
144061, 132348
145928, 132348
146430, 132348
148138, 132348
149605, 132348
149612, 132348
150743, 132348
150866, 132348
151164, 132348
152112, 132348
152848, 132348
153626, 132348
153866, 132348
153975, 132348
154331, 132348
154821, 132348
155484, 132348
156732, 132348
158821, 132348
158975, 132348
160123, 132348
164797, 132348
166394, 132348
166785, 132348
167069, 132348
167739, 132348
167857, 132348
168998, 132348
169231, 132348
169377, 132348
169961, 132348
172377, 132348
172869, 132348
173845, 132348
174605, 132348
175517, 132348
175730, 132348
178183, 132348
178695, 132348
178924, 132348
179440, 132348
179949, 132348
180338, 132348
181190, 132348
182789, 132348
183936, 132348
184278, 132348
185273, 132348
185356, 132348
186377, 132348
188618, 132348
190827, 132348
191667, 132348
191881, 132348
192894, 132348
193281, 132348
193549, 132348
196270, 132348
197386, 132348
197872, 132348
198754, 132348
200897, 132348
205265, 132348
205742, 132348
207277, 132348
208510, 132348
208601, 132348
211275, 132348
212616, 132348
214253, 132348
214603, 132348
217979, 132348
222922, 132348
223379, 132348
223781, 132348
223790, 132348
225402, 132348
226042, 132348
230084, 132348
231027, 132348
231889, 132348
234610, 132348
235180, 132348
236120, 132348
238823, 132348
239110, 132348
239221, 132348
240389, 132348
240749, 132348
242433, 132348
242602, 132348
244342, 132348
246060, 132348
247051, 132348
247377, 132348
249302, 132348
250258, 132348
251580, 132348
252862, 132348
253392, 132348
257418, 132348
258427, 132348
258809, 132348
259849, 132348
261222, 132348
263414, 132348
267726, 132348
269060, 132348
270034, 132348
270659, 132348
271673, 132348
271816, 132348
272480, 132348
273462, 132348
273954, 132348
276101, 132348
282151, 132348
282181, 132348
285771, 132348
286937, 132348
288883, 132348
291445, 132348
293465, 132348
294875, 132348
296592, 132348
56187, 131048
58794, 131048
59350, 131048
59914, 131048
64184, 131048
74520, 131048
74831, 131048
76335, 131048
77458, 131048
78058, 131048
81874, 131048
84396, 131048
85778, 131048
90595, 131048
91856, 131048
91871, 131048
94432, 131048
100631, 131048
101215, 131048
101405, 131048
108682, 131048
112626, 131048
129462, 131048
130663, 131048
131378, 131048
135404, 131048
140259, 131048
167408, 131048
186310, 131048
188929, 131048
205442, 131048
209252, 131048
211791, 131048
213575, 131048
216923, 131048
219067, 131048
220494, 131048
221885, 131048
225209, 131048
225283, 131048
243795, 131048
252225, 131048
253558, 131048
288144, 131048
294279, 131048
58933, 130451
61902, 130451
83964, 130451
109936, 130451
127804, 126114
159533, 126114
165299, 126114
207988, 126114
90221, 114874
13120, 113516
39020, 113516
63216, 113516
103643, 113516
23957, 107692
20235, 91881
32678, 91881
45515, 91881
66615, 91881
90939, 91881
92317, 91881
95234, 91881
105570, 91881
109747, 91881
115336, 91881
118351, 91881
120812, 91881
121946, 91881
123520, 91881
128134, 91881
131097, 91881
134613, 91881
134866, 91881
134986, 91881
137039, 91881
143486, 91881
144980, 91881
147671, 91881
151909, 91881
161905, 91881
165271, 91881
167013, 91881
167111, 91881
173854, 91881
174084, 91881
174767, 91881
176463, 91881
179526, 91881
180860, 91881
182438, 91881
185905, 91881
186231, 91881
186544, 91881
193022, 91881
196064, 91881
196623, 91881
197717, 91881
201696, 91881
210894, 91881
212709, 91881
225473, 91881
228922, 91881
234321, 91881
239362, 91881
241516, 91881
242230, 91881
243311, 91881
245779, 91881
246503, 91881
251047, 91881
255402, 91881
256186, 91881
260471, 91881
261593, 91881
262010, 91881
264546, 91881
265530, 91881
271874, 91881
280428, 91881
282465, 91881
291339, 91881
291408, 91881
292615, 91881
293636, 91881
295905, 91881
18404, 89748
29564, 89748
35444, 89748
38000, 89748
53926, 89748
65379, 89748
79906, 89748
81988, 89748
88445, 89748
89811, 89748
92158, 89748
94205, 89748
95954, 89748
100629, 89748
103671, 89748
104121, 89748
106048, 89748
117933, 89748
120244, 89748
124812, 89748
127575, 89748
128694, 89748
129009, 89748
137487, 89748
137786, 89748
140328, 89748
142162, 89748
143801, 89748
145615, 89748
149440, 89748
149507, 89748
149691, 89748
149890, 89748
151110, 89748
151138, 89748
156097, 89748
157844, 89748
158062, 89748
159042, 89748
160857, 89748
165109, 89748
168397, 89748
171917, 89748
172108, 89748
176630, 89748
177027, 89748
179401, 89748
180658, 89748
181528, 89748
182023, 89748
182943, 89748
183923, 89748
185131, 89748
185578, 89748
186196, 89748
186935, 89748
187081, 89748
187126, 89748
187235, 89748
189429, 89748
195051, 89748
195731, 89748
199860, 89748
200597, 89748
201933, 89748
203613, 89748
203706, 89748
203784, 89748
205145, 89748
205357, 89748
207093, 89748
208831, 89748
208876, 89748
209817, 89748
210778, 89748
211146, 89748
211282, 89748
212277, 89748
215114, 89748
216210, 89748
216358, 89748
218262, 89748
219193, 89748
222489, 89748
223842, 89748
224379, 89748
225930, 89748
226375, 89748
226437, 89748
226864, 89748
228326, 89748
228516, 89748
230844, 89748
231852, 89748
232632, 89748
233918, 89748
238785, 89748
239261, 89748
241782, 89748
244241, 89748
244302, 89748
245782, 89748
246961, 89748
247044, 89748
247335, 89748
252066, 89748
252798, 89748
254057, 89748
258467, 89748
261061, 89748
262168, 89748
262857, 89748
264720, 89748
264887, 89748
266414, 89748
268249, 89748
271521, 89748
272974, 89748
276295, 89748
277083, 89748
277926, 89748
277986, 89748
279536, 89748
282368, 89748
285309, 89748
285375, 89748
285415, 89748
285873, 89748
287948, 89748
290473, 89748
290862, 89748
291947, 89748
293330, 89748
295167, 89748
295361, 89748
296076, 89748
52627, 87701
59603, 87701
71728, 87701
102773, 87701
107664, 87701
6898, 87208
123441, 87208
88853, 85680
159989, 85680
168573, 85680
262898, 85304
58046, 84325
57576, 84193
76131, 84193
80936, 84193
106574, 84193
225576, 84193
253863, 84193
70561, 84094
142473, 84094
78296, 83518
116613, 83518
118355, 83518
131898, 83518
159569, 83518
165603, 83518
178369, 83518
195422, 83518
202809, 83518
206985, 83518
226625, 83518
271742, 83518
282517, 83518
177382, 83145
8215, 82893
14989, 82893
77603, 82893
88503, 82893
90454, 82893
93697, 82893
109529, 82893
115799, 82893
117233, 82893
142068, 82893
152973, 82893
154585, 82893
182552, 82893
193000, 82893
195636, 82893
196248, 82893
202164, 82893
215478, 82893
216417, 82893
224308, 82893
225762, 82893
234465, 82893
234778, 82893
243074, 82893
249427, 82893
252387, 82893
256957, 82893
257284, 82893
257364, 82893
260086, 82893
263700, 82893
264709, 82893
268326, 82893
269663, 82893
270330, 82893
272993, 82893
274632, 82893
280372, 82893
286901, 82893
291617, 82893
4211, 82737
7877, 82737
9190, 82737
9609, 82737
45824, 82737
57673, 82737
64627, 82737
69504, 82737
93225, 82737
103021, 82737
112041, 82737
127291, 82737
129059, 82737
136021, 82737
140291, 82737
145648, 82737
154127, 82737
157285, 82737
163302, 82737
165411, 82737
167087, 82737
167327, 82737
170532, 82737
173022, 82737
184709, 82737
191579, 82737
198775, 82737
201070, 82737
202330, 82737
209977, 82737
210341, 82737
213658, 82737
220998, 82737
222223, 82737
230863, 82737
249458, 82737
251148, 82737
262204, 82737
274957, 82737
275389, 82737
279127, 82737
279790, 82737
282122, 82737
285193, 82737
289369, 82737
292899, 82737
1780, 82645
7838, 82645
48662, 82645
53135, 82645
66251, 82645
77144, 82645
78443, 82645
84859, 82645
98779, 82645
105558, 82645
111935, 82645
111944, 82645
114243, 82645
122906, 82645
138924, 82645
145606, 82645
148466, 82645
153858, 82645
155988, 82645
168421, 82645
169274, 82645
172324, 82645
175495, 82645
178014, 82645
185451, 82645
189969, 82645
193710, 82645
195446, 82645
199746, 82645
204536, 82645
204631, 82645
206240, 82645
207522, 82645
223816, 82645
228421, 82645
230767, 82645
231481, 82645
237359, 82645
244919, 82645
245954, 82645
251711, 82645
253391, 82645
257333, 82645
289676, 82645
99328, 82419
244316, 82419
273808, 82113
51546, 81409
126870, 81409
192339, 81409
256483, 81409
19139, 80207
248995, 80207
212308, 79929
12198, 78983
74552, 78983
84898, 78983
112580, 78983
119902, 78983
155989, 78983
167677, 78983
171765, 78983
181799, 78983
190286, 78983
199810, 78983
200604, 78983
206074, 78983
211237, 78983
233665, 78983
242660, 78983
247415, 78983
282690, 78983
286487, 78983
287334, 78983
292343, 78983
294459, 78983
278290, 78834
294269, 78834
256516, 78830
5329, 78597
78398, 78597
86198, 78597
93963, 78597
94085, 78597
120521, 78597
130039, 78597
133574, 78597
135087, 78597
137008, 78597
137503, 78597
156966, 78597
160365, 78597
163987, 78597
170841, 78597
173193, 78597
182779, 78597
187156, 78597
200485, 78597
214269, 78597
214765, 78597
215697, 78597
216089, 78597
231983, 78597
237415, 78597
237873, 78597
252656, 78597
260740, 78597
261457, 78597
267598, 78597
278744, 78597
283324, 78597
287836, 78597
292706, 78597
120159, 78160
179664, 78160
196923, 78160
203708, 78160
236365, 78160
112535, 77992
154746, 77992
73901, 77601
81885, 77601
88855, 77601
99635, 77601
119906, 77601
149530, 77601
168986, 77601
189415, 77601
209730, 77601
215063, 77601
231954, 77601
47591, 77382
64707, 77382
93878, 77382
139158, 77382
149684, 77382
158196, 77382
166147, 77382
191856, 77382
219723, 77382
235735, 77382
245121, 77382
123606, 77381
257486, 77381
98398, 76908
199201, 76908
54536, 75445
283099, 75445
1205, 75239
56345, 75239
58332, 75239
87324, 75239
110975, 75239
144842, 75239
155344, 75239
210101, 75239
237909, 75239
241657, 75239
267697, 75239
94830, 73712
145313, 73712
291461, 73712
47964, 73561
52172, 73561
101907, 73561
110770, 73561
113892, 73561
115381, 73561
125896, 73561
144463, 73561
152276, 73561
170692, 73561
187305, 73561
196771, 73561
207469, 73561
216077, 73561
220512, 73561
224572, 73561
235625, 73561
243811, 73561
270259, 73561
272350, 73561
282703, 73561
283932, 73561
287396, 73561
293348, 73561
60274, 73388
67249, 73388
86394, 73388
87800, 73388
166187, 73388
182193, 73388
199533, 73388
211265, 73388
214376, 73388
217256, 73388
263424, 73388
268689, 73388
281448, 73388
288079, 73388
294431, 73388
15144, 73268
72022, 73268
76322, 73268
95833, 73268
99357, 73268
107753, 73268
110467, 73268
114155, 73268
117905, 73268
118988, 73268
121180, 73268
129892, 73268
130871, 73268
132592, 73268
137894, 73268
142463, 73268
142524, 73268
153376, 73268
156615, 73268
159107, 73268
180799, 73268
182539, 73268
183009, 73268
183313, 73268
185331, 73268
189306, 73268
196614, 73268
202368, 73268
205287, 73268
206846, 73268
208496, 73268
213373, 73268
218549, 73268
224303, 73268
227999, 73268
232507, 73268
238362, 73268
245004, 73268
245005, 73268
246164, 73268
246848, 73268
247556, 73268
260918, 73268
266181, 73268
267287, 73268
269650, 73268
278156, 73268
278627, 73268
280978, 73268
281611, 73268
286282, 73268
294185, 73268
294247, 73268
295480, 73268
295504, 73268
295595, 73268
296327, 73268
13796, 73185
264854, 73185
70136, 72838
116763, 72745
269012, 72653
72077, 71588
126922, 71588
132543, 71588
142094, 71588
173321, 71588
189683, 71588
201964, 71588
207236, 71588
228221, 71588
236511, 71588
276238, 71588
48811, 71405
62740, 71405
63426, 71405
79691, 71405
82597, 71405
82875, 71405
83477, 71405
84434, 71405
84502, 71405
87918, 71405
94676, 71405
94734, 71405
108555, 71405
115071, 71405
115320, 71405
120292, 71405
134218, 71405
149051, 71405
151406, 71405
152298, 71405
158140, 71405
161669, 71405
161849, 71405
161973, 71405
165894, 71405
167085, 71405
171446, 71405
182774, 71405
186057, 71405
186844, 71405
188027, 71405
189717, 71405
196585, 71405
198794, 71405
200307, 71405
200535, 71405
202655, 71405
204964, 71405
208303, 71405
209254, 71405
211468, 71405
222669, 71405
226203, 71405
227833, 71405
241713, 71405
242201, 71405
242297, 71405
249613, 71405
253548, 71405
253579, 71405
260998, 71405
261612, 71405
266130, 71405
268674, 71405
270801, 71405
270980, 71405
272678, 71405
274816, 71405
280000, 71405
285449, 71405
285547, 71405
291019, 71405
292837, 71405
293803, 71405
294572, 71405
73902, 71058
111058, 71058
30155, 70695
79254, 70402
164633, 70006
125636, 69747
141559, 69369
190894, 69245
250672, 69245
82058, 67896
289685, 67875
81314, 66715
174022, 66715
211720, 66715
181545, 64850
8004, 62266
12168, 61766
124513, 42370
239039, 28886
199720, 21530
70287, 20526
101248, 20526
113736, 20526
224123, 20526
219961, 18672
43786, 17750
54413, 17750
126767, 17750
191013, 17750
49905, 5091
201992, 5091
210668, 5091
93580, 5046
182334, 5046
175085, 5029
267548, 5029
200177, 4941
228210, 4941
240630, 4941
252556, 4941
266447, 4941
268472, 4941
63312, 4902
66293, 4902
77756, 4902
90896, 4902
99313, 4902
104206, 4902
161527, 4902
169169, 4902
179720, 4902
231420, 4902
158615, 4890
167007, 4890
191077, 4890
236105, 4890
257765, 4890
281933, 4890
110299, 4799
39060, 4733
39081, 4733
58293, 4733
104700, 4733
106038, 4733
124811, 4733
138997, 4733
169264, 4733
177879, 4733
178882, 4733
217811, 4733
266306, 4733
68999, 4692
183917, 4689
286701, 4689
124500, 4682
133577, 4682
136069, 4682
141458, 4682
155294, 4682
160438, 4682
176482, 4682
208909, 4682
220870, 4682
228213, 4682
60309, 4681
67162, 4681
102653, 4681
103638, 4681
162756, 4681
189900, 4681
289245, 4681
163280, 4679
160525, 4644
181902, 4644
268410, 4644
197744, 4643
198844, 4643
288462, 4643
216912, 4607
165904, 4601
252852, 4601
285175, 4601
170941, 4597
96140, 4585
171041, 4585
181937, 4585
272447, 4585
295754, 4582
75022, 4568
125877, 4561
190223, 4561
198947, 4561
201557, 4561
240629, 4561
270874, 4561
293386, 4561
262363, 4560
69854, 4531
137975, 4531
170850, 4531
227468, 4531
236946, 4531
43084, 4526
59533, 4526
65384, 4526
93391, 4526
95566, 4526
110944, 4526
213475, 4526
270405, 4526
153165, 4523
223849, 4523
237969, 4523
263485, 4523
275971, 4523
276392, 4523
188510, 4517
295673, 4517
48249, 4511
68727, 4511
75775, 4511
114019, 4511
114337, 4511
117175, 4511
119808, 4511
132151, 4511
135345, 4511
163232, 4511
164854, 4511
166541, 4511
167223, 4511
201181, 4511
215776, 4511
216063, 4511
221255, 4511
224544, 4511
236402, 4511
246390, 4511
247019, 4511
247673, 4511
257371, 4511
296493, 4511
204211, 4499
177633, 4496
186451, 4496
274921, 4496
67659, 4491
142918, 4491
145459, 4491
150680, 4491
151125, 4491
151244, 4491
154752, 4491
228591, 4491
234236, 4491
253021, 4491
259274, 4491
275246, 4491
131229, 4488
274844, 4488
125420, 4428
171767, 4428
215486, 4428
289099, 4428
237655, 4414
133478, 4401
150599, 4401
248799, 4401
268919, 4401
65088, 4400
174112, 4400
206171, 4400
221434, 4400
240278, 4400
256995, 4400
274502, 4400
186547, 4391
203396, 4391
216307, 4391
267282, 4391
294026, 4391
96326, 4390
114464, 4390
190618, 4390
243629, 4386
256191, 4386
87261, 4380
127991, 4380
144057, 4380
221836, 4380
230268, 4380
122865, 4376
147530, 4376
152056, 4363
190340, 4363
199674, 4363
293896, 4363
40317, 4359
50620, 4359
70774, 4359
82529, 4359
87927, 4359
92160, 4359
94224, 4359
96012, 4359
117513, 4359
130701, 4359
137731, 4359
146283, 4359
147235, 4359
148172, 4359
165372, 4359
167705, 4359
173042, 4359
188061, 4359
190198, 4359
198825, 4359
204632, 4359
211253, 4359
214272, 4359
219444, 4359
220851, 4359
224772, 4359
224846, 4359
225202, 4359
227414, 4359
228127, 4359
228818, 4359
249762, 4359
253289, 4359
255905, 4359
259280, 4359
264621, 4359
293495, 4359
136172, 4355
146341, 4355
276395, 4355
157698, 4353
169934, 4351
80314, 4350
110388, 4350
232290, 4350
38776, 4327
115310, 4327
162914, 4327
185339, 4327
187860, 4327
199822, 4327
206716, 4327
223914, 4327
232365, 4327
241498, 4327
256704, 4327
257564, 4327
266233, 4327
280268, 4327
112338, 4313
158912, 4313
204105, 4313
226726, 4313
136485, 4285
125799, 4281
41530, 4257
89497, 4257
173501, 4257
180363, 4257
282953, 4257
59469, 4255
67833, 4255
75646, 4255
88531, 4255
97467, 4255
198755, 4255
201620, 4255
203945, 4255
206084, 4255
211902, 4255
248755, 4255
87890, 4246
217271, 4246
224705, 4246
281337, 4246
281688, 4246
102172, 4239
140706, 4239
164689, 4239
202635, 4239
206400, 4239
212516, 4239
213250, 4239
221763, 4239
227133, 4239
238318, 4239
256469, 4239
270391, 4239
138621, 4234
237367, 4234
94829, 4223
163382, 4220
171550, 4211
224746, 4211
252289, 4211
58014, 4202
163244, 4202
163449, 4202
199856, 4202
240583, 4202
257947, 4202
260161, 4202
37639, 4195
66448, 4195
75278, 4195
82324, 4195
94398, 4195
100268, 4195
110823, 4195
130870, 4195
133331, 4195
143318, 4195
151239, 4195
166576, 4195
171633, 4195
172984, 4195
188098, 4195
189919, 4195
192069, 4195
200268, 4195
209807, 4195
209867, 4195
212963, 4195
241559, 4195
246348, 4195
256827, 4195
257790, 4195
258129, 4195
280691, 4195
282304, 4195
287365, 4195
107946, 4194
171332, 4194
211553, 4194
231467, 4194
291491, 4194
169840, 4187
279700, 4180
60383, 4167
125660, 4167
143986, 4167
151579, 4167
157549, 4167
164750, 4167
174141, 4167
209426, 4167
210258, 4167
262826, 4167
277979, 4167
94634, 4154
138040, 4154
171398, 4154
179988, 4151
53781, 4135
55347, 4135
60984, 4135
64555, 4135
67527, 4135
69823, 4135
72161, 4135
72829, 4135
87035, 4135
92744, 4135
94693, 4135
109461, 4135
133833, 4135
134892, 4135
136472, 4135
137466, 4135
140003, 4135
155013, 4135
158597, 4135
202778, 4135
217214, 4135
234962, 4135
245044, 4135
259124, 4135
262719, 4135
282458, 4135
81083, 4120
182025, 4120
192795, 4120
197429, 4120
230850, 4120
263961, 4120
141097, 4118
145676, 4118
72598, 4103
104768, 4103
196761, 4103
75372, 4098
149795, 4098
174761, 4098
258234, 4098
273599, 4098
291484, 4098
292281, 4098
294802, 4098
114877, 4094
174160, 4094
187588, 4094
114830, 4072
46088, 4049
52971, 4049
83931, 4049
84929, 4049
96011, 4049
102882, 4049
104780, 4049
114837, 4049
124069, 4049
125025, 4049
180829, 4049
216469, 4049
262743, 4049
156231, 4038
169670, 4038
220796, 4038
283404, 4038
284485, 4038
77616, 4034
283613, 4034
288031, 4034
56535, 4019
58174, 4019
84895, 4019
155336, 4019
179064, 4019
213724, 4019
218577, 4019
219127, 4019
244649, 4019
253531, 4019
269982, 4019
289441, 4019
81890, 3999
207333, 3990
218150, 3990
271692, 3990
233384, 3984
246213, 3984
246932, 3984
17158, 3981
27547, 3981
58982, 3981
67346, 3981
70912, 3981
73576, 3981
108588, 3981
127883, 3981
149465, 3981
154488, 3981
162891, 3981
181366, 3981
183508, 3981
184621, 3981
187545, 3981
196099, 3981
206411, 3981
221880, 3981
237326, 3981
244257, 3981
248461, 3981
256292, 3981
256575, 3981
259052, 3981
286090, 3981
286598, 3981
227333, 3977
71967, 3974
136487, 3974
181406, 3974
183229, 3974
270424, 3974
274660, 3974
295113, 3974
59802, 3969
77642, 3969
91750, 3969
106050, 3969
113314, 3969
138527, 3969
143002, 3969
151810, 3969
169295, 3969
196655, 3969
236600, 3969
246391, 3969
258569, 3969
273480, 3969
62479, 3966
94093, 3966
96862, 3966
115662, 3966
179327, 3966
201857, 3966
259309, 3966
266507, 3966
277853, 3966
296171, 3966
69441, 3965
261167, 3955
61076, 3952
75396, 3952
108351, 3952
119875, 3952
208901, 3952
143777, 3951
162801, 3951
223500, 3951
234437, 3951
271098, 3951
281930, 3951
295018, 3951
100383, 3949
158846, 3949
211292, 3949
257055, 3949
285018, 3949
90997, 3947
185302, 3932
248291, 3932
261871, 3932
75830, 3927
163012, 3927
222774, 3927
253425, 3927
269240, 3927
82928, 3925
84744, 3925
96845, 3925
118238, 3925
136010, 3925
148083, 3925
150073, 3925
188718, 3925
226926, 3925
231138, 3925
249534, 3925
263657, 3925
269360, 3925
201802, 3918
226026, 3918
218963, 3906
116044, 3904
173827, 3904
192135, 3904
59565, 3900
110159, 3900
174098, 3900
264467, 3900
119034, 3897
29036, 3891
49768, 3891
53511, 3891
67776, 3891
74518, 3891
77577, 3891
88073, 3891
98095, 3891
145437, 3891
177105, 3891
178456, 3891
182952, 3891
187648, 3891
194942, 3891
196515, 3891
198462, 3891
203101, 3891
207132, 3891
209991, 3891
259663, 3891
53810, 3884
142858, 3884
69904, 3878
198087, 3878
198199, 3878
223565, 3878
286681, 3878
290043, 3878
102142, 3868
250541, 3868
73327, 3833
74891, 3833
98714, 3833
113997, 3833
114286, 3833
121603, 3833
140476, 3833
161411, 3833
167727, 3833
192361, 3833
204729, 3833
254720, 3833
52427, 3821
107192, 3820
161828, 3820
162595, 3820
188884, 3820
193835, 3820
220229, 3820
227696, 3820
246376, 3820
253719, 3820
292555, 3820
38194, 3817
71564, 3817
192928, 3817
218659, 3817
177670, 3804
144048, 3798
165840, 3798
208331, 3788
228462, 3788
27401, 3787
29485, 3787
49300, 3787
61352, 3787
66577, 3787
79800, 3787
87818, 3787
88084, 3787
96076, 3787
110692, 3787
115974, 3787
116724, 3787
121927, 3787
126686, 3787
129657, 3787
130470, 3787
133027, 3787
135427, 3787
137733, 3787
137887, 3787
140037, 3787
141906, 3787
143683, 3787
157184, 3787
160500, 3787
161893, 3787
168845, 3787
169420, 3787
170371, 3787
178318, 3787
178326, 3787
187491, 3787
191315, 3787
193726, 3787
197258, 3787
197335, 3787
200339, 3787
201769, 3787
205624, 3787
206643, 3787
217094, 3787
217395, 3787
220161, 3787
222121, 3787
224237, 3787
227432, 3787
228946, 3787
229074, 3787
230654, 3787
235615, 3787
240021, 3787
241218, 3787
249761, 3787
256420, 3787
259444, 3787
266211, 3787
270788, 3787
276979, 3787
279802, 3787
280663, 3787
295293, 3787
75447, 3785
79738, 3785
119284, 3785
132241, 3785
150098, 3785
155236, 3785
160144, 3785
213938, 3785
216257, 3785
219828, 3785
226763, 3785
226957, 3785
264503, 3785
280833, 3785
88295, 3763
134927, 3763
156144, 3763
165337, 3763
220602, 3763
247111, 3763
259941, 3763
154513, 3760
239051, 3760
269602, 3760
115547, 3758
126931, 3758
130963, 3758
131339, 3758
136433, 3758
187148, 3758
215862, 3758
216277, 3758
257035, 3758
141396, 3754
142860, 3754
166496, 3754
180720, 3754
217272, 3754
244701, 3754
249983, 3754
73184, 3749
131166, 3737
146261, 3737
240816, 3737
114988, 3734
133367, 3734
220017, 3734
287672, 3734
253369, 3731
196790, 3725
124399, 3708
166996, 3708
180578, 3708
208386, 3708
223078, 3708
223375, 3708
229908, 3708
256428, 3708
288728, 3708
293344, 3708
243634, 3707
114481, 3696
154880, 3696
173211, 3696
245389, 3696
76098, 3687
119133, 3687
148903, 3687
159364, 3687
163729, 3687
201062, 3687
268018, 3687
269471, 3687
252273, 3682
273073, 3682
289859, 3682
61795, 3670
81472, 3670
89810, 3670
94963, 3670
207006, 3670
103852, 3667
217247, 3667
239238, 3667
256547, 3667
193400, 3661
215765, 3661
116020, 3653
199998, 3653
32866, 3649
75674, 3649
89807, 3649
101982, 3649
130720, 3649
159929, 3649
175426, 3649
186114, 3649
208321, 3649
208447, 3649
210012, 3649
218705, 3649
240915, 3649
257916, 3649
279278, 3649
289009, 3649
292954, 3649
272666, 3647
246386, 3643
272807, 3642
75276, 3640
260274, 3640
2726, 3638
24266, 3638
41072, 3638
282871, 3638
89035, 3637
121405, 3637
165968, 3637
194656, 3637
217574, 3637
219154, 3637
219509, 3637
221552, 3637
227229, 3637
243300, 3637
245717, 3637
259841, 3637
133514, 3632
218222, 3632
90724, 3630
104933, 3607
111819, 3607
181617, 3607
208678, 3607
209886, 3607
217015, 3607
238552, 3607
263916, 3607
278957, 3607
35216, 3604
44014, 3604
63972, 3604
65192, 3604
76883, 3604
79563, 3604
83330, 3604
92036, 3604
110182, 3604
134881, 3604
137185, 3604
159686, 3604
172595, 3604
183095, 3604
200745, 3604
209528, 3604
219459, 3604
236171, 3604
265210, 3604
277263, 3604
287340, 3604
288863, 3604
292388, 3604
110799, 3592
113429, 3592
149995, 3592
166007, 3592
168671, 3592
174509, 3592
179852, 3592
208829, 3592
255209, 3592
259892, 3592
296380, 3592
96427, 3590
162761, 3590
177804, 3590
204330, 3590
221020, 3590
134560, 3569
156835, 3569
271941, 3563
80264, 3536
282717, 3536
287800, 3536
101388, 3530
266869, 3521
232554, 3520
240933, 3520
252283, 3520
289909, 3520
292226, 3520
232326, 3518
76992, 3517
140811, 3517
238242, 3517
241452, 3517
293983, 3517
200078, 3516
219882, 3516
69852, 3509
81431, 3507
141687, 3507
221567, 3507
225740, 3507
249353, 3507
251512, 3507
267549, 3507
280112, 3507
291749, 3507
292317, 3507
102345, 3504
224414, 3504
74672, 3502
83845, 3502
126354, 3502
134444, 3502
164442, 3502
177717, 3502
294503, 3502
65491, 3501
161865, 3499
224733, 3499
152189, 3498
268168, 3498
296349, 3498
29512, 3494
93325, 3494
114917, 3494
138832, 3494
140228, 3494
161090, 3494
161791, 3494
191696, 3494
220898, 3494
20383, 3473
28337, 3473
56271, 3473
59483, 3473
61461, 3473
62427, 3473
63257, 3473
64622, 3473
69528, 3473
77340, 3473
78543, 3473
86405, 3473
88421, 3473
90530, 3473
93453, 3473
94363, 3473
99419, 3473
99993, 3473
100115, 3473
100174, 3473
101092, 3473
104284, 3473
105879, 3473
106337, 3473
107702, 3473
111192, 3473
112755, 3473
117463, 3473
126452, 3473
127090, 3473
132852, 3473
156408, 3473
160246, 3473
163998, 3473
164631, 3473
173212, 3473
174043, 3473
180833, 3473
187599, 3473
188974, 3473
190266, 3473
200551, 3473
217831, 3473
224297, 3473
253287, 3473
260980, 3473
262415, 3473
296061, 3473
29240, 3472
125146, 3472
134178, 3472
179712, 3472
185811, 3472
187068, 3472
233133, 3472
35982, 3467
52335, 3467
64904, 3467
106322, 3467
112466, 3467
128666, 3467
159067, 3467
189735, 3467
206259, 3467
206449, 3467
211835, 3467
222709, 3467
258668, 3467
278326, 3467
269964, 3461
78196, 3450
133743, 3450
204364, 3450
220435, 3450
168737, 3427
188845, 3427
79803, 3419
81657, 3419
27681, 3412
50375, 3412
56308, 3412
60647, 3412
79941, 3412
90675, 3412
93256, 3412
129369, 3412
152412, 3412
159993, 3412
162716, 3412
206374, 3412
221122, 3412
274716, 3412
107993, 3402
211960, 3402
73398, 3395
122625, 3395
168627, 3395
178938, 3395
69307, 3390
78546, 3390
80322, 3390
85565, 3390
93604, 3390
97107, 3390
103390, 3390
110397, 3390
118390, 3390
120355, 3390
127522, 3390
137119, 3390
140547, 3390
147080, 3390
147599, 3390
150543, 3390
152182, 3390
166613, 3390
174058, 3390
179307, 3390
179318, 3390
180689, 3390
196669, 3390
199156, 3390
199300, 3390
209256, 3390
219288, 3390
223149, 3390
244749, 3390
244769, 3390
259795, 3390
260989, 3390
261355, 3390
264357, 3390
265750, 3390
266698, 3390
273932, 3390
277148, 3390
277951, 3390
279656, 3390
47883, 3386
87321, 3386
143769, 3386
152592, 3386
247128, 3386
267537, 3386
272840, 3386
274521, 3386
285655, 3386
292046, 3386
216553, 3385
113206, 3376
135302, 3376
188183, 3376
201969, 3376
203097, 3376
213671, 3376
238638, 3376
241396, 3376
252564, 3376
281654, 3376
284646, 3376
288505, 3376
82141, 3371
84349, 3371
107274, 3371
128384, 3371
130735, 3371
135244, 3371
136999, 3371
152075, 3371
152165, 3371
152244, 3371
155328, 3371
158565, 3371
163132, 3371
164079, 3371
165451, 3371
180403, 3371
199663, 3371
202712, 3371
206693, 3371
210371, 3371
220654, 3371
230618, 3371
234268, 3371
238389, 3371
248494, 3371
251570, 3371
271781, 3371
287550, 3371
292002, 3371
292155, 3371
292718, 3371
160989, 3369
236534, 3369
94713, 3361
138669, 3361
235181, 3361
254706, 3361
231997, 3357
225196, 3352
232322, 3352
252551, 3352
80088, 3321
94225, 3321
195493, 3321
198399, 3321
198920, 3321
237418, 3321
278409, 3321
291285, 3321
293588, 3321
61173, 3310
80887, 3310
84674, 3310
251597, 3310
265623, 3310
161320, 3291
87779, 3260
158798, 3245
192739, 3245
202349, 3245
218880, 3245
236084, 3245
246819, 3245
257882, 3245
270927, 3245
283712, 3245
253281, 3243
59771, 3237
71411, 3237
89372, 3237
137916, 3237
164240, 3237
189655, 3237
241908, 3237
260456, 3237
267638, 3237
98196, 3235
51580, 3232
70445, 3232
73059, 3232
75194, 3232
94263, 3232
99307, 3232
116546, 3232
23983, 3231
36936, 3231
48254, 3231
55072, 3231
64846, 3231
69766, 3231
77219, 3231
79898, 3231
80043, 3231
80346, 3231
85105, 3231
85173, 3231
101570, 3231
104726, 3231
107003, 3231
108863, 3231
112656, 3231
113305, 3231
120346, 3231
125615, 3231
129475, 3231
147693, 3231
175478, 3231
191583, 3231
194040, 3231
195931, 3231
233711, 3231
237813, 3231
271216, 3231
282708, 3231
286902, 3231
82430, 3225
82592, 3225
95406, 3225
111077, 3225
122397, 3225
126261, 3225
142855, 3225
150393, 3225
163356, 3225
167632, 3225
194538, 3225
200128, 3225
216771, 3225
220788, 3225
223812, 3225
240556, 3225
241811, 3225
43227, 3224
134446, 3224
149701, 3224
194448, 3224
249836, 3224
290667, 3215
147414, 3206
87228, 3203
223743, 3194
261476, 3194
48508, 3189
66207, 3189
73258, 3189
95592, 3189
123409, 3189
129493, 3189
236655, 3173
239834, 3173
46978, 3168
49814, 3167
65063, 3167
73619, 3167
77119, 3167
90406, 3167
97957, 3167
101542, 3167
104382, 3167
110864, 3167
124718, 3167
125772, 3167
127602, 3167
139859, 3167
152779, 3167
153079, 3167
159253, 3167
161965, 3167
165332, 3167
178849, 3167
185743, 3167
217367, 3167
218444, 3167
225176, 3167
234634, 3167
236814, 3167
254413, 3167
268663, 3167
275215, 3167
276282, 3167
278238, 3167
109314, 3149
131031, 3149
144078, 3149
150179, 3149
154298, 3149
171017, 3149
184008, 3149
209002, 3149
239820, 3149
248673, 3149
262585, 3149
103340, 3147
175165, 3147
270066, 3141
180794, 3131
279277, 3131
52299, 3108
60645, 3108
63392, 3108
66166, 3108
68162, 3108
104341, 3108
108619, 3108
131575, 3108
89979, 3098
130867, 3098
185996, 3098
198685, 3098
263314, 3098
122044, 3092
120432, 3079
157732, 3076
230107, 3076
274890, 3076
60743, 3056
86333, 3056
90014, 3056
149330, 3056
178867, 3056
139911, 3054
159503, 3054
179017, 3054
281368, 3054
23401, 3051
47280, 3051
59979, 3051
89237, 3051
93929, 3051
108951, 3051
113262, 3051
124884, 3051
133927, 3051
159197, 3051
59948, 3047
213259, 3047
112852, 3037
133172, 3037
158441, 3037
158938, 3037
201470, 3037
208298, 3037
257730, 3037
279211, 3037
287588, 3037
120278, 3030
127357, 3030
191906, 3030
235695, 3030
287637, 3030
147222, 3023
160077, 3023
163422, 3023
174210, 3023
187022, 3023
202621, 3023
225662, 3023
280969, 3023
282956, 3023
290294, 3023
70300, 3021
89311, 3021
255270, 3021
262453, 3021
275769, 3021
162890, 3018
169102, 3013
201878, 3013
113155, 3012
175306, 3012
220285, 3012
258704, 3012
187082, 3010
61623, 3000
94047, 3000
123628, 3000
152250, 3000
148251, 2996
82130, 2993
87747, 2993
97559, 2993
111918, 2993
119626, 2993
124264, 2993
140577, 2993
140973, 2993
144640, 2993
179387, 2993
185495, 2993
187878, 2993
216446, 2993
233489, 2993
255425, 2993
54874, 2992
169553, 2992
192248, 2992
214732, 2992
149928, 2988
39691, 2987
94718, 2987
214389, 2987
121998, 2986
152657, 2986
279002, 2986
73464, 2984
103578, 2983
145664, 2983
281058, 2983
141789, 2972
235117, 2972
252245, 2972
61509, 2964
88563, 2964
122158, 2964
203602, 2964
217019, 2964
220528, 2964
227132, 2964
240481, 2964
70131, 2962
119372, 2962
133678, 2962
152460, 2962
228634, 2962
263907, 2962
77782, 2960
87131, 2960
135147, 2960
145759, 2960
156944, 2960
164663, 2960
174547, 2960
191369, 2960
221809, 2960
227287, 2960
276820, 2960
256949, 2953
175037, 2952
118473, 2947
242544, 2943
221214, 2939
292835, 2939
16541, 2937
18904, 2937
39617, 2937
269968, 2937
86928, 2936
134319, 2936
26973, 2935
60082, 2935
123492, 2935
215143, 2935
236971, 2935
155688, 2930
245345, 2930
279601, 2930
62584, 2925
92794, 2925
136415, 2925
282492, 2925
148238, 2922
213392, 2921
220045, 2919
263683, 2918
157463, 2917
171530, 2917
204306, 2917
204645, 2917
217441, 2917
272081, 2917
40470, 2907
50084, 2907
57595, 2907
66896, 2907
90455, 2907
131707, 2907
133549, 2907
196373, 2907
210837, 2907
223949, 2907
237479, 2907
255229, 2907
264768, 2907
288649, 2907
24565, 2897
34334, 2897
35963, 2897
40655, 2897
44993, 2897
45070, 2897
47157, 2897
48601, 2897
51007, 2897
52591, 2897
53888, 2897
55852, 2897
58559, 2897
58682, 2897
63016, 2897
71493, 2897
71684, 2897
81201, 2897
84579, 2897
92209, 2897
94364, 2897
95610, 2897
96719, 2897
109607, 2897
113574, 2897
115020, 2897
115713, 2897
121291, 2897
123729, 2897
136362, 2897
139188, 2897
139528, 2897
143534, 2897
144971, 2897
148151, 2897
157644, 2897
180602, 2897
199966, 2897
127126, 2895
223364, 2895
238540, 2891
97282, 2890
120496, 2890
130942, 2890
155579, 2890
165096, 2890
279273, 2890
174505, 2889
121516, 2887
104585, 2881
246892, 2881
270080, 2881
286042, 2881
110517, 2874
135587, 2864
142710, 2864
197730, 2858
7449, 2855
9907, 2855
23954, 2855
42886, 2855
95113, 2855
109975, 2855
126317, 2855
282515, 2855
184347, 2849
185050, 2849
50218, 2846
56280, 2846
106369, 2846
137826, 2846
147908, 2846
56001, 2845
32815, 2834
114119, 2834
153955, 2834
119972, 2826
194202, 2826
250709, 2826
244825, 2825
131879, 2822
252207, 2822
253535, 2819
202896, 2812
231455, 2812
253467, 2812
261142, 2812
283532, 2806
47100, 2803
91790, 2803
120286, 2803
148866, 2803
175457, 2803
227340, 2803
255666, 2803
274170, 2803
48432, 2797
43627, 2788
222523, 2788
19175, 2786
46109, 2786
96913, 2786
148403, 2786
168245, 2786
195070, 2786
207114, 2786
231111, 2784
262409, 2784
96476, 2783
165501, 2783
208088, 2782
23707, 2781
76396, 2781
93031, 2781
180795, 2781
233492, 2781
258748, 2781
280222, 2781
87590, 2780
158394, 2779
192191, 2779
226871, 2779
230548, 2779
136596, 2778
256948, 2777
87852, 2776
105840, 2773
107926, 2773
187386, 2773
194510, 2773
204401, 2773
246940, 2773
283839, 2773
289918, 2773
137304, 2771
153906, 2760
198177, 2760
36812, 2758
202085, 2758
260912, 2758
261852, 2758
282011, 2758
125861, 2753
27081, 2752
8911, 2751
90165, 2751
222184, 2751
119761, 2747
139966, 2747
171882, 2747
176116, 2747
178891, 2747
187677, 2747
227851, 2747
144863, 2746
226989, 2746
256056, 2746
116750, 2745
269358, 2742
242582, 2738
280492, 2738
203356, 2737
273123, 2737
86105, 2736
24065, 2732
291840, 2732
102607, 2730
68848, 2725
135116, 2725
248115, 2725
33354, 2718
150318, 2718
39815, 2714
34611, 2708
63514, 2708
93107, 2708
95718, 2708
105232, 2708
95702, 2703
113571, 2703
172208, 2703
201803, 2703
249817, 2703
252487, 2703
265618, 2703
287162, 2703
31418, 2701
49288, 2701
55803, 2701
83587, 2701
99219, 2701
127727, 2701
140866, 2701
172490, 2701
282175, 2701
258287, 2699
26304, 2698
48526, 2698
66241, 2698
129038, 2698
173672, 2698
279356, 2697
133076, 2696
50221, 2695
77939, 2695
93006, 2695
192634, 2695
223406, 2695
292738, 2695
107500, 2693
125114, 2693
194900, 2693
225655, 2693
238585, 2693
280514, 2693
163062, 2692
106349, 2690
247400, 2690
200539, 2689
99858, 2688
155784, 2688
112603, 2680
38958, 2677
133799, 2677
145956, 2677
51807, 2674
75898, 2674
154157, 2673
121344, 2672
250554, 2672
293714, 2672
29124, 2670
63701, 2670
83413, 2670
155067, 2670
164360, 2670
186146, 2670
191809, 2670
197729, 2670
207657, 2670
208492, 2670
226027, 2670
235997, 2670
264723, 2670
230905, 2669
105783, 2668
207414, 2668
19851, 2667
26053, 2667
48817, 2667
53748, 2667
65556, 2667
66329, 2667
73189, 2667
76966, 2667
78367, 2667
81327, 2667
86852, 2667
91287, 2667
93354, 2667
103527, 2667
119874, 2667
122116, 2667
123007, 2667
128401, 2667
177744, 2667
185976, 2667
188021, 2667
193247, 2667
212183, 2667
252909, 2667
281186, 2661
102772, 2658
180814, 2658
90443, 2656
120216, 2654
159973, 2654
236785, 2654
249515, 2654
270539, 2654
294975, 2654
56026, 2652
112543, 2652
278164, 2652
64893, 2651
98811, 2648
133336, 2648
161470, 2648
177198, 2648
189924, 2648
235937, 2648
240925, 2648
158926, 2647
187593, 2647
278634, 2647
51210, 2644
84298, 2644
123248, 2644
131151, 2644
155068, 2644
173789, 2644
228839, 2644
269080, 2644
280392, 2644
282280, 2644
42060, 2643
100635, 2643
116362, 2643
141021, 2643
178353, 2643
255530, 2640
288021, 2640
69191, 2636
88780, 2636
131685, 2636
144812, 2636
152213, 2636
159687, 2636
165363, 2636
27492, 2631
184059, 2631
23755, 2628
103775, 2628
153156, 2628
163287, 2628
181479, 2628
203195, 2628
233455, 2628
234614, 2628
261407, 2628
11389, 2627
168069, 2626
157496, 2625
104686, 2622
171941, 2613
241609, 2613
46568, 2610
81727, 2609
145930, 2609
157930, 2609
274360, 2609
275479, 2609
87965, 2608
94603, 2608
110061, 2608
116939, 2608
126753, 2608
132762, 2608
139074, 2608
145512, 2608
149624, 2608
153774, 2608
159885, 2608
177184, 2608
181446, 2608
182980, 2608
186350, 2608
188726, 2608
189143, 2608
201981, 2608
202138, 2608
202391, 2608
205383, 2608
206862, 2608
207197, 2608
208974, 2608
210373, 2608
211136, 2608
211753, 2608
213723, 2608
227900, 2608
230508, 2608
236720, 2608
242094, 2608
242849, 2608
244239, 2608
246778, 2608
259352, 2608
264360, 2608
270162, 2608
273252, 2608
275427, 2608
287095, 2608
289642, 2608
291320, 2608
295040, 2608
21232, 2607
60621, 2607
71882, 2607
79266, 2607
90033, 2607
109436, 2607
177598, 2607
104129, 2606
200173, 2606
53469, 2604
162618, 2604
223063, 2604
226388, 2604
139931, 2602
150939, 2602
234294, 2601
54810, 2600
71241, 2600
135557, 2600
139927, 2600
160208, 2600
171794, 2600
224218, 2600
131886, 2597
206775, 2594
283908, 2594
77260, 2593
163855, 2593
223836, 2593
34071, 2588
249867, 2588
249859, 2583
168008, 2579
245066, 2579
143108, 2571
162296, 2571
163791, 2571
170111, 2571
173402, 2571
183890, 2571
191234, 2571
192520, 2571
222119, 2571
228827, 2571
261650, 2571
276936, 2571
284570, 2571
95107, 2568
117117, 2568
238394, 2568
104297, 2565
117807, 2565
125694, 2565
221560, 2565
76988, 2563
222487, 2563
250531, 2563
126910, 2560
86557, 2558
179451, 2558
61526, 2553
209879, 2553
234099, 2553
59282, 2549
218754, 2549
200989, 2543
42840, 2542
103872, 2542
147227, 2542
150192, 2542
175155, 2542
175164, 2542
182111, 2542
212069, 2542
217076, 2542
238501, 2542
240501, 2542
247500, 2542
254781, 2542
273544, 2542
274800, 2542
211897, 2540
255026, 2539
94935, 2538
250841, 2538
107362, 2536
201689, 2536
110591, 2535
125341, 2535
152679, 2535
161487, 2535
177914, 2535
181745, 2535
201092, 2535
210411, 2535
271280, 2535
286105, 2535
25448, 2534
243955, 2534
246131, 2534
36551, 2530
267518, 2530
134399, 2528
258325, 2528
64966, 2524
79294, 2524
93846, 2524
94689, 2524
98537, 2524
111332, 2524
113083, 2524
126952, 2524
133598, 2524
151905, 2524
180087, 2524
185184, 2524
217529, 2524
240482, 2524
286361, 2524
205774, 2522
83377, 2521
87193, 2521
173667, 2521
88448, 2510
97681, 2510
112973, 2510
126572, 2510
128470, 2510
163806, 2510
170188, 2510
185369, 2510
196612, 2510
247275, 2510
286813, 2510
195956, 2509
129175, 2505
211119, 2505
189120, 2504
107198, 2500
147397, 2500
175849, 2500
178639, 2500
199573, 2500
224539, 2500
227954, 2500
238208, 2500
266771, 2500
292921, 2500
71822, 2496
199225, 2496
141932, 2495
56153, 2494
170318, 2494
286269, 2493
78768, 2490
172622, 2490
275824, 2490
289586, 2490
244223, 2488
251787, 2488
257116, 2488
163111, 2487
172708, 2487
253077, 2487
264873, 2487
273670, 2487
287928, 2487
64761, 2486
117792, 2486
120768, 2486
165215, 2486
207048, 2486
247793, 2486
84145, 2485
271969, 2485
128383, 2482
278239, 2480
261746, 2479
40024, 2478
262622, 2478
21570, 2474
27376, 2474
28929, 2474
30000, 2474
34207, 2474
36419, 2474
43294, 2474
48290, 2474
62197, 2474
62395, 2474
69746, 2474
75290, 2474
80843, 2474
83698, 2474
86014, 2474
95946, 2474
107568, 2474
107772, 2474
115050, 2474
117836, 2474
122024, 2474
131793, 2474
155670, 2474
175194, 2474
180398, 2474
184762, 2474
223402, 2474
266569, 2474
267639, 2474
291005, 2474
292941, 2474
53451, 2466
134454, 2462
238861, 2462
237735, 2461
95575, 2460
134461, 2460
161085, 2460
201786, 2460
227594, 2460
42178, 2459
119598, 2459
159032, 2459
189033, 2459
249865, 2459
116531, 2456
180379, 2456
219058, 2456
228427, 2456
276764, 2456
186535, 2455
228945, 2455
242901, 2455
253505, 2455
275464, 2455
103820, 2451
129895, 2451
176719, 2451
8674, 2450
244707, 2449
232748, 2447
123237, 2444
156870, 2444
157343, 2444
35760, 2443
52712, 2443
188625, 2443
193598, 2443
267052, 2443
130743, 2439
92725, 2438
128770, 2438
164410, 2438
172741, 2438
206504, 2438
244242, 2437
245904, 2434
70810, 2432
176466, 2432
293761, 2432
95746, 2428
137296, 2428
204519, 2428
210141, 2428
214037, 2428
225673, 2428
234914, 2428
248842, 2428
252891, 2428
263245, 2428
268137, 2428
275608, 2428
279920, 2428
283271, 2428
294507, 2428
294769, 2428
147886, 2426
199929, 2425
210215, 2417
254631, 2417
217516, 2415
263534, 2415
24656, 2410
84832, 2410
186763, 2410
215020, 2410
249476, 2410
258319, 2410
270416, 2410
91778, 2407
154723, 2407
158149, 2407
179408, 2407
192221, 2407
208099, 2407
264051, 2407
283773, 2407
103210, 2402
115146, 2402
128345, 2402
136383, 2402
136615, 2402
165786, 2402
183348, 2402
249576, 2402
265508, 2402
280456, 2402
289924, 2402
50786, 2401
85431, 2401
161859, 2401
69233, 2397
134373, 2397
219979, 2397
245431, 2397
269705, 2397
276009, 2397
164239, 2396
287795, 2396
79809, 2395
173826, 2395
178789, 2395
182792, 2395
99849, 2394
191575, 2394
217385, 2394
234968, 2393
275439, 2393
276610, 2392
115385, 2390
118169, 2390
289869, 2389
147849, 2387
133877, 2385
178770, 2385
259719, 2385
274232, 2385
275573, 2385
280325, 2385
107033, 2380
216772, 2379
48346, 2378
171931, 2378
97097, 2376
134757, 2376
203667, 2376
277908, 2376
280787, 2376
291626, 2376
175322, 2370
190270, 2370
223258, 2370
240688, 2369
246082, 2369
124328, 2368
262207, 2368
265896, 2368
115382, 2365
258948, 2365
51369, 2362
59718, 2362
93948, 2362
287792, 2362
190095, 2356
247621, 2356
287256, 2356
139675, 2355
42757, 2354
96890, 2354
109589, 2354
243271, 2354
151970, 2350
152599, 2350
244414, 2350
245727, 2350
101970, 2349
150202, 2349
196926, 2349
39525, 2345
76881, 2345
82995, 2345
132667, 2345
175462, 2345
211004, 2345
179666, 2343
203910, 2343
249632, 2343
81800, 2341
94820, 2341
96477, 2341
155657, 2341
160198, 2341
194443, 2341
246057, 2341
273294, 2341
158635, 2340
132018, 2339
194400, 2339
224886, 2339
249343, 2337
22521, 2336
59794, 2336
92169, 2336
113013, 2336
122715, 2336
154712, 2336
218257, 2336
244204, 2336
290379, 2336
294526, 2336
35687, 2335
138407, 2335
214815, 2335
255071, 2335
50879, 2334
95584, 2334
107409, 2334
160945, 2334
213841, 2334
220275, 2334
235495, 2334
242208, 2334
279241, 2334
295697, 2334
180529, 2332
136358, 2331
121092, 2330
125338, 2330
248502, 2330
270867, 2330
81725, 2322
246109, 2322
140980, 2321
242754, 2319
19347, 2315
170739, 2314
184779, 2314
289726, 2313
139469, 2311
192367, 2311
67018, 2306
109320, 2306
272789, 2306
293605, 2300
30364, 2298
113992, 2298
179723, 2298
80405, 2294
279847, 2294
279905, 2294
62934, 2293
122010, 2293
263475, 2293
294788, 2293
146676, 2292
194145, 2292
226936, 2292
44958, 2291
145100, 2290
245284, 2290
287609, 2290
293912, 2290
107627, 2289
176446, 2289
179658, 2289
214988, 2289
270630, 2288
82443, 2282
106236, 2282
173894, 2282
210608, 2282
269752, 2282
143329, 2281
147540, 2281
158613, 2281
215787, 2281
262650, 2281
19969, 2280
132888, 2279
31945, 2278
224334, 2278
232461, 2278
257008, 2278
269895, 2278
103990, 2275
178072, 2274
189251, 2274
263481, 2274
283967, 2274
293511, 2274
71193, 2273
156752, 2273
226521, 2273
268360, 2273
77098, 2272
138433, 2271
179437, 2271
223785, 2271
280286, 2271
162379, 2269
165906, 2269
169518, 2269
201633, 2269
224870, 2269
263616, 2269
271444, 2269
286806, 2269
295111, 2269
77513, 2268
118221, 2268
166490, 2268
207168, 2268
228459, 2268
250353, 2268
258450, 2268
264989, 2268
36858, 2267
227997, 2267
258317, 2267
279848, 2267
280093, 2267
287344, 2267
47833, 2266
61681, 2266
94887, 2266
107406, 2266
294186, 2266
14732, 2264
74151, 2264
173350, 2263
248516, 2263
273172, 2263
284630, 2263
59773, 2262
141133, 2258
194252, 2253
226292, 2253
51035, 2252
190209, 2252
292273, 2252
123730, 2251
183017, 2251
100249, 2250
136089, 2248
147164, 2248
214953, 2248
45656, 2246
98381, 2246
122837, 2246
156395, 2246
151872, 2245
188548, 2245
242149, 2244
147115, 2243
183142, 2243
207925, 2243
122560, 2240
13090, 2237
14398, 2237
45292, 2237
45733, 2237
80000, 2237
86144, 2237
94079, 2237
103717, 2237
140330, 2237
183457, 2237
188272, 2237
230527, 2237
273585, 2237
286089, 2237
295105, 2237
84245, 2235
195060, 2235
155354, 2234
215067, 2234
252680, 2234
113038, 2233
192244, 2233
26790, 2232
51393, 2232
85675, 2232
40941, 2231
57955, 2231
195181, 2231
251971, 2231
284151, 2231
135008, 2230
263332, 2229
122879, 2226
193753, 2226
88625, 2223
130277, 2223
170232, 2223
50968, 2221
111574, 2221
120701, 2221
213485, 2221
251191, 2221
273761, 2221
296273, 2221
171272, 2220
171889, 2219
183941, 2217
150764, 2213
296017, 2213
70660, 2212
124183, 2212
152374, 2212
58605, 2211
249842, 2211
247820, 2210
18133, 2209
65866, 2209
75340, 2209
81125, 2209
102370, 2209
108212, 2209
144184, 2209
167905, 2209
194519, 2209
267763, 2209
276348, 2209
288848, 2209
237929, 2208
118456, 2206
142280, 2206
273113, 2206
53791, 2203
159567, 2203
42785, 2202
109811, 2199
206979, 2199
244041, 2199
97059, 2195
101191, 2195
121832, 2195
132463, 2195
262442, 2195
295863, 2195
208672, 2194
269657, 2194
174604, 2193
178686, 2193
284638, 2193
291832, 2193
60610, 2192
87241, 2192
156468, 2192
158535, 2192
283487, 2192
279504, 2190
110842, 2186
163017, 2186
199500, 2186
76483, 2185
123144, 2185
141636, 2185
145350, 2185
162452, 2185
174713, 2185
184991, 2185
211456, 2185
223727, 2185
287720, 2185
294021, 2184
43348, 2183
77532, 2183
102460, 2183
138129, 2183
180304, 2183
207594, 2183
285831, 2183
152438, 2179
214350, 2178
117877, 2174
277120, 2174
176689, 2164
140267, 2163
220977, 2161
73865, 2157
118862, 2157
119541, 2157
220421, 2157
282651, 2157
69378, 2156
181543, 2156
233433, 2156
275785, 2156
244983, 2154
143331, 2152
202196, 2152
216233, 2152
196599, 2151
211490, 2151
232260, 2149
164456, 2146
171031, 2146
175722, 2146
183161, 2146
265581, 2146
160288, 2145
208474, 2144
174363, 2140
282082, 2140
220112, 2138
126604, 2132
260593, 2132
285165, 2132
127233, 2126
188451, 2126
201472, 2126
208881, 2126
134909, 2124
139492, 2124
143558, 2124
253565, 2124
202507, 2123
42939, 2122
55226, 2122
81222, 2122
88339, 2122
91098, 2122
125786, 2122
144701, 2122
155021, 2122
168070, 2122
241502, 2122
267329, 2122
279922, 2122
79367, 2119
217059, 2119
255642, 2119
265497, 2119
225521, 2118
66610, 2112
84598, 2112
88431, 2112
282413, 2112
40969, 2109
110520, 2109
204903, 2108
187239, 2106
272777, 2101
153636, 2099
67749, 2098
91717, 2098
111316, 2098
195667, 2098
217388, 2098
152636, 2092
181470, 2092
220633, 2092
250000, 2092
286396, 2092
62038, 2091
128447, 2091
227237, 2091
117620, 2089
158781, 2089
224499, 2089
239333, 2089
253879, 2089
257573, 2089
270816, 2089
68255, 2088
171208, 2085
255278, 2084
234747, 2083
119706, 2080
284708, 2080
248929, 2077
128752, 2074
142434, 2074
265879, 2074
296532, 2074
270583, 2072
192405, 2071
215913, 2066
158661, 2064
270992, 2064
204015, 2053
104089, 2052
113566, 2052
167390, 2052
174740, 2052
190068, 2052
213989, 2052
267870, 2052
246372, 2049
249142, 2049
54620, 2047
75817, 2047
75886, 2047
152408, 2047
220639, 2046
14103, 2042
71107, 2040
123480, 2040
230194, 2040
265408, 2040
20826, 2037
109884, 2037
169587, 2037
193065, 2037
211314, 2037
160668, 2034
70229, 2031
75134, 2031
77450, 2031
279137, 2031
116079, 2028
212225, 2028
176361, 2018
113625, 2015
138173, 2015
288658, 2015
93381, 2014
76065, 2013
191053, 2013
192204, 2013
286507, 2013
179685, 2012
166832, 2007
123221, 2006
130215, 2006
146806, 2006
150279, 2006
285047, 2006
205654, 2000
222752, 1995
31712, 1991
189587, 1991
214851, 1991
174350, 1985
264823, 1985
256709, 1984
48948, 1979
61889, 1979
78718, 1979
86061, 1979
128642, 1979
202753, 1975
94834, 1973
182853, 1973
114699, 1972
207468, 1972
48975, 1969
175819, 1969
194153, 1969
203020, 1969
248803, 1969
269684, 1969
270579, 1967
29789, 1964
54622, 1964
88606, 1964
108752, 1964
127620, 1964
149287, 1964
237715, 1964
50308, 1962
127686, 1962
179459, 1960
210890, 1960
225968, 1960
228864, 1960
239825, 1960
271258, 1960
276841, 1960
134356, 1956
80504, 1954
124702, 1954
148588, 1954
153234, 1954
183569, 1954
195207, 1954
217952, 1954
225978, 1954
236872, 1946
172079, 1944
167165, 1943
222399, 1943
274276, 1942
106499, 1941
138769, 1941
220165, 1941
225285, 1941
266251, 1941
282370, 1941
171909, 1939
183900, 1939
277417, 1939
111929, 1937
213762, 1935
232400, 1935
254301, 1935
265738, 1935
95390, 1934
125334, 1934
173429, 1934
55279, 1933
61568, 1931
273521, 1931
287064, 1931
42632, 1930
47902, 1930
115607, 1930
175881, 1930
280786, 1930
295869, 1928
220052, 1925
176489, 1924
192427, 1924
168384, 1923
217733, 1919
70267, 1918
113100, 1918
68611, 1917
138207, 1917
177534, 1917
286684, 1917
73517, 1912
210933, 1912
284846, 1912
249507, 1911
265076, 1910
226906, 1908
88498, 1906
113844, 1906
246715, 1906
269728, 1905
208403, 1903
235831, 1903
201998, 1899
201572, 1897
59156, 1895
9721, 1893
236426, 1888
124076, 1887
88467, 1886
123331, 1885
166264, 1885
117773, 1880
39211, 1871
232217, 1871
291047, 1871
73267, 1869
144672, 1866
162173, 1866
87777, 1864
141850, 1864
159669, 1864
68128, 1856
79066, 1854
148759, 1854
21518, 1851
130676, 1851
283609, 1849
79552, 1843
77909, 1841
136130, 1839
204489, 1832
103467, 1830
175827, 1830
264120, 1830
281800, 1830
54287, 1825
154614, 1825
158338, 1825
229914, 1825
272355, 1824
194325, 1823
267005, 1818
97576, 1812
59204, 1808
85768, 1808
141863, 1808
191580, 1808
195869, 1808
222821, 1808
272705, 1807
284438, 1807
241745, 1806
25590, 1805
179198, 1805
266541, 1805
138733, 1802
247479, 1802
259402, 1802
178931, 1800
275380, 1799
116732, 1797
128202, 1797
19585, 1796
55120, 1796
162444, 1796
203005, 1796
21634, 1794
69195, 1794
72088, 1794
296568, 1794
114399, 1789
119648, 1789
259867, 1789
9972, 1787
277154, 1786
144792, 1783
107295, 1781
277182, 1780
252049, 1779
177674, 1773
273097, 1770
275106, 1770
53601, 1761
52587, 1759
74940, 1756
98049, 1756
140544, 1756
194353, 1756
212265, 1756
221230, 1756
221271, 1756
251724, 1756
264423, 1756
275403, 1756
283736, 1756
284290, 1756
72917, 1755
163869, 1755
73001, 1752
211958, 1749
215418, 1749
130526, 1746
71738, 1743
58398, 1742
78039, 1742
146122, 1742
25136, 1740
233096, 1739
266757, 1736
121345, 1735
235507, 1731
256906, 1730
62171, 1729
96020, 1729
178835, 1729
209848, 1729
213866, 1729
95771, 1727
285833, 1727
132880, 1725
150664, 1725
273724, 1725
120277, 1722
71983, 1719
63475, 1717
76124, 1717
87598, 1717
93047, 1717
94788, 1717
99443, 1717
119223, 1717
130028, 1717
132637, 1717
137364, 1717
146008, 1717
149291, 1717
164577, 1717
171935, 1717
178604, 1717
184708, 1717
185546, 1717
191634, 1717
196337, 1717
210081, 1717
219380, 1717
230288, 1717
241678, 1717
250903, 1717
254466, 1717
267308, 1717
268905, 1717
273188, 1717
280196, 1717
281469, 1717
47526, 1713
103651, 1709
40729, 1707
52210, 1700
229714, 1700
240847, 1700
88045, 1697
92226, 1697
145914, 1697
179250, 1697
188192, 1697
204796, 1697
237273, 1695
241413, 1695
168097, 1693
170288, 1683
98628, 1681
161503, 1678
280692, 1678
215568, 1676
82672, 1674
79655, 1673
135626, 1673
139126, 1673
162922, 1673
209009, 1673
213940, 1673
250558, 1673
263158, 1673
274426, 1673
228276, 1671
132555, 1665
79862, 1663
204490, 1660
30985, 1658
44146, 1658
71518, 1658
119975, 1658
146949, 1658
255363, 1658
149030, 1656
165400, 1656
180004, 1656
236556, 1656
261731, 1656
189510, 1654
180373, 1648
226791, 1647
293542, 1647
118618, 1646
266152, 1646
114566, 1642
151198, 1642
242857, 1642
184348, 1639
91162, 1635
116663, 1635
166560, 1635
171902, 1635
232596, 1635
289730, 1635
108184, 1634
267289, 1634
130820, 1630
160570, 1628
188634, 1628
88801, 1619
237786, 1619
772, 1617
178289, 1610
227895, 1610
230916, 1610
241741, 1610
251192, 1610
271012, 1610
272639, 1610
275991, 1610
292277, 1610
13349, 1607
279614, 1603
31353, 1602
195175, 1602
158660, 1598
19777, 1595
292931, 1595
69848, 1594
161028, 1590
293538, 1587
18411, 1586
257876, 1584
79802, 1583
188533, 1582
58623, 1581
261206, 1581
200496, 1577
49521, 1575
83398, 1575
180260, 1572
103132, 1570
228744, 1568
149389, 1567
21787, 1566
38013, 1566
262425, 1566
279554, 1566
123489, 1562
179902, 1562
186552, 1562
216393, 1562
270648, 1562
206442, 1560
269779, 1560
273742, 1560
275223, 1560
45235, 1559
148404, 1558
221912, 1558
245190, 1558
172656, 1557
59391, 1554
80808, 1553
81488, 1552
233666, 1552
103570, 1549
143901, 1546
82938, 1542
58683, 1539
144657, 1539
221608, 1539
238131, 1539
264552, 1539
79742, 1538
103317, 1533
267202, 1533
106173, 1530
90796, 1514
63759, 1508
240577, 1508
57049, 1507
286536, 1507
183606, 1506
31549, 1505
138910, 1505
260581, 1504
122692, 1502
263021, 1500
35406, 1498
294148, 1496
224469, 1493
160608, 1492
155693, 1486
290764, 1486
294584, 1486
69181, 1485
125564, 1485
75711, 1483
112541, 1483
70681, 1482
88551, 1482
105055, 1482
187512, 1482
238352, 1482
250352, 1482
217187, 1481
175798, 1480
43709, 1472
179073, 1469
235138, 1467
144053, 1465
44678, 1463
111586, 1463
270685, 1463
287119, 1463
109487, 1455
210771, 1449
246473, 1449
34130, 1445
236222, 1445
289407, 1443
194163, 1442
209105, 1442
237221, 1442
253592, 1438
109493, 1437
103675, 1434
240605, 1432
257788, 1432
34936, 1430
190908, 1427
109006, 1419
174161, 1419
214949, 1418
77581, 1417
86420, 1417
160858, 1417
47913, 1413
247333, 1413
184066, 1410
288131, 1409
116632, 1407
215934, 1407
241991, 1407
261247, 1407
202870, 1406
241180, 1406
272328, 1405
83988, 1403
65702, 1399
137868, 1399
250332, 1395
149265, 1391
202250, 1391
6657, 1388
117069, 1388
152530, 1388
182913, 1388
223212, 1388
232214, 1388
284726, 1388
202292, 1380
30140, 1378
132344, 1378
167845, 1378
180629, 1378
131204, 1372
216410, 1371
248467, 1371
151268, 1366
185817, 1366
220822, 1366
232970, 1366
237134, 1366
241073, 1366
269867, 1366
156543, 1362
225609, 1362
261073, 1362
272726, 1362
117371, 1358
101351, 1355
245174, 1354
170679, 1348
198835, 1348
34614, 1347
130746, 1346
134287, 1346
168262, 1346
265584, 1346
289632, 1344
65654, 1340
74233, 1340
85404, 1340
91987, 1340
237385, 1340
41686, 1336
204083, 1332
271422, 1332
175679, 1330
235942, 1329
55636, 1328
58176, 1328
172864, 1328
159319, 1326
233289, 1326
271145, 1326
172522, 1319
79389, 1318
155808, 1318
197299, 1318
214798, 1318
138023, 1316
292445, 1314
208445, 1309
63616, 1307
123077, 1307
177336, 1307
214657, 1307
224166, 1307
258140, 1307
220904, 1305
185831, 1301
215281, 1301
48908, 1295
137561, 1295
142063, 1295
148041, 1295
229167, 1295
238818, 1295
250261, 1295
279714, 1295
125909, 1291
131358, 1288
157515, 1283
254932, 1283
67270, 1276
246489, 1274
277562, 1274
288999, 1272
215720, 1271
244424, 1271
206768, 1263
69224, 1260
290492, 1256
159848, 1253
281408, 1253
137057, 1245
194826, 1245
212085, 1242
212459, 1242
53942, 1241
167764, 1241
178937, 1241
235715, 1241
273609, 1241
72608, 1237
118270, 1237
251702, 1237
250739, 1236
141809, 1235
208026, 1233
226271, 1230
257193, 1228
75593, 1227
99731, 1224
282612, 1224
48761, 1222
238112, 1221
268515, 1221
290165, 1221
207612, 1218
284157, 1217
145148, 1212
101075, 1210
86135, 1209
93377, 1209
165827, 1205
246828, 1204
114624, 1203
56590, 1198
139044, 1196
91142, 1195
155456, 1188
209486, 1188
266571, 1188
287695, 1188
283382, 1186
36028, 1184
83395, 1184
276728, 1184
96540, 1182
234188, 1182
26144, 1180
282618, 1180
198523, 1175
249620, 1175
106220, 1172
126598, 1172
142618, 1172
149435, 1172
177917, 1172
180527, 1172
191675, 1172
224253, 1172
241984, 1172
257701, 1172
295602, 1172
23523, 1169
33073, 1169
109991, 1169
228985, 1169
33987, 1167
50271, 1167
239986, 1167
248460, 1167
261000, 1167
276573, 1167
29608, 1166
6122, 1162
83177, 1162
176015, 1162
200460, 1162
149872, 1157
60282, 1154
178158, 1153
163891, 1152
197519, 1152
217670, 1152
259588, 1149
166772, 1139
224812, 1139
250816, 1139
278802, 1139
59840, 1133
227886, 1133
172779, 1129
94563, 1128
107968, 1128
245068, 1128
157625, 1122
206372, 1119
45364, 1118
56550, 1118
275710, 1118
228720, 1113
192976, 1111
42897, 1103
83486, 1103
147872, 1103
165214, 1103
201819, 1103
250361, 1103
255123, 1103
153025, 1102
238505, 1098
74048, 1095
232025, 1093
156649, 1092
214899, 1092
12241, 1091
258269, 1087
281394, 1087
161917, 1086
68069, 1085
186136, 1085
231892, 1085
152858, 1083
277741, 1083
98930, 1082
100476, 1082
138200, 1082
142896, 1082
284040, 1082
131292, 1081
164483, 1081
200813, 1078
233707, 1075
268294, 1075
197343, 1074
59462, 1073
74437, 1073
134292, 1073
210765, 1073
223468, 1073
223929, 1073
253290, 1073
257400, 1073
64297, 1071
50265, 1069
58487, 1069
124991, 1069
172128, 1069
280468, 1069
154071, 1066
121734, 1065
253922, 1065
261250, 1064
278042, 1064
103235, 1062
183230, 1061
5996, 1060
26219, 1060
31489, 1060
37069, 1060
44236, 1060
68591, 1060
72154, 1060
78339, 1060
109068, 1060
138171, 1060
178139, 1060
226400, 1060
232939, 1060
237279, 1060
239513, 1060
240865, 1060
248712, 1060
49927, 1059
59176, 1059
108141, 1059
115636, 1059
121014, 1059
127078, 1059
191643, 1059
248790, 1055
199731, 1051
21077, 1050
70846, 1049
142656, 1049
187197, 1049
195915, 1049
218822, 1049
221606, 1049
253833, 1049
42999, 1046
80312, 1044
129911, 1044
149675, 1044
163887, 1044
168608, 1044
178889, 1044
180097, 1044
181322, 1044
186641, 1044
217072, 1044
245296, 1044
276124, 1044
158647, 1042
40084, 1040
58181, 1040
116697, 1040
187600, 1040
205292, 1040
235454, 1040
171412, 1037
214421, 1037
242982, 1034
153962, 1033
98659, 1028
226046, 1028
281684, 1027
288492, 1027
13851, 1025
70948, 1024
118798, 1021
154762, 1021
244317, 1021
119723, 1020
247811, 1020
253105, 1018
4241, 1017
57988, 1017
135103, 1017
143899, 1017
173112, 1017
187866, 1017
194241, 1017
197746, 1017
260272, 1017
278499, 1017
176058, 1015
41443, 1012
83626, 1012
105448, 1012
114911, 1012
172943, 1012
177650, 1012
220137, 1012
229929, 1012
227619, 1011
244993, 1011
96541, 1009
131500, 1009
171155, 1009
194678, 1009
276201, 1006
