796, 120514
127158, 116730
4513, 110505
3010, 109806
15204, 69108
25671, 69108
32382, 69108
87269, 69108
89117, 69108
92844, 69108
122411, 69108
136796, 69108
154905, 69108
167731, 69108
180992, 69108
185805, 69108
190957, 69108
193741, 69108
205371, 69108
207800, 69108
212840, 69108
221018, 69108
6083, 68313
68295, 67076
72056, 67076
105842, 67076
107978, 67076
2081, 66157
6189, 63921
9046, 63921
13172, 63921
15354, 63921
16802, 63921
16804, 63921
24852, 63921
26196, 63921
37729, 63921
47265, 63921
50562, 63921
52025, 63921
52592, 63921
54229, 63921
55117, 63921
62871, 63921
69801, 63921
70201, 63921
70328, 63921
79651, 63921
81813, 63921
83798, 63921
84053, 63921
93676, 63921
102094, 63921
103220, 63921
110022, 63921
110954, 63921
114536, 63921
119527, 63921
119700, 63921
123913, 63921
124234, 63921
124963, 63921
129251, 63921
136515, 63921
140551, 63921
144239, 63921
144263, 63921
144534, 63921
147839, 63921
148462, 63921
151326, 63921
152756, 63921
154367, 63921
155191, 63921
160566, 63921
160874, 63921
163986, 63921
165147, 63921
166058, 63921
166321, 63921
170740, 63921
171595, 63921
173761, 63921
177182, 63921
179959, 63921
184202, 63921
184969, 63921
187813, 63921
188311, 63921
189705, 63921
194615, 63921
195288, 63921
196653, 63921
196677, 63921
198514, 63921
204659, 63921
204884, 63921
207998, 63921
208011, 63921
208959, 63921
209708, 63921
211415, 63921
212416, 63921
213377, 63921
214404, 63921
216539, 63921
218275, 63921
218293, 63921
219929, 63921
223388, 63921
228223, 63921
229014, 63921
232020, 63921
235844, 63921
236378, 63921
238091, 63921
238350, 63921
240091, 63921
240362, 63921
240918, 63921
243751, 63921
243767, 63921
243820, 63921
248213, 63921
248924, 63921
251779, 63921
255463, 63921
255593, 63921
256954, 63921
260568, 63921
261696, 63921
262691, 63921
263266, 63921
264088, 63921
266246, 63921
269007, 63921
269617, 63921
269998, 63921
270151, 63921
271926, 63921
272045, 63921
272187, 63921
272753, 63921
273892, 63921
276055, 63921
280022, 63921
286895, 63921
287446, 63921
287798, 63921
287940, 63921
287964, 63921
289604, 63921
290789, 63921
292037, 63921
294086, 63921
296057, 63921
46740, 63778
48697, 63778
49108, 63778
54844, 63778
66736, 63778
73431, 63778
93907, 63778
95112, 63778
112534, 63778
113887, 63778
122496, 63778
130430, 63778
22515, 62853
24526, 62853
41860, 62853
48228, 62853
49601, 62853
64681, 62853
74875, 62853
90742, 62853
92280, 62853
99941, 62853
109071, 62853
114404, 62853
116587, 62853
118533, 62853
124551, 62853
135019, 62853
138429, 62853
155329, 62853
168512, 62853
196160, 62853
200022, 62853
235679, 62853
252973, 62853
262845, 62853
267497, 62853
274461, 62853
281539, 62853
2500, 62594
8264, 62564
11218, 62564
17251, 62564
20829, 62564
24473, 62564
30203, 62564
49856, 62564
62461, 62564
63233, 62564
70773, 62564
74656, 62564
74861, 62564
78200, 62564
79602, 62564
82417, 62564
85463, 62564
86969, 62564
92130, 62564
95040, 62564
96475, 62564
97897, 62564
99769, 62564
104399, 62564
106501, 62564
110863, 62564
112138, 62564
113598, 62564
115924, 62564
123275, 62564
126005, 62564
126898, 62564
127136, 62564
127771, 62564
129331, 62564
134477, 62564
138213, 62564
140052, 62564
142354, 62564
144005, 62564
151330, 62564
158261, 62564
158822, 62564
159307, 62564
159365, 62564
177651, 62564
180274, 62564
183648, 62564
188019, 62564
188391, 62564
194044, 62564
208143, 62564
211954, 62564
213913, 62564
221021, 62564
236529, 62564
238848, 62564
245989, 62564
261334, 62564
277896, 62564
8133, 62543
18630, 62254
123463, 62254
274313, 61736
7698, 61343
4305, 61241
5298, 61241
10646, 61241
21806, 61241
30764, 61241
46847, 61241
47458, 61241
54057, 61241
55425, 61241
99508, 61241
112802, 61241
10786, 60994
47517, 60994
53558, 60994
60445, 60994
72296, 60994
129166, 60994
129560, 60994
213020, 60994
237000, 60994
268124, 60994
268978, 60994
95231, 60651
118348, 59812
3402, 59493
127960, 59493
12746, 59460
12809, 59460
13021, 59460
13168, 59460
86815, 59460
102509, 59460
121299, 59460
154358, 59460
155209, 59460
160658, 59460
163303, 59460
166335, 59460
187601, 59460
194962, 59460
196055, 59460
203949, 59460
212298, 59460
223791, 59460
250590, 59460
20124, 59234
22372, 59234
31148, 59234
63974, 59234
166742, 59234
197180, 59234
203890, 59234
211186, 59234
246924, 59234
257759, 59234
261313, 59234
288981, 59234
267421, 58668
5804, 58567
6840, 58567
8012, 58567
15188, 58503
21559, 58503
23215, 58503
23413, 58503
51397, 58503
69708, 58503
170237, 58503
181798, 58503
222194, 58503
65472, 58303
7638, 57978
37944, 57978
115046, 57978
169947, 57978
202892, 57978
248894, 57978
250901, 57978
6218, 57470
8095, 57470
18996, 57470
23043, 57470
31400, 57470
33232, 57470
36818, 57470
41652, 57470
43045, 57470
43807, 57470
44997, 57470
47915, 57470
51549, 57470
54003, 57470
64055, 57470
66097, 57470
66478, 57470
66634, 57470
69739, 57470
78258, 57470
78648, 57470
90833, 57470
95524, 57470
98692, 57470
103935, 57470
104372, 57470
105309, 57470
112522, 57470
113453, 57470
115817, 57470
117464, 57470
119075, 57470
119976, 57470
126896, 57470
128615, 57470
137441, 57470
138577, 57470
144992, 57470
149885, 57470
150829, 57470
152477, 57470
153284, 57470
153738, 57470
177607, 57470
182155, 57470
184952, 57470
185471, 57470
198762, 57470
200062, 57470
200393, 57470
202972, 57470
212197, 57470
212565, 57470
225388, 57470
232823, 57470
236398, 57470
239245, 57470
249099, 57470
252603, 57470
254786, 57470
259311, 57470
264026, 57470
269136, 57470
272850, 57470
274778, 57470
280573, 57470
200162, 57082
245258, 57082
277142, 57082
134906, 56933
200179, 56933
215930, 56933
247681, 56933
8836, 56646
12092, 56646
12318, 56646
43368, 56646
46458, 56646
47693, 56646
49234, 56646
88509, 56646
91276, 56646
98132, 56646
98473, 56646
112079, 56646
116595, 56646
119081, 56646
123559, 56646
127130, 56646
128831, 56646
160303, 56646
163720, 56646
194432, 56646
199404, 56646
208907, 56646
236169, 56646
212, 56081
14185, 56081
197422, 56081
221139, 56081
6431, 55944
33657, 55944
23697, 55819
259951, 55819
4738, 55566
4026, 55393
124996, 55393
138921, 55393
155621, 55393
173094, 55393
196648, 55393
260815, 55393
278577, 55393
12469, 55063
117636, 55063
119811, 55063
121204, 55063
121530, 55063
150110, 55063
178558, 55063
208654, 55063
212627, 55063
212995, 55063
243336, 55063
269144, 55063
269392, 55063
15852, 54633
22778, 54633
35491, 54633
39879, 54633
41085, 54633
43339, 54633
44064, 54633
56939, 54633
58163, 54633
59583, 54633
66696, 54633
71568, 54633
76077, 54633
184185, 54457
198022, 54457
222326, 54457
237190, 54457
267246, 54457
285144, 54457
253375, 53908
10013, 53764
178199, 53764
12067, 53611
16129, 53611
28831, 53611
57015, 53611
75076, 53611
81358, 53611
91232, 53611
92270, 53611
112949, 53611
226647, 53447
17637, 53282
22723, 53282
24283, 53282
27067, 53282
28068, 53282
31629, 53282
37308, 53282
47454, 53282
82136, 53282
99106, 53282
173843, 53282
204167, 53282
230022, 53282
262615, 53282
72163, 53221
48154, 53173
54282, 53173
93018, 53173
106840, 53173
127903, 53173
193473, 53173
278931, 53173
88294, 53069
8045, 52869
6226, 52792
37097, 52792
48590, 52792
55033, 52792
69300, 52792
71383, 52792
78125, 52792
81481, 52792
92518, 52792
92793, 52792
245603, 52600
27975, 51952
50862, 51952
83278, 51952
111652, 51951
197117, 51951
206578, 51791
264326, 51791
282566, 51791
23897, 51507
58243, 51507
66535, 51507
84408, 51507
85523, 51507
111763, 51507
117274, 51507
138149, 51507
148818, 51507
167781, 51507
256425, 51507
271756, 51507
14234, 51434
24434, 51434
27432, 51434
31035, 51434
34580, 51434
38268, 51434
39990, 51434
40790, 51434
43579, 51434
44938, 51434
49542, 51434
54984, 51434
55739, 51434
59261, 51434
62272, 51434
63948, 51434
68593, 51434
86451, 51434
92698, 51434
105397, 51434
108718, 51434
132161, 51434
164851, 51434
295772, 51434
13094, 51160
23319, 51086
39778, 51086
47323, 51086
47676, 51086
50087, 51086
52106, 51086
62538, 51086
63836, 51086
64962, 51086
66401, 51086
75998, 51086
85615, 51086
95064, 51086
109122, 51086
148819, 51086
16944, 51072
146325, 50974
37640, 50916
193104, 50916
221998, 50916
231342, 50916
273150, 50916
223245, 50829
294812, 50734
90519, 50574
137315, 50574
152999, 50574
170483, 50574
185964, 50574
211143, 50574
231327, 50574
284616, 50574
4409, 50488
13697, 50087
129040, 49761
42444, 49680
29093, 49640
168805, 49640
51360, 49288
60629, 49288
95405, 49288
111993, 49288
187488, 49288
80124, 49256
163913, 49256
51361, 48683
33636, 48636
281125, 48606
294973, 48606
60436, 48420
139341, 48420
188141, 48420
1591, 48409
60441, 48409
91467, 47831
35289, 47569
181089, 47569
141143, 47471
152546, 47471
259593, 47392
49907, 47354
138060, 47354
14567, 47099
14755, 47099
15367, 47099
20040, 47099
28627, 47099
28840, 47099
30617, 47099
65082, 47099
86199, 47099
98591, 47099
104958, 47099
113483, 47099
204968, 47040
26161, 46687
172688, 46687
127761, 46571
43146, 46556
75042, 46556
120210, 46556
134343, 46556
176022, 46556
176581, 46556
222215, 46556
224044, 46556
224698, 46556
233030, 46556
245648, 46556
287381, 46556
294007, 46556
101716, 46319
241761, 46319
63528, 46119
51865, 45936
76448, 45936
79956, 45936
91100, 45936
94720, 45936
54310, 45604
64524, 45604
67354, 45604
150861, 45604
188186, 45604
8765, 45366
18671, 45366
97487, 45028
107545, 45028
222266, 45028
273854, 45028
293041, 45028
80452, 44604
99040, 44604
110347, 44604
116685, 44604
133907, 44604
153872, 44604
189304, 44604
206605, 44604
228797, 44604
238550, 44604
242964, 44604
272164, 44604
274131, 44604
277764, 44604
288898, 44604
139072, 44552
166963, 44552
195927, 44552
215878, 44552
221426, 44552
50116, 44452
65096, 44452
80819, 44452
224190, 44333
97867, 44119
101361, 44119
110593, 44119
116852, 44119
124095, 44119
140467, 44119
173378, 44119
179136, 44119
183999, 44119
208005, 44119
246830, 44119
248758, 44119
256361, 44119
288569, 44119
290689, 44119
159052, 44071
3927, 44056
54286, 43982
126351, 43982
161459, 43982
14892, 43699
20827, 43699
26948, 43699
64457, 43699
101216, 43699
103997, 43454
4587, 43150
193407, 43052
43474, 42408
89221, 42408
269582, 42408
206357, 42195
55396, 41292
210733, 41292
214748, 41292
249308, 41292
263799, 41292
93515, 41193
185224, 40846
259321, 40846
278406, 40846
278498, 40846
289456, 40846
659, 40682
714, 40682
3265, 40682
78023, 40682
78081, 40682
122922, 40682
146978, 40682
212473, 40682
276679, 40596
285, 40502
2594, 40502
52554, 40502
52679, 40502
54331, 40502
61708, 40502
65648, 40502
79592, 40502
82820, 40502
88131, 40502
90141, 40502
90664, 40502
93322, 40502
94685, 40502
99742, 40502
99895, 40502
100222, 40502
100871, 40502
102890, 40502
107250, 40502
112498, 40502
115137, 40502
116090, 40502
116549, 40502
124757, 40502
129820, 40502
135158, 40502
137743, 40502
138639, 40502
139058, 40502
142387, 40502
143756, 40502
147768, 40502
150385, 40502
151726, 40502
160660, 40502
161309, 40502
161452, 40502
161474, 40502
163475, 40502
165165, 40502
169029, 40502
170248, 40502
171418, 40502
173656, 40502
174981, 40502
178197, 40502
179236, 40502
185695, 40502
186937, 40502
189483, 40502
189775, 40502
190135, 40502
193245, 40502
194871, 40502
194906, 40502
196220, 40502
203707, 40502
205484, 40502
208967, 40502
211507, 40502
213756, 40502
217417, 40502
217501, 40502
220598, 40502
220806, 40502
221906, 40502
222939, 40502
223374, 40502
226880, 40502
229252, 40502
234319, 40502
237557, 40502
237637, 40502
238721, 40502
238920, 40502
247897, 40502
258921, 40502
262434, 40502
265440, 40502
265566, 40502
273728, 40502
282290, 40502
283228, 40502
291220, 40502
122115, 40301
123057, 39823
172865, 39822
65077, 39631
285505, 39497
52454, 39419
71655, 39419
106467, 39419
134715, 39419
142056, 39419
159593, 39419
162674, 39419
190159, 39419
199922, 39419
221645, 39419
230947, 39419
233722, 39419
244265, 39419
256317, 39419
278884, 39419
289737, 39419
145411, 39394
163292, 38994
228058, 38994
640, 38752
991, 38752
10192, 38752
130139, 38752
145495, 38752
158737, 38752
172977, 38752
198107, 38752
198858, 38752
200783, 38752
206307, 38752
206910, 38752
210688, 38752
212878, 38752
214629, 38752
215307, 38752
216279, 38752
218952, 38752
222029, 38752
224479, 38752
225383, 38752
229467, 38752
230812, 38752
236719, 38752
237154, 38752
239441, 38752
244445, 38752
245677, 38752
251714, 38752
255258, 38752
256144, 38752
261717, 38752
269660, 38752
273152, 38752
273734, 38752
277059, 38752
279182, 38752
280318, 38752
286516, 38752
292242, 38752
296366, 38752
99464, 38637
140255, 38432
152900, 38432
201794, 38432
2655, 38244
113605, 38244
127650, 38244
151439, 38244
182528, 38244
221585, 38244
28, 38242
189205, 38067
197251, 38067
225463, 38029
225693, 38029
278120, 38029
279819, 37885
62246, 37377
64263, 37377
139494, 37377
220736, 37377
257814, 37377
261278, 37377
202589, 37007
205810, 37007
208109, 37007
99909, 36570
70191, 36316
53408, 35719
84980, 35719
112437, 35719
95876, 35416
108082, 35416
6169, 34705
116677, 34572
148381, 33659
194797, 33323
227613, 33323
105601, 33083
119572, 33083
150502, 33083
255801, 32367
280505, 32367
154741, 31412
240156, 31412
288820, 31412
47210, 30878
119789, 30878
73602, 30407
240729, 29699
83279, 27742
2893, 22865
252569, 21986
2773, 20272
9843, 19561
94687, 18779
97140, 18779
114294, 18779
127271, 18779
130100, 18779
132340, 18779
133627, 18779
139089, 18779
139532, 18779
140134, 18779
141358, 18779
147879, 18779
147987, 18779
150409, 18779
151949, 18779
151966, 18779
154004, 18779
154199, 18779
160506, 18779
161903, 18779
162065, 18779
162163, 18779
163445, 18779
165520, 18779
168312, 18779
169699, 18779
169973, 18779
170011, 18779
174300, 18779
174558, 18779
177319, 18779
179143, 18779
179416, 18779
181207, 18779
183304, 18779
183988, 18779
186016, 18779
187353, 18779
188261, 18779
190473, 18779
191625, 18779
191916, 18779
192051, 18779
192519, 18779
192718, 18779
193089, 18779
193216, 18779
193558, 18779
193649, 18779
193913, 18779
194308, 18779
194774, 18779
195856, 18779
197030, 18779
198585, 18779
198645, 18779
199607, 18779
200939, 18779
204123, 18779
205909, 18779
205978, 18779
210944, 18779
211822, 18779
213716, 18779
213899, 18779
214057, 18779
215294, 18779
215894, 18779
216040, 18779
217976, 18779
218135, 18779
219558, 18779
220896, 18779
221349, 18779
221401, 18779
222070, 18779
222788, 18779
223249, 18779
226115, 18779
226784, 18779
227917, 18779
228063, 18779
228653, 18779
229836, 18779
229976, 18779
231119, 18779
231613, 18779
231708, 18779
232366, 18779
232774, 18779
234329, 18779
239119, 18779
240505, 18779
240580, 18779
240652, 18779
242468, 18779
243168, 18779
243219, 18779
243583, 18779
243917, 18779
246969, 18779
249347, 18779
249415, 18779
251995, 18779
252468, 18779
254302, 18779
254824, 18779
255478, 18779
255605, 18779
256016, 18779
256337, 18779
256687, 18779
256766, 18779
258130, 18779
260708, 18779
261931, 18779
262035, 18779
262879, 18779
263135, 18779
264177, 18779
264583, 18779
265627, 18779
267472, 18779
269845, 18779
270366, 18779
271498, 18779
272202, 18779
273315, 18779
273322, 18779
277524, 18779
279013, 18779
279428, 18779
281312, 18779
281968, 18779
282675, 18779
285212, 18779
289487, 18779
289801, 18779
290179, 18779
290796, 18779
292978, 18779
294098, 18779
294541, 18779
295367, 18779
295524, 18779
296587, 18779
91504, 18768
103017, 18768
110511, 18768
110530, 18768
112016, 18768
114108, 18768
114423, 18768
114449, 18768
115531, 18768
118547, 18768
120113, 18768
121970, 18768
125822, 18768
126900, 18768
128392, 18768
129861, 18768
130292, 18768
130698, 18768
132501, 18768
133734, 18768
135155, 18768
136163, 18768
136638, 18768
138969, 18768
140504, 18768
140961, 18768
141753, 18768
141960, 18768
142084, 18768
142419, 18768
142661, 18768
143876, 18768
144210, 18768
144369, 18768
145937, 18768
145973, 18768
145980, 18768
146670, 18768
146711, 18768
146713, 18768
147057, 18768
148627, 18768
148952, 18768
149445, 18768
149603, 18768
150014, 18768
150564, 18768
150643, 18768
150717, 18768
150785, 18768
152705, 18768
153227, 18768
154040, 18768
154755, 18768
156569, 18768
156575, 18768
156677, 18768
157505, 18768
157866, 18768
159721, 18768
159722, 18768
160179, 18768
160816, 18768
160977, 18768
162360, 18768
162508, 18768
162631, 18768
163081, 18768
164514, 18768
164727, 18768
164837, 18768
165471, 18768
165569, 18768
166722, 18768
166786, 18768
166993, 18768
168142, 18768
168416, 18768
168765, 18768
169003, 18768
169690, 18768
171266, 18768
172057, 18768
174109, 18768
174186, 18768
174729, 18768
176782, 18768
177149, 18768
178649, 18768
178659, 18768
178996, 18768
179227, 18768
179305, 18768
179332, 18768
179632, 18768
180219, 18768
180589, 18768
181012, 18768
181140, 18768
182008, 18768
182285, 18768
182388, 18768
182638, 18768
183033, 18768
183696, 18768
184089, 18768
184152, 18768
185795, 18768
185917, 18768
186047, 18768
186587, 18768
187614, 18768
188904, 18768
188926, 18768
189464, 18768
190922, 18768
191306, 18768
191635, 18768
192275, 18768
192286, 18768
192484, 18768
192809, 18768
193842, 18768
193948, 18768
194476, 18768
194531, 18768
194627, 18768
196026, 18768
196530, 18768
197572, 18768
198129, 18768
198185, 18768
198918, 18768
199390, 18768
199773, 18768
200359, 18768
200488, 18768
200569, 18768
200947, 18768
200995, 18768
201880, 18768
202625, 18768
202637, 18768
202730, 18768
202815, 18768
202852, 18768
203089, 18768
203610, 18768
204523, 18768
205499, 18768
205842, 18768
206098, 18768
206606, 18768
206634, 18768
206798, 18768
207086, 18768
207103, 18768
207737, 18768
208058, 18768
208184, 18768
208336, 18768
208692, 18768
208948, 18768
209184, 18768
209468, 18768
210139, 18768
210952, 18768
211497, 18768
211548, 18768
211597, 18768
212713, 18768
214377, 18768
214957, 18768
215757, 18768
216498, 18768
216856, 18768
218173, 18768
218820, 18768
219148, 18768
220155, 18768
220156, 18768
220347, 18768
220382, 18768
220684, 18768
221176, 18768
221482, 18768
221609, 18768
222021, 18768
222662, 18768
223151, 18768
223512, 18768
223527, 18768
223624, 18768
224728, 18768
224820, 18768
225230, 18768
225377, 18768
225675, 18768
226057, 18768
226460, 18768
226682, 18768
226755, 18768
227492, 18768
227575, 18768
227712, 18768
227762, 18768
227784, 18768
227795, 18768
228340, 18768
228507, 18768
228849, 18768
228854, 18768
229124, 18768
229311, 18768
229344, 18768
230159, 18768
230191, 18768
230285, 18768
230348, 18768
231088, 18768
231158, 18768
231198, 18768
232100, 18768
232405, 18768
233157, 18768
233323, 18768
233368, 18768
233456, 18768
233651, 18768
233748, 18768
233817, 18768
234156, 18768
234313, 18768
235170, 18768
235683, 18768
236212, 18768
237149, 18768
237424, 18768
238123, 18768
238971, 18768
239065, 18768
239862, 18768
240206, 18768
240439, 18768
241076, 18768
241899, 18768
241980, 18768
242291, 18768
242342, 18768
242370, 18768
242698, 18768
242717, 18768
243072, 18768
243162, 18768
243170, 18768
243830, 18768
243930, 18768
244332, 18768
244650, 18768
244667, 18768
244882, 18768
244957, 18768
245300, 18768
245929, 18768
246087, 18768
246189, 18768
246226, 18768
246821, 18768
247091, 18768
247346, 18768
247480, 18768
248056, 18768
248433, 18768
248740, 18768
248785, 18768
248872, 18768
249371, 18768
249539, 18768
249669, 18768
250003, 18768
250100, 18768
250139, 18768
250197, 18768
250350, 18768
250612, 18768
250699, 18768
250859, 18768
251620, 18768
251894, 18768
252303, 18768
252498, 18768
252686, 18768
252797, 18768
252827, 18768
252875, 18768
253121, 18768
253135, 18768
253314, 18768
253385, 18768
253458, 18768
253542, 18768
253800, 18768
253912, 18768
254118, 18768
254168, 18768
254216, 18768
254462, 18768
254710, 18768
254821, 18768
254941, 18768
255105, 18768
255253, 18768
255875, 18768
256052, 18768
256167, 18768
256259, 18768
256456, 18768
256807, 18768
256818, 18768
257266, 18768
257704, 18768
258058, 18768
258690, 18768
258691, 18768
259040, 18768
259061, 18768
259245, 18768
259316, 18768
259379, 18768
260056, 18768
260401, 18768
260780, 18768
260792, 18768
261496, 18768
261558, 18768
261649, 18768
261777, 18768
261946, 18768
262011, 18768
263238, 18768
264446, 18768
264955, 18768
265161, 18768
265478, 18768
265481, 18768
266207, 18768
266370, 18768
266406, 18768
266833, 18768
266876, 18768
266931, 18768
267134, 18768
267510, 18768
267717, 18768
267780, 18768
268400, 18768
268659, 18768
268780, 18768
269014, 18768
269228, 18768
270361, 18768
270615, 18768
270733, 18768
270839, 18768
271191, 18768
271334, 18768
271964, 18768
272157, 18768
273151, 18768
273193, 18768
273755, 18768
273844, 18768
274211, 18768
274249, 18768
274361, 18768
275371, 18768
276390, 18768
276412, 18768
276611, 18768
277069, 18768
277396, 18768
277539, 18768
278490, 18768
278553, 18768
278596, 18768
278608, 18768
279122, 18768
279646, 18768
279859, 18768
280050, 18768
280077, 18768
280136, 18768
280863, 18768
281020, 18768
281031, 18768
282021, 18768
282168, 18768
283240, 18768
283655, 18768
283672, 18768
284018, 18768
284024, 18768
284394, 18768
284683, 18768
284954, 18768
285182, 18768
285191, 18768
285513, 18768
285679, 18768
286881, 18768
287352, 18768
287450, 18768
288222, 18768
288324, 18768
288374, 18768
288457, 18768
288704, 18768
288917, 18768
289288, 18768
289714, 18768
289949, 18768
290198, 18768
290288, 18768
290299, 18768
290607, 18768
290793, 18768
291401, 18768
291890, 18768
291983, 18768
291996, 18768
292922, 18768
293162, 18768
293371, 18768
293626, 18768
293684, 18768
293794, 18768
294946, 18768
295806, 18768
296019, 18768
105871, 18357
142731, 18357
147678, 18357
160939, 18357
183489, 18357
188463, 18357
189424, 18357
244608, 18357
247076, 18357
254325, 18357
257724, 18357
258431, 18357
261933, 18357
272121, 18357
278336, 18357
87580, 18324
91170, 18324
95404, 18324
97678, 18324
100378, 18324
108939, 18324
109792, 18324
113154, 18324
126917, 18324
135270, 18324
143126, 18324
150183, 18324
150740, 18324
152384, 18324
156678, 18324
164234, 18324
174057, 18324
183417, 18324
186628, 18324
189181, 18324
199072, 18324
203010, 18324
204251, 18324
210292, 18324
210484, 18324
212560, 18324
215532, 18324
216255, 18324
218323, 18324
220060, 18324
224848, 18324
228786, 18324
230804, 18324
236670, 18324
239490, 18324
242244, 18324
247215, 18324
247334, 18324
250357, 18324
252962, 18324
254573, 18324
258267, 18324
258585, 18324
261393, 18324
261473, 18324
263236, 18324
269614, 18324
279897, 18324
280176, 18324
282522, 18324
291072, 18324
291384, 18324
136720, 17440
174539, 17440
99129, 16912
118806, 16912
132962, 16912
134870, 16912
139005, 16912
141213, 16912
147892, 16912
153638, 16912
167963, 16912
198600, 16912
218270, 16912
226287, 16912
229636, 16912
229731, 16912
238717, 16912
240097, 16912
240814, 16912
252295, 16912
256611, 16912
282800, 16912
283346, 16912
285504, 16912
287759, 16912
288150, 16912
288705, 16912
293557, 16912
293833, 16912
294120, 16912
169483, 16840
170686, 16840
231837, 16840
232320, 16840
244651, 16840
259637, 16840
268007, 16840
277203, 16840
91648, 16678
105224, 16678
106966, 16678
108634, 16678
111028, 16678
115672, 16678
118877, 16678
118949, 16678
119086, 16678
130387, 16678
130645, 16678
133447, 16678
133459, 16678
133810, 16678
134208, 16678
134998, 16678
135313, 16678
135364, 16678
135729, 16678
135777, 16678
136254, 16678
136373, 16678
137805, 16678
138153, 16678
138318, 16678
139618, 16678
140570, 16678
140937, 16678
141663, 16678
141837, 16678
142169, 16678
142384, 16678
142560, 16678
142793, 16678
143107, 16678
143188, 16678
143417, 16678
144045, 16678
144049, 16678
144927, 16678
145634, 16678
145686, 16678
145734, 16678
146846, 16678
147429, 16678
148007, 16678
148210, 16678
148847, 16678
149711, 16678
150266, 16678
150452, 16678
151769, 16678
152204, 16678
152407, 16678
152818, 16678
153361, 16678
153593, 16678
154053, 16678
154598, 16678
154810, 16678
155246, 16678
155695, 16678
155827, 16678
157222, 16678
157451, 16678
157553, 16678
157591, 16678
157694, 16678
158099, 16678
159274, 16678
159418, 16678
159668, 16678
159874, 16678
160313, 16678
162179, 16678
163018, 16678
163090, 16678
163330, 16678
163591, 16678
163997, 16678
165449, 16678
165902, 16678
166531, 16678
167933, 16678
167958, 16678
169485, 16678
169976, 16678
170243, 16678
170875, 16678
171785, 16678
172311, 16678
173260, 16678
173572, 16678
174535, 16678
174788, 16678
174979, 16678
177290, 16678
177309, 16678
178106, 16678
178512, 16678
179057, 16678
180703, 16678
181159, 16678
181661, 16678
181867, 16678
182081, 16678
183212, 16678
183225, 16678
185552, 16678
186162, 16678
187138, 16678
187422, 16678
187655, 16678
187955, 16678
188056, 16678
188686, 16678
188850, 16678
190479, 16678
190872, 16678
191230, 16678
192412, 16678
193782, 16678
193917, 16678
194297, 16678
194310, 16678
194417, 16678
194904, 16678
194974, 16678
195294, 16678
195643, 16678
198578, 16678
201191, 16678
201239, 16678
201763, 16678
202010, 16678
202283, 16678
202687, 16678
203266, 16678
203515, 16678
204597, 16678
205771, 16678
206241, 16678
206981, 16678
207194, 16678
207561, 16678
207661, 16678
207838, 16678
208550, 16678
210538, 16678
211883, 16678
211920, 16678
212494, 16678
212603, 16678
213492, 16678
214680, 16678
215497, 16678
215914, 16678
216542, 16678
216774, 16678
216776, 16678
217419, 16678
219014, 16678
219312, 16678
222509, 16678
222648, 16678
223217, 16678
224359, 16678
225080, 16678
225431, 16678
226422, 16678
226438, 16678
226859, 16678
230470, 16678
231482, 16678
232175, 16678
235962, 16678
238497, 16678
240978, 16678
242383, 16678
242974, 16678
243266, 16678
243818, 16678
246421, 16678
247759, 16678
249577, 16678
250265, 16678
250861, 16678
252415, 16678
252466, 16678
254315, 16678
256032, 16678
256169, 16678
256858, 16678
257252, 16678
257448, 16678
258210, 16678
260117, 16678
261237, 16678
264103, 16678
267983, 16678
268056, 16678
269030, 16678
269743, 16678
271239, 16678
274376, 16678
276637, 16678
276792, 16678
278615, 16678
278689, 16678
281156, 16678
282890, 16678
284046, 16678
284449, 16678
285432, 16678
285886, 16678
286083, 16678
288035, 16678
291796, 16678
293513, 16678
293559, 16678
293831, 16678
294876, 16678
89706, 16398
127237, 16398
142020, 16398
158414, 16398
162358, 16398
173868, 16398
176249, 16398
188574, 16398
199386, 16398
209158, 16398
216593, 16398
234331, 16398
236734, 16398
237985, 16398
242525, 16398
283698, 16398
284795, 16398
284930, 16398
285845, 16398
286814, 16398
290745, 16398
111889, 16296
114832, 16296
114852, 16296
114876, 16296
116867, 16296
116887, 16296
121102, 16296
122447, 16296
125021, 16296
125744, 16296
126070, 16296
131255, 16296
131497, 16296
135097, 16296
136241, 16296
136367, 16296
137624, 16296
138271, 16296
141126, 16296
141651, 16296
143080, 16296
143544, 16296
143678, 16296
144139, 16296
144618, 16296
144940, 16296
145502, 16296
146694, 16296
147171, 16296
150224, 16296
150368, 16296
150633, 16296
151408, 16296
152554, 16296
152975, 16296
153929, 16296
154308, 16296
154844, 16296
155665, 16296
156703, 16296
156861, 16296
157249, 16296
160353, 16296
160859, 16296
161972, 16296
162166, 16296
163335, 16296
164659, 16296
164789, 16296
165001, 16296
165965, 16296
166182, 16296
167120, 16296
168096, 16296
168290, 16296
170009, 16296
170235, 16296
171761, 16296
172500, 16296
172667, 16296
172914, 16296
173379, 16296
173829, 16296
175014, 16296
175386, 16296
175430, 16296
176171, 16296
177144, 16296
177311, 16296
177461, 16296
179671, 16296
181135, 16296
182851, 16296
183452, 16296
183607, 16296
183637, 16296
185946, 16296
186571, 16296
186573, 16296
189872, 16296
191147, 16296
191522, 16296
192161, 16296
195423, 16296
196294, 16296
197342, 16296
197430, 16296
199364, 16296
203045, 16296
203751, 16296
204882, 16296
206511, 16296
207984, 16296
208375, 16296
208607, 16296
208805, 16296
209301, 16296
210393, 16296
212334, 16296
212599, 16296
213911, 16296
214759, 16296
215675, 16296
219561, 16296
219996, 16296
222901, 16296
226149, 16296
230020, 16296
230083, 16296
233462, 16296
238323, 16296
238879, 16296
240742, 16296
243205, 16296
243909, 16296
247886, 16296
251442, 16296
254050, 16296
255016, 16296
256092, 16296
263842, 16296
267710, 16296
268678, 16296
269102, 16296
270833, 16296
271882, 16296
276358, 16296
276910, 16296
279583, 16296
286220, 16296
292205, 16296
271075, 16145
169569, 16073
238030, 16039
275436, 15988
122550, 15975
136877, 15975
202638, 15975
231503, 15975
247278, 15975
255331, 15975
264692, 15975
265829, 15975
281275, 15975
284563, 15975
280856, 15955
106026, 15929
251044, 15929
120679, 15910
231076, 15910
272737, 15910
275923, 15910
277987, 15910
120146, 15880
142301, 15880
146076, 15880
146328, 15880
149946, 15880
153899, 15880
159490, 15880
162591, 15880
165383, 15880
170193, 15880
172305, 15880
177257, 15880
188485, 15880
197770, 15880
200319, 15880
200722, 15880
220784, 15880
231416, 15880
238536, 15880
248691, 15880
252553, 15880
257042, 15880
272262, 15880
275470, 15880
290717, 15880
293874, 15880
222590, 15867
86895, 15845
89137, 15845
228105, 15845
252489, 15845
201907, 15818
283370, 15818
96495, 15603
114434, 15603
137703, 15603
178330, 15603
278493, 15603
281477, 15603
195505, 15597
123048, 15595
206087, 15595
211006, 15595
230596, 15595
149931, 15548
166642, 15548
166874, 15548
179405, 15548
190388, 15548
199600, 15548
214751, 15548
223954, 15548
233796, 15548
239085, 15548
249931, 15548
257733, 15548
260368, 15548
275011, 15548
281022, 15548
282022, 15548
284197, 15548
287835, 15548
295295, 15548
250245, 15519
188623, 15484
112037, 15466
209866, 15466
210939, 15466
219641, 15466
222378, 15466
243262, 15466
276996, 15466
283432, 15466
285035, 15466
293880, 15466
198341, 15460
116600, 15442
118315, 15442
139112, 15442
146673, 15442
149105, 15442
149267, 15442
169644, 15442
172762, 15442
225887, 15442
225972, 15442
254643, 15442
255641, 15442
279289, 15442
295636, 15442
96716, 15437
122958, 15437
156671, 15437
159075, 15437
161930, 15437
184967, 15437
192514, 15437
200028, 15437
207444, 15437
211504, 15437
213925, 15437
240761, 15437
242111, 15437
262365, 15437
198354, 15332
130552, 15328
140214, 15328
160492, 15328
222404, 15328
294421, 15292
126888, 15287
128155, 15287
133092, 15287
133203, 15287
154894, 15287
186055, 15287
201251, 15287
202755, 15287
206368, 15287
209483, 15287
131461, 15264
177155, 15264
224270, 15264
247029, 15199
181272, 15195
211297, 15195
217868, 15195
286974, 15071
118071, 15030
136621, 15030
141159, 15030
147898, 15030
151690, 15030
167599, 15030
168348, 15030
180083, 15030
215701, 15030
222602, 15030
227245, 15030
239118, 15030
243898, 15030
260633, 15030
277303, 15030
124782, 15019
130107, 15019
167355, 15019
287751, 15019
246518, 14968
249736, 14968
184543, 14908
206675, 14908
249746, 14861
157062, 14770
244261, 14770
274277, 14770
134737, 14762
136907, 14762
137457, 14762
141817, 14762
153611, 14762
180685, 14762
191078, 14762
230117, 14762
231460, 14762
252635, 14762
256022, 14762
271687, 14762
272456, 14762
294901, 14762
126365, 14759
150081, 14759
150608, 14759
175896, 14759
217345, 14759
257103, 14759
279325, 14759
285095, 14759
121622, 14753
122953, 14753
124130, 14753
128303, 14753
141953, 14753
150063, 14753
152882, 14753
160693, 14753
173621, 14753
173774, 14753
179280, 14753
180449, 14753
194838, 14753
196258, 14753
205215, 14753
214430, 14753
266519, 14753
289405, 14753
220159, 14742
211661, 14677
234714, 14677
285500, 14677
166456, 14617
150033, 14421
194817, 14232
161139, 14029
284488, 14029
151277, 13860
42300, 13814
46041, 13814
50289, 13814
54800, 13814
68869, 13814
69256, 13814
105778, 13814
116095, 13814
120350, 13814
127816, 13814
132335, 13814
132473, 13814
138618, 13814
145184, 13814
168074, 13814
171107, 13814
175120, 13814
192856, 13814
207149, 13814
225422, 13814
225606, 13814
246576, 13814
260159, 13814
268958, 13814
282976, 13814
283051, 13814
289827, 13814
295047, 13814
136417, 13656
186522, 13656
266775, 13656
131960, 13631
269491, 13631
210817, 13536
259155, 13292
196618, 13220
206147, 13220
290116, 13220
288337, 13196
79894, 12884
176855, 12769
152845, 12658
240416, 12658
253194, 12658
269807, 12658
292106, 12658
135827, 12431
143517, 12431
159493, 12293
160742, 12288
247690, 12288
278833, 12288
205747, 12252
141930, 12184
267743, 12184
286375, 12184
148332, 11379
164301, 11379
189623, 11379
199439, 11379
244454, 11379
114657, 11292
292191, 11292
120043, 11147
124629, 11147
200990, 11147
202686, 11147
208741, 11147
222272, 11147
255803, 11147
282542, 11147
283691, 11147
113482, 10985
125722, 10985
145681, 10985
146998, 10985
148412, 10985
150898, 10985
201736, 10985
208681, 10985
230198, 10985
235784, 10985
255816, 10985
261909, 10985
265724, 10985
266635, 10985
292893, 10985
294310, 10985
100297, 10959
101099, 10959
108820, 10959
153556, 10959
185872, 10959
200796, 10959
205410, 10959
227349, 10959
235861, 10959
123867, 10915
175168, 10915
223188, 10862
147133, 10821
196799, 10821
114228, 10727
136313, 10727
246996, 10727
101219, 10702
183370, 10702
232516, 10702
264714, 10692
284176, 10692
286791, 10692
291515, 10692
47907, 10684
55506, 10684
67440, 10684
70334, 10684
217270, 10684
149635, 10681
168065, 10681
256583, 10681
251640, 10509
120139, 10471
242578, 9456
134860, 9426
12544, 9300
180149, 9235
270436, 9109
5183, 9093
266392, 9071
99016, 9070
139743, 9070
150466, 9070
197936, 9070
200694, 9070
265761, 9070
222395, 8791
233522, 8713
120517, 8693
213814, 8693
282796, 8693
5429, 8624
6246, 8624
6059, 8571
3517, 8555
8273, 8464
81306, 8362
8931, 8323
10383, 8323
10762, 8323
10782, 8323
11332, 8323
11782, 8323
100944, 8292
133119, 8292
135269, 8292
158349, 8292
166905, 8292
196483, 8292
200412, 8292
219151, 8292
251911, 8236
9377, 8166
11579, 7877
12042, 7877
12427, 7877
12946, 7877
12975, 7877
13141, 7877
13419, 7877
13558, 7877
13743, 7877
13939, 7877
14018, 7877
14020, 7877
14230, 7877
14282, 7877
14289, 7877
14421, 7877
14459, 7877
14557, 7877
14621, 7877
14667, 7877
15040, 7877
15126, 7877
15444, 7877
15446, 7877
15580, 7877
15662, 7877
15774, 7877
16276, 7877
118207, 7863
135163, 7863
175637, 7863
287978, 7863
288835, 7863
45560, 7781
5970, 7772
148012, 7766
24696, 7758
45840, 7758
52049, 7745
9292, 7733
11807, 7733
7988, 7724
44822, 7717
47819, 7717
48336, 7717
54869, 7717
42421, 7711
44708, 7711
45592, 7711
45948, 7711
46416, 7711
48753, 7711
49744, 7711
50988, 7711
53011, 7711
34733, 7708
43160, 7708
47013, 7708
48353, 7708
48472, 7708
217377, 7686
32718, 7670
36470, 7670
37163, 7670
38307, 7670
40218, 7670
41508, 7670
41858, 7670
43276, 7670
46724, 7670
50378, 7670
53445, 7670
15262, 7656
40071, 7656
41274, 7656
41906, 7656
44370, 7656
46179, 7656
46613, 7656
47524, 7656
49088, 7656
49392, 7656
49616, 7656
49897, 7656
49947, 7656
50559, 7656
51087, 7656
51347, 7656
52067, 7656
52122, 7656
53177, 7656
53868, 7656
55532, 7656
55844, 7656
58230, 7656
5544, 7634
46895, 7634
47888, 7634
49922, 7634
49984, 7634
51281, 7634
6423, 7630
186667, 7625
2170, 7615
3599, 7615
5909, 7603
37401, 7595
40546, 7595
41462, 7595
42781, 7595
44171, 7595
48077, 7595
50176, 7595
53120, 7595
56222, 7595
40553, 7533
41326, 7533
43415, 7533
43707, 7533
45296, 7533
45459, 7533
45746, 7533
47078, 7533
47729, 7533
48313, 7533
49175, 7533
49686, 7533
51081, 7533
51376, 7533
52134, 7533
1518, 7518
3790, 7518
7908, 7468
9750, 7468
10043, 7468
11897, 7468
2056, 7458
4830, 7458
34834, 7435
42968, 7435
44184, 7435
44381, 7435
46502, 7435
47284, 7435
53579, 7435
55201, 7435
7919, 7428
8584, 7428
8751, 7428
9854, 7428
10074, 7428
10090, 7428
10261, 7428
10342, 7428
10633, 7428
10704, 7428
10727, 7428
10978, 7428
11269, 7428
11675, 7428
11746, 7428
12130, 7428
12569, 7428
3466, 7427
7631, 7421
290836, 7416
45141, 7415
35569, 7379
36684, 7379
37529, 7379
38060, 7379
38609, 7379
39735, 7379
40633, 7379
40649, 7379
40763, 7379
40880, 7379
41432, 7379
41716, 7379
43703, 7379
43772, 7379
44773, 7379
45033, 7379
45865, 7379
46482, 7379
47498, 7379
47910, 7379
48153, 7379
48489, 7379
48614, 7379
48836, 7379
48988, 7379
48996, 7379
49107, 7379
49394, 7379
49839, 7379
50037, 7379
50387, 7379
51091, 7379
52995, 7379
53001, 7379
55005, 7379
56008, 7379
57707, 7379
58289, 7379
58834, 7379
1156, 7341
8932, 7321
7949, 7319
9102, 7319
9982, 7319
272723, 7296
8843, 7280
9354, 7280
9950, 7280
10257, 7280
208589, 7279
13803, 7256
14590, 7256
15805, 7256
15872, 7256
15885, 7256
16066, 7256
16259, 7256
16343, 7256
16589, 7256
16656, 7256
16758, 7256
16789, 7256
16935, 7256
16948, 7256
17043, 7256
12785, 7245
13011, 7245
13057, 7245
13278, 7245
13489, 7245
14191, 7245
43018, 7216
45412, 7216
54150, 7216
58399, 7216
37539, 7187
177037, 7172
5917, 7169
7004, 7169
8091, 7169
8182, 7169
8296, 7169
186345, 7154
8670, 7112
13409, 7112
206773, 6977
233887, 6977
11322, 6882
101344, 6857
12829, 6717
249162, 6676
31423, 6669
37897, 6669
39185, 6669
39939, 6669
42760, 6669
43439, 6669
44199, 6669
44628, 6669
45853, 6669
45919, 6669
46371, 6669
46399, 6669
48104, 6669
50333, 6669
50563, 6669
50676, 6669
25290, 6667
32699, 6667
33575, 6667
34129, 6667
34582, 6667
36359, 6667
36758, 6667
36806, 6667
37426, 6667
37806, 6667
38469, 6667
39715, 6667
40455, 6667
40641, 6667
41355, 6667
41567, 6667
42802, 6667
43763, 6667
47485, 6667
48750, 6667
2596, 6648
34406, 6647
35278, 6647
35328, 6647
37081, 6647
37103, 6647
37457, 6647
37532, 6647
37596, 6647
37681, 6647
37780, 6647
37876, 6647
38321, 6647
39450, 6647
39859, 6647
40707, 6647
40833, 6647
41428, 6647
41437, 6647
41613, 6647
43092, 6647
43594, 6647
43978, 6647
44083, 6647
47295, 6647
25486, 6630
29359, 6630
32196, 6630
34468, 6630
34822, 6630
34972, 6630
38070, 6630
38292, 6630
39885, 6630
41896, 6630
42417, 6630
42642, 6630
43630, 6630
43768, 6630
43853, 6630
44052, 6630
44123, 6630
44893, 6630
48724, 6630
49528, 6630
35816, 6612
46375, 6538
30110, 6528
33629, 6528
33639, 6528
34217, 6528
35058, 6528
36444, 6528
37740, 6528
38454, 6528
44888, 6528
130376, 6481
130661, 6481
170123, 6481
27092, 6444
28681, 6444
30214, 6444
30581, 6444
31257, 6444
34523, 6444
34998, 6444
35095, 6444
36009, 6444
36124, 6444
29954, 6440
34202, 6429
34281, 6429
38656, 6429
40187, 6429
40779, 6429
41017, 6429
41033, 6429
44920, 6429
45942, 6429
46299, 6429
22806, 6387
25936, 6387
26395, 6387
28050, 6387
28558, 6387
29150, 6387
29876, 6387
30280, 6387
31825, 6387
31827, 6387
32068, 6387
32139, 6387
32475, 6387
33122, 6387
33390, 6387
37577, 6387
268279, 6350
32455, 6337
29653, 6332
34447, 6332
147825, 6329
96084, 6313
168261, 6313
196044, 6313
40414, 6282
41465, 6282
42443, 6282
42911, 6282
44338, 6282
45385, 6282
46086, 6282
46324, 6282
47446, 6282
48304, 6282
48556, 6282
49245, 6282
50482, 6282
53585, 6282
54048, 6282
40000, 6279
41943, 6279
45076, 6279
45769, 6279
48295, 6279
51264, 6279
33494, 6268
36554, 6268
41044, 6268
20745, 6257
34353, 6257
34871, 6257
37405, 6257
37847, 6257
39431, 6257
41535, 6257
42638, 6257
43658, 6257
44143, 6257
44643, 6257
45471, 6257
45530, 6257
45543, 6257
46287, 6257
48663, 6257
48822, 6257
49813, 6257
50045, 6257
54035, 6257
12190, 6256
15502, 6256
15656, 6256
21460, 6250
22012, 6250
23721, 6250
23732, 6250
23861, 6250
24193, 6250
24655, 6250
24740, 6250
24862, 6250
24922, 6250
25593, 6250
25760, 6250
26368, 6250
26549, 6250
26651, 6250
26708, 6250
26901, 6250
26913, 6250
27120, 6250
27193, 6250
27340, 6250
27342, 6250
27509, 6250
28018, 6250
28060, 6250
28193, 6250
28349, 6250
28909, 6250
28958, 6250
28975, 6250
29004, 6250
29007, 6250
29065, 6250
30073, 6250
32511, 6250
33160, 6246
43736, 6246
45632, 6246
48272, 6246
49098, 6246
49177, 6246
49888, 6246
50845, 6246
50995, 6246
51851, 6246
52381, 6246
52384, 6246
52877, 6246
55233, 6246
55591, 6246
55675, 6246
16993, 6226
20119, 6226
20717, 6226
23738, 6226
24507, 6226
24702, 6226
24741, 6226
25054, 6226
25453, 6226
25638, 6226
26403, 6226
26497, 6226
26666, 6226
26877, 6226
27142, 6226
27876, 6226
27913, 6226
28447, 6226
28495, 6226
28680, 6226
29375, 6226
29714, 6226
30063, 6226
30086, 6226
30115, 6226
30237, 6226
30582, 6226
31025, 6226
31214, 6226
31264, 6226
31286, 6226
31322, 6226
31374, 6226
31836, 6226
34268, 6226
14316, 6225
18470, 6225
18511, 6225
18973, 6225
19867, 6225
20436, 6225
20530, 6225
20860, 6225
21066, 6225
21191, 6225
21601, 6225
21758, 6225
22183, 6225
24008, 6225
24120, 6225
25243, 6225
25460, 6225
25480, 6225
25508, 6225
25604, 6225
25612, 6225
27611, 6225
27999, 6225
29080, 6225
25200, 6218
26468, 6218
31907, 6218
47307, 6214
38080, 6211
39959, 6211
42722, 6197
44933, 6197
52585, 6197
26739, 6193
35256, 6193
38692, 6193
36764, 6185
38242, 6185
38854, 6185
38962, 6185
39141, 6185
39862, 6185
40166, 6185
40241, 6185
40819, 6185
41493, 6185
41695, 6185
42046, 6185
42928, 6185
43622, 6185
43757, 6185
43867, 6185
43891, 6185
43964, 6185
44177, 6185
44192, 6185
44690, 6185
45418, 6185
46066, 6185
46363, 6185
47419, 6185
47443, 6185
47832, 6185
47949, 6185
48311, 6185
48696, 6185
49406, 6185
49484, 6185
49536, 6185
49602, 6185
49617, 6185
49987, 6185
50153, 6185
50428, 6185
50813, 6185
52320, 6185
52993, 6185
53241, 6185
55764, 6185
30867, 6177
42311, 6172
24073, 6169
24225, 6169
27079, 6169
29312, 6169
29600, 6169
29643, 6169
29743, 6169
30018, 6169
30297, 6169
30466, 6169
30704, 6169
31159, 6169
31191, 6169
31469, 6169
31774, 6169
32022, 6169
32183, 6169
32493, 6169
32793, 6169
33466, 6169
34019, 6169
34153, 6169
34171, 6169
34230, 6169
34233, 6169
34540, 6169
35135, 6169
35285, 6169
35547, 6169
35656, 6169
36167, 6169
37383, 6169
37975, 6169
38043, 6169
38446, 6169
13985, 6167
14969, 6167
29139, 6163
29443, 6163
29555, 6163
32015, 6163
32159, 6163
33359, 6163
35972, 6163
36325, 6163
36434, 6163
37918, 6163
48115, 6163
39635, 6160
43449, 6160
24946, 6156
27115, 6156
27807, 6156
29896, 6156
30347, 6156
30392, 6156
30635, 6156
30898, 6156
33341, 6156
36091, 6156
36144, 6152
44455, 6147
14307, 6144
19713, 6144
22880, 6144
23109, 6144
25015, 6144
30959, 6144
33144, 6133
29494, 6130
31777, 6130
32420, 6130
32623, 6130
37232, 6130
37645, 6130
39509, 6130
39831, 6130
39981, 6130
40966, 6130
41657, 6130
42523, 6130
43062, 6130
43898, 6130
44703, 6130
45265, 6130
45587, 6130
45709, 6130
46496, 6130
46788, 6130
47413, 6130
47681, 6130
48071, 6130
48465, 6130
50401, 6130
50561, 6130
52237, 6130
13271, 6128
15804, 6128
16492, 6128
16553, 6128
20662, 6125
22636, 6125
22914, 6125
18666, 6123
19247, 6123
20171, 6123
20964, 6123
21190, 6123
21431, 6123
21726, 6123
21816, 6123
22807, 6123
22821, 6123
23035, 6123
23130, 6123
23598, 6123
23852, 6123
24419, 6123
24444, 6123
24451, 6123
24538, 6123
24610, 6123
26190, 6123
26501, 6123
26639, 6123
32821, 6123
53475, 6123
197131, 6120
216397, 6120
237227, 6120
240175, 6120
261340, 6120
23775, 6116
31474, 6116
32626, 6116
33591, 6116
35046, 6116
35450, 6116
16996, 6083
18287, 6083
20249, 6083
15161, 6080
17170, 6080
18567, 6080
18577, 6080
18583, 6080
18710, 6080
18786, 6080
19061, 6080
19217, 6080
19279, 6080
19690, 6080
20014, 6080
20696, 6080
20998, 6080
25976, 6079
17055, 6062
19077, 6062
22079, 6062
22808, 6062
23079, 6062
23641, 6062
25057, 6062
17309, 6057
18552, 6057
19748, 6057
20282, 6057
20382, 6057
20482, 6057
21086, 6057
21104, 6057
21226, 6057
21585, 6057
21657, 6057
21986, 6057
22053, 6057
22618, 6057
22982, 6057
20256, 6031
21782, 6031
22839, 6031
22907, 6031
38101, 6026
19450, 6025
19792, 6025
14137, 6021
14571, 6021
15366, 6021
15980, 6021
16516, 6021
16533, 6021
16906, 6021
17156, 6021
17177, 6021
18698, 6021
16053, 5994
20434, 5994
10643, 5988
42089, 5960
16194, 5959
22098, 5959
17589, 5956
227566, 5953
17145, 5884
18322, 5884
23179, 5862
30338, 5816
30356, 5816
32612, 5816
34044, 5816
40978, 5816
42081, 5816
31365, 5808
33343, 5808
33347, 5808
33762, 5808
33955, 5808
35092, 5808
35425, 5808
37901, 5808
39731, 5808
39784, 5808
39788, 5808
40120, 5808
40202, 5808
41344, 5808
41631, 5808
43432, 5808
49767, 5808
12616, 5795
14040, 5795
15461, 5795
16337, 5795
37723, 5780
33726, 5771
38544, 5763
15145, 5694
14386, 5663
210290, 5530
234152, 5530
18229, 5510
257358, 5510
103223, 5491
125950, 5491
154934, 5491
158603, 5491
172249, 5491
177713, 5491
180520, 5491
189366, 5491
193261, 5491
194820, 5491
196968, 5491
197272, 5491
207358, 5491
208072, 5491
208795, 5491
215010, 5491
216081, 5491
217534, 5491
220419, 5491
231155, 5491
231269, 5491
231332, 5491
237618, 5491
238299, 5491
238973, 5491
239737, 5491
246494, 5491
248983, 5491
249379, 5491
250096, 5491
251188, 5491
253018, 5491
254119, 5491
256581, 5491
260085, 5491
261713, 5491
262247, 5491
262414, 5491
263582, 5491
263967, 5491
264666, 5491
264926, 5491
266627, 5491
266798, 5491
267129, 5491
267502, 5491
268217, 5491
270720, 5491
271661, 5491
275385, 5491
276605, 5491
279189, 5491
279353, 5491
280141, 5491
280703, 5491
280726, 5491
284217, 5491
287712, 5491
292363, 5491
292410, 5491
292752, 5491
295824, 5491
11366, 5486
11403, 5486
15384, 5439
117588, 5343
127531, 5343
134629, 5343
153957, 5343
158900, 5343
176224, 5343
179014, 5343
192364, 5343
227852, 5343
238877, 5343
253267, 5343
253507, 5343
255262, 5343
271377, 5343
286437, 5343
239624, 5328
254566, 5328
105437, 5322
121251, 5322
140654, 5322
148582, 5322
176675, 5322
179447, 5322
180601, 5322
183589, 5322
184314, 5322
184372, 5322
190335, 5322
200388, 5322
203681, 5322
204603, 5322
205306, 5322
205356, 5322
209144, 5322
212271, 5322
214097, 5322
219688, 5322
225246, 5322
227448, 5322
229903, 5322
230235, 5322
234111, 5322
238403, 5322
244596, 5322
250372, 5322
259928, 5322
260677, 5322
264405, 5322
275278, 5322
276249, 5322
285394, 5322
285692, 5322
287552, 5322
14686, 5217
15318, 5217
94278, 5207
149411, 5207
193464, 5207
209039, 5207
218831, 5207
259186, 5207
260883, 5207
290633, 5207
39533, 5200
10829, 5197
21319, 5192
22126, 5192
26452, 5192
28260, 5192
28914, 5192
31834, 5192
33971, 5192
281534, 5192
118158, 5176
118237, 5176
124485, 5176
126129, 5176
131148, 5176
142952, 5176
158066, 5176
158695, 5176
224789, 5166
243711, 5128
273654, 5128
19257, 5109
14023, 5037
170782, 4984
185215, 4984
188696, 4984
193229, 4984
220641, 4984
226002, 4984
235430, 4984
242282, 4984
260391, 4984
262243, 4984
263954, 4984
274780, 4984
18950, 4977
28477, 4965
53873, 4965
64128, 4965
81864, 4965
83147, 4965
32478, 4955
274657, 4932
84562, 4908
283797, 4908
197367, 4902
229713, 4902
255497, 4902
271213, 4902
24443, 4883
25302, 4883
26278, 4883
30257, 4883
34142, 4883
36987, 4883
37838, 4883
52829, 4883
71605, 4883
99124, 4883
119015, 4883
126621, 4883
127898, 4883
137346, 4883
138843, 4883
156913, 4883
169681, 4883
185707, 4883
202787, 4883
203044, 4883
237983, 4883
246137, 4883
90556, 4828
174121, 4826
148026, 4784
289934, 4784
232208, 4715
20631, 4687
44322, 4687
46915, 4687
51889, 4687
56470, 4687
59706, 4687
69841, 4687
73465, 4687
78919, 4687
82745, 4687
86553, 4687
86853, 4687
101949, 4687
108458, 4687
139599, 4687
147348, 4687
163336, 4687
163340, 4687
200130, 4687
221637, 4687
232487, 4687
7312, 4677
11998, 4677
22795, 4677
25278, 4677
38634, 4677
38851, 4677
211900, 4677
202833, 4644
282211, 4644
101587, 4606
145586, 4606
137398, 4594
176428, 4594
177031, 4594
204506, 4594
60876, 4578
97479, 4578
116202, 4578
120204, 4578
185559, 4578
274611, 4504
90693, 4478
110261, 4478
124778, 4478
73797, 4437
79607, 4437
14995, 4359
16787, 4359
17264, 4359
8326, 4324
21323, 4324
24992, 4324
54192, 4324
110281, 4324
14692, 4321
16731, 4317
17452, 4317
14454, 4306
13227, 4288
40638, 4288
56074, 4288
59386, 4288
61791, 4288
66417, 4288
70916, 4288
73296, 4288
74799, 4288
76528, 4288
80944, 4288
83074, 4288
85654, 4288
87684, 4288
87962, 4288
93244, 4288
95990, 4288
96502, 4288
97713, 4288
107016, 4288
114754, 4288
132088, 4288
135673, 4288
151393, 4288
159564, 4288
160665, 4288
160691, 4288
163690, 4288
165474, 4288
172003, 4288
174289, 4288
211793, 4288
225454, 4288
243949, 4288
261412, 4288
94137, 4231
288400, 4203
17807, 4188
11899, 4137
16596, 4104
6075, 4100
6887, 4100
24278, 4100
141730, 4100
12555, 4097
13410, 4097
13528, 4097
227010, 3934
235670, 3873
16442, 3839
16797, 3839
2882, 3812
5186, 3812
12782, 3784
15636, 3784
16065, 3784
10848, 3780
14267, 3780
18533, 3780
18758, 3780
23247, 3780
44695, 3780
46006, 3780
128171, 3780
208801, 3780
277399, 3780
158748, 3750
14482, 3743
272271, 3731
222909, 3727
31530, 3694
128967, 3580
166984, 3580
20650, 3452
9919, 3423
14425, 3411
15888, 3411
15947, 3411
16229, 3411
17062, 3411
17223, 3411
17761, 3411
75465, 3410
105740, 3410
130649, 3410
139573, 3410
142052, 3410
147108, 3410
177613, 3410
205471, 3410
19842, 3405
13559, 3395
15737, 3395
16149, 3395
16605, 3395
16723, 3395
18159, 3378
68042, 3374
14688, 3355
16836, 3335
11967, 3309
15933, 3297
23321, 3257
13594, 3214
13770, 3214
15860, 3195
16303, 3195
17333, 3195
18723, 3195
72277, 3180
15193, 3135
16200, 3135
16606, 3135
14675, 3131
27338, 3121
21068, 3111
24144, 3111
23827, 3107
26762, 3103
23887, 3102
25802, 3102
17819, 3031
18098, 3031
17168, 3024
17750, 3024
15929, 3019
15156, 2999
15760, 2999
15916, 2999
18464, 2991
16051, 2983
16189, 2983
16503, 2983
17079, 2983
18178, 2983
14430, 2982
15525, 2982
15938, 2982
16039, 2982
16076, 2982
16615, 2982
17680, 2982
17897, 2982
18003, 2982
18060, 2982
18341, 2982
18920, 2982
19405, 2982
179967, 2971
20143, 2968
20416, 2968
22650, 2968
19086, 2964
14460, 2957
18112, 2957
131242, 2949
142915, 2949
12994, 2936
16567, 2936
16782, 2936
16886, 2936
17747, 2929
20607, 2929
21013, 2929
21835, 2929
21853, 2929
9456, 2926
13917, 2902
125915, 2896
16727, 2883
25206, 2879
147521, 2877
160759, 2877
211686, 2877
25000, 2871
25352, 2871
20932, 2869
19012, 2861
19563, 2861
20539, 2861
20791, 2861
20962, 2861
21260, 2861
22249, 2861
22484, 2861
19064, 2844
20899, 2844
22174, 2844
12907, 2830
16236, 2830
18161, 2830
18491, 2824
21926, 2824
30205, 2822
140823, 2809
19410, 2807
122614, 2798
18344, 2796
20254, 2796
20324, 2796
20882, 2796
13833, 2794
16225, 2794
17298, 2794
15255, 2793
16021, 2793
13824, 2783
15534, 2783
16403, 2783
17673, 2783
18459, 2765
15870, 2752
17224, 2752
17489, 2752
17796, 2752
18702, 2752
20834, 2751
16982, 2743
17779, 2743
18339, 2743
18704, 2743
19208, 2743
19505, 2743
16989, 2729
17845, 2728
21774, 2722
21876, 2722
64935, 2722
92088, 2722
109042, 2722
275601, 2722
20310, 2720
23047, 2720
16202, 2716
16275, 2716
17852, 2716
14368, 2714
15088, 2708
16679, 2708
17073, 2708
17227, 2708
18217, 2708
18306, 2708
152568, 2708
16564, 2706
16975, 2699
21091, 2699
21789, 2699
22883, 2699
24542, 2699
290213, 2693
17096, 2689
23645, 2682
18701, 2674
18385, 2667
23067, 2666
17860, 2661
18436, 2660
19197, 2660
20634, 2660
23152, 2660
19283, 2656
20950, 2656
21362, 2656
22822, 2656
18897, 2655
16614, 2653
16790, 2649
15374, 2644
18479, 2644
17256, 2643
19558, 2643
20221, 2643
20431, 2643
21394, 2643
17245, 2637
18699, 2637
15456, 2630
15952, 2630
16048, 2630
16059, 2630
16196, 2630
16478, 2630
16938, 2630
16942, 2630
22503, 2630
32551, 2621
36763, 2621
37698, 2621
37950, 2621
38502, 2621
39182, 2621
19721, 2616
19111, 2608
22587, 2595
26290, 2593
14440, 2583
22620, 2583
36345, 2581
38525, 2581
39300, 2581
40918, 2581
41825, 2581
36375, 2576
37319, 2576
37644, 2576
38830, 2576
39107, 2576
26681, 2575
104688, 2575
107162, 2575
159434, 2575
187864, 2575
269264, 2575
269680, 2575
289342, 2575
17576, 2571
75234, 2563
84263, 2563
84873, 2563
85707, 2563
115466, 2563
115898, 2563
130854, 2563
136012, 2563
153812, 2563
19239, 2560
20658, 2560
24984, 2559
34111, 2546
39234, 2546
40349, 2546
40515, 2546
41792, 2546
42035, 2546
42772, 2546
10604, 2545
11900, 2545
12291, 2545
12154, 2543
12292, 2543
23958, 2541
27919, 2541
10518, 2540
11102, 2538
69455, 2538
73266, 2538
88002, 2538
91125, 2538
98323, 2538
98924, 2538
100046, 2538
104014, 2538
105668, 2538
111260, 2538
114402, 2538
124966, 2538
125244, 2538
28157, 2536
111430, 2530
16091, 2528
16815, 2528
17486, 2528
18469, 2528
16550, 2527
17015, 2527
17994, 2527
13129, 2524
14358, 2524
14179, 2521
14333, 2521
14455, 2521
14932, 2521
110450, 2520
25851, 2517
35228, 2517
38075, 2517
38471, 2517
41425, 2517
81151, 2515
294214, 2515
12473, 2507
14171, 2507
14334, 2507
27645, 2502
37533, 2502
38364, 2502
38835, 2502
39258, 2502
40234, 2502
41138, 2502
25934, 2499
26820, 2499
26905, 2499
27319, 2499
28979, 2499
29251, 2499
32030, 2499
13835, 2497
13956, 2497
15689, 2497
17106, 2497
17133, 2497
11165, 2488
11813, 2488
12812, 2488
13095, 2488
13811, 2488
12260, 2482
12515, 2482
4066, 2465
191817, 2465
202144, 2465
245459, 2465
272875, 2465
18299, 2464
31026, 2444
33692, 2444
34779, 2444
35688, 2444
35912, 2444
39776, 2444
78222, 2442
229373, 2442
15477, 2424
18319, 2416
69042, 2416
30676, 2414
34441, 2414
34774, 2414
36927, 2414
37437, 2414
37972, 2414
38193, 2414
31927, 2413
33559, 2413
15668, 2411
24246, 2411
113241, 2406
25563, 2391
35116, 2377
36994, 2377
35652, 2375
36550, 2375
37472, 2375
28799, 2362
29828, 2361
33358, 2361
35384, 2361
36872, 2361
28877, 2360
29322, 2360
30007, 2360
38513, 2357
39143, 2357
33127, 2345
34359, 2344
32158, 2340
34786, 2340
35381, 2340
37642, 2340
38246, 2340
38717, 2340
39925, 2340
33136, 2335
20777, 2334
25494, 2317
28155, 2317
28422, 2317
28762, 2317
28882, 2317
9918, 2295
10053, 2295
32246, 2277
32964, 2277
33209, 2277
36123, 2277
38354, 2277
39797, 2277
40130, 2277
41060, 2277
41414, 2277
43395, 2277
45013, 2277
146857, 2265
232519, 2265
30793, 2254
31582, 2254
33910, 2254
35349, 2254
37260, 2254
37387, 2254
37836, 2254
38216, 2254
38934, 2254
39633, 2254
40722, 2254
40732, 2254
42292, 2254
47030, 2254
39325, 2251
40321, 2251
40549, 2251
41962, 2251
42321, 2251
48282, 2251
49703, 2251
81363, 2245
115891, 2245
38195, 2230
38805, 2230
39161, 2230
39341, 2230
42600, 2230
126084, 2223
12659, 2222
14616, 2222
14987, 2222
15330, 2222
15356, 2222
16671, 2222
9985, 2220
11474, 2220
11614, 2220
11840, 2220
11950, 2220
12577, 2220
11380, 2217
34533, 2214
35258, 2214
36176, 2214
37892, 2214
38143, 2214
40500, 2214
41311, 2214
41588, 2214
43819, 2214
37131, 2213
39796, 2213
39858, 2213
45906, 2213
33815, 2197
34375, 2197
34631, 2197
35065, 2197
35201, 2197
35660, 2197
36128, 2197
41050, 2197
41133, 2197
42445, 2197
32642, 2194
38902, 2194
41224, 2194
42731, 2194
45535, 2194
45574, 2194
45991, 2194
46302, 2194
46387, 2194
46943, 2194
50394, 2194
34473, 2188
138765, 2184
33439, 2179
36209, 2179
37053, 2179
37071, 2179
37358, 2179
37796, 2179
38936, 2179
38995, 2179
40173, 2179
40789, 2179
41507, 2179
42298, 2179
42869, 2179
42943, 2179
30934, 2178
32752, 2174
38882, 2174
39165, 2174
40510, 2174
41448, 2174
41819, 2174
41979, 2174
43986, 2174
45036, 2174
45202, 2174
45298, 2174
45303, 2174
46148, 2174
47938, 2174
48407, 2174
33860, 2171
34053, 2171
221574, 2171
38490, 2164
39406, 2164
40042, 2164
42388, 2164
31691, 2152
36205, 2152
37578, 2152
40765, 2152
40845, 2152
40938, 2152
42473, 2152
42529, 2152
42961, 2152
44203, 2152
44636, 2152
46074, 2152
46750, 2152
54563, 2134
125300, 2131
39845, 2115
44022, 2115
46913, 2115
47149, 2115
208857, 2101
36791, 2097
39657, 2097
39913, 2097
40266, 2097
44018, 2097
46001, 2097
31768, 2090
34256, 2090
37249, 2090
38742, 2090
71088, 2088
43822, 2086
44813, 2086
164351, 2083
175086, 2083
177752, 2083
178679, 2083
198649, 2083
209265, 2083
217887, 2083
273361, 2083
83003, 2082
211376, 2082
214231, 2082
218515, 2082
235121, 2082
239884, 2082
246952, 2082
248962, 2082
271046, 2082
37171, 2076
38131, 2076
18357, 2073
32398, 2073
42194, 2073
42271, 2073
39985, 2066
42948, 2066
43806, 2066
44215, 2066
44309, 2066
45489, 2066
45938, 2066
46280, 2066
46902, 2066
47067, 2066
47179, 2066
47367, 2066
47425, 2066
47547, 2066
47798, 2066
48135, 2066
49950, 2066
51176, 2066
51198, 2066
51219, 2066
51342, 2066
51486, 2066
52104, 2066
53534, 2066
54071, 2066
54095, 2066
54554, 2066
55264, 2066
55402, 2066
55438, 2066
55623, 2066
56087, 2066
60026, 2066
60867, 2066
60907, 2066
61122, 2066
62338, 2066
62507, 2066
64985, 2066
65339, 2066
69278, 2066
74252, 2066
74834, 2066
23691, 2056
46207, 2056
51842, 2056
51923, 2056
57202, 2056
57368, 2056
59745, 2056
60534, 2056
7564, 2054
8249, 2054
8389, 2054
8565, 2054
8952, 2054
9398, 2054
9534, 2054
9538, 2054
9800, 2054
9801, 2054
10168, 2054
57217, 2045
63985, 2045
66487, 2045
67040, 2045
68913, 2045
69839, 2045
73281, 2045
73322, 2045
82240, 2045
145581, 2043
183678, 2043
234712, 2043
236686, 2043
35875, 2038
35932, 2038
36562, 2038
36729, 2038
37809, 2038
38984, 2038
40434, 2038
40694, 2038
40884, 2038
41127, 2038
41840, 2038
48791, 2038
9277, 2035
46423, 2032
48560, 2032
49084, 2032
50489, 2032
54343, 2032
55546, 2032
56236, 2032
56738, 2032
57385, 2032
58489, 2032
59618, 2032
59926, 2032
60370, 2032
60680, 2032
61187, 2032
62139, 2032
62193, 2032
62300, 2032
63133, 2032
63504, 2032
64657, 2032
64861, 2032
65174, 2032
66267, 2032
66378, 2032
66864, 2032
68952, 2032
70045, 2032
70349, 2032
71686, 2032
72838, 2032
72977, 2032
73829, 2032
75370, 2032
70016, 2029
124875, 2020
32479, 2017
39298, 2017
43488, 2017
51499, 2017
54568, 2017
55753, 2017
56561, 2017
57567, 2017
59795, 2017
61943, 2017
63525, 2017
64267, 2017
64892, 2017
65577, 2017
67544, 2017
71461, 2017
81290, 2017
132890, 2016
154244, 2016
166604, 2016
175182, 2016
178571, 2016
187894, 2016
202811, 2016
246450, 2016
249856, 2016
252974, 2016
266974, 2016
58202, 2014
191948, 2014
206444, 2014
230015, 2014
268333, 2014
272186, 2014
277322, 2014
278701, 2014
38228, 2007
38818, 2007
39317, 2007
40831, 2007
41960, 2007
43254, 2007
43872, 2007
44293, 2007
45072, 2007
45251, 2007
46054, 2007
47306, 2007
47462, 2007
47866, 2007
47914, 2007
48035, 2007
48120, 2007
48580, 2007
49707, 2007
49908, 2007
50976, 2007
51941, 2007
52212, 2007
52376, 2007
52692, 2007
52913, 2007
53252, 2007
54588, 2007
54599, 2007
55289, 2007
56746, 2007
56888, 2007
58343, 2007
58886, 2007
60339, 2007
60824, 2007
62646, 2007
62727, 2007
63372, 2007
63449, 2007
66111, 2007
266258, 2004
268815, 2004
292962, 1995
42237, 1989
131741, 1974
258367, 1974
264974, 1974
270283, 1974
277400, 1974
278166, 1974
284652, 1974
288954, 1974
67948, 1972
28619, 1969
39793, 1969
40551, 1969
41955, 1969
42422, 1969
42998, 1969
44884, 1969
45256, 1969
58826, 1964
62644, 1959
70928, 1959
55885, 1948
8881, 1937
9203, 1937
250860, 1931
253524, 1931
47828, 1925
37860, 1924
41376, 1924
46632, 1924
126318, 1910
146684, 1910
148470, 1910
160578, 1910
161830, 1910
165397, 1910
201330, 1910
202671, 1910
233346, 1910
245283, 1910
245903, 1910
263500, 1910
266145, 1910
33176, 1901
42910, 1901
44439, 1901
46718, 1901
256108, 1898
34077, 1896
36634, 1896
37667, 1896
39877, 1896
48706, 1896
49076, 1896
50166, 1896
51172, 1896
51951, 1896
52571, 1896
54422, 1896
124033, 1879
256915, 1878
35474, 1838
40078, 1838
41089, 1838
41151, 1838
42013, 1838
42865, 1838
43686, 1838
45113, 1838
49295, 1820
50591, 1820
219091, 1819
58409, 1815
10660, 1810
34550, 1795
39824, 1795
41039, 1795
41201, 1795
41474, 1795
41973, 1795
43032, 1795
43036, 1795
44088, 1795
46078, 1795
46850, 1795
47659, 1795
48097, 1784
5139, 1770
7302, 1756
7366, 1753
7471, 1730
7633, 1730
34211, 1703
125855, 1693
74885, 1684
8226, 1680
3738, 1671
3935, 1671
4436, 1671
4562, 1671
4611, 1671
4614, 1671
4771, 1671
4865, 1671
4914, 1671
4922, 1671
5089, 1671
42620, 1666
158190, 1666
824, 1663
1690, 1663
1779, 1663
1820, 1663
2426, 1663
985, 1647
1717, 1647
2910, 1647
3107, 1647
3288, 1647
3295, 1647
3508, 1647
3540, 1647
3565, 1647
3783, 1647
3872, 1647
3959, 1647
4059, 1647
4158, 1647
4233, 1647
4260, 1647
4345, 1647
4353, 1647
4411, 1647
4522, 1647
4556, 1647
4557, 1647
4639, 1647
4654, 1647
1294, 1639
51414, 1615
288711, 1582
1376, 1575
1793, 1575
1827, 1575
2050, 1575
2442, 1575
2451, 1575
2630, 1575
2718, 1575
2840, 1575
2874, 1575
3097, 1575
3171, 1575
3439, 1575
3749, 1551
4317, 1551
4636, 1551
4706, 1551
4932, 1551
4980, 1551
5042, 1551
5114, 1551
5132, 1551
5135, 1551
5212, 1551
5240, 1551
681, 1548
7236, 1539
43673, 1520
7680, 1494
3878, 1482
3954, 1482
4754, 1482
4979, 1482
41305, 1482
164893, 1482
166949, 1482
176278, 1482
6867, 1458
4709, 1442
4736, 1381
4373, 1362
4459, 1362
4546, 1362
4729, 1362
4800, 1362
37593, 1362
38444, 1362
38862, 1362
45525, 1362
130003, 1362
140763, 1362
289723, 1358
19374, 1346
343, 1343
3646, 1319
4128, 1319
4133, 1319
4349, 1319
4392, 1319
41185, 1319
45079, 1319
13378, 1301
6837, 1266
4715, 1256
5195, 1256
5215, 1256
5275, 1256
5311, 1256
5315, 1256
5492, 1256
5629, 1256
6186, 1256
45812, 1256
47467, 1256
54508, 1256
144287, 1256
4956, 1248
6992, 1214
7117, 1214
7216, 1214
7288, 1214
7459, 1214
7568, 1214
7687, 1214
7697, 1214
7900, 1214
55796, 1214
56963, 1214
73521, 1214
81278, 1214
199491, 1214
4984, 1194
5866, 1194
5962, 1194
6514, 1194
6797, 1194
7010, 1194
7080, 1194
7320, 1194
42635, 1194
55316, 1194
56289, 1194
60315, 1194
72536, 1194
228795, 1194
6084, 1155
6222, 1155
6336, 1155
6500, 1155
6656, 1155
6763, 1155
6857, 1155
6940, 1155
7146, 1155
7255, 1155
58925, 1155
61139, 1155
66307, 1155
71103, 1155
72573, 1155
181383, 1155
182156, 1155
235435, 1155
252248, 1155
268489, 1155
291569, 1155
4990, 1040
5110, 1040
5362, 1040
5445, 1040
5888, 1040
5926, 1040
50918, 1040
59485, 1040
153662, 1040
171397, 1040
6331, 1027
6457, 1027
