4211, 149182
7877, 149182
9190, 149182
9609, 149182
45824, 149182
57673, 149182
64627, 149182
69504, 149182
93225, 149182
103021, 149182
112041, 149182
127291, 149182
129059, 149182
136021, 149182
140291, 149182
145648, 149182
154127, 149182
157285, 149182
163302, 149182
165411, 149182
167087, 149182
167327, 149182
170532, 149182
173022, 149182
184709, 149182
191579, 149182
198775, 149182
201070, 149182
202330, 149182
209977, 149182
210341, 149182
213658, 149182
220998, 149182
222223, 149182
230863, 149182
249458, 149182
251148, 149182
262204, 149182
274957, 149182
275389, 149182
279127, 149182
279790, 149182
282122, 149182
285193, 149182
289369, 149182
292899, 149182
60274, 146617
67249, 146617
86394, 146617
87800, 146617
166187, 146617
182193, 146617
199533, 146617
211265, 146617
214376, 146617
217256, 146617
263424, 146617
268689, 146617
281448, 146617
288079, 146617
294431, 146617
1780, 145604
7838, 145604
48662, 145604
53135, 145604
66251, 145604
77144, 145604
78443, 145604
84859, 145604
98779, 145604
105558, 145604
111935, 145604
111944, 145604
114243, 145604
122906, 145604
138924, 145604
145606, 145604
148466, 145604
153858, 145604
155988, 145604
168421, 145604
169274, 145604
172324, 145604
175495, 145604
178014, 145604
185451, 145604
189969, 145604
193710, 145604
195446, 145604
199746, 145604
204536, 145604
204631, 145604
206240, 145604
207522, 145604
223816, 145604
228421, 145604
230767, 145604
231481, 145604
237359, 145604
244919, 145604
245954, 145604
251711, 145604
253391, 145604
257333, 145604
289676, 145604
47591, 145491
64707, 145491
93878, 145491
139158, 145491
149684, 145491
158196, 145491
166147, 145491
191856, 145491
219723, 145491
235735, 145491
245121, 145491
1205, 144717
56345, 144717
58332, 144717
87324, 144717
110975, 144717
144842, 144717
155344, 144717
210101, 144717
237909, 144717
241657, 144717
267697, 144717
5329, 144301
78398, 144301
86198, 144301
93963, 144301
94085, 144301
120521, 144301
130039, 144301
133574, 144301
135087, 144301
137008, 144301
137503, 144301
156966, 144301
160365, 144301
163987, 144301
170841, 144301
173193, 144301
182779, 144301
187156, 144301
200485, 144301
214269, 144301
214765, 144301
215697, 144301
216089, 144301
231983, 144301
237415, 144301
237873, 144301
252656, 144301
260740, 144301
261457, 144301
267598, 144301
278744, 144301
283324, 144301
287836, 144301
292706, 144301
94830, 140064
145313, 140064
291461, 140064
8215, 138131
14989, 138131
77603, 138131
88503, 138131
90454, 138131
93697, 138131
109529, 138131
115799, 138131
117233, 138131
142068, 138131
152973, 138131
154585, 138131
182552, 138131
193000, 138131
195636, 138131
196248, 138131
202164, 138131
215478, 138131
216417, 138131
224308, 138131
225762, 138131
234465, 138131
234778, 138131
243074, 138131
249427, 138131
252387, 138131
256957, 138131
257284, 138131
257364, 138131
260086, 138131
263700, 138131
264709, 138131
268326, 138131
269663, 138131
270330, 138131
272993, 138131
274632, 138131
280372, 138131
286901, 138131
291617, 138131
256516, 137996
18404, 136543
29564, 136543
35444, 136543
38000, 136543
53926, 136543
65379, 136543
79906, 136543
81988, 136543
88445, 136543
89811, 136543
92158, 136543
94205, 136543
95954, 136543
100629, 136543
103671, 136543
104121, 136543
106048, 136543
117933, 136543
120244, 136543
124812, 136543
127575, 136543
128694, 136543
129009, 136543
137487, 136543
137786, 136543
140328, 136543
142162, 136543
143801, 136543
145615, 136543
149440, 136543
149507, 136543
149691, 136543
149890, 136543
151110, 136543
151138, 136543
156097, 136543
157844, 136543
158062, 136543
159042, 136543
160857, 136543
165109, 136543
168397, 136543
171917, 136543
172108, 136543
176630, 136543
177027, 136543
179401, 136543
180658, 136543
181528, 136543
182023, 136543
182943, 136543
183923, 136543
185131, 136543
185578, 136543
186196, 136543
186935, 136543
187081, 136543
187126, 136543
187235, 136543
189429, 136543
195051, 136543
195731, 136543
199860, 136543
200597, 136543
201933, 136543
203613, 136543
203706, 136543
203784, 136543
205145, 136543
205357, 136543
207093, 136543
208831, 136543
208876, 136543
209817, 136543
210778, 136543
211146, 136543
211282, 136543
212277, 136543
215114, 136543
216210, 136543
216358, 136543
218262, 136543
219193, 136543
222489, 136543
223842, 136543
224379, 136543
225930, 136543
226375, 136543
226437, 136543
226864, 136543
228326, 136543
228516, 136543
230844, 136543
231852, 136543
232632, 136543
233918, 136543
238785, 136543
239261, 136543
241782, 136543
244241, 136543
244302, 136543
245782, 136543
246961, 136543
247044, 136543
247335, 136543
252066, 136543
252798, 136543
254057, 136543
258467, 136543
261061, 136543
262168, 136543
262857, 136543
264720, 136543
264887, 136543
266414, 136543
268249, 136543
271521, 136543
272974, 136543
276295, 136543
277083, 136543
277926, 136543
277986, 136543
279536, 136543
282368, 136543
285309, 136543
285375, 136543
285415, 136543
285873, 136543
287948, 136543
290473, 136543
290862, 136543
291947, 136543
293330, 136543
295167, 136543
295361, 136543
296076, 136543
48811, 135727
62740, 135727
63426, 135727
79691, 135727
82597, 135727
82875, 135727
83477, 135727
84434, 135727
84502, 135727
87918, 135727
94676, 135727
94734, 135727
108555, 135727
115071, 135727
115320, 135727
120292, 135727
134218, 135727
149051, 135727
151406, 135727
152298, 135727
158140, 135727
161669, 135727
161849, 135727
161973, 135727
165894, 135727
167085, 135727
171446, 135727
182774, 135727
186057, 135727
186844, 135727
188027, 135727
189717, 135727
196585, 135727
198794, 135727
200307, 135727
200535, 135727
202655, 135727
204964, 135727
208303, 135727
209254, 135727
211468, 135727
222669, 135727
226203, 135727
227833, 135727
241713, 135727
242201, 135727
242297, 135727
249613, 135727
253548, 135727
253579, 135727
260998, 135727
261612, 135727
266130, 135727
268674, 135727
270801, 135727
270980, 135727
272678, 135727
274816, 135727
280000, 135727
285449, 135727
285547, 135727
291019, 135727
292837, 135727
293803, 135727
294572, 135727
8004, 135529
12168, 134843
6898, 134719
123441, 134719
13796, 131518
264854, 131518
52627, 131136
59603, 131136
71728, 131136
102773, 131136
107664, 131136
98398, 130535
199201, 130535
72077, 127841
126922, 127841
132543, 127841
142094, 127841
173321, 127841
189683, 127841
201964, 127841
207236, 127841
228221, 127841
236511, 127841
276238, 127841
212308, 127599
78296, 126265
116613, 126265
118355, 126265
131898, 126265
159569, 126265
165603, 126265
178369, 126265
195422, 126265
202809, 126265
206985, 126265
226625, 126265
271742, 126265
282517, 126265
20235, 125861
32678, 125861
45515, 125861
66615, 125861
90939, 125861
92317, 125861
95234, 125861
105570, 125861
109747, 125861
115336, 125861
118351, 125861
120812, 125861
121946, 125861
123520, 125861
128134, 125861
131097, 125861
134613, 125861
134866, 125861
134986, 125861
137039, 125861
143486, 125861
144980, 125861
147671, 125861
151909, 125861
161905, 125861
165271, 125861
167013, 125861
167111, 125861
173854, 125861
174084, 125861
174767, 125861
176463, 125861
179526, 125861
180860, 125861
182438, 125861
185905, 125861
186231, 125861
186544, 125861
193022, 125861
196064, 125861
196623, 125861
197717, 125861
201696, 125861
210894, 125861
212709, 125861
225473, 125861
228922, 125861
234321, 125861
239362, 125861
241516, 125861
242230, 125861
243311, 125861
245779, 125861
246503, 125861
251047, 125861
255402, 125861
256186, 125861
260471, 125861
261593, 125861
262010, 125861
264546, 125861
265530, 125861
271874, 125861
280428, 125861
282465, 125861
291339, 125861
291408, 125861
292615, 125861
293636, 125861
295905, 125861
278290, 124903
294269, 124903
54536, 124898
283099, 124898
19139, 121563
248995, 121563
47964, 115717
52172, 115717
101907, 115717
110770, 115717
113892, 115717
115381, 115717
125896, 115717
144463, 115717
152276, 115717
170692, 115717
187305, 115717
196771, 115717
207469, 115717
216077, 115717
220512, 115717
224572, 115717
235625, 115717
243811, 115717
270259, 115717
272350, 115717
282703, 115717
283932, 115717
287396, 115717
293348, 115717
82058, 114659
123606, 104682
257486, 104682
58046, 104059
22648, 101187
28161, 101187
33731, 101187
37590, 101187
41648, 101187
46764, 101187
46891, 101187
53992, 101187
55045, 101187
58680, 101187
61556, 101187
62346, 101187
63179, 101187
63757, 101187
66420, 101187
67009, 101187
68378, 101187
70927, 101187
74374, 101187
78425, 101187
80184, 101187
80478, 101187
80969, 101187
82331, 101187
82867, 101187
82923, 101187
86188, 101187
86342, 101187
87648, 101187
88610, 101187
88633, 101187
92417, 101187
93538, 101187
94564, 101187
95760, 101187
96287, 101187
97308, 101187
98406, 101187
99466, 101187
101226, 101187
104331, 101187
107496, 101187
107521, 101187
107563, 101187
108498, 101187
108966, 101187
110798, 101187
111034, 101187
113906, 101187
114190, 101187
114350, 101187
115329, 101187
115409, 101187
115516, 101187
115666, 101187
117402, 101187
118260, 101187
118263, 101187
121623, 101187
122945, 101187
123100, 101187
123894, 101187
124890, 101187
128209, 101187
128542, 101187
128744, 101187
129367, 101187
129712, 101187
130918, 101187
133384, 101187
134390, 101187
135174, 101187
136963, 101187
137003, 101187
137234, 101187
137753, 101187
139676, 101187
140100, 101187
140210, 101187
140667, 101187
141681, 101187
142825, 101187
143017, 101187
144061, 101187
145928, 101187
146430, 101187
148138, 101187
149605, 101187
149612, 101187
150743, 101187
150866, 101187
151164, 101187
152112, 101187
152848, 101187
153626, 101187
153866, 101187
153975, 101187
154331, 101187
154821, 101187
155484, 101187
156732, 101187
158821, 101187
158975, 101187
160123, 101187
164797, 101187
166394, 101187
166785, 101187
167069, 101187
167739, 101187
167857, 101187
168998, 101187
169231, 101187
169377, 101187
169961, 101187
172377, 101187
172869, 101187
173845, 101187
174605, 101187
175517, 101187
175730, 101187
178183, 101187
178695, 101187
178924, 101187
179440, 101187
179949, 101187
180338, 101187
181190, 101187
182789, 101187
183936, 101187
184278, 101187
185273, 101187
185356, 101187
186377, 101187
188618, 101187
190827, 101187
191667, 101187
191881, 101187
192894, 101187
193281, 101187
193549, 101187
196270, 101187
197386, 101187
197872, 101187
198754, 101187
200897, 101187
205265, 101187
205742, 101187
207277, 101187
208510, 101187
208601, 101187
211275, 101187
212616, 101187
214253, 101187
214603, 101187
217979, 101187
222922, 101187
223379, 101187
223781, 101187
223790, 101187
225402, 101187
226042, 101187
230084, 101187
231027, 101187
231889, 101187
234610, 101187
235180, 101187
236120, 101187
238823, 101187
239110, 101187
239221, 101187
240389, 101187
240749, 101187
242433, 101187
242602, 101187
244342, 101187
246060, 101187
247051, 101187
247377, 101187
249302, 101187
250258, 101187
251580, 101187
252862, 101187
253392, 101187
257418, 101187
258427, 101187
258809, 101187
259849, 101187
261222, 101187
263414, 101187
267726, 101187
269060, 101187
270034, 101187
270659, 101187
271673, 101187
271816, 101187
272480, 101187
273462, 101187
273954, 101187
276101, 101187
282151, 101187
282181, 101187
285771, 101187
286937, 101187
288883, 101187
291445, 101187
293465, 101187
294875, 101187
296592, 101187
12198, 98705
74552, 98705
84898, 98705
112580, 98705
119902, 98705
155989, 98705
167677, 98705
171765, 98705
181799, 98705
190286, 98705
199810, 98705
200604, 98705
206074, 98705
211237, 98705
233665, 98705
242660, 98705
247415, 98705
282690, 98705
286487, 98705
287334, 98705
292343, 98705
294459, 98705
56187, 97223
58794, 97223
59350, 97223
59914, 97223
64184, 97223
74520, 97223
74831, 97223
76335, 97223
77458, 97223
78058, 97223
81874, 97223
84396, 97223
85778, 97223
90595, 97223
91856, 97223
91871, 97223
94432, 97223
100631, 97223
101215, 97223
101405, 97223
108682, 97223
112626, 97223
129462, 97223
130663, 97223
131378, 97223
135404, 97223
140259, 97223
167408, 97223
186310, 97223
188929, 97223
205442, 97223
209252, 97223
211791, 97223
213575, 97223
216923, 97223
219067, 97223
220494, 97223
221885, 97223
225209, 97223
225283, 97223
243795, 97223
252225, 97223
253558, 97223
288144, 97223
294279, 97223
37360, 97090
77152, 97090
77238, 97090
80323, 97090
91299, 97090
92943, 97090
93114, 97090
95228, 97090
100496, 97090
101291, 97090
103807, 97090
108584, 97090
109709, 97090
116415, 97090
120810, 97090
147081, 97090
163596, 97090
168425, 97090
171411, 97090
183551, 97090
199991, 97090
219063, 97090
235950, 97090
250741, 97090
279442, 97090
127804, 96856
159533, 96856
165299, 96856
207988, 96856
13120, 96086
39020, 96086
63216, 96086
103643, 96086
90221, 95438
73046, 94560
153023, 94560
58933, 93306
61902, 93306
83964, 93306
109936, 93306
147850, 91512
87554, 90192
115921, 90192
170432, 90192
81314, 89693
174022, 89693
211720, 89693
41389, 89594
48793, 89594
273808, 85195
79254, 85033
164633, 84157
70136, 82323
70561, 81831
142473, 81831
51546, 81757
126870, 81757
192339, 81757
256483, 81757
99328, 81714
244316, 81714
141559, 81494
262898, 79667
120159, 78580
179664, 78580
196923, 78580
203708, 78580
236365, 78580
73901, 77981
81885, 77981
88855, 77981
99635, 77981
119906, 77981
149530, 77981
168986, 77981
189415, 77981
209730, 77981
215063, 77981
231954, 77981
289685, 77679
88853, 77652
159989, 77652
168573, 77652
15144, 76986
72022, 76986
76322, 76986
95833, 76986
99357, 76986
107753, 76986
110467, 76986
114155, 76986
117905, 76986
118988, 76986
121180, 76986
129892, 76986
130871, 76986
132592, 76986
137894, 76986
142463, 76986
142524, 76986
153376, 76986
156615, 76986
159107, 76986
180799, 76986
182539, 76986
183009, 76986
183313, 76986
185331, 76986
189306, 76986
196614, 76986
202368, 76986
205287, 76986
206846, 76986
208496, 76986
213373, 76986
218549, 76986
224303, 76986
227999, 76986
232507, 76986
238362, 76986
245004, 76986
245005, 76986
246164, 76986
246848, 76986
247556, 76986
260918, 76986
266181, 76986
267287, 76986
269650, 76986
278156, 76986
278627, 76986
280978, 76986
281611, 76986
286282, 76986
294185, 76986
294247, 76986
295480, 76986
295504, 76986
295595, 76986
296327, 76986
57576, 76553
76131, 76553
80936, 76553
106574, 76553
225576, 76553
253863, 76553
23957, 75314
177382, 74401
30155, 69601
190894, 68657
250672, 68657
112535, 67802
154746, 67802
125636, 67391
181545, 66736
269012, 65247
116763, 65180
73902, 64592
111058, 64592
124513, 42370
239039, 33299
70287, 29536
101248, 29536
113736, 29536
224123, 29536
199720, 26182
43786, 23889
54413, 23889
126767, 23889
191013, 23889
219961, 22896
200177, 8531
228210, 8531
240630, 8531
252556, 8531
266447, 8531
268472, 8531
49905, 8485
201992, 8485
210668, 8485
158615, 8478
167007, 8478
191077, 8478
236105, 8478
257765, 8478
281933, 8478
175085, 8426
267548, 8426
63312, 8372
66293, 8372
77756, 8372
90896, 8372
99313, 8372
104206, 8372
161527, 8372
169169, 8372
179720, 8372
231420, 8372
39060, 8341
39081, 8341
58293, 8341
104700, 8341
106038, 8341
124811, 8341
138997, 8341
169264, 8341
177879, 8341
178882, 8341
217811, 8341
266306, 8341
183917, 8272
286701, 8272
110299, 8232
125877, 8159
190223, 8159
198947, 8159
201557, 8159
240629, 8159
270874, 8159
293386, 8159
75022, 8148
60309, 8133
67162, 8133
102653, 8133
103638, 8133
162756, 8133
189900, 8133
289245, 8133
68999, 8129
43084, 8045
59533, 8045
65384, 8045
93391, 8045
95566, 8045
110944, 8045
213475, 8045
270405, 8045
48249, 8012
68727, 8012
75775, 8012
114019, 8012
114337, 8012
117175, 8012
119808, 8012
132151, 8012
135345, 8012
163232, 8012
164854, 8012
166541, 8012
167223, 8012
201181, 8012
215776, 8012
216063, 8012
221255, 8012
224544, 8012
236402, 8012
246390, 8012
247019, 8012
247673, 8012
257371, 8012
296493, 8012
131229, 7960
274844, 7960
237655, 7930
170941, 7922
41530, 7769
89497, 7769
173501, 7769
180363, 7769
282953, 7769
102172, 7767
140706, 7767
164689, 7767
202635, 7767
206400, 7767
212516, 7767
213250, 7767
221763, 7767
227133, 7767
238318, 7767
256469, 7767
270391, 7767
179988, 7685
142918, 7641
151125, 7641
228591, 7641
216912, 7631
136172, 7629
146341, 7629
276395, 7629
93580, 7617
182334, 7617
169840, 7583
216307, 7571
65088, 7570
174112, 7570
206171, 7570
221434, 7570
240278, 7570
256995, 7570
274502, 7570
58014, 7564
163449, 7564
199856, 7564
240583, 7564
257947, 7564
260161, 7564
107946, 7512
171332, 7512
211553, 7512
231467, 7512
291491, 7512
186547, 7509
203396, 7509
267282, 7509
294026, 7509
80314, 7503
110388, 7503
232290, 7503
163244, 7477
69441, 7416
133577, 7401
136069, 7401
141458, 7401
155294, 7401
220870, 7401
228213, 7401
112338, 7344
158912, 7344
204105, 7344
226726, 7344
96862, 7335
201857, 7335
266507, 7335
277853, 7335
62479, 7285
94093, 7285
115662, 7285
179327, 7285
259309, 7285
296171, 7285
163382, 7165
295754, 7165
81890, 6980
144048, 6970
165840, 6970
163280, 6968
59565, 6953
110159, 6953
174098, 6953
264467, 6953
133478, 6887
150599, 6887
248799, 6887
268919, 6887
125420, 6860
171767, 6860
215486, 6860
289099, 6860
81472, 6846
89810, 6846
94963, 6846
207006, 6846
96326, 6826
114464, 6826
190618, 6826
243634, 6812
169934, 6649
67833, 6612
97467, 6612
198755, 6612
201620, 6612
203945, 6612
211902, 6612
248755, 6612
157698, 6609
89035, 6522
121405, 6522
165968, 6522
194656, 6522
217574, 6522
219154, 6522
219509, 6522
221552, 6522
227229, 6522
243300, 6522
245717, 6522
259841, 6522
115547, 6498
126931, 6498
130963, 6498
131339, 6498
136433, 6498
187148, 6498
215862, 6498
216277, 6498
257035, 6498
75674, 6473
89807, 6473
130720, 6473
159929, 6473
186114, 6473
208447, 6473
210012, 6473
218705, 6473
257916, 6473
279278, 6473
289009, 6473
292954, 6473
221567, 6453
225740, 6453
251512, 6453
267549, 6453
280112, 6453
291749, 6453
292317, 6453
88295, 6450
134927, 6450
156144, 6450
165337, 6450
220602, 6450
247111, 6450
259941, 6450
59469, 6434
75646, 6434
88531, 6434
206084, 6434
56535, 6407
58174, 6407
84895, 6407
155336, 6407
179064, 6407
213724, 6407
218577, 6407
219127, 6407
244649, 6407
253531, 6407
269982, 6407
289441, 6407
75276, 6403
260274, 6403
81083, 6402
182025, 6402
192795, 6402
197429, 6402
90724, 6398
134560, 6398
156835, 6398
2726, 6393
53781, 6391
55347, 6391
60984, 6391
64555, 6391
67527, 6391
69823, 6391
72161, 6391
72829, 6391
87035, 6391
92744, 6391
94693, 6391
109461, 6391
133833, 6391
134892, 6391
136472, 6391
137466, 6391
140003, 6391
155013, 6391
158597, 6391
202778, 6391
217214, 6391
245044, 6391
259124, 6391
262719, 6391
282458, 6391
131166, 6388
146261, 6388
240816, 6388
152189, 6387
268168, 6387
296349, 6387
269964, 6364
233384, 6301
246213, 6301
246932, 6301
102142, 6215
250541, 6215
94829, 6201
69904, 6187
198087, 6187
198199, 6187
223565, 6187
286681, 6187
290043, 6187
73184, 6151
227333, 6094
81431, 6049
141687, 6049
249353, 6049
79803, 6020
81657, 6020
32866, 5977
101982, 5977
175426, 5977
208321, 5977
240915, 5977
82928, 5950
84744, 5950
90997, 5950
96845, 5950
118238, 5950
136010, 5950
148083, 5950
150073, 5950
188718, 5950
226926, 5950
231138, 5950
249534, 5950
263657, 5950
269360, 5950
75830, 5917
163012, 5917
222774, 5917
253425, 5917
269240, 5917
114481, 5911
154880, 5911
173211, 5911
245389, 5911
253369, 5876
218963, 5864
116020, 5851
199998, 5851
107192, 5846
161828, 5846
162595, 5846
188884, 5846
193835, 5846
220229, 5846
227696, 5846
246376, 5846
253719, 5846
292555, 5846
232326, 5829
252273, 5817
289859, 5817
272666, 5810
154513, 5792
239051, 5792
269602, 5792
76098, 5788
119133, 5788
148903, 5788
159364, 5788
163729, 5788
201062, 5788
268018, 5788
269471, 5788
98196, 5781
76992, 5766
140811, 5766
238242, 5766
241452, 5766
293983, 5766
232554, 5742
240933, 5742
252283, 5742
289909, 5742
292226, 5742
177670, 5731
271941, 5716
78196, 5701
133743, 5701
204364, 5701
220435, 5701
208331, 5697
228462, 5697
114988, 5669
220017, 5669
287672, 5669
116044, 5668
173827, 5668
192135, 5668
185302, 5667
248291, 5667
261871, 5667
104933, 5600
111819, 5600
181617, 5600
208678, 5600
209886, 5600
217015, 5600
238552, 5600
263916, 5600
278957, 5600
64904, 5598
106322, 5598
112466, 5598
159067, 5598
206449, 5598
258668, 5598
278326, 5598
110799, 5597
113429, 5597
149995, 5597
166007, 5597
168671, 5597
174509, 5597
179852, 5597
208829, 5597
255209, 5597
259892, 5597
296380, 5597
44014, 5554
76883, 5554
172595, 5554
183095, 5554
209528, 5554
219459, 5554
236171, 5554
265210, 5554
277263, 5554
287340, 5554
288863, 5554
292388, 5554
128666, 5552
189735, 5552
211835, 5552
222709, 5552
120432, 5515
61795, 5496
101388, 5481
92725, 5479
128770, 5479
164410, 5479
172741, 5479
206504, 5479
80264, 5471
282717, 5471
287800, 5471
35687, 5451
138407, 5451
214815, 5451
255071, 5451
168737, 5440
188845, 5440
91778, 5433
154723, 5433
158149, 5433
179408, 5433
192221, 5433
208099, 5433
283773, 5433
140228, 5428
191696, 5428
176446, 5424
214988, 5424
146676, 5411
194145, 5411
226936, 5411
135147, 5398
151872, 5387
188548, 5387
77782, 5383
87131, 5383
145759, 5383
156944, 5383
164663, 5383
174547, 5383
191369, 5383
221809, 5383
227287, 5383
276820, 5383
160989, 5382
236534, 5382
51035, 5363
292273, 5363
224334, 5354
257008, 5354
269895, 5354
147115, 5340
207925, 5340
197744, 5326
198844, 5326
288462, 5326
22521, 5307
59794, 5307
92169, 5307
113013, 5307
122715, 5307
154712, 5307
218257, 5307
244204, 5307
290379, 5307
294526, 5307
29512, 5302
93325, 5302
114917, 5302
138832, 5302
161090, 5302
161791, 5302
220898, 5302
81800, 5301
94820, 5301
96477, 5301
155657, 5301
160198, 5301
194443, 5301
246057, 5301
273294, 5301
13090, 5297
14398, 5297
45292, 5297
45733, 5297
80000, 5297
86144, 5297
103717, 5297
140330, 5297
183457, 5297
188272, 5297
230527, 5297
273585, 5297
286089, 5297
295105, 5297
96140, 5295
171041, 5295
181937, 5295
272447, 5295
160525, 5294
181902, 5294
268410, 5294
70300, 5283
89311, 5283
255270, 5283
262453, 5283
275769, 5283
124500, 5282
160438, 5282
176482, 5282
208909, 5282
84245, 5274
97282, 5274
120496, 5274
130942, 5274
155579, 5274
195060, 5274
62934, 5270
262363, 5269
61623, 5268
94047, 5268
152250, 5268
26790, 5267
51393, 5267
85675, 5267
161320, 5266
104585, 5259
246892, 5259
270080, 5259
286042, 5259
69854, 5253
137975, 5253
170850, 5253
227468, 5253
236946, 5253
131879, 5249
252207, 5249
177633, 5242
186451, 5242
274921, 5242
153165, 5238
223849, 5238
237969, 5238
263485, 5238
275971, 5238
110842, 5236
163017, 5236
40941, 5230
57955, 5230
195181, 5230
251971, 5230
175462, 5222
103990, 5216
165904, 5215
252852, 5215
285175, 5215
170232, 5211
120701, 5206
213485, 5206
251191, 5206
296273, 5206
204211, 5201
70131, 5193
119372, 5193
133678, 5193
152460, 5193
228634, 5193
263907, 5193
188510, 5185
295673, 5185
67659, 5180
145459, 5180
150680, 5180
151244, 5180
154752, 5180
171272, 5180
234236, 5180
253021, 5180
259274, 5180
275246, 5180
49814, 5162
65063, 5162
73619, 5162
77119, 5162
90406, 5162
97957, 5162
101542, 5162
104382, 5162
110864, 5162
124718, 5162
125772, 5162
127602, 5162
139859, 5162
152779, 5162
153079, 5162
159253, 5162
161965, 5162
165332, 5162
178849, 5162
185743, 5162
217367, 5162
218444, 5162
225176, 5162
234634, 5162
236814, 5162
254413, 5162
268663, 5162
275215, 5162
276282, 5162
278238, 5162
69378, 5151
96427, 5148
162761, 5148
177804, 5148
204330, 5148
221020, 5148
243629, 5145
256191, 5145
202896, 5142
253467, 5142
261142, 5142
7449, 5138
9907, 5138
23954, 5138
42886, 5138
95113, 5138
109975, 5138
126317, 5138
282515, 5138
56001, 5132
174363, 5130
282082, 5130
19175, 5124
46109, 5124
96913, 5124
148403, 5124
168245, 5124
195070, 5124
207114, 5124
87779, 5115
87228, 5109
158798, 5104
202349, 5104
236084, 5104
246819, 5104
120278, 5100
287637, 5100
47100, 5099
91790, 5099
120286, 5099
148866, 5099
175457, 5099
227340, 5099
255666, 5099
274170, 5099
200078, 5090
219882, 5090
144863, 5059
256056, 5059
203356, 5053
223743, 5050
261476, 5050
242149, 5021
43348, 5010
77532, 5010
102460, 5010
180304, 5010
207594, 5010
23707, 5003
76396, 5003
107627, 4993
179658, 4993
122865, 4992
147530, 4992
276392, 4987
38776, 4973
115310, 4973
162914, 4973
185339, 4973
187860, 4973
199822, 4973
206716, 4973
223914, 4973
232365, 4973
241498, 4973
256704, 4973
257564, 4973
266233, 4973
280268, 4973
128752, 4972
142434, 4972
265879, 4972
296532, 4972
76483, 4971
123144, 4971
136485, 4971
141636, 4971
145350, 4971
162452, 4971
211456, 4971
223727, 4971
287720, 4971
202507, 4961
152056, 4940
190340, 4940
199674, 4940
293896, 4940
160288, 4936
96012, 4923
130701, 4923
147235, 4923
148172, 4923
173042, 4923
188061, 4923
198825, 4923
204632, 4923
214272, 4923
224772, 4923
224846, 4923
225202, 4923
228818, 4923
253289, 4923
259280, 4923
160668, 4919
248929, 4918
253535, 4911
32815, 4906
114119, 4906
153955, 4906
82430, 4902
82592, 4902
95406, 4902
111077, 4902
122397, 4902
126261, 4902
142855, 4902
150393, 4902
163356, 4902
167632, 4902
194538, 4902
200128, 4902
216771, 4902
220788, 4902
223812, 4902
240556, 4902
241811, 4902
171550, 4901
224746, 4901
252289, 4901
79367, 4896
217059, 4896
265497, 4896
120216, 4894
236785, 4894
294975, 4894
119972, 4882
194202, 4882
250709, 4882
43227, 4877
134446, 4877
149701, 4877
194448, 4877
249836, 4877
192739, 4871
218880, 4871
257882, 4871
270927, 4871
283712, 4871
61173, 4867
80887, 4867
84674, 4867
251597, 4867
265623, 4867
164240, 4865
260456, 4865
40317, 4864
50620, 4864
70774, 4864
82529, 4864
87927, 4864
92160, 4864
94224, 4864
117513, 4864
137731, 4864
146283, 4864
165372, 4864
167705, 4864
190198, 4864
211253, 4864
219444, 4864
220851, 4864
227414, 4864
228127, 4864
249762, 4864
255642, 4864
255905, 4864
264621, 4864
293495, 4864
123221, 4854
130215, 4854
87261, 4853
127991, 4853
144057, 4853
221836, 4853
230268, 4853
138621, 4847
237367, 4847
237929, 4845
29124, 4844
63701, 4844
83413, 4844
155067, 4844
164360, 4844
186146, 4844
191809, 4844
207657, 4844
208492, 4844
226027, 4844
235997, 4844
264723, 4844
87890, 4828
217271, 4828
224705, 4828
281337, 4828
281688, 4828
123628, 4827
155354, 4827
73464, 4826
245345, 4825
279601, 4825
122879, 4823
193753, 4823
36812, 4822
202085, 4822
260912, 4822
261852, 4822
282011, 4822
234962, 4811
94713, 4810
138669, 4810
235181, 4810
254706, 4810
231997, 4809
208672, 4808
269657, 4808
158661, 4796
125799, 4791
94634, 4787
138040, 4787
162890, 4787
171398, 4787
279700, 4786
192405, 4784
284151, 4784
54620, 4777
152408, 4777
113155, 4776
175306, 4776
220285, 4776
258704, 4776
153906, 4770
198177, 4770
48508, 4768
66207, 4768
73258, 4768
95592, 4768
123409, 4768
129493, 4768
119761, 4766
139966, 4766
171882, 4766
178891, 4766
187677, 4766
227851, 4766
230850, 4758
263961, 4758
94935, 4725
250841, 4725
37639, 4721
66448, 4721
75278, 4721
82324, 4721
94398, 4721
100268, 4721
110823, 4721
130870, 4721
133331, 4721
143318, 4721
151239, 4721
166576, 4721
171633, 4721
172984, 4721
188098, 4721
189919, 4721
192069, 4721
200268, 4721
209807, 4721
209867, 4721
212963, 4721
241559, 4721
246348, 4721
256827, 4721
257790, 4721
258129, 4721
280691, 4721
282304, 4721
287365, 4721
114877, 4716
141097, 4716
145676, 4716
174160, 4716
187588, 4716
210837, 4713
255229, 4713
288649, 4713
60383, 4705
125660, 4705
143986, 4705
151579, 4705
157549, 4705
164750, 4705
169102, 4705
174141, 4705
201878, 4705
209426, 4705
210258, 4705
262826, 4705
277979, 4705
81727, 4702
145930, 4702
157930, 4702
274360, 4702
275479, 4702
112852, 4696
133172, 4696
158441, 4696
158938, 4696
201470, 4696
208298, 4696
257730, 4696
279211, 4696
287588, 4696
72598, 4689
104768, 4689
196761, 4689
117620, 4683
158781, 4683
224499, 4683
239333, 4683
253879, 4683
257573, 4683
270816, 4683
75372, 4676
149795, 4676
174761, 4676
258234, 4676
273599, 4676
291484, 4676
292281, 4676
294802, 4676
114830, 4666
143777, 4648
223500, 4648
234437, 4648
135587, 4642
142710, 4642
31418, 4638
55803, 4638
83587, 4638
140866, 4638
172490, 4638
282175, 4638
261167, 4624
9721, 4617
221214, 4610
292835, 4610
103820, 4608
129895, 4608
176719, 4608
172708, 4593
253077, 4593
264873, 4593
273670, 4593
287928, 4593
59771, 4591
71411, 4591
89372, 4591
137916, 4591
189655, 4591
241908, 4591
267638, 4591
270583, 4586
232260, 4584
124076, 4578
50308, 4577
127686, 4577
88467, 4572
107993, 4566
211960, 4566
113206, 4555
135302, 4555
139931, 4555
150939, 4555
188183, 4555
201969, 4555
203097, 4555
213671, 4555
238638, 4555
241396, 4555
252564, 4555
281654, 4555
284646, 4555
85768, 4528
222821, 4528
270992, 4518
156231, 4511
169670, 4511
220796, 4511
283404, 4511
284485, 4511
167905, 4507
276348, 4507
52587, 4497
236655, 4476
77616, 4471
283613, 4471
288031, 4471
237479, 4470
118456, 4462
273113, 4462
201802, 4460
226026, 4460
244707, 4459
162801, 4456
271098, 4456
281930, 4456
295018, 4456
109314, 4451
131031, 4451
144078, 4451
150179, 4451
154298, 4451
171017, 4451
184008, 4451
209002, 4451
239820, 4451
46088, 4446
52971, 4446
83931, 4446
84929, 4446
96011, 4446
102882, 4446
104780, 4446
114837, 4446
124069, 4446
125025, 4446
180829, 4446
216469, 4446
262743, 4446
208474, 4445
100383, 4436
158846, 4436
211292, 4436
257055, 4436
285018, 4436
143108, 4429
162296, 4429
163791, 4429
173402, 4429
192520, 4429
222119, 4429
261650, 4429
276936, 4429
284570, 4429
71967, 4428
136487, 4428
181406, 4428
183229, 4428
270424, 4428
274660, 4428
295113, 4428
207333, 4399
218150, 4399
271692, 4399
17158, 4391
19347, 4391
27547, 4391
58982, 4391
67346, 4391
70912, 4391
73576, 4391
108588, 4391
127883, 4391
149465, 4391
154488, 4391
162891, 4391
181366, 4391
183508, 4391
184621, 4391
187545, 4391
196099, 4391
206411, 4391
221880, 4391
237326, 4391
244257, 4391
248461, 4391
256292, 4391
256575, 4391
259052, 4391
286090, 4391
286598, 4391
217733, 4373
61076, 4371
75396, 4371
108351, 4371
119875, 4371
208901, 4371
59802, 4367
77642, 4367
91750, 4367
106050, 4367
113314, 4367
138527, 4367
143002, 4367
151810, 4367
169295, 4367
196655, 4367
236600, 4367
246391, 4367
258569, 4367
273480, 4367
48432, 4360
239834, 4360
103340, 4352
175165, 4352
90443, 4332
87590, 4329
105783, 4329
207414, 4329
77909, 4322
27081, 4310
29036, 4290
49768, 4290
53511, 4290
67776, 4290
74518, 4290
77577, 4290
88073, 4290
98095, 4290
145437, 4290
177105, 4290
178456, 4290
182952, 4290
187648, 4290
194942, 4290
196515, 4290
198462, 4290
203101, 4290
207132, 4290
209991, 4290
259663, 4290
53810, 4283
142858, 4283
96476, 4282
165501, 4282
20826, 4273
119034, 4265
8911, 4257
90165, 4257
177598, 4252
225196, 4250
232322, 4250
252551, 4250
234294, 4241
255026, 4237
208386, 4233
24065, 4228
291840, 4228
249343, 4219
171941, 4213
241609, 4213
38194, 4201
71564, 4201
192928, 4201
218659, 4201
288505, 4200
30364, 4195
113625, 4195
179723, 4195
71822, 4193
199225, 4193
279356, 4185
73327, 4178
74891, 4178
98714, 4178
113997, 4178
114286, 4178
121603, 4178
140476, 4178
161411, 4178
167727, 4178
192361, 4178
204729, 4178
254720, 4178
293605, 4170
133367, 4162
52427, 4159
79809, 4158
173826, 4158
178789, 4158
182792, 4158
287344, 4151
148251, 4148
157732, 4144
230107, 4144
274890, 4144
50218, 4143
27401, 4141
29485, 4141
49300, 4141
61352, 4141
66577, 4141
79800, 4141
87818, 4141
88084, 4141
96076, 4141
110692, 4141
115974, 4141
116724, 4141
121927, 4141
126686, 4141
129657, 4141
130470, 4141
133027, 4141
135427, 4141
137733, 4141
137887, 4141
140037, 4141
141906, 4141
143683, 4141
157184, 4141
160500, 4141
161893, 4141
168845, 4141
169420, 4141
170371, 4141
178318, 4141
178326, 4141
187491, 4141
191315, 4141
193726, 4141
197258, 4141
197335, 4141
200339, 4141
201769, 4141
205624, 4141
206643, 4141
217094, 4141
217395, 4141
220161, 4141
222121, 4141
224237, 4141
227432, 4141
228946, 4141
229074, 4141
230654, 4141
235615, 4141
240021, 4141
241218, 4141
249761, 4141
256420, 4141
259444, 4141
266211, 4141
270788, 4141
276979, 4141
279802, 4141
280663, 4141
295293, 4141
113038, 4139
192244, 4139
59948, 4132
213259, 4132
149928, 4123
154157, 4121
189033, 4119
141396, 4116
142860, 4116
166496, 4116
180720, 4116
217272, 4116
244701, 4116
249983, 4116
106349, 4108
247400, 4108
195956, 4107
75447, 4105
79738, 4105
119284, 4105
132241, 4105
150098, 4105
155236, 4105
160144, 4105
213938, 4105
216257, 4105
219828, 4105
226763, 4105
226957, 4105
264503, 4105
280833, 4105
64893, 4084
36551, 4076
267518, 4076
116531, 4075
183890, 4075
228427, 4075
276764, 4075
145100, 4069
245284, 4069
275439, 4069
287609, 4069
293912, 4069
161865, 4060
224733, 4060
217516, 4057
263534, 4057
196790, 4051
170111, 4040
76988, 4035
222487, 4035
250531, 4035
65491, 4033
289869, 4025
283908, 4023
54874, 4022
169553, 4022
192248, 4022
214732, 4022
264051, 4020
103852, 4017
217247, 4017
239238, 4017
256547, 4017
51369, 4016
59718, 4016
93948, 4016
287792, 4016
147849, 4015
193400, 4015
215765, 4015
273073, 4015
115146, 4014
136383, 4014
165786, 4014
280456, 4014
289924, 4014
244825, 4012
103578, 4011
145664, 4011
281058, 4011
139469, 4005
181543, 4001
233433, 4001
275785, 4001
140267, 4000
134757, 3993
203667, 3993
204490, 3992
59773, 3991
82130, 3985
87747, 3985
97559, 3985
111918, 3985
119626, 3985
124264, 3985
140577, 3985
140973, 3985
144640, 3985
179387, 3985
185495, 3985
187878, 3985
216446, 3985
233489, 3985
255425, 3985
97097, 3976
277908, 3976
280787, 3976
291626, 3976
23755, 3974
103775, 3974
153156, 3974
163287, 3974
181479, 3974
203195, 3974
234614, 3974
46978, 3959
124399, 3957
136089, 3957
147164, 3957
166996, 3957
180578, 3957
214953, 3957
223078, 3957
223375, 3957
229908, 3957
246386, 3957
256428, 3957
288728, 3957
293344, 3957
100635, 3952
116362, 3952
141021, 3952
213841, 3944
266869, 3944
213392, 3943
272807, 3942
107033, 3941
141789, 3939
235117, 3939
252245, 3939
225521, 3937
220045, 3935
224886, 3932
94079, 3930
24266, 3925
41072, 3925
282871, 3925
133514, 3924
218222, 3924
128383, 3923
138433, 3923
179437, 3923
223785, 3923
280286, 3923
64761, 3917
117792, 3917
120768, 3917
165215, 3917
207048, 3917
247793, 3917
190095, 3914
247621, 3914
287256, 3914
171889, 3902
194252, 3902
226292, 3902
174505, 3898
121516, 3888
180794, 3888
279277, 3888
171794, 3880
40024, 3877
262622, 3877
168069, 3874
148238, 3872
134909, 3870
143558, 3870
253565, 3870
46568, 3867
211897, 3866
77098, 3860
99858, 3860
155784, 3860
122044, 3859
158394, 3857
222752, 3855
152636, 3854
181470, 3854
220633, 3854
250000, 3854
286396, 3854
109811, 3853
206979, 3853
244041, 3853
244983, 3850
267329, 3849
279922, 3849
93031, 3842
180795, 3842
206775, 3842
233492, 3842
258748, 3842
280222, 3842
134454, 3840
231111, 3840
238861, 3840
262409, 3840
256948, 3835
18133, 3830
75340, 3830
81125, 3830
102370, 3830
108212, 3830
192191, 3830
194519, 3830
226871, 3830
230548, 3830
184347, 3828
185050, 3828
136596, 3822
179073, 3813
62584, 3810
92794, 3810
136415, 3810
282492, 3810
43627, 3809
116750, 3809
222523, 3809
66610, 3802
88431, 3802
35216, 3800
63972, 3800
65192, 3800
79563, 3800
83330, 3800
92036, 3800
110182, 3800
134881, 3800
137185, 3800
159686, 3800
200745, 3800
88448, 3796
180379, 3794
219058, 3794
102607, 3792
126572, 3792
170188, 3792
231455, 3791
39815, 3789
51807, 3788
75898, 3788
110520, 3788
107198, 3786
147397, 3786
175849, 3786
178639, 3786
199573, 3786
224539, 3786
227954, 3786
238208, 3786
266771, 3786
292921, 3786
178353, 3785
125341, 3781
125861, 3781
152679, 3781
201092, 3781
271280, 3781
286105, 3781
209879, 3774
11389, 3768
49288, 3767
214350, 3762
86105, 3760
276610, 3748
80405, 3746
279847, 3746
279905, 3746
25448, 3745
176116, 3745
243955, 3745
223364, 3741
103210, 3740
128345, 3740
136615, 3740
183348, 3740
249576, 3740
265508, 3740
283532, 3739
232748, 3738
178072, 3735
189251, 3735
263481, 3735
283967, 3735
293511, 3735
69852, 3731
82443, 3728
106236, 3728
173894, 3728
210608, 3728
269752, 3728
290667, 3728
78768, 3727
172622, 3727
275824, 3727
289586, 3727
234968, 3723
279504, 3722
244223, 3721
251787, 3721
257116, 3721
199929, 3716
62038, 3715
102345, 3715
128447, 3715
224414, 3715
227237, 3715
139911, 3714
159503, 3714
179017, 3714
281368, 3714
189120, 3713
26304, 3710
48526, 3710
173672, 3710
107500, 3704
238585, 3704
99849, 3703
191575, 3703
217385, 3703
33354, 3702
150318, 3702
115382, 3698
258948, 3698
97681, 3696
196612, 3696
110517, 3690
133076, 3684
20383, 3683
28337, 3683
56271, 3683
59483, 3683
61461, 3683
62427, 3683
63257, 3683
64622, 3683
69528, 3683
77340, 3683
77939, 3683
78543, 3683
86405, 3683
88421, 3683
90530, 3683
93006, 3683
93453, 3683
94363, 3683
99419, 3683
99993, 3683
100115, 3683
100174, 3683
101092, 3683
104284, 3683
104686, 3683
105879, 3683
106337, 3683
107702, 3683
111192, 3683
112755, 3683
117463, 3683
126452, 3683
127090, 3683
132852, 3683
156408, 3683
160246, 3683
163998, 3683
164631, 3683
173212, 3683
174043, 3683
180833, 3683
187599, 3683
188974, 3683
190266, 3683
192634, 3683
200551, 3683
217831, 3683
224297, 3683
253287, 3683
260980, 3683
262415, 3683
292738, 3683
296061, 3683
103527, 3679
177744, 3679
258287, 3677
112543, 3675
99219, 3674
127727, 3674
83377, 3673
87193, 3673
163111, 3671
208088, 3668
104129, 3666
200173, 3666
56026, 3664
222184, 3664
278164, 3664
71983, 3662
129038, 3662
74672, 3655
83845, 3655
126354, 3655
134444, 3655
164442, 3655
177717, 3655
294503, 3655
29240, 3653
125146, 3653
134178, 3653
179712, 3653
185811, 3653
187068, 3653
233133, 3653
87852, 3651
193065, 3651
211314, 3651
103570, 3650
121344, 3650
250554, 3650
293714, 3650
56153, 3644
170318, 3644
280492, 3640
50786, 3639
74151, 3639
85431, 3639
161859, 3639
129175, 3637
211119, 3637
47883, 3636
87321, 3636
143769, 3636
152592, 3636
247128, 3636
267537, 3636
272840, 3636
274521, 3636
285655, 3636
292046, 3636
291047, 3630
27492, 3624
68848, 3624
184059, 3624
248115, 3624
35982, 3623
52335, 3623
206259, 3623
38958, 3620
110591, 3620
133799, 3620
145956, 3620
161487, 3620
164456, 3620
171031, 3620
175722, 3620
177914, 3620
181745, 3620
183161, 3620
210411, 3620
265581, 3620
34071, 3616
249867, 3616
147886, 3615
135116, 3613
143331, 3613
202196, 3613
216233, 3613
101970, 3604
150202, 3604
196926, 3604
242544, 3603
42060, 3599
77260, 3599
163855, 3599
223836, 3599
84145, 3585
281186, 3575
69307, 3573
78546, 3573
80322, 3573
85565, 3573
93604, 3573
97107, 3573
103390, 3573
110397, 3573
118390, 3573
120355, 3573
127522, 3573
137119, 3573
140547, 3573
147080, 3573
147599, 3573
150543, 3573
152182, 3573
166613, 3573
174058, 3573
179307, 3573
179318, 3573
180689, 3573
196669, 3573
199156, 3573
199300, 3573
209256, 3573
219288, 3573
223149, 3573
244749, 3573
244769, 3573
259795, 3573
260989, 3573
261355, 3573
264357, 3573
265750, 3573
266698, 3573
273932, 3573
277148, 3573
277951, 3573
279656, 3573
42840, 3572
150192, 3572
217076, 3572
254781, 3572
179666, 3569
203910, 3569
249632, 3569
36858, 3567
227997, 3567
258317, 3567
279848, 3567
280093, 3567
125114, 3561
194900, 3561
225655, 3561
280514, 3561
204015, 3557
264823, 3555
21232, 3552
60621, 3552
71882, 3552
79266, 3552
90033, 3552
109436, 3552
123237, 3549
156870, 3549
157343, 3549
82141, 3544
84349, 3544
107274, 3544
128384, 3544
130735, 3544
135244, 3544
136999, 3544
152075, 3544
152165, 3544
152244, 3544
155328, 3544
158565, 3544
163132, 3544
164079, 3544
165451, 3544
180403, 3544
199663, 3544
202712, 3544
206693, 3544
210371, 3544
220654, 3544
230618, 3544
234268, 3544
238389, 3544
248494, 3544
251570, 3544
271781, 3544
287550, 3544
292002, 3544
292155, 3544
292718, 3544
34611, 3542
63514, 3542
93107, 3542
95718, 3542
105232, 3542
98811, 3540
133336, 3540
161470, 3540
177198, 3540
189924, 3540
235937, 3540
240925, 3540
157496, 3538
200539, 3537
8674, 3536
151970, 3531
152599, 3531
244414, 3531
245727, 3531
147414, 3528
286269, 3528
67018, 3523
109320, 3523
272789, 3523
131886, 3520
31945, 3517
71241, 3517
135557, 3517
139927, 3517
160208, 3517
224218, 3517
232461, 3517
216553, 3505
86928, 3496
134319, 3496
164239, 3494
173667, 3494
287795, 3494
54810, 3493
127233, 3491
188451, 3491
201472, 3491
208881, 3491
167390, 3488
213989, 3488
187239, 3485
132018, 3484
167165, 3484
194400, 3484
222399, 3484
247820, 3484
201803, 3483
252487, 3483
287162, 3483
67749, 3474
91717, 3474
111316, 3474
195667, 3474
217388, 3474
200989, 3470
117877, 3462
174604, 3462
178686, 3462
277120, 3462
284638, 3462
291832, 3462
19969, 3459
24656, 3454
73398, 3451
122625, 3451
168627, 3451
178938, 3451
27681, 3447
50375, 3447
56308, 3447
60647, 3447
79941, 3447
90675, 3447
93256, 3447
129369, 3447
152412, 3447
159993, 3447
162716, 3447
206374, 3447
221122, 3447
274716, 3447
201572, 3439
141133, 3437
61526, 3428
234099, 3428
97059, 3414
121832, 3414
132463, 3414
295863, 3414
272705, 3413
284438, 3413
60610, 3410
87241, 3410
156468, 3410
158535, 3410
283487, 3410
112973, 3409
128470, 3409
163806, 3409
185369, 3409
247275, 3409
286813, 3409
51210, 3408
84298, 3408
123248, 3408
131151, 3408
155068, 3408
173789, 3408
228839, 3408
242582, 3408
269080, 3408
280392, 3408
282280, 3408
207468, 3406
170739, 3401
73865, 3395
118862, 3395
119541, 3395
119706, 3395
220421, 3395
284708, 3395
208403, 3391
235831, 3391
244242, 3383
287064, 3382
104089, 3373
113566, 3373
135008, 3373
174740, 3373
190068, 3373
267870, 3373
279273, 3373
263683, 3372
105840, 3367
107926, 3367
187386, 3367
194510, 3367
204401, 3367
246940, 3367
283839, 3367
289918, 3367
100249, 3357
226989, 3355
269358, 3352
230905, 3346
253281, 3335
249859, 3334
271969, 3331
270066, 3324
80088, 3321
94225, 3321
195493, 3321
198399, 3321
198920, 3321
237418, 3321
278409, 3321
291285, 3321
293588, 3321
75886, 3312
248673, 3308
262585, 3308
156752, 3299
226521, 3299
268360, 3299
102772, 3298
180814, 3298
197730, 3290
116079, 3285
212225, 3285
215418, 3263
42178, 3259
119598, 3259
159032, 3259
249865, 3259
71107, 3255
123480, 3255
230194, 3255
265408, 3255
158926, 3245
187593, 3245
278634, 3245
51580, 3233
70445, 3233
73059, 3233
75194, 3233
94263, 3233
99307, 3233
116546, 3233
191234, 3232
228827, 3232
53451, 3227
266757, 3224
165906, 3212
169518, 3212
201633, 3212
224870, 3212
263616, 3212
286806, 3212
295111, 3212
23983, 3211
36936, 3211
48254, 3211
55072, 3211
64846, 3211
69766, 3211
77219, 3211
79898, 3211
80043, 3211
80346, 3211
85105, 3211
85173, 3211
101570, 3211
104726, 3211
107003, 3211
108863, 3211
112656, 3211
113305, 3211
120346, 3211
125615, 3211
129475, 3211
147693, 3211
175478, 3211
191583, 3211
194040, 3211
195931, 3211
233711, 3211
237813, 3211
271216, 3211
282708, 3211
286902, 3211
245904, 3209
184779, 3206
95702, 3198
113571, 3198
172208, 3198
249817, 3198
265618, 3198
174350, 3197
87965, 3194
94603, 3194
110061, 3194
116939, 3194
126753, 3194
132762, 3194
139074, 3194
145512, 3194
149624, 3194
153774, 3194
159885, 3194
177184, 3194
181446, 3194
182980, 3194
186350, 3194
188726, 3194
189143, 3194
201981, 3194
202138, 3194
202391, 3194
205383, 3194
206862, 3194
207197, 3194
208974, 3194
210373, 3194
211136, 3194
211753, 3194
213723, 3194
227900, 3194
230508, 3194
236720, 3194
242094, 3194
242849, 3194
244239, 3194
246778, 3194
259352, 3194
264360, 3194
270162, 3194
273252, 3194
275427, 3194
287095, 3194
289642, 3194
291320, 3194
295040, 3194
199500, 3193
201998, 3191
150764, 3185
296017, 3185
83988, 3184
121092, 3179
125338, 3179
248502, 3179
270867, 3179
126604, 3176
260593, 3176
285165, 3176
176361, 3173
70267, 3166
113100, 3166
158635, 3166
52712, 3164
188625, 3164
237735, 3164
103872, 3155
134356, 3155
147227, 3155
175155, 3155
175164, 3155
182111, 3155
212069, 3155
238501, 3155
240501, 3155
247500, 3155
273544, 3155
274800, 3155
42757, 3152
96890, 3152
109589, 3152
243271, 3152
246131, 3150
121998, 3147
152657, 3147
279002, 3147
130743, 3146
186535, 3145
228945, 3145
253505, 3145
275464, 3145
21518, 3142
130676, 3142
186763, 3135
258319, 3135
270416, 3135
95575, 3133
134461, 3133
161085, 3133
201786, 3133
227594, 3133
79066, 3128
148759, 3128
35760, 3127
193598, 3127
267052, 3127
204903, 3126
76881, 3123
175037, 3122
47833, 3121
61681, 3121
94887, 3121
107406, 3121
294186, 3121
44958, 3117
159973, 3111
249515, 3111
270539, 3111
56280, 3109
106369, 3109
137826, 3109
147908, 3109
143329, 3108
158613, 3108
215787, 3108
262650, 3108
95746, 3106
137296, 3106
204519, 3106
210141, 3106
214037, 3106
225673, 3106
234914, 3106
248842, 3106
252891, 3106
263245, 3106
268137, 3106
275608, 3106
279920, 3106
283271, 3106
294507, 3106
294769, 3106
140980, 3096
173350, 3092
174713, 3092
184991, 3092
248516, 3092
284630, 3092
124328, 3087
262207, 3087
265896, 3087
87777, 3083
159669, 3083
84832, 3079
273172, 3078
45656, 3077
98381, 3077
111574, 3077
122837, 3077
156395, 3077
88625, 3073
130277, 3073
220977, 3066
52299, 3055
60645, 3055
63392, 3055
66166, 3055
68162, 3055
104341, 3055
108619, 3055
131575, 3055
113992, 3047
155688, 3047
162379, 3045
271444, 3045
86557, 3043
179451, 3043
197729, 3042
165096, 3041
269728, 3040
215568, 3037
144184, 3033
68255, 3031
39525, 3024
82995, 3024
132667, 3024
211004, 3024
275380, 3022
81725, 3012
98628, 3007
175322, 2997
190270, 2997
223258, 2997
77513, 2992
118221, 2992
166490, 2992
207168, 2992
228459, 2992
250353, 2992
258450, 2992
264989, 2992
53791, 2989
159567, 2989
23401, 2981
47280, 2981
59979, 2981
89237, 2981
93929, 2981
108951, 2981
113262, 2981
124884, 2981
133927, 2981
159197, 2981
115385, 2978
118169, 2978
88498, 2976
147222, 2976
160077, 2976
163422, 2976
174210, 2976
187022, 2976
202621, 2976
225662, 2976
246715, 2976
280969, 2976
282956, 2976
290294, 2976
210215, 2974
107295, 2956
293538, 2952
134399, 2948
258325, 2948
220112, 2944
188533, 2937
143901, 2936
178770, 2927
259719, 2927
274232, 2927
275573, 2927
280325, 2927
242754, 2914
157463, 2904
171530, 2904
204306, 2904
204645, 2904
217441, 2904
272081, 2904
70660, 2896
124183, 2896
152374, 2896
70229, 2892
75134, 2892
77450, 2892
279137, 2892
182853, 2882
58605, 2873
249842, 2873
76065, 2870
191053, 2870
192204, 2870
286507, 2870
31712, 2868
189587, 2868
214851, 2868
132888, 2866
232217, 2862
190209, 2859
138173, 2858
288658, 2858
153636, 2857
73267, 2856
192427, 2854
179685, 2853
211958, 2850
132880, 2847
150664, 2847
273724, 2847
168008, 2844
245066, 2844
283609, 2836
272777, 2832
26973, 2828
60082, 2828
123492, 2828
215143, 2828
236971, 2828
265076, 2828
40470, 2826
50084, 2826
57595, 2826
66896, 2826
90455, 2826
131707, 2826
133549, 2826
183017, 2826
196373, 2826
223949, 2826
264768, 2826
54287, 2824
154614, 2824
158338, 2824
229914, 2824
139675, 2822
123331, 2815
166264, 2815
138129, 2810
215067, 2807
252680, 2807
267005, 2800
261746, 2793
108752, 2790
88801, 2785
192367, 2785
237786, 2785
18411, 2784
115050, 2783
109884, 2780
169587, 2780
68128, 2779
39211, 2778
48975, 2776
175819, 2776
194153, 2776
203020, 2776
248803, 2776
269684, 2776
176689, 2774
40969, 2765
171208, 2765
246372, 2765
249142, 2765
123730, 2757
84598, 2756
282413, 2756
24565, 2748
34334, 2748
35963, 2748
40655, 2748
44993, 2748
45070, 2748
47157, 2748
48601, 2748
51007, 2748
52591, 2748
53888, 2748
55852, 2748
58559, 2748
58682, 2748
63016, 2748
71493, 2748
71684, 2748
81201, 2748
84579, 2748
92209, 2748
94364, 2748
95610, 2748
96719, 2748
109607, 2748
113574, 2748
115020, 2748
115713, 2748
121291, 2748
123729, 2748
136362, 2748
139188, 2748
139528, 2748
143534, 2748
144971, 2748
148151, 2748
157644, 2748
180602, 2748
199966, 2748
204489, 2744
74940, 2741
98049, 2741
140544, 2741
194353, 2741
212265, 2741
221230, 2741
221271, 2741
251724, 2741
264423, 2741
275403, 2741
283736, 2741
284290, 2741
130820, 2739
238540, 2727
9972, 2717
53601, 2713
220639, 2708
263332, 2708
168097, 2706
205654, 2703
88045, 2702
179250, 2702
188192, 2702
204796, 2702
94834, 2700
147540, 2688
292931, 2685
179198, 2682
40729, 2680
55279, 2679
220052, 2679
241745, 2674
103467, 2672
175827, 2672
264120, 2672
75817, 2671
236426, 2666
136130, 2660
277182, 2659
160570, 2654
188634, 2654
261731, 2654
79655, 2647
135626, 2647
139126, 2647
162922, 2647
200496, 2647
209009, 2647
213940, 2647
250558, 2647
263158, 2647
274426, 2647
25590, 2645
266541, 2645
121345, 2641
59156, 2631
242901, 2623
179459, 2608
210890, 2608
225968, 2608
228864, 2608
239825, 2608
271258, 2608
276841, 2608
63475, 2606
76124, 2606
87598, 2606
93047, 2606
94788, 2606
99443, 2606
119223, 2606
130028, 2606
132637, 2606
137364, 2606
146008, 2606
149291, 2606
164577, 2606
171935, 2606
178604, 2606
184708, 2606
185546, 2606
191634, 2606
196337, 2606
210081, 2606
219380, 2606
230288, 2606
241678, 2606
250903, 2606
254466, 2606
267308, 2606
268905, 2606
273188, 2606
280196, 2606
281469, 2606
295869, 2604
226791, 2603
293542, 2603
233455, 2601
261407, 2601
79552, 2599
262425, 2595
279554, 2595
59204, 2568
141863, 2568
191580, 2568
195869, 2568
171931, 2563
270630, 2562
80808, 2559
19851, 2557
26053, 2557
30985, 2557
44146, 2557
48817, 2557
53748, 2557
65556, 2557
66329, 2557
71518, 2557
73189, 2557
76966, 2557
78367, 2557
79742, 2557
81327, 2557
86852, 2557
91287, 2557
93354, 2557
119874, 2557
119975, 2557
122116, 2557
123007, 2557
128401, 2557
146949, 2557
185976, 2557
188021, 2557
193247, 2557
212183, 2557
249507, 2557
252909, 2557
255363, 2557
246109, 2556
114399, 2553
119648, 2553
259867, 2553
772, 2551
141850, 2545
53469, 2544
162618, 2544
223063, 2544
226388, 2544
65866, 2538
288848, 2538
101191, 2531
262442, 2531
72917, 2529
163869, 2529
275223, 2528
280692, 2523
256906, 2522
256949, 2521
82938, 2518
89979, 2517
130867, 2517
185996, 2517
198685, 2517
263314, 2517
277154, 2517
176489, 2516
42632, 2515
175881, 2515
280786, 2515
213762, 2513
232400, 2513
254301, 2513
265738, 2513
91162, 2509
116663, 2509
166560, 2509
171902, 2509
232596, 2509
289730, 2509
103317, 2508
267202, 2508
48948, 2496
61889, 2496
78718, 2496
86061, 2496
128642, 2496
161503, 2482
60743, 2476
86333, 2476
90014, 2476
149330, 2476
178867, 2476
132555, 2466
108184, 2462
267289, 2462
106173, 2456
161028, 2452
29789, 2447
39691, 2447
75711, 2447
88606, 2447
94718, 2447
127620, 2447
149287, 2447
214389, 2447
237715, 2447
69191, 2435
88780, 2435
131685, 2435
144812, 2435
152213, 2435
159687, 2435
165363, 2435
54622, 2432
172656, 2432
114566, 2420
151198, 2420
242857, 2420
194325, 2418
273123, 2405
41686, 2400
138733, 2400
247479, 2400
259402, 2400
205774, 2399
44678, 2396
104297, 2390
117807, 2390
125694, 2390
221560, 2390
116732, 2389
128202, 2389
202753, 2389
189510, 2388
272355, 2379
175798, 2378
118473, 2371
61509, 2370
88563, 2370
122158, 2370
203602, 2370
217019, 2370
220528, 2370
227132, 2370
240481, 2370
127357, 2368
191906, 2368
235695, 2368
79862, 2364
131358, 2363
126910, 2360
141932, 2355
64966, 2354
69181, 2354
79294, 2354
93846, 2354
94689, 2354
98537, 2354
111332, 2354
113083, 2354
125564, 2354
126952, 2354
133598, 2354
151905, 2354
180087, 2354
185184, 2354
217529, 2354
240482, 2354
286361, 2354
278239, 2351
112541, 2349
122692, 2349
81488, 2346
233666, 2346
149030, 2345
165400, 2345
180004, 2345
236556, 2345
43709, 2340
118618, 2334
266152, 2334
172522, 2333
103132, 2331
144672, 2329
162173, 2329
57049, 2326
286536, 2326
95107, 2323
117117, 2323
238394, 2323
178931, 2319
95771, 2316
285833, 2316
215020, 2315
249476, 2315
21570, 2313
27376, 2313
28929, 2313
30000, 2313
34207, 2313
36419, 2313
43294, 2313
48290, 2313
62197, 2313
62395, 2313
69746, 2313
75290, 2313
80843, 2313
83698, 2313
86014, 2313
95946, 2313
107568, 2313
107772, 2313
117836, 2313
122024, 2313
131793, 2313
155670, 2313
175194, 2313
180398, 2313
184762, 2313
223402, 2313
266569, 2313
267639, 2313
291005, 2313
292941, 2313
109006, 2308
263021, 2308
194163, 2300
209105, 2300
237221, 2300
187082, 2297
137304, 2296
177674, 2295
70810, 2294
176466, 2294
293761, 2294
62171, 2293
96020, 2293
178835, 2293
209848, 2293
213866, 2293
273097, 2293
275106, 2293
210771, 2290
246473, 2290
48346, 2286
69233, 2284
134373, 2284
219979, 2284
245431, 2284
269705, 2284
276009, 2284
240688, 2280
246082, 2280
116632, 2279
215934, 2279
241991, 2279
261247, 2279
71193, 2278
180529, 2267
50968, 2253
107362, 2253
201689, 2253
273761, 2253
235507, 2252
289407, 2252
183142, 2245
240605, 2242
257788, 2242
214949, 2240
250739, 2233
52210, 2231
229714, 2231
240847, 2231
144053, 2227
45235, 2224
149389, 2224
144792, 2217
73001, 2216
19585, 2214
162444, 2214
203005, 2214
279614, 2213
59282, 2208
218754, 2208
117773, 2204
56550, 2198
275710, 2198
163062, 2196
255530, 2196
288021, 2196
36028, 2194
83395, 2194
16541, 2193
18904, 2193
39617, 2193
269968, 2193
130526, 2191
166832, 2189
285831, 2184
127126, 2183
204083, 2182
271422, 2182
50221, 2178
59391, 2178
223406, 2178
148404, 2174
221912, 2174
245190, 2174
289726, 2166
152438, 2162
58683, 2160
144657, 2160
221608, 2160
238131, 2160
264552, 2160
58623, 2154
261206, 2154
79802, 2150
29608, 2148
253592, 2142
184066, 2136
149265, 2130
202250, 2130
92226, 2126
122010, 2126
145914, 2126
263475, 2126
294788, 2126
136358, 2122
137868, 2121
106520, 2108
123938, 2108
155808, 2097
197299, 2097
214798, 2097
71738, 2094
40989, 2087
65702, 2083
151268, 2083
185817, 2083
220822, 2083
232970, 2083
237134, 2083
241073, 2083
269867, 2083
59218, 2076
237273, 2075
241413, 2075
235138, 2073
66241, 2068
70681, 2062
88551, 2062
105055, 2062
170288, 2062
187512, 2062
250352, 2062
79389, 2058
180373, 2053
117069, 2052
152530, 2052
182913, 2052
206442, 2052
232214, 2052
269779, 2052
273742, 2052
50879, 2051
95584, 2051
107409, 2051
160945, 2051
220275, 2051
235495, 2051
242208, 2051
279241, 2051
295697, 2051
133185, 2041
225609, 2037
272726, 2037
125909, 2036
292445, 2035
211490, 2030
241741, 2030
271012, 2030
234188, 2024
254631, 2019
240776, 2018
293725, 2018
123489, 2010
179902, 2010
186552, 2010
216393, 2010
270648, 2010
139492, 2004
265240, 2003
235942, 1996
217670, 1994
245174, 1993
283382, 1987
174161, 1983
145148, 1980
155693, 1976
290764, 1976
294584, 1976
142280, 1975
158660, 1975
109991, 1974
228985, 1974
12241, 1967
130746, 1960
134287, 1960
168262, 1960
216410, 1960
248467, 1960
265584, 1960
42785, 1958
191264, 1957
235201, 1957
252425, 1957
103675, 1954
196599, 1954
202870, 1953
241180, 1953
171412, 1951
124760, 1942
82672, 1932
21787, 1931
38013, 1931
121131, 1927
160608, 1920
14103, 1916
131292, 1916
118824, 1913
198586, 1913
241643, 1913
280914, 1913
185455, 1910
247233, 1910
292539, 1910
63759, 1906
172079, 1906
240577, 1906
109487, 1905
14732, 1891
277857, 1891
42939, 1885
55226, 1885
81222, 1885
88339, 1885
91098, 1885
125786, 1885
144701, 1885
155021, 1885
168070, 1885
224469, 1885
241502, 1885
217187, 1884
186136, 1883
231892, 1883
294021, 1881
93066, 1879
49521, 1878
83398, 1878
183606, 1877
197519, 1875
236872, 1866
163891, 1862
257193, 1861
122560, 1860
267763, 1860
142656, 1858
180260, 1858
187197, 1858
221606, 1858
253833, 1858
252907, 1856
261250, 1853
278042, 1853
281684, 1853
288492, 1853
42897, 1852
83486, 1852
201819, 1852
250361, 1852
234747, 1851
35877, 1850
256709, 1847
69860, 1843
74437, 1843
86135, 1843
262933, 1842
247333, 1838
151605, 1837
183616, 1837
184341, 1837
165104, 1836
139875, 1833
143102, 1831
208026, 1831
40084, 1829
58181, 1829
112603, 1829
116697, 1829
187600, 1829
205292, 1829
235454, 1829
258451, 1828
80312, 1818
129911, 1818
149675, 1818
163887, 1818
168608, 1818
178889, 1818
180097, 1818
181322, 1818
186641, 1818
217072, 1818
245296, 1818
276124, 1818
276485, 1816
269760, 1813
259048, 1812
250332, 1806
240955, 1802
270579, 1801
133877, 1794
285378, 1794
89917, 1790
34627, 1783
35628, 1781
110127, 1781
191192, 1781
240554, 1781
216936, 1778
221502, 1778
228613, 1778
185831, 1772
215281, 1772
80462, 1771
90796, 1769
74233, 1765
85404, 1765
129158, 1765
237385, 1765
240240, 1763
255428, 1763
194826, 1762
214474, 1762
175679, 1760
264126, 1760
162086, 1758
245922, 1756
280795, 1756
116072, 1755
288999, 1754
74481, 1753
93736, 1753
229841, 1753
286916, 1753
33259, 1749
260581, 1749
177475, 1748
152858, 1747
83177, 1746
149872, 1746
114699, 1742
39157, 1738
108909, 1730
198523, 1730
233852, 1730
246289, 1730
257341, 1730
294895, 1730
153564, 1729
202516, 1729
292096, 1729
154930, 1728
186756, 1728
194439, 1728
229541, 1728
230298, 1728
166811, 1726
173098, 1726
63661, 1723
121734, 1723
253922, 1723
272102, 1723
124478, 1721
222997, 1720
251964, 1720
266450, 1720
282651, 1719
75593, 1715
173541, 1715
178139, 1713
221895, 1712
279695, 1712
34614, 1711
109493, 1709
160840, 1709
177929, 1709
235730, 1709
255265, 1709
284750, 1709
244913, 1708
84748, 1707
146035, 1707
246670, 1707
34936, 1706
253105, 1705
208599, 1702
255278, 1702
290492, 1700
143636, 1699
146806, 1694
150279, 1694
285047, 1694
170454, 1689
268262, 1689
284839, 1689
288131, 1687
32056, 1684
132078, 1684
134304, 1684
187039, 1684
209275, 1684
212545, 1684
235517, 1684
259423, 1684
262693, 1684
278997, 1684
19777, 1683
118326, 1683
266571, 1683
167622, 1682
183941, 1680
47902, 1678
115607, 1678
25041, 1677
92529, 1677
143884, 1676
164561, 1675
200813, 1675
13851, 1673
91307, 1673
215829, 1671
42999, 1669
93132, 1666
144021, 1666
155322, 1666
170273, 1666
188576, 1666
207877, 1666
266261, 1666
216772, 1662
56590, 1660
70450, 1660
214183, 1660
284841, 1660
185842, 1659
67270, 1656
101351, 1655
77581, 1654
86420, 1654
160858, 1654
136922, 1652
168384, 1650
136956, 1649
143041, 1649
191482, 1649
220928, 1649
281408, 1649
33987, 1648
50271, 1648
178158, 1648
239986, 1648
248460, 1648
261000, 1648
276573, 1648
12775, 1647
21727, 1647
69061, 1647
81677, 1647
101002, 1647
123738, 1647
140458, 1647
147239, 1647
207505, 1647
216319, 1647
251509, 1647
99375, 1642
221229, 1642
118270, 1639
251702, 1639
104992, 1638
258029, 1638
284309, 1638
115353, 1634
137788, 1634
147946, 1634
151648, 1634
197343, 1634
224795, 1634
124188, 1627
260745, 1627
256044, 1625
91142, 1622
269092, 1619
164127, 1617
250640, 1617
80504, 1616
183569, 1616
217952, 1616
225978, 1616
83900, 1611
231775, 1611
246489, 1611
35250, 1609
140575, 1605
170520, 1605
231751, 1605
111565, 1603
120065, 1603
215323, 1603
294746, 1603
194935, 1602
171200, 1601
171909, 1600
183900, 1600
277417, 1600
253920, 1599
99731, 1598
189099, 1598
204379, 1598
282612, 1598
157321, 1596
122636, 1594
202292, 1594
273099, 1594
40422, 1593
71654, 1593
119276, 1593
146952, 1593
169319, 1593
219275, 1593
249944, 1593
278687, 1593
24786, 1591
26037, 1591
57089, 1591
67883, 1591
76795, 1591
93550, 1591
99954, 1591
105675, 1591
165827, 1591
187441, 1591
193534, 1591
202554, 1591
202782, 1591
221050, 1591
233203, 1591
234127, 1591
254455, 1591
285724, 1591
60282, 1589
168176, 1589
209369, 1589
73517, 1586
210933, 1586
284846, 1586
252049, 1585
56799, 1584
63795, 1584
89824, 1584
97415, 1584
126932, 1584
176716, 1584
195219, 1584
245573, 1584
274580, 1584
212613, 1577
215720, 1576
93381, 1574
106220, 1574
126598, 1574
142618, 1574
149435, 1574
177917, 1574
180527, 1574
191675, 1574
224253, 1574
241984, 1574
257701, 1574
295602, 1574
232025, 1571
274276, 1571
224086, 1569
100967, 1568
126430, 1568
161301, 1568
70846, 1567
168527, 1567
218822, 1567
67123, 1565
246259, 1565
215913, 1563
130053, 1560
143429, 1560
239503, 1560
275981, 1560
14207, 1558
42836, 1558
180035, 1558
224119, 1558
272959, 1558
289183, 1558
65921, 1556
148912, 1556
186286, 1556
187367, 1556
247739, 1556
266582, 1556
59840, 1553
75281, 1553
101491, 1553
113321, 1553
227886, 1553
260122, 1553
285774, 1553
14547, 1552
65955, 1552
45817, 1551
126558, 1551
192053, 1551
200063, 1551
200522, 1551
202329, 1551
212971, 1551
218187, 1551
225018, 1551
227348, 1551
243710, 1551
244235, 1551
251494, 1551
270379, 1551
289628, 1551
111929, 1548
29250, 1547
50112, 1547
52113, 1547
61158, 1547
111575, 1547
114725, 1547
119703, 1547
208146, 1547
213166, 1547
232457, 1547
262903, 1547
72608, 1545
289632, 1543
96518, 1542
291337, 1542
14221, 1541
54290, 1541
186570, 1541
86706, 1540
170930, 1540
207413, 1540
236843, 1540
294644, 1540
296311, 1540
95802, 1539
41456, 1538
56158, 1538
111844, 1538
115033, 1538
154123, 1538
167077, 1538
285361, 1538
97688, 1531
100362, 1531
103071, 1531
109247, 1531
109715, 1531
124992, 1531
140401, 1531
148336, 1531
150222, 1531
154539, 1531
157212, 1531
194050, 1531
198839, 1531
214873, 1531
220828, 1531
225045, 1531
232122, 1531
256940, 1531
258164, 1531
268273, 1531
276272, 1531
286987, 1531
288418, 1531
290046, 1531
248790, 1528
139044, 1527
184348, 1525
226271, 1523
192976, 1519
29368, 1518
128585, 1518
196610, 1518
211201, 1518
274797, 1518
238112, 1517
257876, 1517
242451, 1516
124612, 1510
53942, 1508
167764, 1508
178937, 1508
235715, 1508
273609, 1508
35242, 1507
72995, 1507
88538, 1507
113028, 1507
136078, 1507
174432, 1507
210228, 1507
240398, 1507
242225, 1507
258026, 1507
290881, 1507
293091, 1507
59462, 1505
98659, 1505
223468, 1505
118379, 1504
200460, 1504
259060, 1504
157625, 1503
113844, 1502
290165, 1502
153962, 1499
147872, 1496
165214, 1496
277741, 1494
275369, 1492
264052, 1488
14562, 1487
37380, 1487
42576, 1487
42582, 1487
47636, 1487
50803, 1487
55393, 1487
56988, 1487
57555, 1487
57986, 1487
58597, 1487
59347, 1487
61868, 1487
66037, 1487
68040, 1487
75009, 1487
85112, 1487
85593, 1487
87730, 1487
88319, 1487
96541, 1487
99190, 1487
110637, 1487
112115, 1487
119074, 1487
131500, 1487
134972, 1487
144973, 1487
148187, 1487
151972, 1487
154662, 1487
166423, 1487
166790, 1487
169370, 1487
171155, 1487
174595, 1487
183580, 1487
188956, 1487
194491, 1487
194678, 1487
198414, 1487
200323, 1487
216556, 1487
227491, 1487
228951, 1487
229431, 1487
229692, 1487
232634, 1487
235062, 1487
239140, 1487
246524, 1487
251269, 1487
256288, 1487
257569, 1487
261912, 1487
273026, 1487
283589, 1487
228276, 1486
5996, 1484
26219, 1484
31489, 1484
37069, 1484
44236, 1484
68591, 1484
72154, 1484
78339, 1484
109068, 1484
138171, 1484
180564, 1484
205545, 1484
226400, 1484
232939, 1484
237279, 1484
239513, 1484
240865, 1484
248712, 1484
39719, 1483
259581, 1483
195915, 1481
155456, 1478
209486, 1478
95390, 1477
120277, 1477
125334, 1477
173429, 1477
149049, 1476
201939, 1476
208961, 1476
214421, 1476
224913, 1476
226204, 1476
284655, 1476
288651, 1474
287695, 1472
209622, 1471
53290, 1470
93010, 1470
178505, 1467
233974, 1467
260946, 1467
50265, 1466
58487, 1466
162719, 1466
167563, 1466
172128, 1466
280468, 1466
243833, 1464
41443, 1462
83626, 1462
105448, 1462
114911, 1462
172943, 1462
177650, 1462
220137, 1462
229929, 1462
226906, 1460
208834, 1457
206768, 1456
9818, 1455
66597, 1455
149627, 1455
154777, 1455
111586, 1451
270685, 1451
287119, 1451
288107, 1448
12996, 1447
118798, 1447
154762, 1447
244317, 1447
277571, 1447
60892, 1446
138252, 1446
195732, 1446
226046, 1446
31149, 1445
40148, 1445
63962, 1445
108865, 1445
153432, 1445
156649, 1445
169306, 1445
214899, 1445
233977, 1445
114624, 1444
171650, 1443
34720, 1441
51013, 1441
100476, 1437
142896, 1437
42559, 1435
52773, 1435
84301, 1435
100740, 1434
101075, 1434
267031, 1434
227619, 1433
244993, 1433
119723, 1431
125973, 1431
245819, 1431
251354, 1431
58961, 1430
146235, 1430
226290, 1430
6122, 1427
176015, 1427
154071, 1423
49350, 1420
74689, 1420
277223, 1420
240184, 1419
257400, 1418
47789, 1415
57851, 1415
69091, 1415
71346, 1415
95604, 1415
116576, 1415
125731, 1415
126498, 1415
135572, 1415
138573, 1415
150410, 1415
175335, 1415
181670, 1415
183230, 1415
187517, 1415
245534, 1415
266738, 1415
134292, 1412
210765, 1412
223929, 1412
253290, 1412
24514, 1409
4241, 1407
57988, 1407
135103, 1407
143899, 1407
173112, 1407
187866, 1407
194241, 1407
197746, 1407
260272, 1407
278499, 1407
228720, 1406
14672, 1404
20724, 1404
94200, 1404
141809, 1404
223580, 1404
281345, 1404
152734, 1403
196039, 1403
202890, 1403
201599, 1402
281436, 1402
127818, 1398
106499, 1395
138769, 1395
220165, 1395
225285, 1395
266251, 1395
282370, 1395
161746, 1393
276847, 1392
61568, 1391
273521, 1391
55120, 1390
141961, 1390
171678, 1389
137057, 1388
191115, 1387
258269, 1387
281394, 1387
126803, 1386
85733, 1383
238352, 1380
32781, 1378
64297, 1377
143610, 1377
52494, 1374
105434, 1374
139572, 1374
147590, 1374
192238, 1374
279123, 1374
273115, 1372
30307, 1371
64209, 1371
123675, 1371
143269, 1371
151899, 1371
162732, 1371
176191, 1371
201486, 1371
203734, 1371
211635, 1371
218807, 1371
228807, 1371
239106, 1371
194927, 1369
264570, 1369
237057, 1368
238505, 1368
246703, 1368
287539, 1368
200318, 1363
157749, 1362
161105, 1361
159986, 1359
199433, 1359
199731, 1358
2072, 1357
77426, 1357
160272, 1357
176091, 1357
221324, 1357
247524, 1357
188654, 1355
233096, 1355
21634, 1353
69195, 1353
72088, 1353
106603, 1353
141978, 1353
226861, 1353
296568, 1353
21428, 1352
35088, 1352
272328, 1352
239878, 1351
65940, 1348
129974, 1344
251621, 1344
25136, 1343
53388, 1343
147958, 1343
207347, 1342
221779, 1342
153025, 1339
294289, 1338
226172, 1336
49927, 1335
59176, 1335
108141, 1335
115636, 1335
121014, 1335
127078, 1335
191643, 1335
281800, 1329
124702, 1328
148588, 1328
153234, 1328
194912, 1328
195207, 1328
255123, 1327
62423, 1326
80033, 1326
108117, 1326
176058, 1325
29285, 1322
57511, 1322
79608, 1322
94465, 1322
96815, 1322
137352, 1322
167530, 1322
184989, 1322
265514, 1322
268104, 1322
289782, 1322
82790, 1319
115850, 1319
190908, 1319
127383, 1318
140441, 1318
296220, 1318
67641, 1313
117731, 1313
285639, 1313
108273, 1312
177723, 1312
286957, 1312
265711, 1310
35406, 1309
113907, 1309
68611, 1308
96285, 1308
138207, 1308
177534, 1308
286684, 1308
86609, 1307
49625, 1304
210047, 1304
95073, 1303
169332, 1303
170987, 1303
185080, 1303
263514, 1303
292979, 1303
61322, 1302
141195, 1302
170679, 1302
198835, 1302
202988, 1302
224715, 1302
242916, 1302
227176, 1301
294148, 1300
292560, 1299
241852, 1298
98007, 1296
189506, 1296
193313, 1296
216236, 1296
244622, 1296
249159, 1296
251178, 1296
94112, 1294
245803, 1294
16638, 1292
48908, 1292
53651, 1292
88477, 1292
137561, 1292
140346, 1292
142063, 1292
148041, 1292
157208, 1292
186319, 1292
229167, 1292
238818, 1292
250261, 1292
279714, 1292
295744, 1292
47913, 1290
257538, 1288
63616, 1283
123077, 1283
177336, 1283
214657, 1283
224166, 1283
258140, 1283
138023, 1282
135454, 1281
163255, 1281
125247, 1280
266987, 1280
16396, 1277
253184, 1277
242982, 1275
27447, 1274
116239, 1274
122541, 1274
47526, 1270
175988, 1270
220361, 1270
224770, 1270
224881, 1270
279064, 1270
289449, 1266
216880, 1265
194005, 1264
259716, 1264
30904, 1262
93203, 1262
295036, 1262
262162, 1261
283197, 1260
68686, 1259
130846, 1258
156543, 1258
261073, 1258
212377, 1256
80862, 1255
176084, 1255
180654, 1255
135505, 1251
159579, 1251
269115, 1251
16992, 1250
50596, 1249
169049, 1246
68069, 1245
7671, 1240
62454, 1240
187454, 1240
295843, 1240
180311, 1239
244424, 1239
6657, 1238
223212, 1238
284726, 1238
8053, 1235
259251, 1235
44481, 1234
220904, 1233
31549, 1231
138910, 1231
288215, 1231
122645, 1230
217185, 1230
13349, 1227
25150, 1225
93377, 1224
193966, 1222
211484, 1222
207612, 1219
293044, 1219
212085, 1216
212459, 1216
283950, 1214
55191, 1213
144975, 1213
185637, 1212
95879, 1211
231964, 1208
86555, 1207
90553, 1207
152874, 1207
154011, 1207
245685, 1207
157515, 1203
223939, 1203
245585, 1203
246904, 1203
254932, 1203
205307, 1202
149730, 1198
206213, 1198
215459, 1198
216887, 1198
252881, 1191
279061, 1189
277562, 1186
109727, 1184
207958, 1184
235676, 1183
83737, 1182
85140, 1182
180864, 1182
131266, 1181
206192, 1181
289605, 1181
199795, 1179
187758, 1176
74048, 1175
96540, 1175
32370, 1172
141713, 1172
162954, 1172
55636, 1170
58176, 1170
172864, 1170
193587, 1168
76878, 1166
34057, 1164
138627, 1164
23285, 1163
255611, 1163
159319, 1160
187091, 1160
224046, 1160
233289, 1160
258338, 1160
271145, 1160
282541, 1159
168510, 1158
56314, 1155
145770, 1155
198193, 1155
199497, 1155
219738, 1152
38499, 1150
209326, 1149
231478, 1149
232956, 1149
293951, 1149
161875, 1147
248886, 1147
228744, 1145
284157, 1144
247811, 1143
65621, 1140
83101, 1140
100589, 1140
103770, 1140
120182, 1140
125959, 1140
160178, 1140
72991, 1135
99633, 1135
200372, 1135
238271, 1135
278542, 1135
279796, 1135
290331, 1135
97576, 1133
19551, 1131
46326, 1131
89479, 1131
92276, 1131
26197, 1129
27302, 1129
63683, 1129
69848, 1129
128376, 1129
146312, 1129
172763, 1129
180054, 1129
180243, 1129
180744, 1129
183549, 1129
185426, 1129
206349, 1129
207466, 1129
211889, 1129
224990, 1129
231671, 1129
265268, 1129
126551, 1128
195645, 1127
226087, 1125
230001, 1125
57800, 1124
126110, 1123
133727, 1123
254960, 1122
259077, 1122
164112, 1121
63775, 1120
201865, 1120
196262, 1117
233566, 1117
282471, 1117
163314, 1116
178544, 1116
41606, 1112
48067, 1112
124176, 1112
142241, 1112
150979, 1112
190504, 1112
225895, 1112
242709, 1112
122318, 1109
147011, 1109
144110, 1108
203466, 1108
214754, 1104
281143, 1104
48761, 1103
70160, 1103
85843, 1103
70948, 1102
47298, 1101
71926, 1101
68120, 1100
69913, 1100
92324, 1100
95548, 1100
100481, 1100
115350, 1100
130822, 1100
142788, 1100
155556, 1100
176780, 1100
199592, 1100
243401, 1100
100377, 1099
270789, 1099
273546, 1099
70666, 1097
92544, 1097
128214, 1097
132153, 1097
162081, 1097
201388, 1097
270815, 1097
36931, 1096
71989, 1096
83111, 1096
94563, 1096
107968, 1096
162898, 1096
169846, 1096
179340, 1096
188191, 1096
198286, 1096
206582, 1096
222545, 1096
233761, 1096
245068, 1096
262647, 1096
265347, 1096
92719, 1095
54414, 1094
275906, 1094
48281, 1093
50201, 1093
123173, 1093
137247, 1093
287685, 1093
92112, 1092
178873, 1092
184599, 1092
199619, 1092
238938, 1092
290894, 1092
183876, 1091
197719, 1091
56437, 1090
79693, 1090
89110, 1090
215807, 1090
241551, 1090
264680, 1090
284881, 1090
82661, 1089
98930, 1089
124991, 1089
166772, 1089
224812, 1089
250816, 1089
278802, 1089
284040, 1089
188513, 1088
248837, 1087
101791, 1084
158702, 1083
171079, 1083
270138, 1083
294118, 1083
122354, 1082
225889, 1082
40595, 1081
49571, 1081
102589, 1081
116807, 1081
170090, 1081
207363, 1081
294395, 1081
267468, 1077
81387, 1075
147435, 1075
150710, 1075
195767, 1075
196161, 1075
203452, 1075
208685, 1075
208710, 1075
219891, 1075
277723, 1075
245666, 1072
11345, 1071
55608, 1071
56960, 1071
62549, 1071
88700, 1071
101811, 1071
114050, 1071
115918, 1071
118952, 1071
123407, 1071
126918, 1071
135643, 1071
142671, 1071
144327, 1071
198630, 1071
265357, 1071
22481, 1070
82887, 1070
138228, 1070
209669, 1070
244559, 1070
21064, 1069
42647, 1069
122569, 1069
124570, 1069
232716, 1069
259556, 1067
58398, 1066
69224, 1066
78039, 1066
146122, 1066
196060, 1066
206372, 1066
35725, 1065
95515, 1065
130910, 1065
131615, 1065
205580, 1065
245327, 1065
148239, 1064
141004, 1063
191622, 1063
116886, 1062
93592, 1061
251050, 1061
264160, 1061
70220, 1059
74476, 1059
129966, 1059
219387, 1059
233494, 1059
102001, 1058
174852, 1058
79864, 1056
92407, 1056
97761, 1054
172354, 1054
184840, 1054
226094, 1054
252078, 1054
252123, 1054
11921, 1053
74066, 1052
81197, 1052
159848, 1052
60703, 1050
103651, 1050
106323, 1050
125294, 1050
138010, 1050
277891, 1050
293711, 1050
88218, 1044
182498, 1041
258720, 1041
80062, 1040
94146, 1040
99549, 1040
141482, 1040
177111, 1040
216251, 1040
227336, 1040
23206, 1038
247742, 1038
197080, 1036
234645, 1036
292039, 1036
197530, 1032
288062, 1032
48539, 1030
242046, 1030
233707, 1028
268294, 1028
292143, 1028
35578, 1027
90169, 1027
131591, 1025
295129, 1025
151591, 1024
234113, 1024
164022, 1021
270598, 1021
284235, 1021
177498, 1020
85669, 1019
111572, 1016
200433, 1016
243238, 1016
256558, 1016
125313, 1013
140457, 1013
169310, 1013
177587, 1013
191189, 1013
206520, 1013
218353, 1013
276290, 1013
181860, 1012
46660, 1011
287658, 1011
18688, 1010
89787, 1010
133523, 1010
290210, 1010
141377, 1008
166243, 1008
184640, 1008
234234, 1008
257571, 1008
261774, 1008
263859, 1008
21077, 1007
114031, 1007
269824, 1007
281815, 1004
127208, 1003
146120, 1002
208660, 1002
227969, 1002
243144, 1001
92337, 1000
111031, 1000
154989, 1000
186437, 1000
203366, 1000
217109, 1000
228038, 1000
240598, 1000
258758, 1000
272703, 1000
