67451, 121091
74703, 121091
80655, 121091
82126, 121091
82375, 121091
82876, 121091
85511, 121091
89325, 121091
90085, 121091
92016, 121091
95549, 121091
100134, 121091
100183, 121091
102013, 121091
104564, 121091
106089, 121091
107536, 121091
108479, 121091
109163, 121091
116693, 121091
119000, 121091
125473, 121091
125716, 121091
127021, 121091
127610, 121091
129109, 121091
130327, 121091
132429, 121091
136783, 121091
138785, 121091
138974, 121091
145316, 121091
155627, 121091
167110, 121091
202717, 121091
233448, 121091
262111, 121091
