59560, 124190
86867, 124190
130087, 124190
139585, 124190
141030, 124190
144999, 124190
149525, 124190
151299, 124190
163522, 124190
167512, 124190
180667, 124190
226900, 124190
257748, 124190
260036, 124190
132772, 113917
183295, 113917
37803, 4417
40436, 4417
40773, 4417
73688, 4417
81609, 4417
94487, 4417
117022, 4417
125633, 4417
142553, 4417
158373, 4417
168778, 4417
195148, 4417
197584, 4417
198966, 4417
204777, 4417
235338, 4417
239101, 4417
240802, 4417
242664, 4417
254369, 4417
275373, 4417
284473, 4417
168158, 4363
182489, 4363
268653, 4363
288145, 4363
85270, 4331
156429, 4331
163375, 4331
168152, 4331
208893, 4331
228573, 4331
234485, 4331
257244, 4331
264431, 4331
275667, 4331
278683, 4331
28874, 4235
47037, 4235
70984, 4235
92603, 4235
113407, 4235
125545, 4235
133562, 4235
148109, 4235
150589, 4235
155150, 4235
176499, 4235
196031, 4235
258908, 4235
259451, 4235
270465, 4235
54752, 4232
64362, 4232
95691, 4232
114674, 4232
135062, 4232
143197, 4232
153504, 4232
181219, 4232
183204, 4232
193288, 4232
204546, 4232
223730, 4232
240258, 4232
260335, 4232
260714, 4232
265837, 4232
271268, 4232
273279, 4232
110394, 4230
136023, 4230
284718, 4230
57336, 4217
58882, 4217
78636, 4217
79648, 4217
85534, 4217
93821, 4217
102331, 4217
107351, 4217
110088, 4217
123137, 4217
131046, 4217
145898, 4217
148876, 4217
158902, 4217
169717, 4217
171507, 4217
197165, 4217
216931, 4217
231466, 4217
233154, 4217
237910, 4217
249699, 4217
276557, 4217
15192, 4213
43021, 4213
79663, 4213
131359, 4213
136399, 4213
141414, 4213
152688, 4213
165197, 4213
191636, 4213
195287, 4213
202982, 4213
203275, 4213
232513, 4213
236680, 4213
247839, 4213
279230, 4213
37936, 4210
96936, 4210
138718, 4210
174991, 4210
216227, 4210
223344, 4210
231749, 4210
259372, 4210
274400, 4210
48905, 4200
59299, 4200
98393, 4200
132333, 4200
173647, 4200
272895, 4200
111355, 4191
126214, 4191
128445, 4191
139425, 4191
148855, 4191
161544, 4191
177158, 4191
186220, 4191
186906, 4191
189238, 4191
200202, 4191
201603, 4191
211096, 4191
211195, 4191
212835, 4191
221947, 4191
234238, 4191
250225, 4191
256654, 4191
257480, 4191
261748, 4191
283160, 4191
285239, 4191
121063, 4182
150969, 4182
243868, 4182
33904, 4170
161382, 4170
184381, 4170
20029, 4160
30079, 4160
84793, 4160
179984, 4160
256720, 4160
94517, 4156
95182, 4156
111696, 4156
124823, 4156
137745, 4156
194914, 4156
213664, 4156
216329, 4156
243859, 4156
268121, 4156
276868, 4156
289840, 4156
295403, 4156
42315, 4147
31010, 4145
69041, 4145
83276, 4145
114707, 4145
138804, 4145
155889, 4145
219859, 4145
259069, 4145
271433, 4145
272431, 4145
276268, 4145
111254, 4109
142733, 4109
154128, 4109
159799, 4109
192184, 4109
239331, 4109
85296, 4105
99546, 4105
148765, 4105
158636, 4105
166542, 4105
199775, 4105
239852, 4105
265918, 4105
271678, 4105
278720, 4105
285576, 4105
288653, 4105
291782, 4105
243122, 4093
50033, 4084
26742, 4062
72895, 4062
102630, 4062
134879, 4062
150151, 4062
178910, 4062
181132, 4062
184775, 4062
219811, 4062
228630, 4062
82270, 4033
184843, 4033
245943, 4033
292439, 4033
85831, 4032
126252, 4032
130043, 4032
164435, 4032
207177, 4032
227661, 4032
230195, 4032
287275, 4028
119708, 4025
131020, 4025
123212, 4017
221519, 4017
224838, 4017
236900, 4017
279049, 4017
54998, 4010
84715, 4010
126940, 4010
260440, 4010
262587, 4010
133325, 4006
236958, 4006
242156, 4006
273227, 4006
62393, 3993
90287, 3993
124440, 3993
175178, 3993
214198, 3993
265265, 3993
282212, 3993
292284, 3993
293340, 3993
52524, 3984
57206, 3984
82678, 3984
100859, 3984
146550, 3984
146760, 3984
154889, 3984
155964, 3984
164376, 3984
183296, 3984
226571, 3984
231943, 3984
236513, 3984
239562, 3984
240101, 3984
242013, 3984
253991, 3984
273404, 3984
285567, 3984
292870, 3984
295185, 3984
153354, 3965
246291, 3965
256386, 3965
68774, 3955
131600, 3955
156344, 3955
108468, 3944
150689, 3944
152963, 3944
215008, 3944
295741, 3944
31056, 3925
64621, 3925
88986, 3925
107820, 3925
127600, 3925
130157, 3925
158152, 3925
175823, 3925
197503, 3925
215138, 3925
223673, 3925
265709, 3925
17558, 3903
36339, 3903
112368, 3903
115062, 3903
129828, 3903
179697, 3903
188973, 3903
293071, 3903
18052, 3887
46322, 3887
99678, 3887
109280, 3887
152069, 3887
179832, 3887
230373, 3887
250542, 3887
145195, 3879
170301, 3879
210586, 3879
230321, 3879
236501, 3879
248936, 3879
249246, 3879
209748, 3852
222531, 3852
252988, 3852
19015, 3827
23882, 3827
47129, 3827
53530, 3827
118195, 3827
167911, 3827
220723, 3827
175670, 3817
178372, 3817
55789, 3816
165119, 3816
211939, 3816
216964, 3816
223093, 3816
17209, 3807
153420, 3807
263522, 3807
272665, 3807
288938, 3807
91798, 3795
112502, 3795
134869, 3795
182739, 3795
145284, 3778
108162, 3776
119244, 3776
135723, 3776
138874, 3776
159432, 3776
172653, 3776
202907, 3776
228761, 3776
11255, 3772
51657, 3772
78348, 3772
128510, 3772
139861, 3772
285569, 3772
92584, 3741
106883, 3741
122473, 3741
195050, 3741
55375, 3734
146639, 3734
167354, 3734
279033, 3734
290375, 3734
77441, 3706
134143, 3706
146679, 3706
236771, 3706
75408, 3699
189364, 3699
200201, 3699
220658, 3699
234609, 3699
268065, 3699
275005, 3699
49344, 3697
79749, 3697
208568, 3697
19879, 3672
22404, 3672
26320, 3672
42964, 3672
92254, 3672
100626, 3672
116398, 3672
118530, 3672
123525, 3672
177665, 3672
189935, 3672
196455, 3672
85722, 3669
106683, 3669
255114, 3669
294473, 3669
120368, 3667
128240, 3667
217197, 3662
114390, 3660
230251, 3660
243535, 3660
253621, 3660
256787, 3660
285483, 3660
291393, 3660
296233, 3660
169311, 3659
126526, 3654
147612, 3654
168587, 3654
205634, 3654
156273, 3651
178893, 3651
186590, 3651
229755, 3651
280844, 3651
296451, 3651
231730, 3649
239417, 3614
12540, 3612
96550, 3612
233886, 3612
253944, 3612
78141, 3610
148732, 3610
201714, 3610
215218, 3610
271534, 3610
296470, 3610
156920, 3605
158754, 3605
185656, 3605
53462, 3601
55162, 3601
70116, 3601
98620, 3601
152253, 3601
156526, 3601
160085, 3601
283118, 3601
113951, 3592
67925, 3583
74583, 3583
116694, 3583
134396, 3583
139969, 3583
162962, 3583
172960, 3583
174839, 3583
184603, 3583
190723, 3583
194451, 3583
199777, 3583
207250, 3583
211838, 3583
212574, 3583
215370, 3583
223908, 3583
224457, 3583
229763, 3583
253843, 3583
254775, 3583
259179, 3583
265997, 3583
278032, 3583
283162, 3583
287176, 3583
55653, 3575
199066, 3575
238718, 3575
31315, 3567
181117, 3567
58059, 3560
211311, 3560
286006, 3560
34487, 3557
225490, 3557
208739, 3555
48870, 3552
75444, 3545
110551, 3545
128160, 3545
128391, 3545
161148, 3545
167103, 3545
172282, 3545
221382, 3545
267855, 3545
294806, 3545
265854, 3529
142545, 3528
79349, 3526
98497, 3523
22586, 3516
195912, 3514
130383, 3508
159147, 3508
189512, 3508
200324, 3508
210979, 3508
222388, 3508
223540, 3508
224177, 3508
250224, 3508
258907, 3508
274551, 3508
292925, 3508
38954, 3495
83628, 3488
99408, 3488
121976, 3488
138616, 3488
239596, 3488
81158, 3478
83447, 3478
96401, 3478
99290, 3478
110130, 3478
144549, 3478
147175, 3478
194690, 3478
209976, 3478
221659, 3478
227972, 3478
236607, 3478
253269, 3478
261150, 3478
262298, 3478
265818, 3478
267519, 3478
276862, 3478
280269, 3478
293656, 3478
77408, 3471
140946, 3471
163757, 3471
262584, 3471
94350, 3460
120461, 3460
178027, 3460
211398, 3460
89923, 3456
154412, 3456
187318, 3456
198869, 3456
277516, 3456
98134, 3452
142874, 3452
280647, 3452
69251, 3450
78953, 3450
92738, 3450
158088, 3450
180809, 3450
236422, 3450
267339, 3450
120074, 3445
132365, 3445
174234, 3445
181141, 3445
195193, 3445
114377, 3426
166765, 3426
142888, 3425
131444, 3411
135611, 3411
154325, 3411
165864, 3411
188837, 3411
206970, 3411
232442, 3411
236494, 3411
244966, 3411
264413, 3411
272620, 3411
274629, 3411
291572, 3411
292135, 3411
79303, 3391
96729, 3391
150186, 3391
192075, 3391
204301, 3386
217696, 3386
272561, 3379
125603, 3378
293824, 3378
42190, 3376
51609, 3376
145401, 3376
261630, 3372
243885, 3371
193719, 3370
115250, 3369
202822, 3369
88536, 3353
280625, 3353
111639, 3343
121844, 3343
248379, 3343
293637, 3343
157929, 3341
162757, 3341
98533, 3324
121921, 3324
155227, 3324
115829, 3322
261115, 3322
7536, 3303
19098, 3303
49170, 3303
109676, 3303
125734, 3303
138553, 3303
210620, 3303
295743, 3303
57369, 3301
80377, 3301
63783, 3299
243429, 3299
249013, 3299
256040, 3299
289397, 3299
48691, 3297
20371, 3291
82243, 3291
104919, 3291
109969, 3291
162181, 3291
192421, 3291
224505, 3291
35317, 3290
129789, 3290
157173, 3290
260690, 3290
275545, 3290
277463, 3290
278503, 3290
279041, 3290
52280, 3285
278624, 3285
119612, 3283
192673, 3283
29435, 3266
81712, 3266
192609, 3266
259882, 3266
268481, 3266
275194, 3266
54445, 3257
41644, 3250
105211, 3250
140987, 3250
163665, 3250
175699, 3250
37476, 3247
62997, 3247
71974, 3247
93876, 3247
118047, 3247
171010, 3247
203653, 3247
277428, 3247
292578, 3247
295543, 3247
83994, 3245
209992, 3245
15256, 3216
84902, 3216
124462, 3216
90436, 3207
96170, 3207
131321, 3207
180159, 3207
200289, 3207
202766, 3207
211056, 3207
230033, 3207
266373, 3207
272116, 3207
290866, 3207
252396, 3204
83535, 3194
143060, 3171
87505, 3167
270510, 3167
153204, 3156
223833, 3156
234743, 3156
234919, 3156
260940, 3156
288100, 3154
176840, 3151
275117, 3151
161502, 3146
260814, 3146
74081, 3138
158632, 3138
182690, 3136
166867, 3112
60262, 3087
232132, 3087
89742, 3077
208945, 3062
33146, 3056
9608, 3053
128920, 3053
165323, 3052
115786, 3038
209552, 3038
246009, 3038
295459, 3038
56154, 3036
155547, 3036
256380, 3036
231681, 3034
101026, 3023
209672, 3023
237542, 3023
14438, 3015
203079, 3015
214362, 3015
51458, 3010
228049, 3010
14071, 2999
154146, 2999
154392, 2999
249218, 2999
72323, 2998
115593, 2998
151937, 2998
161929, 2998
180540, 2998
206158, 2998
243672, 2998
256889, 2998
48050, 2997
83789, 2997
126210, 2997
150541, 2997
240541, 2997
95822, 2995
277276, 2995
289278, 2995
4294, 2962
28822, 2962
29924, 2962
65737, 2962
82360, 2962
95327, 2962
241263, 2957
28455, 2956
283776, 2956
54176, 2943
67558, 2943
99126, 2943
137049, 2943
75474, 2919
78900, 2919
156886, 2919
147310, 2909
165021, 2909
239142, 2909
252688, 2909
295379, 2909
100281, 2885
230691, 2856
176554, 2852
187511, 2852
68168, 2825
237898, 2815
39263, 2811
234256, 2811
246453, 2811
232467, 2801
251812, 2801
54117, 2794
73788, 2794
130967, 2794
64619, 2784
77093, 2784
252345, 2784
291488, 2784
53172, 2783
247164, 2778
56462, 2773
69673, 2773
85135, 2769
136235, 2769
151145, 2769
210553, 2769
252739, 2769
275138, 2769
12764, 2746
141410, 2746
186431, 2746
209516, 2743
30722, 2740
45662, 2740
57828, 2740
77003, 2740
174467, 2740
226706, 2740
228097, 2740
281700, 2740
17247, 2738
37082, 2735
59397, 2735
108793, 2735
34832, 2734
89858, 2734
131617, 2727
164662, 2727
114086, 2726
131221, 2726
269395, 2726
162839, 2721
250729, 2721
251500, 2706
282348, 2706
109272, 2693
125970, 2693
284520, 2693
97309, 2691
151398, 2691
165809, 2691
182891, 2688
118113, 2686
124090, 2685
139283, 2685
147766, 2685
165285, 2685
169522, 2685
178753, 2685
180121, 2685
228917, 2685
231299, 2685
234026, 2685
273773, 2685
76970, 2683
156477, 2683
210185, 2683
226067, 2683
254150, 2679
258313, 2679
197825, 2678
271314, 2678
287979, 2668
132846, 2664
206203, 2656
190164, 2655
192932, 2652
153040, 2650
125487, 2648
132869, 2648
133972, 2648
180499, 2648
181101, 2648
181488, 2648
193053, 2648
218795, 2648
220559, 2648
225778, 2648
240914, 2648
253727, 2648
259019, 2648
276381, 2648
279057, 2648
281948, 2646
169674, 2645
170127, 2645
126938, 2640
215756, 2634
263866, 2634
5938, 2633
72668, 2633
97050, 2633
117097, 2631
8795, 2630
136404, 2630
161745, 2630
296099, 2630
165010, 2629
178946, 2629
60748, 2628
85689, 2628
89506, 2628
180096, 2628
181891, 2628
279077, 2628
279357, 2628
291375, 2628
201450, 2627
115737, 2618
119119, 2618
139711, 2618
146956, 2618
207417, 2618
257475, 2618
208243, 2617
246798, 2617
146210, 2616
252870, 2612
197022, 2610
273842, 2610
255120, 2607
155890, 2595
296090, 2595
216323, 2593
31964, 2582
66075, 2582
208089, 2582
239396, 2582
47326, 2578
47204, 2574
51952, 2573
192792, 2570
274812, 2570
22236, 2563
2209, 2561
48367, 2561
57253, 2558
205607, 2558
8581, 2555
240205, 2555
281230, 2555
205466, 2554
154318, 2548
259988, 2548
135013, 2546
267333, 2544
123321, 2543
131178, 2542
137917, 2542
22221, 2539
119483, 2535
120534, 2535
125403, 2535
207703, 2535
223649, 2535
240007, 2535
68577, 2533
166090, 2531
157391, 2529
118424, 2524
163199, 2524
168818, 2524
184652, 2524
207880, 2524
237448, 2524
257693, 2524
191777, 2519
157812, 2511
182430, 2511
218611, 2511
236875, 2511
277133, 2511
159310, 2507
295511, 2505
39055, 2497
164121, 2493
60793, 2486
92003, 2484
105388, 2484
192759, 2484
278937, 2484
12786, 2458
104665, 2458
169903, 2458
178407, 2457
265658, 2453
181171, 2452
130150, 2450
60393, 2440
102535, 2430
146302, 2430
179963, 2430
194142, 2430
276588, 2423
21465, 2421
73872, 2414
77706, 2414
115496, 2414
123533, 2414
190102, 2414
229999, 2414
242127, 2414
56894, 2411
136173, 2411
157317, 2411
158205, 2411
213880, 2411
226678, 2411
252604, 2411
249640, 2402
142965, 2401
214587, 2401
251515, 2401
133106, 2399
188491, 2399
268369, 2399
117525, 2397
121440, 2397
220709, 2397
281760, 2375
291598, 2375
105041, 2362
149262, 2362
146737, 2361
124126, 2344
227666, 2344
69542, 2333
144001, 2333
141173, 2332
189098, 2327
182116, 2321
49681, 2318
70499, 2318
92973, 2318
121337, 2308
128673, 2308
185663, 2308
248016, 2308
289483, 2308
190782, 2299
275025, 2299
137184, 2294
180193, 2294
187272, 2294
248353, 2294
280444, 2294
293680, 2294
41148, 2286
179770, 2285
181344, 2285
21546, 2280
47933, 2280
85231, 2280
197297, 2280
214710, 2280
112991, 2276
258962, 2276
16602, 2273
72274, 2273
79561, 2273
137105, 2273
141521, 2273
255349, 2273
285324, 2273
159096, 2271
170329, 2271
206719, 2271
246310, 2271
14355, 2268
141762, 2266
182105, 2263
66843, 2257
29559, 2253
122041, 2252
117996, 2247
202500, 2247
279988, 2247
187708, 2235
165780, 2228
91643, 2226
208256, 2226
269883, 2226
292854, 2226
155377, 2224
156877, 2224
227033, 2224
39222, 2217
55071, 2217
74126, 2217
106091, 2217
161978, 2217
234867, 2217
273766, 2217
140252, 2215
88903, 2212
228041, 2212
266209, 2212
208182, 2201
190594, 2188
225906, 2188
239627, 2183
155010, 2182
181387, 2182
281239, 2171
16430, 2166
6403, 2152
22612, 2152
179756, 2150
69755, 2149
224984, 2149
22571, 2148
17135, 2142
45436, 2142
53620, 2142
137841, 2142
158464, 2142
208476, 2142
36451, 2139
59647, 2139
196035, 2137
55693, 2136
149577, 2136
161881, 2136
196543, 2136
232065, 2136
266417, 2136
215186, 2130
202612, 2127
52187, 2114
104235, 2111
161915, 2111
158770, 2102
186509, 2101
280533, 2101
175619, 2086
256662, 2086
61053, 2085
25916, 2082
213364, 2078
93818, 2077
26654, 2075
240569, 2075
103046, 2072
109883, 2072
145095, 2072
172839, 2072
278590, 2072
50122, 2070
50448, 2070
60152, 2070
60691, 2070
66399, 2070
71981, 2070
122721, 2070
151208, 2070
16483, 2067
18228, 2067
61411, 2067
66494, 2067
19733, 2064
79239, 2064
248526, 2064
24868, 2060
104962, 2060
121857, 2060
149025, 2060
150429, 2060
214788, 2060
257211, 2060
260348, 2060
262925, 2060
266201, 2060
266736, 2060
273222, 2060
32008, 2054
32853, 2054
39588, 2054
42325, 2054
43713, 2054
45676, 2054
51571, 2054
56230, 2054
58392, 2054
58843, 2054
59038, 2054
68482, 2054
69586, 2054
86594, 2054
97055, 2054
282185, 2054
182002, 2053
104578, 2040
122083, 2032
217649, 2032
12362, 2027
52069, 2027
54947, 2027
64491, 2027
68919, 2027
69240, 2027
84201, 2027
87277, 2027
92008, 2027
94731, 2027
96264, 2027
96611, 2027
105580, 2027
119485, 2027
128499, 2027
131956, 2027
134990, 2027
145430, 2027
147695, 2027
149802, 2027
159836, 2027
166618, 2027
169359, 2027
171475, 2027
186796, 2027
213464, 2027
224213, 2027
232108, 2027
252099, 2027
272770, 2027
275591, 2027
278177, 2022
55600, 2020
148274, 2020
198308, 2020
210338, 2020
221319, 2020
239456, 2020
18449, 2013
9257, 2011
283322, 2011
295662, 2011
52467, 2010
173127, 2010
52031, 2008
81331, 2008
100782, 2008
148566, 2007
247093, 2002
194536, 1995
296009, 1995
70569, 1986
156855, 1980
37036, 1977
38214, 1977
50538, 1977
56533, 1977
56772, 1977
61410, 1977
267209, 1971
62708, 1967
148774, 1967
262524, 1966
104907, 1965
24510, 1958
165696, 1957
28805, 1955
30679, 1955
231818, 1955
278093, 1955
128294, 1951
200843, 1951
263196, 1951
50408, 1950
137855, 1933
173172, 1933
283391, 1933
141207, 1925
184895, 1923
233672, 1923
738, 1921
839, 1921
23722, 1921
25767, 1921
29131, 1921
32647, 1921
37912, 1921
65207, 1921
69016, 1921
77962, 1921
80069, 1921
85841, 1921
87080, 1921
111524, 1921
202826, 1921
204372, 1921
245086, 1921
20166, 1919
277617, 1919
64398, 1912
66463, 1912
41905, 1911
72602, 1911
183518, 1911
291499, 1911
46537, 1909
195633, 1901
14361, 1900
107735, 1900
147279, 1900
232226, 1900
17109, 1899
233497, 1899
55262, 1898
188563, 1894
286376, 1888
122154, 1887
123655, 1887
26446, 1886
105284, 1883
106638, 1883
123804, 1881
239531, 1881
295681, 1881
29773, 1880
148296, 1879
172174, 1879
222491, 1879
100511, 1877
47029, 1875
214964, 1875
245116, 1875
72008, 1874
107076, 1874
116120, 1874
167837, 1874
204256, 1874
279054, 1874
53426, 1872
61794, 1872
88103, 1872
127520, 1872
132895, 1872
180828, 1872
183555, 1872
210440, 1872
235582, 1871
260827, 1871
71783, 1869
84213, 1869
89200, 1869
83540, 1865
95852, 1865
227128, 1865
244127, 1865
80822, 1863
59746, 1857
94336, 1852
100743, 1848
141967, 1848
236762, 1848
279303, 1848
281066, 1848
29561, 1844
37979, 1835
167947, 1835
177821, 1835
187304, 1835
251291, 1835
269716, 1835
295193, 1835
31144, 1834
32116, 1834
32539, 1834
35584, 1834
37297, 1834
37988, 1834
47655, 1834
59723, 1834
63643, 1834
66135, 1834
77377, 1834
287812, 1834
96227, 1832
185033, 1832
203140, 1832
278808, 1832
21529, 1831
29374, 1831
61652, 1831
122464, 1831
174563, 1831
263827, 1831
234047, 1830
38572, 1829
4470, 1815
11133, 1815
18563, 1815
25193, 1815
26256, 1815
34074, 1815
40357, 1815
47120, 1815
47845, 1815
50828, 1815
66149, 1815
89291, 1815
94714, 1815
99554, 1815
125171, 1815
147626, 1815
150354, 1815
204850, 1815
243856, 1815
251989, 1815
46712, 1813
115659, 1812
178503, 1809
193311, 1809
85801, 1808
103042, 1807
278592, 1807
293659, 1807
30988, 1806
83269, 1806
243825, 1805
193720, 1793
232902, 1793
277748, 1793
154599, 1790
227437, 1790
247766, 1790
203251, 1786
51576, 1783
242260, 1783
245553, 1778
286517, 1778
53243, 1771
96882, 1767
98020, 1764
36921, 1762
55417, 1762
288841, 1762
294352, 1758
49422, 1757
127474, 1757
176143, 1757
217757, 1757
221673, 1757
234985, 1757
245498, 1757
256049, 1757
291095, 1757
295354, 1757
63444, 1753
134231, 1752
206845, 1752
243574, 1752
260688, 1752
282129, 1752
108011, 1751
11348, 1743
92465, 1743
176386, 1743
208913, 1741
292401, 1741
128163, 1740
214681, 1740
19478, 1738
21303, 1738
37899, 1738
48819, 1738
51607, 1738
87799, 1738
198689, 1738
234557, 1738
238456, 1738
66770, 1735
116246, 1735
243456, 1735
4320, 1734
19841, 1734
61484, 1734
88728, 1734
126997, 1734
155659, 1734
156125, 1734
189989, 1734
196013, 1734
204408, 1734
206996, 1734
239914, 1734
245829, 1734
93363, 1732
109485, 1732
290809, 1732
266669, 1729
289705, 1729
22524, 1724
113737, 1720
283175, 1720
235186, 1719
17859, 1714
79788, 1714
69927, 1712
83028, 1712
90332, 1712
111665, 1712
155596, 1712
187129, 1712
197158, 1712
208745, 1712
215740, 1712
224182, 1712
252584, 1712
253789, 1712
255947, 1712
286523, 1712
37078, 1705
128178, 1705
224639, 1705
58814, 1703
178413, 1703
250254, 1703
22754, 1700
22850, 1700
49503, 1700
67618, 1700
83559, 1700
129648, 1700
136809, 1700
154021, 1700
170874, 1700
194017, 1700
208744, 1700
222309, 1700
256797, 1699
123955, 1698
21245, 1694
121270, 1694
53866, 1692
272939, 1691
281202, 1691
170557, 1690
143973, 1689
182897, 1689
258660, 1689
266459, 1689
86786, 1686
218901, 1683
277129, 1683
150540, 1676
188684, 1676
159304, 1675
203164, 1675
206947, 1675
254475, 1675
255813, 1675
205632, 1673
89924, 1672
268681, 1667
58515, 1664
8848, 1661
37005, 1661
61100, 1661
67099, 1661
145530, 1661
181502, 1661
225983, 1661
242675, 1661
244255, 1660
254947, 1660
272092, 1660
278973, 1660
293595, 1660
47842, 1658
199797, 1655
251127, 1655
140532, 1654
179423, 1654
8906, 1652
11902, 1652
39453, 1652
48583, 1652
73477, 1652
82085, 1652
108436, 1652
123619, 1652
125241, 1652
136270, 1652
154383, 1652
194915, 1652
202536, 1652
241401, 1652
242554, 1652
282292, 1652
295118, 1652
245307, 1648
159696, 1646
217060, 1645
188190, 1642
200086, 1641
254456, 1641
89281, 1635
102816, 1635
177288, 1635
264408, 1635
89039, 1634
118498, 1634
120988, 1630
116620, 1629
142111, 1629
188813, 1622
86112, 1621
96455, 1621
265036, 1621
155137, 1619
121332, 1618
280336, 1618
116868, 1616
242524, 1614
249799, 1614
108467, 1612
162690, 1612
174502, 1612
217691, 1610
63461, 1608
83016, 1608
86900, 1608
87515, 1608
89157, 1608
97323, 1608
117240, 1608
117485, 1608
119209, 1608
127441, 1608
128284, 1608
129065, 1608
132491, 1608
132702, 1608
135610, 1608
136672, 1608
137291, 1608
143425, 1608
161092, 1608
163209, 1608
165123, 1608
166110, 1608
166981, 1608
167047, 1608
168296, 1608
173633, 1608
173806, 1608
175073, 1608
179796, 1608
182753, 1608
189926, 1608
191969, 1608
192661, 1608
192806, 1608
193469, 1608
193874, 1608
197440, 1608
206832, 1608
217897, 1608
222024, 1608
225772, 1608
245147, 1608
245570, 1608
265717, 1608
222574, 1607
22000, 1606
25578, 1606
39771, 1606
56930, 1606
60223, 1606
72662, 1606
72678, 1606
79131, 1606
99166, 1606
107928, 1606
140629, 1606
165873, 1606
186706, 1606
199963, 1606
235512, 1606
239599, 1606
267906, 1606
272373, 1606
273530, 1606
49481, 1604
57313, 1604
69603, 1604
94592, 1604
116971, 1604
156744, 1604
184704, 1604
206343, 1604
209316, 1604
278197, 1604
284002, 1604
290240, 1604
129068, 1603
206236, 1601
290422, 1598
180100, 1594
19242, 1593
47028, 1593
120984, 1593
222392, 1593
30919, 1590
59359, 1590
141512, 1590
141915, 1590
163080, 1590
224771, 1590
31250, 1586
120408, 1586
214140, 1586
225530, 1586
56224, 1585
32203, 1582
32442, 1582
48596, 1582
78217, 1582
110496, 1582
149233, 1582
240051, 1582
248171, 1582
251155, 1582
119924, 1581
24799, 1577
103318, 1577
107470, 1577
155892, 1577
200578, 1577
201116, 1577
208418, 1577
227059, 1577
235545, 1577
282042, 1577
58160, 1571
279543, 1571
56056, 1569
205333, 1569
45591, 1568
75753, 1568
134310, 1568
80861, 1567
132670, 1567
257546, 1567
259729, 1567
276984, 1567
281087, 1567
223183, 1566
26741, 1565
144600, 1565
186252, 1565
268930, 1565
207617, 1563
48704, 1560
105269, 1560
266059, 1560
269971, 1560
244059, 1558
160281, 1551
239276, 1549
141240, 1548
146154, 1548
224415, 1548
251137, 1548
230237, 1547
256305, 1547
133542, 1544
195671, 1544
230597, 1544
283403, 1544
288319, 1544
187658, 1541
51089, 1538
110485, 1538
137012, 1538
178321, 1538
187582, 1538
198494, 1538
209131, 1538
219665, 1538
255578, 1538
290902, 1538
295274, 1538
150343, 1537
58764, 1534
60540, 1534
245336, 1534
257153, 1534
110149, 1533
180652, 1533
25250, 1532
177242, 1532
46968, 1531
201175, 1531
264375, 1531
40230, 1527
53184, 1527
160835, 1527
198167, 1527
225871, 1527
235643, 1527
246992, 1527
248797, 1527
268297, 1527
281191, 1527
292099, 1527
40687, 1526
47153, 1526
73910, 1526
89581, 1526
110504, 1526
181476, 1526
240931, 1523
29313, 1516
34623, 1516
52642, 1516
52668, 1516
69035, 1516
145087, 1516
161707, 1516
221859, 1516
238085, 1516
207903, 1514
220033, 1514
285776, 1512
96727, 1510
288908, 1510
26453, 1508
109565, 1508
150962, 1508
176987, 1508
244335, 1508
293813, 1508
278304, 1500
174304, 1499
191561, 1499
206754, 1499
86490, 1497
231256, 1497
207652, 1496
28693, 1495
36481, 1495
61732, 1495
75829, 1495
81086, 1495
284778, 1495
294614, 1495
83574, 1494
167374, 1494
184529, 1494
190032, 1494
155269, 1493
195117, 1493
245475, 1490
235708, 1489
41408, 1485
136342, 1482
35677, 1479
39201, 1479
40848, 1479
67298, 1479
106245, 1479
124906, 1479
126479, 1479
144875, 1479
169237, 1479
227449, 1479
288543, 1479
38585, 1476
223099, 1475
149285, 1474
45227, 1473
222849, 1473
256038, 1473
268702, 1473
287886, 1473
105526, 1469
266665, 1469
287789, 1469
70192, 1463
204137, 1463
223684, 1463
28364, 1462
96187, 1462
207886, 1462
283085, 1462
108035, 1460
128897, 1460
267939, 1460
128480, 1453
57392, 1452
108738, 1452
54470, 1450
241339, 1450
95340, 1444
160588, 1444
198766, 1442
258637, 1442
36766, 1440
37909, 1440
135616, 1440
142290, 1439
185119, 1439
273834, 1439
229069, 1436
28031, 1435
81140, 1435
197633, 1435
199820, 1435
270393, 1435
13993, 1431
291799, 1431
13175, 1430
27436, 1427
78995, 1426
160916, 1426
245084, 1424
216447, 1420
250505, 1420
252646, 1420
58720, 1418
266332, 1418
71310, 1415
165294, 1415
215124, 1411
271537, 1411
37312, 1409
59252, 1409
72645, 1409
89508, 1409
106886, 1409
116810, 1409
127916, 1409
130316, 1409
132201, 1409
145867, 1409
147097, 1409
190245, 1409
192481, 1409
221372, 1409
241751, 1409
269942, 1409
72974, 1408
185003, 1408
1715, 1407
169160, 1407
148459, 1404
152804, 1404
171789, 1404
273542, 1404
205429, 1402
121030, 1401
4777, 1399
82595, 1397
114697, 1397
135640, 1397
248452, 1397
128881, 1392
212921, 1392
233878, 1392
259883, 1392
215141, 1391
177751, 1387
224996, 1387
236176, 1387
44461, 1384
78271, 1384
88529, 1384
89929, 1384
90620, 1384
95880, 1384
252135, 1384
290425, 1384
239144, 1382
198325, 1381
133637, 1379
211055, 1379
219399, 1379
286742, 1379
85204, 1376
139404, 1376
143972, 1376
73236, 1375
221688, 1375
55699, 1374
135416, 1374
160961, 1374
136735, 1372
144630, 1372
53920, 1371
136442, 1371
223933, 1371
58411, 1369
89340, 1369
111305, 1369
161679, 1369
179508, 1369
20379, 1368
209476, 1368
265686, 1368
99639, 1367
23728, 1360
52551, 1360
76454, 1360
105139, 1360
161808, 1360
214397, 1360
9366, 1357
62719, 1357
133117, 1357
160559, 1357
293867, 1357
33786, 1355
39245, 1355
180611, 1355
279350, 1355
293425, 1355
222084, 1352
127019, 1350
42397, 1349
68579, 1349
102411, 1349
152896, 1349
194546, 1349
258612, 1349
294033, 1349
233652, 1344
131281, 1343
158879, 1342
87058, 1340
123734, 1340
29186, 1339
43188, 1339
47299, 1339
76805, 1339
138628, 1339
156243, 1339
185503, 1339
205329, 1339
34991, 1338
266144, 1338
27748, 1337
154567, 1337
161975, 1337
197130, 1337
279096, 1336
26714, 1335
162211, 1335
120424, 1333
150666, 1333
214694, 1332
274212, 1332
228899, 1331
243614, 1331
254479, 1329
260296, 1328
46123, 1327
214929, 1327
46382, 1326
98960, 1323
127268, 1323
172002, 1323
213298, 1323
215831, 1323
248971, 1323
263634, 1323
34372, 1317
38919, 1317
57220, 1317
188652, 1317
205776, 1317
217007, 1317
231908, 1317
257433, 1317
263167, 1317
243118, 1314
259133, 1314
105687, 1313
211423, 1312
60738, 1311
74352, 1310
120822, 1310
200799, 1310
251086, 1310
52761, 1309
56527, 1309
214968, 1308
20199, 1307
129343, 1307
133938, 1307
154131, 1307
201704, 1307
264041, 1305
60100, 1303
112740, 1303
264620, 1303
266451, 1303
290541, 1303
292807, 1303
56182, 1301
201347, 1301
280236, 1301
41213, 1299
273858, 1299
26334, 1295
228203, 1295
247977, 1294
158340, 1291
161532, 1291
280727, 1291
167066, 1290
165094, 1288
121961, 1285
164898, 1285
193241, 1285
210856, 1285
94940, 1281
5149, 1280
106555, 1280
104230, 1278
87557, 1276
111079, 1276
267822, 1276
283497, 1276
11226, 1272
48666, 1272
78921, 1272
215633, 1271
227667, 1271
239061, 1271
257855, 1271
16395, 1268
67022, 1268
219311, 1268
291785, 1268
70870, 1267
160242, 1267
138592, 1266
165103, 1266
237688, 1266
175309, 1264
190882, 1264
262219, 1264
279098, 1264
295399, 1264
12037, 1263
33577, 1263
70407, 1263
117051, 1263
144745, 1263
162315, 1263
250983, 1263
88558, 1262
276252, 1262
242021, 1260
277324, 1260
47731, 1257
9071, 1255
81687, 1251
241856, 1251
62100, 1249
115917, 1249
169499, 1249
180951, 1249
196211, 1249
210127, 1249
232040, 1249
250684, 1249
255453, 1249
267737, 1249
290318, 1249
292864, 1249
50655, 1247
58168, 1247
88900, 1247
95785, 1247
107082, 1247
122501, 1247
136939, 1247
147501, 1247
171820, 1247
177174, 1247
181194, 1247
188812, 1247
189780, 1247
194079, 1247
200758, 1247
206386, 1247
207460, 1247
223100, 1247
223521, 1247
225883, 1247
227816, 1247
231134, 1247
234740, 1247
236488, 1247
253593, 1247
264239, 1247
265995, 1247
282276, 1247
133521, 1243
180031, 1243
23814, 1242
29862, 1242
289533, 1242
47397, 1241
102453, 1241
160817, 1241
180905, 1241
245667, 1241
278527, 1241
65933, 1239
23460, 1234
88663, 1234
261466, 1234
154863, 1233
44055, 1230
47511, 1230
56624, 1230
89711, 1230
183561, 1230
214954, 1230
242113, 1230
288805, 1230
50423, 1228
67519, 1228
90544, 1228
120520, 1228
179737, 1228
188997, 1228
202203, 1228
221873, 1228
225948, 1228
259823, 1228
286227, 1228
213676, 1227
232180, 1227
127548, 1226
218530, 1226
229605, 1226
272759, 1226
109844, 1225
119954, 1224
250911, 1221
20956, 1220
220615, 1220
289071, 1220
262488, 1219
248622, 1218
141813, 1217
245914, 1217
248442, 1217
252265, 1217
180813, 1214
193076, 1214
142834, 1213
176909, 1212
186415, 1212
200805, 1212
227649, 1212
115994, 1210
14696, 1209
95599, 1209
140843, 1209
178857, 1209
191872, 1209
192839, 1209
177084, 1208
87297, 1205
118155, 1203
154730, 1203
94289, 1200
174116, 1200
208329, 1200
208752, 1200
294524, 1200
119259, 1197
192124, 1197
226077, 1197
233545, 1197
266769, 1197
286410, 1197
289173, 1197
96838, 1195
159441, 1195
225162, 1195
166142, 1194
35200, 1193
78911, 1193
132626, 1193
151983, 1193
211341, 1192
66419, 1191
264416, 1189
186770, 1186
196236, 1186
230290, 1186
228901, 1185
169459, 1184
170682, 1184
14178, 1182
150048, 1182
12934, 1181
216349, 1180
251317, 1180
64127, 1179
270756, 1179
57167, 1178
100535, 1178
166793, 1178
184295, 1178
68474, 1176
195259, 1176
45717, 1175
266678, 1175
283018, 1173
109608, 1172
29506, 1170
32843, 1170
98204, 1170
117663, 1170
125149, 1170
206458, 1170
264392, 1170
282362, 1170
64836, 1169
77644, 1169
225256, 1169
256618, 1169
293658, 1169
23820, 1168
172978, 1168
236928, 1167
93223, 1166
146966, 1166
238956, 1166
10795, 1164
38614, 1164
47799, 1164
51418, 1164
55416, 1164
60221, 1164
63364, 1164
73447, 1164
77651, 1164
102242, 1164
120977, 1164
129705, 1164
136244, 1164
136394, 1164
140154, 1164
149019, 1164
160494, 1164
162582, 1164
175903, 1164
197639, 1164
201401, 1164
202598, 1164
208314, 1164
221840, 1164
223152, 1164
238793, 1164
239474, 1164
259332, 1164
286347, 1164
112615, 1163
13514, 1162
15819, 1160
93661, 1160
149768, 1160
49819, 1159
76433, 1159
90771, 1159
99695, 1159
103384, 1159
131739, 1159
132685, 1159
140619, 1159
144036, 1159
146211, 1159
147533, 1159
151254, 1159
151682, 1159
160458, 1159
163047, 1159
164788, 1159
170493, 1159
170988, 1159
177565, 1159
190501, 1159
202567, 1159
203239, 1159
212944, 1159
219242, 1159
235044, 1159
271715, 1159
81317, 1158
160465, 1158
249720, 1158
48792, 1157
174824, 1157
181281, 1157
250624, 1157
269727, 1157
61563, 1156
76648, 1156
90102, 1156
151509, 1156
155380, 1156
157902, 1156
259522, 1156
226908, 1154
267147, 1154
121756, 1153
181804, 1153
188992, 1153
266786, 1153
73707, 1152
116114, 1152
210142, 1152
12940, 1151
92136, 1151
98144, 1151
120321, 1151
139011, 1151
146043, 1151
187551, 1151
189516, 1151
268635, 1151
37020, 1149
62178, 1149
77708, 1149
103273, 1149
158288, 1149
179616, 1149
56962, 1148
72199, 1148
85271, 1148
89125, 1148
89642, 1148
269248, 1147
287502, 1147
88077, 1146
163768, 1146
186226, 1146
274302, 1146
276896, 1146
123735, 1145
237945, 1144
199041, 1143
244937, 1143
199289, 1142
258249, 1142
11433, 1141
20844, 1141
25540, 1141
40372, 1141
43419, 1141
65709, 1141
102510, 1141
145119, 1141
146388, 1141
146509, 1141
162994, 1141
177482, 1141
181416, 1141
183216, 1141
188668, 1141
192438, 1141
201256, 1141
215195, 1141
215437, 1141
219801, 1141
222458, 1141
222959, 1141
224137, 1141
226368, 1141
227358, 1141
247058, 1141
256406, 1141
291424, 1141
292235, 1141
153114, 1138
252017, 1138
264317, 1138
237509, 1136
217092, 1132
49452, 1130
106727, 1130
149881, 1130
232048, 1130
131053, 1129
239354, 1129
979, 1128
16661, 1128
25079, 1128
32163, 1128
35121, 1128
50778, 1128
51677, 1128
107811, 1128
109162, 1128
132920, 1128
136780, 1128
145168, 1128
145570, 1128
193628, 1128
214368, 1128
262715, 1128
264809, 1128
286618, 1128
296281, 1127
242326, 1126
269086, 1126
140410, 1125
197218, 1124
138112, 1122
267312, 1122
9572, 1121
60283, 1121
125741, 1121
133427, 1121
168307, 1121
190710, 1121
223289, 1121
246037, 1121
263456, 1121
286399, 1121
291980, 1121
212029, 1120
28374, 1119
145040, 1119
99397, 1117
1994, 1116
2535, 1116
5578, 1116
14991, 1116
37037, 1116
83740, 1116
113202, 1116
156935, 1116
210603, 1116
212719, 1116
229107, 1116
287910, 1116
291330, 1116
42312, 1115
59209, 1115
68357, 1115
279408, 1115
34279, 1114
237667, 1112
102599, 1111
126196, 1109
187465, 1109
249899, 1108
193265, 1107
282571, 1107
32089, 1105
227480, 1105
186893, 1103
257027, 1099
246641, 1098
37812, 1097
105697, 1097
120354, 1097
140384, 1097
143854, 1097
147392, 1097
162541, 1097
164385, 1097
198986, 1097
207303, 1097
217364, 1097
227095, 1097
237843, 1097
243758, 1097
245722, 1097
249195, 1097
252945, 1097
268522, 1097
271598, 1097
127453, 1094
179043, 1094
180662, 1094
253220, 1094
294484, 1094
40715, 1093
203019, 1093
239929, 1093
249423, 1092
290418, 1092
3317, 1091
92310, 1091
79062, 1090
113722, 1088
116028, 1088
116680, 1088
133622, 1088
197775, 1088
281048, 1088
99393, 1087
185786, 1087
238853, 1087
160634, 1086
221568, 1084
248900, 1084
282118, 1084
145466, 1082
164682, 1078
255393, 1078
95766, 1076
143696, 1074
90010, 1072
186270, 1071
203439, 1071
252276, 1071
158310, 1070
83202, 1069
246339, 1069
45403, 1067
143676, 1067
189160, 1067
198187, 1067
228857, 1067
233007, 1067
46403, 1066
55903, 1066
69351, 1066
80703, 1066
246626, 1064
41458, 1063
59642, 1063
59674, 1063
67188, 1063
70436, 1063
81037, 1063
103851, 1063
127135, 1063
145487, 1063
213915, 1063
223813, 1063
269862, 1063
115099, 1062
187731, 1062
234416, 1062
12463, 1060
25980, 1060
27525, 1060
27540, 1060
29471, 1060
29609, 1060
30574, 1060
32839, 1060
32987, 1060
35797, 1060
37089, 1060
51480, 1060
61665, 1060
73075, 1060
77957, 1060
106021, 1060
112244, 1060
116920, 1060
128923, 1060
134035, 1060
147342, 1060
156578, 1060
157291, 1060
161445, 1060
186121, 1060
187702, 1060
205886, 1060
206111, 1060
225322, 1060
231764, 1060
277941, 1060
285363, 1060
285951, 1060
290236, 1060
290396, 1060
296591, 1060
154678, 1058
210773, 1058
22668, 1056
126383, 1056
142772, 1056
259257, 1056
33014, 1055
82607, 1055
86714, 1055
132066, 1055
179547, 1055
282539, 1055
247355, 1054
263412, 1054
50898, 1053
68605, 1053
182021, 1053
201852, 1053
217738, 1053
223219, 1053
270287, 1053
21793, 1052
43951, 1052
57530, 1052
138268, 1052
161115, 1052
161128, 1052
166920, 1052
167877, 1052
169595, 1052
177686, 1052
180043, 1052
190003, 1052
191075, 1052
204879, 1052
209091, 1052
210763, 1052
218657, 1052
218716, 1052
225767, 1052
233343, 1052
243308, 1052
243595, 1052
248993, 1052
254178, 1052
256924, 1052
258232, 1052
260030, 1052
262307, 1052
273327, 1052
279462, 1052
283581, 1052
289707, 1052
292201, 1052
18148, 1049
181373, 1049
47869, 1048
166595, 1048
26017, 1047
139009, 1046
218896, 1046
224725, 1046
142508, 1045
159499, 1045
168319, 1045
39568, 1044
68610, 1044
185130, 1044
191562, 1044
223724, 1044
253494, 1044
190439, 1043
218689, 1043
106692, 1040
186950, 1040
10853, 1039
22704, 1039
31931, 1039
57439, 1039
63493, 1039
83538, 1039
144603, 1039
146916, 1039
167723, 1039
244177, 1039
173425, 1037
219887, 1036
285261, 1036
9476, 1035
19134, 1034
187966, 1033
95253, 1031
186588, 1031
13748, 1028
17110, 1028
27292, 1028
33213, 1028
34571, 1028
115003, 1028
125108, 1028
156163, 1028
163072, 1028
272853, 1027
91342, 1025
96680, 1025
140085, 1025
196074, 1025
202115, 1025
274076, 1025
278824, 1025
98158, 1024
241786, 1024
63932, 1022
74529, 1022
90674, 1022
124621, 1022
147284, 1022
160543, 1022
234276, 1022
238796, 1022
7664, 1021
32559, 1021
64662, 1021
105480, 1021
240839, 1021
24304, 1019
43945, 1019
57236, 1019
75190, 1019
124222, 1019
138693, 1019
171915, 1019
21502, 1018
145226, 1017
190524, 1017
51082, 1015
153660, 1015
253091, 1015
164905, 1014
59257, 1012
81574, 1012
98001, 1012
273716, 1012
98918, 1011
288926, 1011
202644, 1010
232286, 1010
243895, 1010
195406, 1009
58783, 1008
58971, 1008
76487, 1008
89077, 1008
195760, 1008
265188, 1008
293740, 1008
99950, 1007
25672, 1006
31648, 1006
33287, 1006
69867, 1006
87732, 1006
98764, 1006
103658, 1006
155557, 1006
217418, 1006
242687, 1006
266872, 1006
24921, 1005
43652, 1005
88058, 1005
119405, 1005
185732, 1005
187518, 1005
213745, 1005
28578, 1003
47096, 1003
52558, 1003
113090, 1003
131792, 1003
183774, 1003
248262, 1003
71751, 1002
86560, 1002
95232, 1002
147253, 1002
165136, 1002
190718, 1002
193490, 1002
194563, 1002
240512, 1002
270576, 1002
285068, 1002
126240, 1001
233990, 1001
214412, 1000
