67451, 108163
74703, 108163
80655, 108163
82126, 108163
82375, 108163
82876, 108163
85511, 108163
89325, 108163
90085, 108163
92016, 108163
95549, 108163
100134, 108163
100183, 108163
102013, 108163
104564, 108163
106089, 108163
107536, 108163
108479, 108163
109163, 108163
116693, 108163
119000, 108163
125473, 108163
125716, 108163
127021, 108163
127610, 108163
129109, 108163
130327, 108163
132429, 108163
136783, 108163
138785, 108163
138974, 108163
145316, 108163
155627, 108163
167110, 108163
202717, 108163
233448, 108163
262111, 108163
