139701, 128553
187053, 128553
195966, 128553
1516, 127194
4455, 127194
5209, 127194
8882, 127194
12911, 127194
15200, 127194
22946, 127194
23543, 127194
25521, 127194
26522, 127194
31723, 127194
35295, 127194
37926, 127194
40504, 127194
40662, 127194
45219, 127194
49404, 127194
54685, 127194
55798, 127194
56034, 127194
56306, 127194
56332, 127194
62137, 127194
62343, 127194
67315, 127194
75442, 127194
84371, 127194
85643, 127194
85881, 127194
96252, 127194
97567, 127194
115911, 127194
118466, 127194
119287, 127194
123691, 127194
126095, 127194
130686, 127194
138499, 127194
140962, 127194
154047, 127194
156387, 127194
159857, 127194
171153, 127194
177367, 127194
178083, 127194
179080, 127194
180672, 127194
190382, 127194
194063, 127194
198717, 127194
201854, 127194
203673, 127194
208424, 127194
209104, 127194
212911, 127194
213818, 127194
214923, 127194
218737, 127194
224060, 127194
226970, 127194
241862, 127194
243513, 127194
243782, 127194
252505, 127194
255294, 127194
257684, 127194
258922, 127194
260929, 127194
261391, 127194
267391, 127194
274820, 127194
275988, 127194
277537, 127194
277650, 127194
277784, 127194
278143, 127194
279012, 127194
282567, 127194
3734, 126642
198156, 126642
203407, 126642
204148, 126642
25235, 126101
658, 123497
21098, 123497
29085, 103795
38120, 103795
48449, 103795
77504, 103795
333, 95981
2269, 95981
60776, 92970
29935, 68885
159055, 67585
244327, 45966
39883, 45239
114345, 45239
140623, 45239
209445, 45239
221839, 45239
246921, 45239
251430, 45239
276512, 45239
76769, 45230
81307, 45230
81769, 45230
91781, 45230
104008, 45230
111950, 45230
114421, 45230
124274, 45230
127953, 45230
145865, 45230
145970, 45230
186438, 45230
190468, 45230
193189, 45230
205320, 45230
216004, 45230
233836, 45230
234638, 45230
246813, 45230
249797, 45230
264131, 45230
277246, 45230
277660, 45230
288866, 45230
293040, 45230
272797, 44623
44085, 43710
205517, 43710
208263, 43710
52290, 41906
60639, 41906
79855, 41906
97036, 41906
136685, 41906
204799, 41317
260611, 41317
259987, 41234
125409, 39320
77228, 37921
38287, 37902
42209, 36182
17827, 35798
222303, 29775
31238, 16439
199162, 8547
290509, 8547
215812, 8521
256927, 8521
280877, 8521
171716, 8504
80565, 8498
156485, 8498
183382, 8498
274766, 8488
31693, 8245
24329, 8185
286724, 8003
59099, 7827
118023, 7827
278690, 7827
71671, 7688
170996, 7658
221503, 7591
224742, 7537
68164, 7522
191451, 7425
198106, 7425
11491, 6998
136522, 6998
56302, 6877
95949, 6877
102374, 6877
120575, 6877
121471, 6877
155722, 6877
170714, 6877
186318, 6877
207377, 6877
221980, 6877
269983, 6877
285535, 6877
287715, 6877
198724, 6825
168094, 6813
33100, 6785
73754, 6785
117023, 6698
76942, 6688
66957, 6677
149848, 6610
194156, 6597
109819, 6468
185748, 6440
69376, 6413
254782, 6413
51350, 6402
87327, 6402
246193, 6402
16507, 6401
227806, 6401
245360, 6339
265516, 6339
165656, 6312
230494, 6270
140124, 6266
220297, 6243
209290, 6190
145025, 6148
293644, 6145
52204, 6037
176883, 5933
125755, 5849
10824, 5691
81475, 5691
189116, 5691
288230, 5623
185378, 5579
14083, 5419
38414, 5419
103208, 5419
28331, 5374
29884, 5374
69230, 5374
70317, 5374
73286, 5374
158735, 5374
33604, 5360
123728, 5360
151556, 5360
262597, 5360
21656, 5358
49756, 5358
67203, 5358
68237, 5358
77747, 5358
92332, 5358
94520, 5358
110570, 5358
136976, 5358
167079, 5358
188758, 5358
192549, 5358
193749, 5358
195303, 5358
204249, 5358
208975, 5358
228706, 5358
20213, 5354
35831, 5354
270631, 5354
64395, 5302
90464, 5302
276405, 5302
227148, 5286
31255, 5243
63958, 5243
91929, 5243
104115, 5243
36864, 5236
47027, 5236
64204, 5236
65653, 5236
192349, 5236
206040, 5236
273284, 5236
80275, 5195
16154, 5169
92668, 5169
33625, 5144
43616, 5144
117984, 5137
128728, 5137
71693, 5119
76222, 5119
21881, 5117
22450, 5117
23736, 5117
124870, 5117
199006, 5115
33000, 5114
46208, 5114
75366, 5114
109252, 5114
238336, 5114
115538, 5109
211598, 5109
36302, 5074
45263, 5074
46467, 5074
137716, 5074
172024, 5074
189580, 5074
224041, 5074
247369, 5074
22858, 5067
36136, 5063
72898, 5063
145881, 5044
176748, 5044
61511, 5031
5829, 5029
11575, 5029
31803, 5029
92296, 5029
95081, 5029
110544, 5029
92442, 4989
121509, 4989
134402, 4989
149847, 4989
249641, 4989
256085, 4989
289082, 4989
236083, 4967
5223, 4961
20886, 4961
23533, 4961
46557, 4961
62102, 4961
103281, 4961
125500, 4961
140903, 4961
143207, 4961
248749, 4961
258203, 4946
65514, 4940
91964, 4940
104668, 4940
105123, 4940
117000, 4940
120838, 4940
129544, 4940
154651, 4940
211576, 4940
259775, 4940
285738, 4940
288380, 4940
53545, 4914
20451, 4903
38027, 4903
43649, 4903
134416, 4903
21847, 4899
58333, 4899
126826, 4899
138362, 4899
220323, 4899
44135, 4874
94485, 4874
6000, 4846
61589, 4846
67209, 4846
107239, 4846
15437, 4842
97069, 4827
155393, 4826
59213, 4825
93951, 4825
254984, 4802
137138, 4793
191704, 4793
131573, 4791
139165, 4788
228884, 4788
55551, 4784
238194, 4721
253248, 4721
263299, 4721
105110, 4716
162979, 4716
175639, 4716
178457, 4716
52516, 4710
108389, 4697
150767, 4697
167006, 4697
199514, 4697
249814, 4697
13287, 4688
90384, 4688
284393, 4668
113468, 4667
176694, 4661
270913, 4661
92769, 4652
96850, 4652
290996, 4652
44330, 4649
48758, 4649
61049, 4649
161237, 4649
44145, 4607
97299, 4586
241368, 4586
264477, 4584
59558, 4582
277320, 4582
43655, 4575
3393, 4551
36283, 4505
56933, 4505
82580, 4505
36488, 4503
112203, 4503
108697, 4486
293564, 4486
11523, 4483
50576, 4483
119382, 4483
225030, 4483
14592, 4475
62471, 4475
62928, 4475
68062, 4475
82996, 4475
155033, 4475
66845, 4452
191834, 4422
64915, 4420
76903, 4420
31784, 4410
21652, 4399
22457, 4399
66834, 4399
75087, 4399
120685, 4399
52758, 4398
8570, 4386
31039, 4386
35870, 4386
49009, 4386
65253, 4386
78916, 4386
121460, 4386
143509, 4382
208176, 4382
219955, 4382
220695, 4382
12354, 4372
15795, 4372
144729, 4372
4188, 4371
109979, 4371
167515, 4371
174812, 4371
37460, 4366
115833, 4366
9790, 4348
96488, 4348
123794, 4348
123921, 4348
235681, 4348
163641, 4343
5181, 4332
64534, 4332
85838, 4332
209682, 4332
82019, 4325
21037, 4320
214942, 4314
81540, 4313
88396, 4313
99584, 4313
9143, 4307
106797, 4307
206602, 4307
113867, 4306
227239, 4306
83410, 4305
95729, 4305
32028, 4284
66609, 4284
70505, 4284
80476, 4284
37483, 4282
77863, 4282
114154, 4282
178130, 4282
176666, 4276
195172, 4264
242221, 4264
16720, 4257
108211, 4257
189080, 4257
26558, 4240
232780, 4240
231682, 4235
34795, 4231
194286, 4231
220474, 4231
33308, 4200
61537, 4200
149914, 4200
208061, 4200
287999, 4200
65109, 4189
54360, 4180
142149, 4180
273180, 4180
706, 4166
11417, 4166
73661, 4166
80634, 4166
93465, 4166
179258, 4166
190790, 4166
194428, 4166
208114, 4166
210295, 4166
266396, 4166
295320, 4166
196827, 4139
228334, 4130
238736, 4130
269624, 4130
255582, 4123
93739, 4102
153005, 4102
221450, 4082
292674, 4082
80406, 4081
224035, 4072
72294, 4069
65168, 4068
12683, 4055
17659, 4055
28672, 4055
61545, 4055
117495, 4055
148901, 4054
221982, 4054
28710, 4037
82700, 4037
164587, 4037
44349, 4012
46614, 4008
35144, 4007
200678, 4007
209096, 4007
282231, 4007
91764, 3992
143070, 3991
160157, 3966
224094, 3966
227356, 3966
231966, 3966
240869, 3966
242869, 3966
205479, 3957
65327, 3956
81688, 3956
185851, 3956
225212, 3956
289689, 3956
23976, 3942
23836, 3941
46295, 3941
150441, 3931
198923, 3931
100726, 3929
4662, 3895
13560, 3895
88158, 3895
259546, 3895
176045, 3868
44323, 3864
235453, 3849
251323, 3849
47339, 3846
69958, 3841
76126, 3838
86691, 3832
98454, 3832
277363, 3825
35016, 3800
4658, 3790
86568, 3790
90060, 3790
91085, 3790
99030, 3790
129308, 3790
133839, 3790
142586, 3790
32380, 3789
15612, 3775
86059, 3775
131019, 3775
23901, 3771
31029, 3771
37070, 3759
78224, 3759
122357, 3759
218224, 3758
233213, 3758
240142, 3758
118081, 3752
45362, 3750
142912, 3739
151259, 3739
159884, 3739
196193, 3739
204458, 3739
209183, 3739
214041, 3739
219408, 3739
221425, 3739
240191, 3739
241672, 3739
271147, 3739
281707, 3739
39253, 3728
69175, 3728
280467, 3728
35998, 3722
107661, 3722
157605, 3722
243521, 3722
2743, 3708
139300, 3708
12464, 3702
44597, 3702
49619, 3702
124058, 3702
126815, 3702
131072, 3702
159825, 3702
243861, 3702
60236, 3696
78340, 3696
119568, 3696
159036, 3696
94789, 3692
108000, 3692
112463, 3692
133088, 3692
208638, 3692
123566, 3687
162445, 3687
164195, 3687
166774, 3687
191365, 3687
211876, 3687
215346, 3687
217368, 3687
218152, 3687
239408, 3687
241583, 3687
242137, 3687
251692, 3687
255762, 3687
256958, 3687
261987, 3687
265730, 3687
278529, 3687
282921, 3687
292869, 3687
295625, 3687
76169, 3664
259325, 3664
65827, 3663
225572, 3645
253759, 3645
33013, 3639
9976, 3634
12383, 3634
12522, 3634
20824, 3634
22109, 3634
128722, 3626
147280, 3626
153855, 3626
171173, 3626
186357, 3626
196150, 3626
228726, 3626
231649, 3626
264205, 3626
199217, 3620
206048, 3620
270687, 3620
46558, 3610
95754, 3610
126489, 3610
167208, 3610
206808, 3610
48128, 3606
109360, 3606
224774, 3606
23339, 3590
28981, 3590
41106, 3590
125895, 3590
191307, 3590
213755, 3590
52568, 3584
16578, 3579
28930, 3579
33968, 3579
91753, 3579
141308, 3579
158081, 3579
296236, 3579
221722, 3576
234843, 3576
14323, 3558
17555, 3558
23153, 3558
27694, 3558
193663, 3550
254451, 3550
289802, 3550
249585, 3545
92101, 3543
179294, 3543
69249, 3541
197986, 3534
85274, 3521
49924, 3520
60198, 3520
162700, 3520
173797, 3520
51870, 3508
115450, 3505
185818, 3505
32098, 3490
37940, 3490
93720, 3490
139511, 3489
175961, 3489
68709, 3484
201548, 3484
263043, 3484
119557, 3483
148993, 3483
176220, 3483
218802, 3483
243460, 3483
248648, 3483
203110, 3477
31968, 3470
51119, 3470
206052, 3469
95425, 3464
98350, 3464
172563, 3464
178904, 3464
246296, 3464
247342, 3464
248718, 3464
126229, 3462
37043, 3454
168190, 3454
191678, 3454
279622, 3449
79907, 3446
112549, 3446
157757, 3446
280861, 3446
9440, 3431
31428, 3431
111064, 3431
115802, 3431
134551, 3431
152249, 3431
178451, 3431
204000, 3431
76951, 3425
142699, 3425
80645, 3424
81284, 3424
127321, 3424
8048, 3422
103174, 3422
172605, 3422
252352, 3422
94219, 3415
219393, 3415
72021, 3411
230168, 3411
98281, 3410
144906, 3410
148648, 3410
168115, 3410
259563, 3410
21998, 3409
186058, 3407
52330, 3400
185525, 3400
20271, 3398
84328, 3398
97632, 3398
137435, 3398
160645, 3398
251029, 3398
133935, 3378
190362, 3378
194917, 3378
198031, 3378
233483, 3378
252424, 3378
269048, 3378
27949, 3362
94446, 3362
139496, 3362
195152, 3362
196129, 3362
117470, 3359
221143, 3359
22468, 3356
29473, 3356
77810, 3354
205841, 3352
7987, 3349
19519, 3349
195450, 3349
233897, 3349
72735, 3344
173811, 3344
175780, 3344
231738, 3344
249827, 3344
206685, 3341
148671, 3340
210093, 3340
213119, 3340
149398, 3326
75742, 3323
81311, 3321
220945, 3321
78332, 3319
90126, 3319
102325, 3319
243984, 3319
195178, 3311
3286, 3310
25324, 3310
56938, 3310
229963, 3310
275519, 3310
18607, 3309
37230, 3300
150882, 3300
195468, 3300
43942, 3298
260258, 3298
128188, 3296
184056, 3296
185853, 3292
26076, 3289
75528, 3289
85784, 3289
88668, 3289
90913, 3289
102233, 3289
111502, 3289
117872, 3289
194867, 3277
243472, 3274
31229, 3273
96811, 3273
184824, 3273
18597, 3272
210143, 3271
74373, 3270
53993, 3268
219076, 3268
63189, 3266
82319, 3266
139789, 3266
200305, 3257
102166, 3250
31546, 3246
179068, 3246
243148, 3246
62217, 3239
98369, 3239
134126, 3239
175562, 3239
295727, 3239
174493, 3236
201682, 3235
19579, 3231
179466, 3231
179503, 3231
63349, 3229
31915, 3228
143187, 3225
153176, 3225
174154, 3225
229819, 3225
242841, 3225
272288, 3225
62796, 3224
150021, 3224
185776, 3224
18162, 3222
71546, 3218
72569, 3218
73767, 3218
156961, 3218
202342, 3218
246168, 3218
282602, 3218
123570, 3208
9872, 3207
248347, 3207
151275, 3202
182800, 3202
85127, 3200
93640, 3200
200486, 3200
275564, 3200
217719, 3182
226030, 3182
267072, 3182
120813, 3180
192230, 3180
107542, 3178
132965, 3178
150227, 3178
229213, 3178
6660, 3176
39361, 3176
27470, 3175
184461, 3173
11867, 3165
294800, 3165
94986, 3162
121363, 3162
150817, 3162
160962, 3162
57670, 3152
109324, 3152
29545, 3146
224154, 3145
229728, 3134
289580, 3123
77666, 3121
97995, 3121
147516, 3121
147924, 3121
123383, 3116
70797, 3112
122605, 3112
138425, 3112
59186, 3109
26342, 3108
153500, 3108
285290, 3108
180786, 3106
79260, 3100
89312, 3100
124223, 3100
202802, 3100
220757, 3094
234599, 3094
40619, 3092
86897, 3092
109151, 3092
153414, 3092
216762, 3089
243728, 3089
58949, 3088
24351, 3083
164578, 3080
187482, 3080
286208, 3080
296147, 3080
251608, 3079
79311, 3076
55795, 3070
107638, 3070
133070, 3070
174257, 3070
185680, 3070
199678, 3070
199946, 3070
200124, 3070
212890, 3070
231608, 3070
295977, 3070
106494, 3069
76429, 3068
100425, 3068
120941, 3068
127378, 3068
173225, 3068
248618, 3068
44730, 3063
139012, 3063
209405, 3063
41195, 3062
88225, 3062
191459, 3062
16212, 3060
17980, 3060
44576, 3060
94871, 3060
211689, 3060
107168, 3053
127082, 3053
272441, 3053
8621, 3050
36077, 3050
80530, 3050
107196, 3050
164167, 3050
185824, 3050
239447, 3050
13386, 3044
24962, 3044
76327, 3044
110623, 3044
17481, 3043
37675, 3043
87082, 3042
168669, 3042
23759, 3039
12152, 3038
120593, 3034
36019, 3033
11400, 3030
105453, 3030
20294, 3029
12771, 3026
86317, 3020
107752, 3020
115901, 3020
118578, 3020
194707, 3020
37140, 3019
53380, 3019
101006, 3018
120564, 3018
236341, 3017
138810, 3016
193697, 3016
72169, 3010
207749, 3010
209295, 3010
71255, 3003
38739, 3002
54486, 3002
100053, 3001
40002, 2998
14614, 2997
28605, 2997
92015, 2997
107078, 2997
22368, 2996
40992, 2992
48015, 2992
61507, 2992
99728, 2992
189211, 2992
288065, 2989
244281, 2986
55382, 2977
286160, 2976
71807, 2975
84353, 2975
125177, 2975
172614, 2975
275989, 2975
154185, 2973
175831, 2972
37551, 2971
84741, 2967
52019, 2963
117404, 2963
167270, 2963
207946, 2963
211218, 2963
54304, 2957
61138, 2957
110545, 2957
193318, 2957
293750, 2957
42572, 2956
51592, 2955
215339, 2955
219656, 2954
21812, 2948
81527, 2948
545, 2946
38190, 2946
78335, 2946
285759, 2946
15153, 2941
27977, 2941
34625, 2941
38722, 2941
145929, 2939
228174, 2939
13591, 2938
17550, 2938
44960, 2938
91870, 2938
15460, 2937
34544, 2934
126434, 2933
8895, 2931
88554, 2931
97507, 2931
119659, 2931
134538, 2930
151240, 2930
165246, 2930
200951, 2930
204636, 2930
248737, 2930
31272, 2929
80036, 2929
40035, 2925
23132, 2923
76676, 2922
83622, 2922
12922, 2921
43007, 2921
45594, 2921
5522, 2919
89295, 2916
134285, 2916
167885, 2916
92426, 2913
176238, 2913
67904, 2910
5921, 2904
33989, 2900
72091, 2900
112834, 2900
116123, 2900
125720, 2900
131045, 2900
161179, 2900
196986, 2900
79032, 2899
72217, 2898
40413, 2885
131733, 2885
77975, 2884
273535, 2883
89472, 2881
190584, 2875
10193, 2874
61373, 2870
25369, 2864
69106, 2864
196816, 2864
222056, 2864
139402, 2860
50512, 2859
9446, 2856
10638, 2856
11733, 2856
13274, 2856
13909, 2856
15401, 2856
15644, 2856
104102, 2856
121744, 2856
129310, 2856
27595, 2855
61981, 2855
65438, 2855
127697, 2855
200371, 2855
204357, 2855
216434, 2855
224238, 2855
296556, 2855
3724, 2853
58364, 2853
118538, 2853
34027, 2852
62365, 2851
216723, 2851
77463, 2849
163597, 2849
195268, 2849
290820, 2849
12651, 2844
62241, 2844
78989, 2844
154321, 2843
32126, 2841
58709, 2841
80032, 2841
35181, 2840
147770, 2839
9145, 2838
28086, 2838
116511, 2838
239291, 2838
170019, 2835
268710, 2835
17956, 2831
108440, 2831
115631, 2831
152957, 2831
192988, 2831
193454, 2831
226361, 2831
48690, 2823
16937, 2819
43095, 2819
86659, 2819
113515, 2819
15757, 2810
76311, 2810
162507, 2810
26260, 2808
129379, 2808
186851, 2803
86721, 2802
246055, 2802
42950, 2800
59189, 2800
94405, 2800
100720, 2800
138293, 2800
236752, 2800
244081, 2800
121676, 2794
165465, 2794
272841, 2794
3232, 2791
182854, 2788
272426, 2788
18571, 2786
85131, 2786
159837, 2786
217633, 2786
23856, 2785
72779, 2773
109706, 2773
131096, 2773
180971, 2773
217653, 2773
217902, 2773
1420, 2765
11536, 2765
158653, 2764
180165, 2762
6575, 2759
38508, 2759
43843, 2759
216983, 2759
45239, 2755
51295, 2755
67542, 2755
109593, 2755
212296, 2755
219699, 2755
265621, 2755
293793, 2755
97256, 2753
170863, 2753
47355, 2751
101278, 2751
113916, 2751
238240, 2751
248265, 2751
55014, 2750
113282, 2750
205393, 2750
6558, 2749
58955, 2749
256308, 2749
24981, 2748
29073, 2748
113956, 2746
46688, 2745
61987, 2743
16437, 2737
129980, 2734
11480, 2733
19814, 2733
161233, 2733
5656, 2730
8488, 2730
23473, 2730
96746, 2725
124283, 2725
163528, 2725
213950, 2725
233476, 2725
238652, 2725
89879, 2724
49279, 2722
221857, 2722
36454, 2721
92536, 2721
109488, 2721
201547, 2721
212578, 2721
216820, 2721
224302, 2721
226934, 2721
271344, 2721
274936, 2721
82871, 2719
84312, 2719
97779, 2719
124582, 2719
187546, 2719
240696, 2719
13799, 2714
282531, 2712
144938, 2711
156535, 2711
192951, 2711
220745, 2711
49522, 2710
83675, 2710
28903, 2707
212906, 2707
225565, 2705
230534, 2705
253556, 2705
294233, 2705
65484, 2702
109265, 2702
234884, 2702
246461, 2702
157147, 2700
28667, 2699
15109, 2697
55061, 2697
80837, 2697
120954, 2697
167218, 2697
10562, 2695
24905, 2695
80858, 2695
89570, 2695
89795, 2695
90107, 2695
121459, 2695
177905, 2695
203468, 2691
285910, 2691
291018, 2691
201542, 2690
6274, 2689
8915, 2689
71181, 2689
119231, 2689
18524, 2686
18722, 2686
18930, 2686
26206, 2686
71520, 2686
14299, 2685
42488, 2685
58027, 2685
67015, 2685
124333, 2685
149571, 2685
166057, 2685
6628, 2684
113245, 2684
126806, 2684
196309, 2684
242905, 2684
46210, 2679
171139, 2679
207521, 2678
229926, 2678
135045, 2676
164384, 2673
167755, 2672
220128, 2672
242202, 2672
255751, 2672
99772, 2670
195401, 2670
226382, 2670
77598, 2666
41580, 2664
44441, 2662
147652, 2662
277390, 2662
158017, 2660
226534, 2660
276690, 2660
40886, 2659
217817, 2656
56686, 2653
3575, 2652
17488, 2652
83939, 2650
160255, 2650
25544, 2647
45325, 2647
105730, 2647
220095, 2647
231263, 2647
246000, 2647
183895, 2645
284916, 2645
5783, 2643
9765, 2643
95795, 2642
305, 2636
3242, 2636
190079, 2636
62436, 2631
268893, 2631
272263, 2631
3894, 2629
8062, 2629
270461, 2629
282979, 2627
181, 2624
66933, 2622
102227, 2622
264426, 2622
182602, 2620
68672, 2619
261116, 2618
186702, 2616
139706, 2608
193337, 2608
239526, 2608
240827, 2608
36530, 2603
199874, 2603
91731, 2602
184922, 2602
211562, 2602
219684, 2602
112599, 2599
167433, 2599
68843, 2592
289022, 2592
69877, 2591
91439, 2591
136832, 2591
172007, 2591
175208, 2591
235756, 2591
277862, 2591
21336, 2590
94705, 2590
143537, 2590
268023, 2590
32596, 2586
224959, 2584
208294, 2583
255346, 2583
394, 2582
1857, 2582
16195, 2582
18203, 2582
96905, 2582
118186, 2582
132220, 2582
275490, 2582
70142, 2581
134258, 2581
131822, 2578
180946, 2578
3001, 2577
16228, 2574
38124, 2571
131538, 2571
204823, 2571
222719, 2571
248584, 2571
47630, 2564
111786, 2562
8364, 2560
34747, 2560
106561, 2559
127768, 2559
49613, 2558
139557, 2558
160911, 2558
19467, 2556
158201, 2556
171324, 2556
171802, 2556
193069, 2556
252517, 2556
189519, 2551
276329, 2551
118672, 2550
11699, 2549
47231, 2548
242003, 2544
255528, 2543
295637, 2543
80545, 2542
182, 2541
49499, 2536
101763, 2536
145720, 2536
178371, 2536
209652, 2536
256933, 2536
271214, 2536
178513, 2535
193820, 2535
263932, 2535
65956, 2533
84503, 2533
117954, 2533
204057, 2529
6709, 2526
88950, 2526
99836, 2526
143337, 2526
161829, 2526
220194, 2526
256556, 2526
289817, 2526
36579, 2524
49302, 2521
76018, 2521
137275, 2520
37633, 2519
224743, 2515
16496, 2513
93915, 2513
35919, 2512
47737, 2512
48849, 2512
71955, 2512
140355, 2512
141748, 2512
159512, 2512
205967, 2512
292983, 2512
206524, 2511
97817, 2510
260685, 2510
280910, 2510
10227, 2509
67313, 2509
69749, 2509
74006, 2509
75358, 2509
78627, 2509
80313, 2509
80486, 2509
108027, 2509
143472, 2509
104373, 2503
56346, 2502
254317, 2502
13081, 2500
97964, 2500
122622, 2500
124841, 2500
11398, 2499
100326, 2499
141075, 2499
10652, 2497
20673, 2491
176429, 2491
201264, 2490
38822, 2486
64873, 2484
108546, 2484
175035, 2484
38182, 2482
42509, 2482
24390, 2479
26588, 2479
46228, 2479
74473, 2479
89744, 2479
133996, 2479
289361, 2479
3902, 2478
16155, 2478
106970, 2478
291658, 2478
63942, 2472
211762, 2472
171399, 2471
270567, 2471
4326, 2470
219038, 2470
9906, 2469
44327, 2469
142342, 2468
71414, 2467
231419, 2467
237039, 2467
222952, 2464
253664, 2464
22238, 2463
93411, 2463
193637, 2463
284229, 2463
83306, 2462
170932, 2462
273162, 2462
171401, 2460
242680, 2460
42369, 2459
94473, 2459
151325, 2459
74446, 2457
88580, 2456
188108, 2456
219975, 2456
47022, 2453
41421, 2452
128223, 2451
29595, 2450
79993, 2447
146092, 2445
232714, 2445
15623, 2444
27826, 2444
4063, 2441
104629, 2436
146622, 2436
11880, 2434
18917, 2434
42102, 2433
99988, 2432
11155, 2430
31979, 2429
110160, 2425
117126, 2424
166465, 2421
293251, 2421
36423, 2417
188532, 2417
248382, 2417
228182, 2416
15518, 2415
85215, 2415
94746, 2415
172936, 2415
89297, 2414
102121, 2414
214693, 2414
4073, 2413
27599, 2413
266483, 2412
174724, 2410
7570, 2405
11657, 2404
42451, 2404
88768, 2404
97317, 2404
99880, 2404
169783, 2404
205030, 2404
10456, 2403
6424, 2401
26848, 2400
58708, 2400
246410, 2400
261170, 2400
280686, 2400
22434, 2397
129473, 2397
141338, 2397
199789, 2397
141676, 2395
17740, 2394
12799, 2393
168067, 2393
160806, 2392
93788, 2391
20144, 2385
99794, 2383
102891, 2381
153384, 2381
197174, 2381
212923, 2381
229961, 2380
285605, 2380
2911, 2378
25211, 2378
41098, 2374
290784, 2374
2407, 2370
33948, 2370
64968, 2370
242123, 2370
164354, 2364
6095, 2362
130393, 2362
182673, 2362
2922, 2361
62350, 2361
40709, 2357
24478, 2356
8000, 2354
11955, 2351
38581, 2351
81259, 2351
94301, 2351
94046, 2350
100991, 2350
65117, 2349
173325, 2349
1084, 2348
3708, 2348
16137, 2348
23010, 2348
58310, 2346
221510, 2346
123136, 2344
170639, 2342
2949, 2339
13972, 2338
594, 2337
730, 2336
2169, 2336
131660, 2336
155289, 2336
27588, 2334
114553, 2334
4534, 2332
215941, 2329
11260, 2327
64705, 2327
33597, 2326
100252, 2326
24648, 2325
22921, 2324
44097, 2323
154434, 2321
82735, 2320
146571, 2320
169656, 2320
171524, 2320
3795, 2319
8997, 2319
23630, 2319
28599, 2319
123916, 2319
261428, 2319
73050, 2318
108262, 2318
14864, 2316
36258, 2316
38706, 2316
205602, 2316
18126, 2313
21706, 2311
2619, 2310
226015, 2310
62459, 2309
2673, 2306
16763, 2306
73007, 2306
13226, 2305
47445, 2303
82565, 2300
279301, 2300
750, 2297
14225, 2297
69903, 2297
235426, 2297
65661, 2295
14522, 2293
276621, 2293
15413, 2292
113586, 2292
136504, 2292
185178, 2292
187920, 2292
193791, 2292
223923, 2292
260180, 2292
277073, 2292
293766, 2292
95346, 2289
108830, 2288
143631, 2288
145178, 2288
202361, 2288
210419, 2288
216325, 2288
218001, 2288
230338, 2288
257988, 2288
288278, 2288
186518, 2287
218732, 2286
23570, 2285
3396, 2282
3024, 2281
17522, 2279
152502, 2279
231349, 2279
41102, 2277
1060, 2276
5943, 2276
55921, 2272
19403, 2271
34324, 2271
206857, 2270
3315, 2269
7703, 2269
23038, 2269
52555, 2269
57742, 2265
74330, 2263
164542, 2263
212495, 2263
273066, 2263
2444, 2262
6630, 2262
99994, 2262
117299, 2262
202166, 2262
214727, 2262
18486, 2261
34633, 2261
220250, 2261
11239, 2260
225320, 2258
21886, 2256
22542, 2256
146024, 2255
5303, 2249
9310, 2248
129863, 2247
66711, 2244
102462, 2243
13403, 2242
271269, 2242
25926, 2241
32309, 2241
156069, 2241
5148, 2240
13582, 2239
17426, 2239
21337, 2239
60745, 2239
254810, 2239
2374, 2238
127617, 2236
260730, 2236
46182, 2234
1692, 2233
17866, 2233
11629, 2232
36878, 2232
50616, 2232
106140, 2232
151034, 2232
282616, 2231
20553, 2230
64632, 2230
165133, 2230
132423, 2228
12967, 2227
91182, 2226
25493, 2225
32451, 2224
55479, 2224
60825, 2222
66779, 2222
11848, 2218
57777, 2217
123289, 2216
255937, 2216
283628, 2216
143819, 2215
15379, 2214
40360, 2214
95963, 2214
2574, 2213
98989, 2213
7977, 2212
212300, 2212
219870, 2212
7068, 2211
145539, 2210
172319, 2209
83925, 2208
84665, 2208
29815, 2207
37665, 2207
81899, 2207
104785, 2207
110242, 2207
49485, 2204
63704, 2204
163735, 2202
17395, 2201
36997, 2201
50210, 2201
59860, 2201
107827, 2201
230231, 2201
239157, 2201
24156, 2198
24341, 2197
98956, 2197
185814, 2197
231740, 2197
10474, 2196
96587, 2196
102132, 2196
126716, 2196
270311, 2196
252706, 2195
41742, 2194
37951, 2192
64678, 2192
179865, 2192
240801, 2192
30259, 2190
55736, 2190
59298, 2190
68552, 2190
103934, 2190
105566, 2190
116844, 2190
193295, 2190
5614, 2189
58208, 2189
175579, 2189
258567, 2189
2929, 2188
158605, 2188
47743, 2186
113174, 2186
124100, 2186
136293, 2186
142295, 2186
7750, 2185
36773, 2184
139094, 2184
174480, 2183
38189, 2182
68020, 2182
90765, 2182
144138, 2182
185719, 2182
204025, 2182
204326, 2182
206745, 2182
234841, 2182
273317, 2182
283038, 2182
25043, 2181
28211, 2181
57396, 2181
85318, 2181
110557, 2181
225174, 2181
79421, 2180
86924, 2180
178919, 2180
244846, 2180
82702, 2178
17028, 2177
3950, 2175
22406, 2175
61753, 2175
101218, 2175
215955, 2173
234707, 2173
135665, 2172
188613, 2172
232628, 2172
54816, 2171
129289, 2171
254583, 2171
258800, 2171
40937, 2170
55524, 2170
24721, 2167
84459, 2167
75983, 2164
136913, 2160
145186, 2158
183493, 2158
218560, 2158
241511, 2158
274608, 2158
223665, 2157
42820, 2156
43908, 2156
54476, 2156
55963, 2156
91328, 2156
95920, 2156
161714, 2156
207857, 2156
1510, 2153
33569, 2151
125736, 2151
64040, 2148
98040, 2148
5932, 2145
24999, 2145
29040, 2145
6613, 2144
14749, 2144
15642, 2144
16097, 2144
17250, 2144
34593, 2144
127332, 2144
725, 2143
17054, 2143
31545, 2143
253178, 2143
238373, 2142
114976, 2141
133733, 2141
199286, 2141
229224, 2141
276659, 2141
409, 2140
1444, 2136
5742, 2136
98066, 2136
175742, 2135
55283, 2133
9350, 2132
236940, 2132
256795, 2132
263441, 2132
17239, 2129
247047, 2129
472, 2128
14184, 2127
21293, 2127
231502, 2125
293790, 2125
25613, 2123
42412, 2123
43122, 2123
87649, 2123
143892, 2123
6752, 2122
26673, 2122
46154, 2122
128679, 2121
296050, 2121
135946, 2120
175940, 2120
70782, 2118
80558, 2118
109211, 2118
2185, 2116
9110, 2116
29265, 2116
26307, 2115
88473, 2115
16434, 2113
25275, 2113
141223, 2113
265905, 2113
1529, 2112
8500, 2112
11318, 2112
37272, 2112
39512, 2112
124759, 2112
132935, 2112
53685, 2110
63226, 2110
72442, 2110
107837, 2110
141287, 2110
187524, 2110
251950, 2110
43917, 2109
85626, 2109
5766, 2108
123928, 2106
151497, 2106
9166, 2102
30069, 2102
58148, 2102
195953, 2102
294742, 2102
115327, 2101
170962, 2101
19581, 2100
121741, 2100
167199, 2100
167451, 2100
238710, 2100
284970, 2100
286579, 2100
94422, 2099
233227, 2096
28671, 2095
100935, 2095
13304, 2093
232960, 2093
1158, 2092
49605, 2092
185043, 2092
23291, 2090
158726, 2089
104119, 2087
19, 2086
13840, 2086
68316, 2084
6968, 2082
53221, 2082
131029, 2082
60820, 2081
170144, 2081
196137, 2081
243683, 2079
540, 2078
222778, 2078
188793, 2077
254950, 2077
8104, 2075
31131, 2075
66264, 2075
2241, 2074
22640, 2074
12592, 2073
43927, 2073
59012, 2072
140846, 2072
113026, 2070
169378, 2070
145435, 2068
288590, 2068
6316, 2067
15519, 2067
19896, 2067
42806, 2067
82230, 2067
110867, 2067
87715, 2066
92777, 2066
146248, 2066
201864, 2066
2633, 2065
24369, 2065
110488, 2065
138700, 2065
11826, 2063
28250, 2063
49894, 2063
68223, 2063
103561, 2063
6054, 2062
12562, 2062
58748, 2062
63214, 2062
204466, 2062
63313, 2061
6884, 2060
55350, 2060
41, 2059
28114, 2057
65315, 2057
174928, 2057
258277, 2057
7463, 2056
43310, 2056
203677, 2053
3591, 2052
39677, 2052
152135, 2052
5050, 2050
83390, 2050
147679, 2050
158834, 2050
31973, 2049
4712, 2048
276277, 2048
27708, 2046
34518, 2046
20825, 2045
34801, 2045
83717, 2045
109423, 2045
125072, 2045
163799, 2045
167535, 2045
34445, 2043
48808, 2043
53316, 2043
285916, 2043
3372, 2042
55176, 2041
159489, 2041
283139, 2041
24111, 2039
24780, 2039
33732, 2039
38276, 2039
50832, 2039
61451, 2039
34877, 2038
132729, 2038
3262, 2037
27727, 2037
75905, 2037
3105, 2035
11968, 2034
1291, 2033
2538, 2033
4573, 2033
8150, 2033
15381, 2033
20486, 2033
41206, 2033
83002, 2033
127660, 2033
249532, 2033
1090, 2032
26697, 2032
36321, 2032
66461, 2032
170164, 2032
183303, 2032
220498, 2032
283410, 2032
277538, 2030
45179, 2029
1693, 2026
8376, 2026
85915, 2026
55171, 2022
78471, 2022
113706, 2022
174055, 2022
177624, 2022
205553, 2022
252414, 2022
281701, 2022
156933, 2021
157976, 2021
179585, 2021
231193, 2021
285495, 2021
13834, 2020
155390, 2020
171680, 2020
172737, 2020
291372, 2020
5937, 2017
104260, 2017
2380, 2016
11230, 2015
32480, 2014
42301, 2013
263641, 2013
253559, 2012
279107, 2012
9805, 2011
47035, 2011
248958, 2011
227418, 2010
34384, 2009
1267, 2007
115905, 2007
140472, 2007
190849, 2007
200662, 2007
214854, 2007
18614, 2006
74605, 2006
31756, 2005
131664, 2005
13137, 2004
31459, 2004
34496, 2004
108137, 2004
125869, 2004
184703, 2004
190120, 2004
257106, 2004
28769, 2003
164959, 2003
25383, 2002
126668, 2002
440, 2001
512, 2001
1329, 2001
1671, 2001
2860, 2001
21153, 2001
124209, 2001
80237, 2000
9685, 1998
214106, 1997
278760, 1997
94782, 1996
100021, 1996
171867, 1996
240898, 1996
33532, 1995
180571, 1995
34117, 1994
68726, 1993
174020, 1993
44041, 1992
107674, 1992
24245, 1991
264684, 1991
3285, 1986
5898, 1986
34376, 1984
155959, 1982
9032, 1981
19577, 1981
266799, 1981
18227, 1980
30258, 1979
10592, 1978
22971, 1978
91381, 1978
132483, 1978
185372, 1978
5694, 1977
52294, 1977
281104, 1975
7803, 1974
37913, 1974
23441, 1973
25923, 1973
107444, 1973
122088, 1973
165787, 1973
173040, 1973
261833, 1973
3144, 1972
8603, 1972
18155, 1970
60660, 1970
98901, 1970
101084, 1970
160692, 1970
271857, 1970
168297, 1969
199117, 1969
203054, 1969
33581, 1968
53826, 1968
110523, 1968
148951, 1968
22561, 1966
59566, 1966
125362, 1965
24652, 1964
39148, 1964
115392, 1964
235677, 1961
285805, 1961
2031, 1959
3447, 1959
5715, 1959
81163, 1956
7432, 1955
47778, 1955
118406, 1955
119530, 1955
132210, 1955
156851, 1955
43313, 1954
162797, 1954
287091, 1954
12892, 1953
199764, 1953
8922, 1952
30877, 1952
33776, 1952
35378, 1952
38780, 1952
83836, 1952
115632, 1952
117426, 1952
154809, 1952
171845, 1952
172854, 1952
51804, 1951
13619, 1950
17108, 1950
97147, 1950
7467, 1949
45156, 1949
26644, 1948
26687, 1948
88226, 1948
103432, 1947
50682, 1945
2507, 1944
79008, 1944
84907, 1944
254055, 1944
7332, 1941
123351, 1938
3197, 1935
256159, 1933
19583, 1932
112888, 1932
204809, 1932
238406, 1932
9458, 1931
30076, 1931
20169, 1930
140367, 1929
3711, 1928
33445, 1928
8953, 1927
267276, 1927
22725, 1926
2179, 1925
2616, 1925
5167, 1924
119963, 1923
129127, 1923
248552, 1923
40047, 1922
41669, 1922
79857, 1922
238900, 1922
290303, 1922
12160, 1921
36478, 1921
29821, 1920
139749, 1918
168661, 1918
19027, 1916
39922, 1915
126669, 1914
7753, 1912
61578, 1912
263159, 1911
165662, 1910
48677, 1909
273774, 1908
276240, 1908
7799, 1907
199215, 1907
4746, 1905
47813, 1905
190854, 1904
289475, 1904
47062, 1903
83583, 1903
105034, 1903
260647, 1903
16630, 1902
136445, 1902
213597, 1902
682, 1901
2370, 1901
49693, 1901
72560, 1901
179646, 1901
19903, 1900
21573, 1900
22031, 1900
24421, 1900
26641, 1900
29526, 1900
29794, 1900
30306, 1900
31703, 1900
32950, 1900
35037, 1900
100388, 1898
67065, 1897
84710, 1897
158793, 1897
262721, 1897
294426, 1897
9081, 1895
89878, 1895
186400, 1895
193187, 1895
37113, 1894
61680, 1894
14703, 1893
182035, 1892
26054, 1888
28437, 1888
210555, 1888
34238, 1887
116330, 1887
254628, 1887
73893, 1886
14869, 1885
45229, 1885
48763, 1885
270821, 1885
283128, 1885
283122, 1884
184931, 1881
27797, 1879
84166, 1879
98936, 1879
100117, 1879
2597, 1877
6473, 1877
14293, 1877
49941, 1877
53295, 1876
72801, 1876
8223, 1875
9474, 1875
202074, 1875
112964, 1874
29171, 1873
112858, 1873
240423, 1873
23394, 1872
25273, 1872
29983, 1872
50341, 1872
62200, 1872
25233, 1871
97319, 1871
128237, 1871
133948, 1871
145597, 1871
210161, 1871
22351, 1870
220739, 1870
108537, 1867
203880, 1867
5559, 1866
94417, 1866
99239, 1866
173987, 1866
177243, 1866
187985, 1866
159071, 1865
231527, 1865
786, 1864
16576, 1864
34536, 1864
67824, 1864
98947, 1864
145476, 1864
162105, 1864
28766, 1863
169, 1861
4602, 1861
29785, 1861
51080, 1861
107056, 1861
272537, 1861
23422, 1860
17720, 1859
73066, 1859
116276, 1859
21813, 1858
64488, 1858
69158, 1858
87657, 1858
5843, 1856
110616, 1856
160283, 1856
174423, 1856
270492, 1856
278896, 1856
42546, 1855
150663, 1855
18845, 1854
5913, 1851
98988, 1851
68831, 1850
56471, 1849
70537, 1849
80284, 1849
81032, 1849
104407, 1849
109573, 1849
173536, 1849
174511, 1849
191311, 1849
259911, 1849
11890, 1848
20757, 1848
25368, 1848
48052, 1848
50336, 1848
86130, 1848
212042, 1848
286223, 1848
19930, 1846
20797, 1846
19517, 1845
71504, 1845
71618, 1845
179997, 1845
232695, 1845
34719, 1843
66572, 1843
151430, 1842
7618, 1841
87789, 1841
23659, 1839
80511, 1839
190520, 1839
3770, 1838
87842, 1838
14784, 1836
151287, 1836
40272, 1835
172799, 1835
27472, 1832
31210, 1832
80894, 1831
220266, 1831
1314, 1829
72683, 1829
94376, 1829
100677, 1829
212043, 1829
53711, 1828
81291, 1828
5500, 1827
88937, 1827
273380, 1827
4825, 1826
14922, 1826
124808, 1826
171773, 1826
3168, 1825
4417, 1825
7909, 1825
21399, 1825
25511, 1825
40040, 1825
88646, 1825
179667, 1825
270479, 1825
953, 1823
1431, 1823
31442, 1823
82632, 1823
190457, 1823
237325, 1823
250831, 1823
293530, 1823
17233, 1822
31663, 1822
79412, 1822
240498, 1822
280094, 1822
11434, 1821
42839, 1821
8020, 1820
219520, 1820
69033, 1819
92289, 1819
6564, 1818
18177, 1818
60328, 1818
61633, 1818
62378, 1818
62965, 1818
73796, 1818
203417, 1818
6250, 1817
7257, 1817
13050, 1817
34510, 1817
1010, 1816
4850, 1816
107118, 1816
124779, 1816
140060, 1815
761, 1814
2855, 1813
20755, 1813
52879, 1813
127145, 1813
27460, 1812
28389, 1812
217601, 1812
17632, 1811
14998, 1810
16887, 1809
40431, 1809
71379, 1809
128360, 1809
138522, 1809
5724, 1808
27883, 1808
199247, 1808
41676, 1807
173064, 1807
187289, 1807
236930, 1807
296595, 1807
63160, 1804
50302, 1803
2084, 1802
5869, 1802
9540, 1802
10662, 1802
95010, 1802
23349, 1799
25807, 1799
37703, 1799
102552, 1799
167300, 1799
167441, 1799
182086, 1799
3855, 1797
6242, 1797
23266, 1797
27662, 1797
156803, 1797
34331, 1796
103428, 1796
140366, 1794
177232, 1794
277367, 1794
46255, 1793
132139, 1793
151819, 1793
154550, 1793
18911, 1792
25432, 1792
40292, 1792
19034, 1791
28170, 1791
138081, 1791
22824, 1790
35389, 1790
53193, 1790
55897, 1790
60851, 1790
195590, 1790
8018, 1789
42786, 1789
84019, 1789
9149, 1788
93174, 1788
163777, 1788
10266, 1786
16094, 1786
20338, 1786
71824, 1786
104161, 1786
53988, 1785
79227, 1785
134811, 1785
281980, 1784
264096, 1782
254189, 1781
348, 1780
220267, 1780
65300, 1779
151495, 1779
6287, 1777
35635, 1777
37346, 1777
43738, 1777
48080, 1777
49445, 1777
52153, 1777
55578, 1777
57354, 1777
58108, 1777
69703, 1777
14649, 1776
11763, 1775
48103, 1775
51276, 1775
182425, 1775
187403, 1775
221512, 1775
224477, 1775
244703, 1775
14076, 1773
101852, 1773
221888, 1773
14100, 1772
4143, 1771
41740, 1771
263069, 1771
11943, 1770
48795, 1770
54740, 1768
44009, 1767
12156, 1766
22064, 1766
62177, 1766
97682, 1766
161947, 1766
24798, 1765
42838, 1765
103781, 1765
133757, 1765
237258, 1765
238107, 1765
124135, 1764
72041, 1761
84257, 1761
90872, 1761
104541, 1761
208931, 1761
7871, 1760
85623, 1760
87070, 1760
33097, 1759
279439, 1756
28997, 1755
34452, 1755
161906, 1755
273032, 1755
5975, 1754
17584, 1754
27030, 1754
86698, 1754
98207, 1754
1325, 1753
30838, 1753
62274, 1753
113372, 1753
124054, 1752
213063, 1751
292425, 1751
172884, 1750
26597, 1749
54456, 1749
122224, 1749
146247, 1749
155604, 1749
5850, 1748
42338, 1748
10564, 1747
5407, 1745
23115, 1745
23355, 1745
23621, 1745
24894, 1745
27198, 1745
45784, 1745
54419, 1745
61951, 1745
74804, 1745
81299, 1745
1870, 1744
10481, 1744
17661, 1744
23583, 1744
58988, 1744
72039, 1744
75192, 1744
100495, 1744
115339, 1744
165231, 1744
231458, 1744
265819, 1744
113165, 1742
7764, 1741
33831, 1741
121329, 1741
164373, 1741
180110, 1741
237420, 1741
12889, 1740
18037, 1738
665, 1737
14074, 1737
47903, 1737
82534, 1737
120305, 1737
4117, 1736
4146, 1736
23578, 1736
25229, 1736
30767, 1736
55099, 1735
14700, 1734
71601, 1734
4668, 1733
7144, 1733
38736, 1733
55829, 1733
57378, 1732
63538, 1732
105562, 1732
36560, 1731
168001, 1730
223630, 1730
4765, 1729
111062, 1729
167557, 1729
80449, 1728
87905, 1728
118894, 1728
156127, 1728
188862, 1728
105813, 1727
40316, 1726
40811, 1726
100881, 1726
23305, 1725
22543, 1723
61678, 1723
80496, 1723
85837, 1723
169651, 1723
189352, 1723
29515, 1722
117993, 1721
2645, 1720
6607, 1720
25986, 1720
72033, 1720
139193, 1720
166795, 1720
294546, 1720
36127, 1718
234119, 1718
290091, 1718
163515, 1715
204281, 1715
245208, 1715
247326, 1715
70467, 1714
231009, 1714
815, 1713
23483, 1713
9002, 1709
31747, 1709
168448, 1709
14113, 1708
45925, 1708
48962, 1708
54961, 1708
113134, 1708
6902, 1707
22575, 1707
57240, 1707
96545, 1707
162867, 1707
215441, 1707
251357, 1707
46225, 1706
67735, 1706
67951, 1706
193088, 1706
205440, 1706
235329, 1706
246047, 1706
12997, 1705
118385, 1704
48209, 1703
55236, 1703
246264, 1702
144440, 1701
181747, 1701
141361, 1700
218124, 1700
8207, 1699
20679, 1699
117659, 1699
3308, 1698
10399, 1698
93190, 1697
291802, 1697
4412, 1696
8086, 1696
161711, 1696
257273, 1696
260111, 1696
277217, 1696
90665, 1695
119671, 1695
105700, 1694
86901, 1693
130703, 1693
4190, 1691
30562, 1691
109322, 1691
111019, 1691
138, 1690
103776, 1688
123447, 1688
8224, 1687
9248, 1687
125068, 1687
237435, 1687
64272, 1686
84388, 1686
138560, 1686
196094, 1686
229871, 1686
232407, 1686
53637, 1685
3480, 1684
11129, 1684
38330, 1683
45189, 1683
60313, 1683
122534, 1683
192669, 1683
238155, 1683
132882, 1682
20845, 1681
24425, 1681
34479, 1681
10009, 1680
143822, 1680
178629, 1680
270401, 1680
131396, 1679
242643, 1679
1538, 1678
36157, 1678
48717, 1678
3422, 1677
1819, 1676
45173, 1675
116996, 1675
104461, 1674
158626, 1674
282954, 1674
165625, 1672
2356, 1670
9342, 1670
10152, 1670
45350, 1670
51451, 1670
56541, 1670
58423, 1670
59743, 1670
62679, 1670
67778, 1670
80611, 1670
154995, 1670
65150, 1668
5726, 1667
77634, 1667
176437, 1667
22621, 1666
84948, 1666
13550, 1662
51803, 1662
99730, 1662
200454, 1662
8453, 1661
24274, 1661
32510, 1661
57720, 1661
69784, 1661
105554, 1661
3933, 1660
95862, 1660
136142, 1660
4003, 1659
22569, 1659
244074, 1658
16235, 1657
23310, 1657
29201, 1657
59115, 1657
3677, 1656
94480, 1656
278157, 1656
7356, 1655
36703, 1655
36736, 1655
38007, 1655
39933, 1655
40499, 1655
41950, 1655
46204, 1655
47637, 1655
14187, 1654
125406, 1654
131360, 1654
154791, 1654
293736, 1654
3537, 1653
31295, 1653
36048, 1653
1257, 1652
3762, 1652
5893, 1652
9580, 1652
47617, 1652
47739, 1652
83684, 1652
178395, 1652
200940, 1652
72469, 1651
200964, 1651
2865, 1650
6610, 1650
23730, 1650
35464, 1650
48143, 1650
192738, 1650
197617, 1650
200312, 1650
209188, 1650
215330, 1650
228939, 1650
229665, 1650
243249, 1650
255352, 1650
268642, 1650
290190, 1650
8518, 1649
167828, 1649
2927, 1647
28171, 1647
31569, 1647
49259, 1646
73718, 1646
220810, 1646
276744, 1646
7289, 1645
42679, 1645
43386, 1645
46033, 1645
51443, 1645
311, 1644
13767, 1644
6689, 1643
31021, 1643
44735, 1643
99334, 1643
43031, 1642
156928, 1642
3510, 1641
25733, 1641
42015, 1641
89817, 1641
112697, 1641
146521, 1641
246384, 1641
43196, 1640
140199, 1640
203155, 1640
100814, 1639
172802, 1639
231921, 1639
238927, 1639
264797, 1639
270185, 1639
283883, 1639
2728, 1638
8575, 1638
29702, 1638
120720, 1638
211899, 1638
21802, 1637
70550, 1637
231454, 1637
276765, 1637
129617, 1635
4312, 1634
22390, 1633
27680, 1632
43877, 1632
145122, 1632
146408, 1632
166197, 1632
174491, 1632
259832, 1632
26740, 1631
81273, 1631
217061, 1631
16721, 1630
69326, 1630
100408, 1630
111082, 1630
117215, 1630
117385, 1630
240633, 1630
287750, 1630
13628, 1629
262835, 1629
34562, 1628
234408, 1628
255495, 1628
283466, 1628
294793, 1628
4097, 1627
53795, 1627
89546, 1627
215257, 1627
159659, 1626
24807, 1625
163965, 1625
37338, 1624
66326, 1624
21343, 1623
73684, 1623
193709, 1623
216222, 1623
250899, 1623
11619, 1622
22932, 1622
28266, 1622
85391, 1622
133419, 1622
225306, 1622
226136, 1622
244360, 1622
246085, 1622
268999, 1622
19031, 1621
65235, 1621
106212, 1621
192104, 1621
915, 1620
9716, 1620
87801, 1620
104293, 1620
255698, 1620
3634, 1619
51108, 1618
82477, 1618
99519, 1618
10816, 1617
259318, 1616
275061, 1616
78819, 1615
116400, 1615
7765, 1614
118759, 1614
215877, 1614
32805, 1612
89921, 1612
8567, 1611
10303, 1611
11837, 1611
69573, 1611
115328, 1611
131699, 1611
40568, 1610
4599, 1609
33498, 1609
38573, 1609
57857, 1609
183436, 1609
235991, 1609
383, 1608
15655, 1608
34189, 1608
46755, 1608
58142, 1608
202377, 1608
262658, 1608
16823, 1607
72276, 1607
93442, 1607
101211, 1607
216462, 1607
20820, 1606
47977, 1606
96146, 1605
225784, 1605
68126, 1604
126538, 1604
530, 1603
4822, 1602
5036, 1602
14757, 1602
42645, 1602
82802, 1602
102376, 1602
203798, 1602
222667, 1602
243047, 1602
13305, 1601
51563, 1601
178306, 1601
271563, 1601
26414, 1600
261750, 1600
5927, 1599
264237, 1599
15994, 1597
100845, 1597
15606, 1596
20997, 1596
222205, 1596
23693, 1595
49692, 1595
71823, 1595
190904, 1595
211567, 1595
214182, 1595
670, 1594
2566, 1594
30950, 1594
54904, 1594
109686, 1594
131924, 1594
168674, 1594
190178, 1594
225863, 1594
227705, 1594
227892, 1594
257449, 1594
258751, 1594
277946, 1594
16522, 1592
94248, 1592
180551, 1592
7446, 1591
58325, 1591
679, 1590
11595, 1590
58114, 1590
153012, 1590
224967, 1590
19022, 1589
96098, 1589
144145, 1589
175177, 1589
223353, 1589
1767, 1588
11994, 1588
22286, 1588
30196, 1588
152540, 1588
228724, 1588
69045, 1587
104375, 1587
5279, 1586
66830, 1586
19419, 1585
19999, 1585
23816, 1585
54856, 1585
60991, 1585
65080, 1585
73460, 1585
110224, 1585
187365, 1585
191409, 1585
193440, 1585
207181, 1585
215159, 1585
222488, 1585
285026, 1585
286363, 1585
295027, 1585
13747, 1584
20248, 1584
49436, 1584
53815, 1584
86775, 1584
35974, 1583
51888, 1583
61356, 1583
85790, 1583
105660, 1583
115082, 1583
173696, 1583
262347, 1583
5169, 1582
24327, 1582
42641, 1582
62532, 1582
102296, 1582
110057, 1582
48727, 1581
53656, 1581
62172, 1581
107911, 1581
141781, 1581
173268, 1581
173865, 1581
189175, 1581
215031, 1581
240262, 1581
1970, 1580
8812, 1580
124792, 1580
268003, 1580
5269, 1579
24155, 1579
148417, 1579
4577, 1578
42218, 1578
134094, 1578
163029, 1578
6651, 1577
22430, 1577
25804, 1577
62651, 1577
97035, 1577
171606, 1577
176929, 1577
294260, 1577
4176, 1576
34201, 1576
114314, 1576
116951, 1576
144150, 1575
195435, 1575
165921, 1574
6621, 1573
7760, 1573
22902, 1573
96323, 1573
114715, 1573
117153, 1573
140449, 1573
159590, 1573
216650, 1573
238022, 1573
11783, 1572
107382, 1572
114135, 1572
137684, 1572
193805, 1572
223403, 1572
285141, 1572
35918, 1571
125264, 1571
153, 1570
12941, 1570
34146, 1570
43265, 1570
123960, 1570
57748, 1569
39280, 1568
73851, 1568
88904, 1568
246423, 1568
251556, 1568
251734, 1568
120050, 1567
168592, 1567
291543, 1567
119854, 1566
170380, 1566
233192, 1566
6178, 1565
71152, 1565
121758, 1565
174200, 1565
288521, 1565
46026, 1564
195300, 1564
166973, 1563
177055, 1563
194168, 1563
196379, 1563
214737, 1563
223043, 1563
243009, 1563
252509, 1563
269233, 1563
26066, 1562
69694, 1561
135508, 1561
237870, 1561
1928, 1560
4900, 1560
21704, 1560
60369, 1560
60894, 1560
145740, 1560
216372, 1560
1879, 1559
108804, 1559
121426, 1559
130005, 1559
139433, 1559
146794, 1559
180075, 1559
189128, 1559
195600, 1559
27074, 1558
30243, 1558
35257, 1558
53159, 1558
88795, 1558
37984, 1557
234896, 1557
247995, 1557
604, 1556
4983, 1556
20614, 1556
26159, 1556
75374, 1556
142146, 1556
99494, 1555
216840, 1555
230717, 1555
246730, 1555
63614, 1554
95185, 1554
24399, 1553
32083, 1553
53883, 1553
152534, 1553
169800, 1552
185836, 1552
3220, 1551
14771, 1551
26824, 1551
36328, 1551
109704, 1551
173662, 1551
232700, 1551
14683, 1550
21669, 1550
94488, 1550
102832, 1550
156972, 1550
259216, 1550
288196, 1550
53984, 1549
80338, 1549
111179, 1549
240177, 1549
256726, 1549
291943, 1549
4137, 1548
60652, 1548
189062, 1548
24017, 1547
28469, 1547
51203, 1547
174059, 1547
61837, 1546
74806, 1546
94514, 1546
162764, 1546
27011, 1545
147404, 1544
198736, 1544
105043, 1543
193721, 1543
208708, 1543
265250, 1543
8346, 1542
58334, 1542
126962, 1542
132368, 1542
204309, 1542
257804, 1542
6004, 1541
188573, 1541
49656, 1540
211078, 1540
216659, 1540
243275, 1540
12458, 1539
16776, 1539
7127, 1538
7796, 1538
9503, 1538
58373, 1538
67434, 1538
187521, 1538
212680, 1538
224721, 1538
9224, 1537
10860, 1537
33876, 1537
53154, 1537
172822, 1537
20782, 1536
27869, 1536
56417, 1536
91727, 1536
26760, 1534
59480, 1534
99828, 1534
152598, 1534
167417, 1534
172663, 1534
220420, 1534
252032, 1534
275678, 1534
275725, 1534
290384, 1534
291761, 1534
34881, 1533
52371, 1533
83958, 1533
136370, 1533
243377, 1533
292841, 1533
294288, 1533
5823, 1532
25977, 1532
57060, 1532
59300, 1532
65250, 1532
110646, 1532
124357, 1532
143695, 1532
146829, 1532
6905, 1531
12684, 1530
113455, 1530
6314, 1529
17784, 1529
39311, 1529
44015, 1529
45688, 1529
132180, 1529
294965, 1529
161, 1528
8415, 1528
36704, 1528
38008, 1528
15590, 1527
109198, 1527
138625, 1527
163102, 1527
190396, 1527
192760, 1527
252570, 1527
257160, 1527
7314, 1526
23889, 1526
53704, 1526
83956, 1526
120956, 1526
122090, 1526
151816, 1526
166322, 1526
172334, 1526
200438, 1526
295589, 1526
1561, 1525
19446, 1525
20903, 1525
35723, 1525
276938, 1525
6227, 1524
27753, 1524
33202, 1524
75510, 1524
97000, 1524
149777, 1524
156538, 1524
214663, 1524
12158, 1523
15750, 1523
19498, 1523
52509, 1523
89559, 1523
116846, 1523
166450, 1523
3395, 1522
13214, 1522
13355, 1522
14411, 1522
16383, 1522
18589, 1522
19737, 1522
20446, 1522
83869, 1522
117997, 1522
156524, 1522
5596, 1521
32291, 1521
46076, 1521
56376, 1521
22209, 1520
56246, 1520
172141, 1520
193675, 1520
216384, 1520
263736, 1520
272741, 1520
273309, 1520
283843, 1520
34347, 1519
117056, 1519
48411, 1518
67372, 1518
81206, 1518
84131, 1518
216107, 1518
265341, 1518
17724, 1517
52260, 1517
83009, 1517
207133, 1516
2563, 1515
32061, 1515
202865, 1515
22558, 1514
35630, 1514
45313, 1514
60828, 1514
91185, 1514
113647, 1514
127151, 1514
135561, 1514
32392, 1513
8883, 1512
17782, 1512
19425, 1512
36632, 1512
158176, 1512
1290, 1511
15364, 1511
23773, 1510
86793, 1510
1563, 1509
11336, 1509
12320, 1509
48784, 1509
191152, 1509
206036, 1509
209364, 1509
263272, 1509
263897, 1509
5946, 1508
9400, 1508
9964, 1508
10904, 1508
21101, 1508
23667, 1508
28388, 1508
32416, 1508
34677, 1508
60654, 1508
100394, 1508
266301, 1508
289799, 1508
32868, 1507
66131, 1507
180827, 1507
182808, 1507
182817, 1507
26406, 1506
34792, 1506
36211, 1506
75912, 1506
87134, 1506
93744, 1506
218555, 1506
218854, 1506
223453, 1506
43596, 1505
56655, 1505
174794, 1505
4437, 1504
11809, 1504
20089, 1504
66164, 1504
66168, 1504
111580, 1504
257965, 1504
283203, 1504
15838, 1503
22004, 1503
27629, 1503
184241, 1503
261210, 1503
7975, 1502
24221, 1502
27867, 1502
28483, 1502
63141, 1502
67493, 1502
68288, 1502
89158, 1502
96990, 1502
118111, 1502
213929, 1502
237011, 1502
6515, 1501
25325, 1501
105014, 1501
126060, 1501
5516, 1500
8384, 1500
12057, 1500
20952, 1500
33033, 1500
49682, 1500
53017, 1500
62720, 1500
95738, 1500
97045, 1500
98897, 1500
116222, 1500
142140, 1500
201416, 1500
223046, 1500
288205, 1500
6409, 1499
85297, 1499
278749, 1499
146578, 1497
32734, 1496
34253, 1496
78300, 1496
89703, 1496
284370, 1496
63512, 1495
105929, 1495
242951, 1495
28702, 1494
106424, 1494
104956, 1493
20, 1492
5678, 1492
14602, 1492
66141, 1492
69029, 1492
71307, 1492
114795, 1492
144402, 1492
210826, 1492
239259, 1492
246329, 1492
264440, 1492
265131, 1492
87498, 1491
136807, 1491
199815, 1491
258018, 1491
270580, 1491
278030, 1491
284495, 1491
76165, 1490
115484, 1490
144853, 1490
161607, 1490
181926, 1490
197649, 1490
199757, 1490
227634, 1490
282142, 1490
283094, 1490
291103, 1490
272983, 1489
290714, 1489
38642, 1488
54066, 1488
18779, 1487
20095, 1487
142579, 1487
159852, 1487
6955, 1486
20770, 1486
39063, 1486
148641, 1486
202470, 1486
289858, 1486
8896, 1485
9873, 1485
25191, 1485
39086, 1485
62955, 1485
69872, 1485
81544, 1485
96707, 1485
104725, 1485
106685, 1485
111837, 1485
251013, 1485
2447, 1484
66868, 1484
6286, 1483
196982, 1483
229689, 1483
242311, 1483
249048, 1483
270331, 1483
274371, 1483
40403, 1482
157079, 1482
195880, 1482
199596, 1482
213356, 1482
10754, 1481
18501, 1481
27747, 1481
41096, 1481
67237, 1481
70404, 1481
80712, 1481
88230, 1481
90659, 1481
149024, 1481
188158, 1481
214372, 1481
239, 1480
10215, 1480
42783, 1480
54428, 1480
89092, 1480
89287, 1480
122120, 1480
169386, 1480
199910, 1480
215706, 1480
216570, 1480
251890, 1480
257535, 1480
13710, 1479
19329, 1479
23948, 1479
32571, 1479
42520, 1479
269693, 1479
42768, 1478
55710, 1478
89447, 1478
120920, 1478
258592, 1478
9122, 1477
25212, 1476
117593, 1476
18854, 1475
65531, 1475
67055, 1475
83963, 1475
97334, 1475
127887, 1475
195130, 1475
292734, 1475
4831, 1474
5097, 1474
122742, 1474
142823, 1474
273645, 1474
14271, 1473
248621, 1473
52546, 1472
236888, 1472
249677, 1472
277901, 1472
7848, 1471
59764, 1471
118689, 1471
10237, 1470
26284, 1470
3351, 1469
65727, 1468
294124, 1468
787, 1467
71877, 1467
129500, 1467
37977, 1466
39584, 1466
100280, 1466
127307, 1466
11495, 1465
21494, 1465
29592, 1465
221375, 1465
22843, 1464
45482, 1464
49224, 1464
73265, 1464
35948, 1463
38724, 1463
74016, 1463
1477, 1462
145498, 1462
281213, 1462
13399, 1461
95229, 1461
121618, 1461
139185, 1461
194857, 1461
222425, 1461
232240, 1461
273928, 1461
51136, 1460
67140, 1460
119269, 1460
145714, 1460
164598, 1460
175955, 1460
240222, 1460
243918, 1460
254267, 1460
266938, 1460
337, 1459
9865, 1459
11720, 1458
20671, 1458
95190, 1458
201308, 1458
232261, 1458
4463, 1457
67306, 1457
239773, 1457
50527, 1456
1791, 1455
5591, 1455
92165, 1455
224999, 1455
229691, 1455
93093, 1454
104137, 1454
168321, 1454
11628, 1453
21168, 1453
115684, 1453
31790, 1452
59343, 1452
61243, 1452
98062, 1452
163742, 1452
165356, 1452
194786, 1452
158501, 1451
33079, 1450
70473, 1450
103007, 1450
151472, 1450
166730, 1450
205657, 1450
233177, 1450
252075, 1450
7184, 1449
16566, 1449
61028, 1449
4915, 1448
7429, 1448
28366, 1448
80749, 1448
103757, 1448
235892, 1448
274256, 1448
296230, 1448
16878, 1447
42603, 1447
51960, 1447
111545, 1447
118878, 1447
21614, 1446
41182, 1446
69048, 1446
73141, 1446
91228, 1446
101183, 1446
109701, 1446
128453, 1446
168667, 1446
237883, 1446
177636, 1445
255679, 1445
290203, 1445
41991, 1444
126400, 1444
170707, 1444
170926, 1444
265609, 1444
276967, 1444
2942, 1443
5438, 1443
193389, 1443
274733, 1443
18283, 1442
53118, 1442
181277, 1442
184399, 1442
187495, 1442
261849, 1442
22403, 1441
2320, 1440
198467, 1439
256832, 1439
30145, 1438
79961, 1438
278188, 1438
58, 1437
2154, 1437
42775, 1437
60750, 1437
92283, 1437
138935, 1437
165951, 1437
201406, 1437
237753, 1437
257776, 1437
275548, 1437
2828, 1436
5699, 1436
15178, 1436
35076, 1436
56277, 1436
87174, 1436
14528, 1434
4160, 1432
12666, 1432
63804, 1432
67819, 1432
199850, 1432
226605, 1432
238024, 1432
274009, 1432
280429, 1432
283689, 1432
198466, 1431
240270, 1431
23301, 1430
38029, 1430
89307, 1430
115483, 1430
123377, 1430
248593, 1430
28709, 1429
35155, 1429
89665, 1429
95873, 1429
240335, 1429
245715, 1429
12679, 1428
19549, 1428
43958, 1428
52127, 1428
79119, 1428
83846, 1428
84815, 1428
104428, 1428
118872, 1428
121544, 1428
135007, 1428
167427, 1428
224850, 1428
231227, 1428
231872, 1428
245688, 1428
248719, 1428
4318, 1427
40338, 1427
77850, 1427
287338, 1427
31908, 1426
119903, 1426
152563, 1426
237837, 1426
34198, 1424
59126, 1424
73986, 1424
187369, 1424
1393, 1423
13187, 1423
15922, 1423
33743, 1423
40371, 1423
90931, 1423
113076, 1423
148881, 1423
154974, 1423
170051, 1423
189538, 1423
227262, 1423
258385, 1423
292406, 1423
24354, 1422
78809, 1422
90645, 1422
131302, 1422
136187, 1422
198373, 1422
214641, 1422
215018, 1422
31361, 1421
159156, 1421
175540, 1421
196475, 1421
284366, 1421
7029, 1419
18253, 1419
34121, 1419
174201, 1419
258147, 1419
286058, 1419
41415, 1418
49265, 1418
88063, 1418
170457, 1418
270767, 1418
5646, 1417
10355, 1417
10880, 1417
37932, 1417
39763, 1417
180030, 1417
275688, 1417
6563, 1416
82773, 1416
215660, 1416
238257, 1416
250929, 1416
256298, 1416
294685, 1416
490, 1415
7194, 1415
15559, 1415
21446, 1415
58381, 1415
92425, 1415
214830, 1415
232149, 1415
6045, 1414
19849, 1414
31889, 1414
49122, 1414
164318, 1414
220849, 1414
232594, 1414
3644, 1413
4485, 1413
19983, 1413
42362, 1413
42610, 1413
79992, 1413
277934, 1413
6001, 1412
14379, 1412
21035, 1412
23491, 1412
41725, 1412
54100, 1412
77206, 1412
150920, 1412
153942, 1412
242210, 1412
11679, 1411
38353, 1411
40122, 1411
41674, 1411
94942, 1411
96172, 1411
97206, 1411
186072, 1411
268844, 1411
283595, 1411
290124, 1411
12024, 1410
57243, 1410
98386, 1410
177549, 1410
182781, 1410
210234, 1410
250564, 1410
255164, 1410
1396, 1409
58550, 1409
85949, 1409
141064, 1409
195726, 1409
33434, 1408
52484, 1408
185950, 1408
279711, 1408
295170, 1408
340, 1407
1931, 1407
6530, 1407
10600, 1407
18032, 1407
19703, 1407
23119, 1407
31471, 1407
60243, 1407
238849, 1407
6516, 1406
7632, 1406
214970, 1406
264562, 1406
5583, 1405
27097, 1405
128894, 1405
131642, 1405
164763, 1405
234484, 1405
1633, 1404
32460, 1404
63865, 1404
159124, 1404
1315, 1403
126541, 1403
258994, 1403
14866, 1402
48058, 1402
54239, 1402
67796, 1402
73974, 1402
99209, 1402
135619, 1402
150350, 1402
155612, 1402
210316, 1402
296125, 1402
55490, 1401
235436, 1401
289300, 1401
27994, 1399
54162, 1398
89040, 1398
128721, 1398
11377, 1397
14685, 1397
17795, 1397
33885, 1397
45578, 1397
46795, 1397
172665, 1397
180748, 1397
232777, 1397
234449, 1397
240000, 1397
39569, 1396
50191, 1396
50888, 1396
63388, 1396
63687, 1396
140586, 1396
158693, 1396
3082, 1394
4122, 1394
23665, 1394
131599, 1394
266632, 1394
106604, 1393
171011, 1393
10071, 1392
10957, 1392
22825, 1391
188708, 1391
224209, 1391
68099, 1390
229476, 1390
148746, 1389
204875, 1389
219775, 1389
224903, 1389
126, 1388
250, 1388
1236, 1388
7174, 1388
24463, 1388
32800, 1388
36683, 1388
36893, 1388
55170, 1388
178632, 1388
194222, 1388
127766, 1387
254414, 1387
7258, 1386
34573, 1386
54000, 1386
54558, 1386
115379, 1386
119101, 1386
156436, 1386
282837, 1386
304, 1385
2178, 1385
7673, 1385
23503, 1385
27917, 1385
47379, 1385
83286, 1385
111962, 1385
155877, 1385
164090, 1385
221893, 1385
231105, 1385
280453, 1385
15137, 1384
20895, 1384
35204, 1384
35721, 1384
45536, 1384
47483, 1384
98138, 1384
4462, 1383
64824, 1383
139370, 1383
239824, 1383
152551, 1381
25484, 1380
93976, 1380
111470, 1380
204567, 1380
5313, 1379
5908, 1379
15059, 1379
19931, 1379
82045, 1379
125863, 1379
131674, 1379
161332, 1379
230311, 1379
243842, 1379
255264, 1379
259661, 1379
273730, 1379
277605, 1379
74665, 1378
108028, 1378
112648, 1378
140822, 1378
145905, 1378
198393, 1378
207686, 1378
214565, 1378
215815, 1378
224605, 1378
242357, 1378
267952, 1378
268154, 1378
278219, 1378
278626, 1378
17091, 1377
48904, 1376
119441, 1376
121949, 1376
138385, 1376
153134, 1376
172990, 1376
235550, 1376
267913, 1376
286314, 1376
7375, 1375
31936, 1375
74470, 1375
88406, 1375
99485, 1375
172769, 1375
253189, 1375
1280, 1373
37976, 1373
198618, 1373
277438, 1373
50550, 1370
196162, 1370
1979, 1369
13573, 1369
79870, 1369
96714, 1369
175723, 1369
9060, 1368
67703, 1368
5270, 1367
6039, 1367
120332, 1366
174127, 1366
244560, 1366
274159, 1366
13618, 1365
46813, 1365
201164, 1365
227845, 1365
16484, 1364
78692, 1364
83434, 1364
192968, 1364
286852, 1364
11158, 1363
13000, 1363
194657, 1362
196691, 1362
215477, 1362
230062, 1362
273052, 1362
61870, 1361
117642, 1361
276278, 1361
47594, 1360
60300, 1360
2786, 1359
6935, 1359
48863, 1359
83690, 1359
141582, 1359
267679, 1359
16256, 1357
79656, 1357
254690, 1357
46669, 1356
94107, 1356
127244, 1356
130355, 1356
192385, 1356
198824, 1356
282927, 1356
36999, 1354
41802, 1354
53379, 1354
69622, 1354
75319, 1354
84363, 1354
201799, 1354
242215, 1354
92113, 1353
93561, 1353
130688, 1353
174859, 1353
236463, 1353
8498, 1352
8659, 1352
12254, 1352
39976, 1352
51532, 1352
133860, 1352
164622, 1352
205651, 1352
226743, 1352
10424, 1351
11709, 1351
179895, 1351
32941, 1350
64222, 1350
142186, 1350
242648, 1350
7829, 1349
14591, 1349
18296, 1349
24603, 1349
94088, 1349
110429, 1349
139638, 1349
10084, 1347
16100, 1347
21672, 1347
47501, 1347
59703, 1347
82156, 1347
98137, 1347
101477, 1347
114515, 1347
133859, 1347
151271, 1347
154715, 1347
155643, 1347
196706, 1347
198572, 1347
202014, 1347
243975, 1347
259685, 1347
279069, 1347
4618, 1346
56639, 1346
53363, 1345
183151, 1345
257496, 1345
174964, 1344
586, 1343
35694, 1343
265920, 1343
56, 1342
6228, 1342
21860, 1342
67426, 1342
105888, 1342
120380, 1342
214213, 1342
234759, 1342
240722, 1342
258808, 1342
270572, 1342
744, 1341
2974, 1341
60594, 1341
227344, 1341
6650, 1340
19400, 1340
69789, 1340
172754, 1340
174955, 1340
32261, 1339
93794, 1339
125006, 1339
7596, 1338
9610, 1338
149032, 1338
63386, 1337
161983, 1337
17530, 1336
27517, 1336
143037, 1336
247338, 1336
31661, 1335
54306, 1335
86008, 1335
183921, 1335
256485, 1335
14264, 1334
17192, 1334
19254, 1334
43107, 1334
75205, 1334
104277, 1334
121754, 1334
210801, 1333
8762, 1332
22848, 1332
23991, 1332
80020, 1332
106892, 1332
157114, 1332
19334, 1331
31258, 1331
102135, 1331
158220, 1331
181678, 1331
231358, 1331
2316, 1330
6446, 1330
58895, 1330
104000, 1330
124862, 1330
139340, 1330
4157, 1329
13505, 1329
56522, 1329
124743, 1329
161008, 1329
23724, 1328
56997, 1328
58011, 1328
108872, 1328
6891, 1327
41889, 1327
149354, 1327
277412, 1327
457, 1326
24112, 1326
105273, 1326
140648, 1326
200858, 1326
257996, 1326
28117, 1325
43567, 1325
61823, 1325
77389, 1324
97004, 1324
113728, 1324
203940, 1324
206295, 1324
206914, 1324
224141, 1324
280455, 1324
29026, 1323
73525, 1323
289655, 1323
52731, 1322
72252, 1322
72262, 1322
160119, 1322
6390, 1321
45697, 1321
60261, 1321
157108, 1321
203634, 1321
52757, 1320
59351, 1320
166358, 1320
187654, 1320
96376, 1319
216719, 1319
23810, 1318
39744, 1318
50839, 1318
93645, 1318
273733, 1318
280574, 1318
508, 1317
38274, 1317
132479, 1317
233775, 1317
292472, 1317
50606, 1316
2051, 1315
15979, 1315
35099, 1315
116316, 1315
166344, 1315
205241, 1315
221765, 1315
5958, 1314
13019, 1314
33290, 1314
43454, 1314
48956, 1314
74711, 1314
124215, 1314
12302, 1312
15725, 1312
19229, 1312
11176, 1311
12816, 1311
53358, 1311
145135, 1311
232355, 1311
425, 1310
1071, 1310
130503, 1310
148389, 1310
179544, 1310
203965, 1310
276411, 1310
14549, 1309
15515, 1309
16583, 1309
30855, 1309
36426, 1309
41258, 1309
71733, 1309
120607, 1309
125928, 1309
219056, 1309
232920, 1309
259851, 1309
291360, 1309
2305, 1308
36348, 1308
38904, 1308
47811, 1308
50407, 1308
78094, 1308
6948, 1307
269648, 1307
292743, 1307
7625, 1306
17215, 1306
97636, 1306
178885, 1306
7910, 1305
145035, 1305
179004, 1305
225616, 1305
8277, 1304
26999, 1304
34956, 1304
49448, 1304
51490, 1304
71164, 1304
141818, 1304
157759, 1304
208553, 1304
20308, 1303
213599, 1303
43044, 1302
68081, 1302
78522, 1302
129195, 1302
148614, 1302
154643, 1302
259165, 1302
4906, 1301
22359, 1301
90056, 1301
104147, 1301
12082, 1300
13553, 1300
18853, 1300
20592, 1300
40032, 1300
124771, 1300
160411, 1300
191754, 1300
203789, 1300
14656, 1299
32507, 1299
49807, 1299
207909, 1299
113127, 1298
288828, 1297
5332, 1296
10607, 1296
26874, 1296
68753, 1296
81161, 1296
9505, 1295
23060, 1295
42115, 1295
75375, 1295
210119, 1295
228346, 1295
289044, 1295
33467, 1294
52830, 1294
58796, 1294
63672, 1294
110653, 1294
153977, 1294
167890, 1294
201590, 1294
258529, 1294
261046, 1294
35980, 1293
51191, 1292
68946, 1292
95025, 1292
136516, 1292
46344, 1291
206303, 1291
4175, 1290
15392, 1290
34761, 1290
34794, 1290
48165, 1290
177444, 1290
224503, 1290
226070, 1290
254063, 1290
286039, 1290
6979, 1289
78219, 1289
90300, 1289
184588, 1289
1795, 1288
32354, 1288
40277, 1288
59529, 1288
68696, 1288
72521, 1288
81245, 1288
94255, 1288
99630, 1288
103369, 1288
136511, 1288
166537, 1288
191812, 1288
221565, 1288
233286, 1288
254615, 1288
261317, 1288
271622, 1288
287860, 1288
762, 1287
5358, 1287
5363, 1287
6126, 1287
24187, 1287
96318, 1287
96400, 1287
101204, 1287
101398, 1287
134784, 1287
165113, 1287
179510, 1287
188713, 1287
222797, 1287
254688, 1287
278573, 1287
280819, 1287
282167, 1287
2245, 1285
16891, 1285
18372, 1285
33921, 1285
58217, 1285
92491, 1285
184275, 1285
233784, 1285
38342, 1284
42441, 1284
99457, 1284
112134, 1284
114156, 1284
142581, 1284
152150, 1284
184172, 1284
194342, 1284
230468, 1284
239124, 1284
249934, 1284
65122, 1283
120357, 1283
162610, 1283
260882, 1283
15263, 1282
75738, 1282
92520, 1282
94692, 1282
109586, 1282
120648, 1282
132967, 1282
146800, 1282
159268, 1282
170632, 1282
173550, 1282
185284, 1282
205577, 1282
228244, 1282
250659, 1282
266812, 1282
38678, 1281
46909, 1281
138264, 1281
140626, 1281
168704, 1281
61501, 1280
87400, 1280
100447, 1280
256961, 1280
6184, 1279
10021, 1279
13872, 1279
200287, 1279
2483, 1278
64146, 1278
5260, 1277
20334, 1277
734, 1276
1148, 1276
1837, 1276
26873, 1276
263148, 1276
3342, 1275
13422, 1275
81663, 1275
100142, 1275
116988, 1275
206319, 1275
267830, 1275
11486, 1274
71696, 1274
104892, 1274
178425, 1274
295091, 1274
5538, 1273
5815, 1273
37749, 1273
95587, 1273
193264, 1273
281626, 1273
21369, 1272
84256, 1272
107651, 1272
109661, 1272
154180, 1272
171798, 1272
217173, 1272
6966, 1271
8583, 1271
29656, 1271
275181, 1271
1462, 1270
3449, 1270
9452, 1270
149975, 1270
220139, 1270
244338, 1270
289792, 1270
290948, 1270
291902, 1270
294145, 1270
7214, 1269
47978, 1269
93135, 1269
39176, 1268
54267, 1268
134569, 1268
205937, 1268
264498, 1268
270704, 1268
18279, 1267
58520, 1267
70659, 1267
90365, 1267
149337, 1267
181812, 1267
1553, 1266
8429, 1266
79659, 1266
246032, 1266
6945, 1265
45667, 1265
65779, 1265
73626, 1265
93599, 1265
112681, 1265
135541, 1265
145607, 1265
156180, 1265
190283, 1265
194007, 1265
205590, 1265
207546, 1265
208663, 1265
209283, 1265
213624, 1265
255812, 1265
294703, 1265
10494, 1264
13887, 1264
17427, 1264
150634, 1264
21240, 1263
46239, 1263
68338, 1263
103880, 1263
144922, 1263
146618, 1263
208994, 1263
471, 1262
138876, 1262
167678, 1262
173582, 1262
264805, 1262
265548, 1262
288735, 1262
14049, 1261
20179, 1260
31741, 1260
37108, 1260
62634, 1260
137410, 1260
7015, 1259
108065, 1259
128506, 1259
151093, 1259
152561, 1259
216525, 1259
26580, 1258
38985, 1258
48993, 1258
2328, 1257
13089, 1257
29056, 1257
43388, 1257
53974, 1257
69489, 1257
73766, 1257
96988, 1257
107142, 1257
168378, 1257
175873, 1257
293618, 1257
6406, 1256
30686, 1256
74680, 1256
94728, 1256
176812, 1256
189107, 1256
229052, 1256
291219, 1256
2414, 1254
15133, 1254
17386, 1254
70616, 1254
83941, 1254
86153, 1253
109950, 1253
1545, 1252
61551, 1252
130697, 1252
176819, 1251
15871, 1250
20785, 1250
23927, 1250
66201, 1250
206112, 1250
217493, 1250
34917, 1249
44825, 1249
132030, 1249
13205, 1248
17101, 1248
51279, 1248
59817, 1248
110169, 1248
113132, 1248
199394, 1248
7978, 1247
22928, 1247
42833, 1247
55529, 1247
70512, 1247
148049, 1247
945, 1246
119883, 1246
167464, 1246
172446, 1246
241270, 1246
259727, 1246
18495, 1245
84812, 1245
188751, 1245
261715, 1245
262836, 1245
279961, 1245
8057, 1244
8268, 1244
11094, 1244
64780, 1244
101116, 1244
212636, 1244
239167, 1244
256444, 1244
8925, 1243
12927, 1243
45512, 1243
54412, 1243
100927, 1243
136568, 1243
223247, 1243
250851, 1243
293224, 1243
5320, 1242
10051, 1242
17752, 1242
43969, 1242
55360, 1242
88955, 1242
879, 1241
2976, 1241
5243, 1241
12032, 1241
12482, 1241
34862, 1241
41352, 1241
53985, 1241
64639, 1241
64804, 1241
139780, 1241
148720, 1241
168225, 1241
217729, 1241
5895, 1240
26598, 1240
35684, 1240
41276, 1240
41284, 1240
49549, 1240
61065, 1240
70580, 1240
84650, 1240
136473, 1240
8667, 1239
9911, 1239
13099, 1239
14720, 1239
15442, 1239
15761, 1239
27002, 1239
27397, 1239
28210, 1239
28607, 1239
31715, 1239
32395, 1239
40380, 1239
41715, 1239
43295, 1239
43370, 1239
44089, 1239
51249, 1239
69849, 1239
82237, 1239
90312, 1239
97896, 1239
107060, 1239
174846, 1239
185726, 1239
187211, 1239
190416, 1239
238095, 1239
239062, 1239
267517, 1239
272745, 1239
275290, 1239
36346, 1238
9326, 1237
77570, 1237
91654, 1237
176009, 1237
201287, 1237
235814, 1237
53597, 1236
69362, 1236
2689, 1235
28931, 1235
53169, 1235
109276, 1235
148480, 1235
284621, 1235
6846, 1234
35435, 1234
107419, 1234
145399, 1234
2625, 1233
49794, 1233
54600, 1233
54990, 1233
145033, 1233
160120, 1233
167803, 1233
171160, 1233
186276, 1233
244475, 1233
267760, 1233
37883, 1232
14061, 1231
33567, 1231
46561, 1231
55359, 1231
101422, 1231
106032, 1231
152528, 1231
172781, 1231
29695, 1230
63293, 1230
64228, 1230
156114, 1230
161078, 1230
181025, 1230
282729, 1230
434, 1229
4661, 1229
58868, 1229
198265, 1229
294960, 1229
32, 1228
3614, 1228
4640, 1228
13085, 1228
142076, 1228
237666, 1228
241190, 1228
45407, 1227
118146, 1227
133266, 1227
140356, 1227
21321, 1226
66974, 1226
96409, 1226
110505, 1226
111979, 1226
128699, 1226
173121, 1226
199713, 1226
237887, 1226
4737, 1225
8530, 1225
23662, 1225
24432, 1225
33203, 1225
35011, 1225
41250, 1225
44024, 1225
71522, 1225
71702, 1225
89832, 1225
176753, 1225
223113, 1225
264932, 1225
3911, 1224
10134, 1224
10858, 1224
15258, 1224
24381, 1224
26072, 1224
30010, 1224
34898, 1224
35337, 1224
38229, 1224
59405, 1224
80210, 1224
110141, 1224
155200, 1224
167521, 1224
284497, 1224
67880, 1223
129749, 1223
84064, 1222
175932, 1222
208926, 1222
264174, 1222
289485, 1222
2142, 1221
10001, 1221
14841, 1221
17440, 1221
19620, 1221
45701, 1221
60270, 1221
73098, 1221
85886, 1221
116115, 1221
218140, 1221
241403, 1221
247401, 1221
251810, 1221
282293, 1221
292656, 1221
3036, 1220
9705, 1220
23553, 1220
41442, 1220
248151, 1220
278194, 1220
54, 1219
7125, 1219
63665, 1219
139790, 1219
851, 1218
19785, 1218
24271, 1218
37692, 1218
127651, 1218
139828, 1218
235949, 1218
63191, 1216
66637, 1216
277144, 1216
9643, 1215
16698, 1215
31906, 1215
33775, 1215
40710, 1215
47414, 1215
195773, 1215
5769, 1214
15435, 1214
21610, 1214
144790, 1214
224185, 1214
174817, 1213
212007, 1213
282172, 1213
28046, 1212
7235, 1211
18939, 1211
26294, 1211
46685, 1211
55224, 1211
67676, 1211
154837, 1211
272260, 1211
47133, 1210
89359, 1210
118634, 1210
131531, 1210
132927, 1210
152300, 1210
166236, 1210
177396, 1210
221115, 1210
225563, 1210
226983, 1210
230187, 1210
237759, 1210
239551, 1210
254569, 1210
267792, 1210
281952, 1210
286660, 1210
296545, 1210
10405, 1209
20283, 1209
22744, 1209
146536, 1209
151753, 1209
280391, 1209
7546, 1208
58616, 1208
101674, 1208
131986, 1208
135379, 1208
136181, 1208
9391, 1207
16733, 1207
17528, 1207
34863, 1207
57452, 1207
61130, 1207
80135, 1207
107423, 1207
128888, 1207
292720, 1207
1505, 1206
36265, 1206
86389, 1206
87661, 1206
134770, 1206
195894, 1206
11647, 1205
26611, 1205
30589, 1205
31593, 1205
53845, 1205
57115, 1205
67279, 1205
96347, 1205
134547, 1205
166958, 1205
18406, 1204
26815, 1204
45416, 1204
58106, 1204
135047, 1204
20265, 1203
56711, 1203
56948, 1203
97041, 1203
99266, 1203
100572, 1203
107754, 1203
110389, 1203
154664, 1203
175009, 1203
192290, 1203
197144, 1203
225869, 1203
3709, 1202
119137, 1202
139262, 1202
22881, 1201
23764, 1201
28839, 1201
62013, 1201
64803, 1201
72003, 1201
87459, 1201
104258, 1201
163117, 1201
217284, 1201
274701, 1201
9903, 1200
29831, 1200
165673, 1200
186909, 1200
230970, 1200
28059, 1199
48065, 1199
7034, 1198
11231, 1198
34532, 1198
61552, 1198
62382, 1198
67956, 1198
81861, 1198
90672, 1198
100595, 1198
113614, 1198
134638, 1198
168310, 1198
181405, 1198
202936, 1198
229722, 1198
232988, 1198
278172, 1198
288440, 1198
24086, 1197
27161, 1197
140783, 1197
226427, 1197
252281, 1197
2467, 1196
3856, 1196
72365, 1196
76599, 1196
11770, 1195
55458, 1195
57553, 1195
79293, 1195
209643, 1195
230177, 1195
248097, 1195
250748, 1195
17111, 1194
23848, 1194
50933, 1194
51438, 1194
2559, 1193
20814, 1193
143679, 1193
18316, 1192
29985, 1192
42700, 1192
45409, 1192
47741, 1192
52451, 1192
156444, 1192
160574, 1192
191241, 1192
278676, 1192
95622, 1191
159942, 1191
41029, 1190
127201, 1190
164198, 1190
210315, 1190
1493, 1189
3158, 1189
222582, 1189
224668, 1189
45829, 1187
156533, 1187
159891, 1187
273746, 1187
262067, 1186
9877, 1185
20683, 1185
126440, 1185
193803, 1185
221188, 1185
3963, 1184
34477, 1184
37074, 1184
45804, 1184
48245, 1184
53645, 1184
97952, 1184
101115, 1184
173060, 1184
174326, 1184
226273, 1184
5448, 1183
5547, 1183
8607, 1183
38005, 1183
41005, 1183
61747, 1183
117503, 1183
211258, 1183
211949, 1183
225236, 1183
250238, 1183
252929, 1183
280257, 1183
290755, 1183
36261, 1182
38987, 1182
85739, 1182
101308, 1182
128594, 1182
146375, 1182
152791, 1182
157897, 1182
175885, 1182
248594, 1182
248601, 1182
10645, 1181
70629, 1181
154690, 1181
223316, 1181
273067, 1181
1140, 1180
81347, 1180
234508, 1180
255925, 1180
2048, 1179
30387, 1179
30798, 1179
38256, 1179
48631, 1179
58608, 1179
62711, 1179
77769, 1179
94466, 1179
135039, 1179
180330, 1179
247953, 1179
277098, 1179
16684, 1178
36474, 1178
30730, 1177
54177, 1177
61720, 1177
146180, 1177
172760, 1177
182101, 1177
26946, 1176
32338, 1176
74030, 1176
136045, 1176
145175, 1176
146334, 1176
169586, 1176
203889, 1176
226800, 1176
16838, 1175
41489, 1175
45805, 1175
116682, 1175
200050, 1175
1810, 1174
13521, 1174
108008, 1174
3264, 1173
6753, 1173
16374, 1173
12262, 1172
27775, 1172
42555, 1172
49244, 1172
80409, 1172
82133, 1172
106154, 1172
117476, 1172
156971, 1172
157305, 1172
228143, 1172
250433, 1172
262534, 1172
287605, 1172
8420, 1171
23203, 1171
26755, 1171
65215, 1171
115556, 1171
156646, 1171
248334, 1171
289439, 1171
293562, 1171
1245, 1170
2011, 1170
9175, 1170
25703, 1170
31088, 1170
33376, 1170
44229, 1170
49954, 1170
52086, 1170
66616, 1170
92131, 1170
98709, 1170
103471, 1170
114033, 1170
165223, 1170
183260, 1170
194316, 1170
205974, 1170
277424, 1170
292042, 1170
295646, 1170
25027, 1169
74107, 1169
77681, 1169
83521, 1169
89679, 1169
161488, 1169
188031, 1169
188868, 1169
220746, 1169
250765, 1169
257505, 1169
284050, 1169
287656, 1169
288023, 1169
296364, 1169
45501, 1168
131966, 1168
179167, 1168
216435, 1168
231346, 1168
5070, 1167
13317, 1167
21993, 1167
26941, 1167
37018, 1167
52199, 1167
74964, 1167
123786, 1167
130381, 1167
187632, 1167
194002, 1167
231816, 1167
268539, 1167
284843, 1167
11862, 1166
23797, 1166
34586, 1166
48291, 1166
78087, 1166
100005, 1166
109041, 1166
127815, 1166
140773, 1166
159524, 1166
202202, 1166
208348, 1166
216351, 1166
234537, 1166
246474, 1166
266511, 1166
284887, 1166
18998, 1165
36472, 1165
102058, 1165
103107, 1165
105890, 1165
158098, 1165
220009, 1165
285656, 1165
290761, 1165
6194, 1164
19005, 1164
22242, 1164
26896, 1164
8663, 1163
23519, 1163
33873, 1163
73362, 1163
106618, 1163
147529, 1163
199032, 1163
233107, 1163
240885, 1163
266449, 1163
275786, 1163
3289, 1162
5293, 1162
11821, 1162
14946, 1162
23909, 1162
25065, 1162
61606, 1162
89050, 1162
89105, 1162
111141, 1162
148694, 1162
183206, 1162
214593, 1162
260545, 1162
13775, 1161
56294, 1161
191397, 1161
220831, 1161
56107, 1160
91894, 1160
18125, 1159
23566, 1159
32043, 1159
32423, 1159
33116, 1159
51643, 1159
62344, 1159
64783, 1159
87375, 1159
97388, 1159
168664, 1159
172144, 1159
295050, 1159
972, 1158
39720, 1158
61548, 1158
68749, 1158
81334, 1158
92606, 1158
132783, 1158
136900, 1158
280209, 1158
515, 1157
11566, 1157
13160, 1157
72165, 1157
82226, 1157
95710, 1157
208322, 1157
218339, 1157
229395, 1157
18476, 1156
63012, 1156
162465, 1156
184122, 1156
189743, 1156
192965, 1156
25718, 1155
29175, 1155
94329, 1155
152320, 1155
10513, 1154
19449, 1154
26609, 1154
30038, 1154
31991, 1154
78757, 1154
95174, 1154
121408, 1154
123453, 1154
130479, 1154
184916, 1154
193947, 1154
257809, 1154
272455, 1154
281573, 1154
5065, 1153
50978, 1153
102060, 1153
150801, 1153
194794, 1153
229679, 1153
139106, 1152
140868, 1152
185932, 1152
210537, 1152
212357, 1152
260626, 1152
288231, 1152
760, 1151
4675, 1151
15702, 1151
154148, 1151
161479, 1151
190721, 1151
232621, 1151
3984, 1150
16786, 1150
17339, 1150
29757, 1150
31311, 1150
36585, 1150
43183, 1150
62123, 1150
83629, 1150
107961, 1150
126704, 1150
144591, 1150
3960, 1149
6713, 1149
14923, 1149
39748, 1149
64417, 1149
72224, 1149
72307, 1149
77955, 1149
87089, 1149
92272, 1149
97607, 1149
100413, 1149
104041, 1149
108574, 1149
109114, 1149
124955, 1149
125432, 1149
126556, 1149
130178, 1149
132844, 1149
138460, 1149
141321, 1149
141515, 1149
142594, 1149
143883, 1149
148935, 1149
157971, 1149
165727, 1149
169835, 1149
170948, 1149
174224, 1149
174340, 1149
178883, 1149
181734, 1149
182931, 1149
183058, 1149
185808, 1149
188520, 1149
202413, 1149
204111, 1149
204382, 1149
214449, 1149
216260, 1149
219096, 1149
221041, 1149
221550, 1149
223227, 1149
225039, 1149
227066, 1149
231644, 1149
232523, 1149
232668, 1149
234420, 1149
236047, 1149
238729, 1149
249993, 1149
257329, 1149
258201, 1149
259818, 1149
276415, 1149
276883, 1149
280355, 1149
281241, 1149
282820, 1149
289265, 1149
293789, 1149
2607, 1148
12972, 1148
35928, 1148
58102, 1148
58457, 1148
90643, 1148
105638, 1148
182301, 1148
207385, 1148
236824, 1148
1951, 1147
82643, 1147
117665, 1147
118174, 1147
119948, 1147
161936, 1147
195350, 1147
207689, 1147
217986, 1147
260009, 1147
97606, 1146
135281, 1146
295092, 1146
1861, 1145
17848, 1145
24533, 1145
31189, 1145
114124, 1145
247064, 1145
5683, 1144
9725, 1144
10381, 1144
70359, 1144
281896, 1144
292033, 1144
9233, 1143
22296, 1143
24861, 1143
33755, 1143
38127, 1143
62611, 1143
64770, 1143
94870, 1143
115393, 1143
212156, 1143
1852, 1142
2228, 1142
2905, 1142
10576, 1142
15332, 1142
22516, 1142
93798, 1142
135771, 1142
185216, 1142
234300, 1142
292442, 1142
7171, 1141
90228, 1141
244568, 1141
9703, 1140
48482, 1140
137607, 1140
233275, 1140
11099, 1139
15723, 1139
33552, 1139
134382, 1139
148711, 1139
155239, 1139
155493, 1139
202540, 1139
205154, 1139
225562, 1139
251265, 1139
3181, 1138
30620, 1138
214879, 1138
237138, 1138
237611, 1138
292023, 1138
183076, 1137
30427, 1136
38623, 1136
59864, 1136
74205, 1136
219781, 1136
225905, 1136
230712, 1136
238766, 1136
271059, 1136
4031, 1135
22582, 1135
50749, 1135
62601, 1135
95591, 1135
104921, 1135
8672, 1134
96092, 1134
141412, 1134
238042, 1134
27408, 1133
537, 1132
1250, 1132
5493, 1132
9953, 1132
69094, 1132
70812, 1132
74596, 1132
76193, 1132
78183, 1132
79646, 1132
80915, 1132
129019, 1132
147794, 1132
214310, 1132
226821, 1132
252605, 1132
259074, 1132
1039, 1131
1210, 1131
5887, 1131
13128, 1131
20290, 1131
37316, 1131
69266, 1131
135682, 1131
162432, 1131
199958, 1131
3178, 1130
21949, 1130
33188, 1130
60426, 1130
67296, 1130
83482, 1130
114494, 1130
131110, 1130
132072, 1130
135059, 1130
191516, 1130
229011, 1130
241638, 1130
252314, 1130
265500, 1130
282658, 1130
10290, 1129
20508, 1129
62151, 1129
157966, 1129
235157, 1129
8114, 1128
8374, 1128
39407, 1128
57664, 1128
59045, 1128
98570, 1128
125145, 1128
24986, 1127
220245, 1127
296571, 1127
46933, 1126
63766, 1126
89968, 1126
97224, 1126
132539, 1126
144017, 1126
149595, 1126
184941, 1126
200779, 1126
203212, 1126
219179, 1126
253268, 1126
46424, 1125
78068, 1125
89397, 1125
140791, 1125
182093, 1125
285725, 1125
20934, 1124
29616, 1124
105417, 1124
179062, 1124
252566, 1124
2331, 1123
3100, 1123
4101, 1123
5387, 1123
9698, 1123
12778, 1123
15222, 1123
28915, 1123
29848, 1123
33924, 1123
43462, 1123
55113, 1123
142738, 1123
169669, 1123
7114, 1122
24312, 1122
146575, 1122
217883, 1122
255631, 1122
12181, 1121
89132, 1121
91948, 1121
125798, 1121
141190, 1121
150340, 1121
232859, 1121
5959, 1120
15528, 1120
36755, 1120
37118, 1120
59382, 1120
73305, 1120
123054, 1120
170794, 1120
226151, 1120
1109, 1119
4731, 1119
5599, 1119
26429, 1119
100771, 1119
134421, 1119
14575, 1118
1798, 1117
7889, 1117
104126, 1117
124980, 1117
211083, 1117
245483, 1117
265681, 1117
290856, 1117
30442, 1116
38266, 1116
47823, 1116
85825, 1116
108041, 1116
131106, 1116
197152, 1116
263286, 1116
3981, 1115
39881, 1115
190770, 1115
211540, 1115
1615, 1114
4974, 1114
10559, 1114
22663, 1114
79168, 1114
80174, 1114
106629, 1114
129782, 1114
209058, 1114
220493, 1114
273107, 1114
26137, 1113
27746, 1113
53912, 1113
79144, 1113
145960, 1113
185116, 1113
185305, 1113
192468, 1113
265068, 1113
275042, 1113
286804, 1113
85512, 1112
33361, 1111
225460, 1111
272028, 1111
4040, 1110
18215, 1110
31300, 1110
184376, 1110
257052, 1110
269881, 1110
12917, 1109
13044, 1109
21078, 1109
23465, 1109
51596, 1109
72364, 1109
76982, 1109
78482, 1109
87527, 1109
129569, 1109
147052, 1109
148451, 1109
179565, 1109
220726, 1109
227502, 1109
239539, 1109
256215, 1109
286971, 1109
12875, 1108
35730, 1108
66047, 1108
147287, 1108
159005, 1108
177584, 1108
188930, 1108
207015, 1108
223236, 1108
230896, 1108
245531, 1108
270856, 1108
2918, 1107
4185, 1107
16346, 1107
75320, 1107
50326, 1106
84037, 1106
203244, 1106
235084, 1106
33389, 1105
65806, 1105
112495, 1105
194525, 1105
279389, 1105
16130, 1104
22233, 1104
161235, 1104
216041, 1104
281899, 1104
5284, 1103
57616, 1103
77297, 1103
137176, 1103
180257, 1103
186769, 1103
248868, 1103
262448, 1103
17711, 1102
21632, 1102
39655, 1102
59149, 1102
79369, 1102
153447, 1102
194770, 1102
244493, 1102
6023, 1101
58729, 1101
105444, 1101
166256, 1101
210820, 1101
229561, 1101
5776, 1100
6463, 1100
8640, 1100
15782, 1100
254438, 1100
81738, 1099
162246, 1099
162370, 1099
181351, 1099
252977, 1099
172, 1098
455, 1098
7523, 1098
30759, 1098
63274, 1098
76518, 1098
128417, 1098
142267, 1098
173996, 1098
178260, 1098
221981, 1098
277125, 1098
15476, 1097
30565, 1097
30720, 1097
37452, 1097
47721, 1097
94502, 1097
105975, 1097
120181, 1097
129071, 1097
169501, 1097
170648, 1097
171988, 1097
204296, 1097
217980, 1097
268733, 1097
286144, 1097
3865, 1096
31466, 1096
105414, 1096
17755, 1095
26356, 1095
96648, 1095
187522, 1095
216401, 1095
1308, 1094
19850, 1094
24689, 1094
34037, 1094
2785, 1093
171120, 1093
218622, 1093
241501, 1093
292595, 1093
5234, 1092
5503, 1092
12329, 1092
12375, 1092
53745, 1092
53995, 1092
143034, 1092
155488, 1092
162234, 1092
225470, 1092
289211, 1092
39174, 1091
52437, 1091
53727, 1091
64414, 1091
95794, 1091
115362, 1091
120736, 1091
129223, 1091
157959, 1091
169876, 1091
179298, 1091
252510, 1091
253445, 1091
281998, 1091
675, 1090
44853, 1090
57472, 1090
67750, 1090
141174, 1090
171749, 1090
223817, 1090
3417, 1089
18554, 1089
20796, 1089
37182, 1089
67075, 1089
67700, 1089
110906, 1089
139457, 1089
262891, 1089
7266, 1088
16924, 1088
20722, 1088
32084, 1088
66631, 1088
80813, 1088
126474, 1088
156546, 1088
195415, 1088
212208, 1088
262968, 1088
273803, 1088
277351, 1088
177516, 1087
59608, 1086
64132, 1086
70293, 1086
76156, 1086
89618, 1086
113410, 1086
184541, 1086
201410, 1086
207357, 1086
215204, 1086
219088, 1086
262560, 1086
2116, 1085
104305, 1085
163025, 1085
192251, 1085
38729, 1084
40828, 1084
58468, 1084
132597, 1084
146178, 1084
271828, 1084
25798, 1083
29491, 1083
35783, 1083
38718, 1083
55401, 1083
59250, 1083
87345, 1083
92790, 1083
101858, 1083
105659, 1083
112911, 1083
135832, 1083
139542, 1083
230304, 1083
269639, 1083
27927, 1082
31047, 1082
59828, 1082
78527, 1082
84274, 1082
98420, 1082
137204, 1082
216193, 1082
251684, 1082
266347, 1082
287682, 1082
295631, 1082
29392, 1081
61311, 1081
197329, 1081
235856, 1081
281375, 1081
285301, 1081
9704, 1080
135982, 1080
155863, 1080
195597, 1080
228524, 1080
244876, 1080
262758, 1080
278433, 1080
7839, 1079
36700, 1079
53764, 1079
77490, 1079
123824, 1079
148860, 1079
158320, 1079
177715, 1079
265950, 1079
24843, 1078
61349, 1078
80525, 1078
228476, 1078
9352, 1077
13208, 1077
28311, 1077
47604, 1077
48308, 1077
60434, 1077
92060, 1077
189786, 1077
257292, 1077
269820, 1077
14463, 1076
25963, 1076
32852, 1076
40378, 1076
61739, 1076
63541, 1076
101467, 1076
128398, 1076
134888, 1076
161428, 1076
272004, 1076
4384, 1075
13690, 1075
32874, 1075
100842, 1075
145293, 1075
152235, 1075
178340, 1075
183896, 1075
196478, 1075
233949, 1075
258174, 1075
258821, 1075
271656, 1075
275811, 1075
280465, 1075
282692, 1075
284303, 1075
121551, 1074
182045, 1074
237067, 1074
256502, 1074
59596, 1073
61833, 1073
74531, 1073
81007, 1073
108937, 1073
163639, 1073
237475, 1073
246590, 1073
257308, 1073
78852, 1072
92380, 1072
223366, 1072
99889, 1071
107027, 1071
223470, 1071
10102, 1070
73746, 1070
139455, 1070
173271, 1070
207574, 1070
10113, 1069
75857, 1069
76215, 1069
225690, 1069
230553, 1069
5780, 1068
6081, 1068
9064, 1068
14948, 1068
32527, 1068
40257, 1068
42096, 1068
61661, 1068
80587, 1068
80719, 1068
90972, 1068
188801, 1068
200502, 1068
226629, 1068
292612, 1068
15422, 1067
28524, 1067
55472, 1067
62164, 1067
91026, 1067
153327, 1067
164366, 1067
219292, 1067
286699, 1067
9, 1066
232, 1066
5842, 1066
19014, 1066
22482, 1066
26023, 1066
78715, 1066
103495, 1066
108242, 1066
156610, 1066
221478, 1066
253838, 1066
15351, 1065
22318, 1065
23308, 1065
47077, 1065
54634, 1065
62900, 1065
66410, 1065
78936, 1065
90278, 1065
96062, 1065
165675, 1065
178986, 1065
257750, 1065
284786, 1065
19830, 1064
110027, 1064
144320, 1064
189676, 1064
196937, 1064
228188, 1064
288660, 1064
1679, 1063
16600, 1063
32039, 1063
36504, 1063
111701, 1063
134467, 1063
149359, 1063
222654, 1063
225630, 1063
27009, 1062
73024, 1062
96722, 1062
3004, 1061
31145, 1061
41666, 1061
44235, 1061
48523, 1061
53670, 1061
72936, 1061
196980, 1061
196576, 1060
219371, 1060
3397, 1059
12681, 1059
45902, 1059
53696, 1059
85936, 1059
116479, 1059
139205, 1059
234102, 1059
291016, 1059
1208, 1058
6311, 1058
40237, 1058
64252, 1058
104304, 1058
131878, 1058
146371, 1058
163993, 1058
258497, 1058
289768, 1058
292501, 1058
14708, 1057
32091, 1057
42735, 1057
57294, 1057
72297, 1057
223047, 1057
11937, 1056
150912, 1056
166979, 1056
207547, 1056
2033, 1055
6073, 1055
13142, 1055
73639, 1055
84181, 1055
111277, 1055
154701, 1055
154951, 1055
187653, 1055
195000, 1055
199681, 1055
268245, 1055
8460, 1054
18273, 1054
67630, 1054
87935, 1054
113559, 1054
137396, 1054
275414, 1054
12192, 1053
46220, 1053
59164, 1053
70206, 1053
75415, 1053
86618, 1053
287616, 1053
294095, 1053
1872, 1052
7619, 1052
83422, 1052
84031, 1052
20344, 1051
149948, 1051
178603, 1051
198008, 1051
199730, 1051
256343, 1051
3316, 1050
10108, 1050
20723, 1050
65655, 1050
78175, 1050
111396, 1050
174415, 1050
204806, 1050
205064, 1050
243126, 1050
17037, 1049
20365, 1049
20467, 1049
42925, 1049
108591, 1049
138162, 1049
151732, 1049
173041, 1049
179656, 1049
223085, 1049
265002, 1049
292079, 1049
294225, 1049
98911, 1048
104714, 1048
150913, 1048
294458, 1048
5561, 1047
20974, 1047
25013, 1047
57338, 1047
165314, 1047
281282, 1047
45107, 1046
57934, 1046
143400, 1046
147064, 1046
164243, 1046
184790, 1046
187749, 1046
206379, 1046
253039, 1046
125182, 1045
149592, 1045
219328, 1045
226358, 1045
54566, 1044
99640, 1044
7967, 1043
65864, 1043
77123, 1043
105625, 1043
140312, 1043
163366, 1043
163732, 1043
167603, 1043
232239, 1043
271293, 1043
17318, 1042
17332, 1042
49072, 1042
67915, 1042
94285, 1042
116563, 1042
131493, 1042
206323, 1042
247423, 1042
267450, 1042
40588, 1041
64768, 1041
71148, 1041
92724, 1041
159582, 1041
273678, 1041
23805, 1040
25943, 1040
31684, 1040
34293, 1040
34707, 1040
46147, 1040
55351, 1040
66483, 1040
67073, 1040
69918, 1040
79658, 1040
122175, 1040
124842, 1040
158437, 1040
246807, 1040
276300, 1040
284491, 1040
6808, 1039
28137, 1039
36374, 1039
65739, 1039
65922, 1039
107878, 1039
150990, 1039
203720, 1039
31884, 1038
46206, 1038
156410, 1038
275409, 1038
4791, 1037
8631, 1037
26600, 1037
39615, 1037
45576, 1037
89296, 1037
90666, 1037
102078, 1037
153998, 1037
168354, 1037
200493, 1037
270750, 1037
9942, 1036
12507, 1036
30332, 1036
131662, 1036
200444, 1036
229044, 1036
253491, 1036
261320, 1036
14926, 1035
32112, 1035
47705, 1035
52537, 1035
152853, 1035
232145, 1035
247554, 1035
262232, 1035
76922, 1034
97596, 1034
123701, 1034
137476, 1034
193090, 1034
203046, 1034
231438, 1034
236153, 1034
246231, 1034
246356, 1034
249663, 1034
276445, 1034
279059, 1034
291014, 1034
292913, 1034
6142, 1032
7278, 1032
25811, 1032
33826, 1032
40465, 1032
67606, 1032
101486, 1032
115670, 1032
131797, 1032
155572, 1032
243889, 1032
2608, 1031
41393, 1031
43795, 1031
62524, 1031
109028, 1031
126881, 1031
146951, 1031
43150, 1030
56482, 1030
57723, 1030
79545, 1030
141343, 1030
165391, 1030
190815, 1030
205229, 1030
220738, 1030
247470, 1030
288041, 1030
288648, 1030
5916, 1029
9689, 1029
60058, 1029
90518, 1029
155972, 1029
251639, 1029
254924, 1029
270403, 1029
11732, 1028
18682, 1028
27386, 1028
35220, 1028
40053, 1028
42392, 1028
116652, 1028
145520, 1028
146036, 1028
150798, 1028
227053, 1028
8994, 1027
44660, 1027
59014, 1027
8059, 1026
9305, 1026
20093, 1026
25125, 1026
26298, 1026
45726, 1026
66677, 1026
72815, 1026
82891, 1026
92412, 1026
100049, 1026
112703, 1026
208172, 1026
221276, 1026
244181, 1026
259869, 1026
29222, 1025
58491, 1025
125843, 1025
171176, 1025
5655, 1024
6206, 1024
10953, 1024
15990, 1024
25891, 1024
43965, 1024
62317, 1024
159231, 1024
174702, 1024
177341, 1024
204168, 1024
206955, 1024
221489, 1024
238903, 1024
29293, 1023
34904, 1023
46143, 1023
74085, 1023
116243, 1023
130016, 1023
143419, 1023
294126, 1023
3405, 1022
42526, 1022
107152, 1022
168859, 1022
226127, 1022
266457, 1022
38004, 1021
102369, 1021
111268, 1021
129411, 1021
200519, 1021
28041, 1020
28527, 1020
60519, 1020
69386, 1020
77218, 1020
255711, 1020
285250, 1020
7741, 1019
34791, 1019
54737, 1019
54963, 1019
96158, 1019
123880, 1019
195157, 1019
260199, 1019
268564, 1019
388, 1018
15408, 1018
20164, 1018
98759, 1018
142958, 1018
145902, 1018
174474, 1018
175620, 1018
194080, 1018
214541, 1018
226524, 1018
230259, 1018
286963, 1018
10041, 1017
13476, 1017
31640, 1017
37432, 1017
46513, 1017
54210, 1017
79805, 1017
102297, 1017
105070, 1017
184617, 1017
225382, 1017
226098, 1017
242597, 1017
249521, 1017
255076, 1017
11493, 1016
12502, 1016
13316, 1016
25158, 1016
56062, 1016
81377, 1016
90597, 1016
106174, 1016
111158, 1016
152453, 1016
160434, 1016
191686, 1016
207785, 1016
223294, 1016
18867, 1015
31037, 1015
37807, 1015
53042, 1015
62814, 1015
74129, 1015
152583, 1015
191961, 1015
199459, 1015
245950, 1015
3464, 1014
11061, 1014
26991, 1014
31486, 1014
36596, 1014
43705, 1014
74487, 1014
77582, 1014
89185, 1014
118748, 1014
125184, 1014
145136, 1014
229558, 1014
273176, 1014
7254, 1013
13816, 1013
21545, 1013
104051, 1013
11833, 1012
40972, 1012
198220, 1012
286840, 1012
11175, 1011
14684, 1011
14845, 1011
73336, 1011
95850, 1011
149067, 1011
170207, 1011
172834, 1011
205977, 1011
218295, 1011
221816, 1011
237904, 1011
246957, 1011
247049, 1011
282048, 1011
294266, 1011
118529, 1010
163331, 1010
205756, 1010
19596, 1009
24162, 1009
59700, 1009
104073, 1009
116359, 1009
126974, 1009
176011, 1009
284689, 1009
294304, 1009
519, 1008
6903, 1008
18315, 1008
22138, 1008
24398, 1008
26094, 1008
93495, 1008
116904, 1008
129372, 1008
162616, 1008
249409, 1008
252220, 1008
26379, 1007
28507, 1007
29790, 1007
35735, 1007
37098, 1007
93172, 1007
134414, 1007
143539, 1007
232335, 1007
17943, 1006
19016, 1006
46237, 1006
54846, 1006
56245, 1006
130356, 1006
139843, 1006
160554, 1006
182378, 1006
196357, 1006
211924, 1006
218627, 1006
255281, 1006
268687, 1006
269573, 1006
281924, 1006
15563, 1005
16101, 1005
21513, 1005
25615, 1005
29388, 1005
46563, 1005
48731, 1005
55491, 1005
82441, 1005
160901, 1005
168915, 1005
170066, 1005
187232, 1005
232177, 1005
6, 1004
5605, 1004
81378, 1004
82544, 1004
117501, 1004
137599, 1004
143529, 1004
147375, 1004
149637, 1004
256250, 1004
260667, 1004
294527, 1004
20239, 1003
27965, 1003
47075, 1003
53896, 1003
54325, 1003
76542, 1003
79799, 1003
80421, 1003
94132, 1003
115487, 1003
149587, 1003
194769, 1003
211564, 1003
272354, 1003
2120, 1002
8646, 1002
20578, 1002
24340, 1002
27323, 1002
35616, 1002
41789, 1002
43830, 1002
55780, 1002
57078, 1002
57134, 1002
85062, 1002
131991, 1002
133588, 1002
143367, 1002
149180, 1002
157429, 1002
187940, 1002
197939, 1002
206135, 1002
209363, 1002
234306, 1002
238461, 1002
243248, 1002
246136, 1002
249298, 1002
268343, 1002
289926, 1002
122525, 1001
138114, 1001
138120, 1001
141653, 1001
152745, 1001
229571, 1001
232009, 1001
242977, 1001
255340, 1001
273204, 1001
279992, 1001
283381, 1001
1488, 1000
7802, 1000
29631, 1000
173678, 1000
205618, 1000
