106089, 125352
67451, 121445
74703, 121445
80655, 121445
82126, 121445
82375, 121445
82876, 121445
85511, 121445
89325, 121445
92016, 121445
95549, 121445
100134, 121445
100183, 121445
102013, 121445
104564, 121445
107536, 121445
108479, 121445
109163, 121445
116693, 121445
119000, 121445
125473, 121445
125716, 121445
127021, 121445
127610, 121445
129109, 121445
130327, 121445
132429, 121445
136783, 121445
138785, 121445
138974, 121445
145316, 121445
155627, 121445
167110, 121445
202717, 121445
233448, 121445
262111, 121445
90085, 113347
