282800, 157103
137703, 156540
132501, 151216
252962, 151216
268279, 144588
268780, 144588
223151, 143474
235683, 143474
252415, 143474
228849, 134640
204882, 134424
108634, 133462
86895, 131607
91170, 131607
230191, 128935
253385, 128935
284795, 121628
152882, 119386
206511, 119386
208184, 119386
286881, 119386
131255, 117048
156671, 117048
162179, 117048
168290, 117048
94687, 112304
112016, 112304
112037, 112304
113154, 112304
114449, 112304
115531, 112304
120517, 112304
124130, 112304
135270, 112304
136638, 112304
141126, 112304
144940, 112304
147825, 112304
160506, 112304
163445, 112304
164727, 112304
165569, 112304
169485, 112304
169690, 112304
181140, 112304
182851, 112304
186047, 112304
187955, 112304
198185, 112304
198918, 112304
199390, 112304
200028, 112304
200569, 112304
200722, 112304
201251, 112304
202010, 112304
204523, 112304
209468, 112304
214957, 112304
216856, 112304
220784, 112304
220896, 112304
222378, 112304
231198, 112304
232320, 112304
233368, 112304
233748, 112304
234331, 112304
236734, 112304
243830, 112304
244667, 112304
256337, 112304
268659, 112304
271334, 112304
272737, 112304
282542, 112304
285095, 112304
285182, 112304
290796, 112304
291515, 112304
126917, 111357
133092, 111357
142661, 111357
156569, 111357
160859, 111357
162508, 111357
164514, 111357
176249, 111357
178996, 111357
183417, 111357
191916, 111357
211297, 111357
229731, 111357
231613, 111357
252827, 111357
254710, 111357
258267, 111357
281275, 111357
288705, 111357
293833, 111357
122550, 109353
132962, 109353
141213, 109353
147892, 109353
167963, 109353
195505, 109353
247029, 103491
249746, 103491
97678, 97739
203010, 97739
96716, 97032
105224, 97032
116887, 97032
122958, 97032
125300, 97032
125744, 97032
126365, 97032
126888, 97032
127271, 97032
128155, 97032
130100, 97032
130292, 97032
130645, 97032
133459, 97032
133627, 97032
133810, 97032
134737, 97032
135313, 97032
135729, 97032
136254, 97032
136367, 97032
138271, 97032
139089, 97032
139112, 97032
140570, 97032
141358, 97032
141837, 97032
142731, 97032
143417, 97032
144369, 97032
145502, 97032
145634, 97032
145937, 97032
146328, 97032
146846, 97032
147429, 97032
147898, 97032
148210, 97032
148847, 97032
149635, 97032
149711, 97032
150033, 97032
150224, 97032
150452, 97032
151277, 97032
152407, 97032
152554, 97032
154040, 97032
154199, 97032
154894, 97032
155695, 97032
157222, 97032
158099, 97032
159490, 97032
159493, 97032
159668, 97032
159874, 97032
160353, 97032
160693, 97032
160939, 97032
163018, 97032
163335, 97032
164789, 97032
165383, 97032
165449, 97032
166642, 97032
168065, 97032
168765, 97032
169973, 97032
170243, 97032
170875, 97032
172667, 97032
173379, 97032
174057, 97032
174300, 97032
174979, 97032
176171, 97032
177290, 97032
177319, 97032
178106, 97032
179332, 97032
179416, 97032
180685, 97032
183225, 97032
183304, 97032
184089, 97032
185946, 97032
186573, 97032
187422, 97032
187614, 97032
188056, 97032
189424, 97032
191078, 97032
191230, 97032
192161, 97032
192275, 97032
192514, 97032
193558, 97032
193782, 97032
193842, 97032
193917, 97032
195643, 97032
202755, 97032
204123, 97032
206147, 97032
209301, 97032
211504, 97032
211597, 97032
211920, 97032
214377, 97032
216542, 97032
216776, 97032
217868, 97032
218135, 97032
219148, 97032
221349, 97032
221482, 97032
222648, 97032
233796, 97032
234313, 97032
236670, 97032
237149, 97032
238030, 97032
238879, 97032
239862, 97032
240742, 97032
242111, 97032
242578, 97032
243266, 97032
243818, 97032
244261, 97032
246421, 97032
247759, 97032
247886, 97032
248433, 97032
249415, 97032
249577, 97032
252303, 97032
252797, 97032
253194, 97032
253458, 97032
254118, 97032
256022, 97032
256169, 97032
258585, 97032
259316, 97032
260056, 97032
267717, 97032
268678, 97032
269845, 97032
272262, 97032
276611, 97032
277524, 97032
279013, 97032
279583, 97032
279859, 97032
281020, 97032
284683, 97032
284954, 97032
286791, 97032
292978, 97032
87580, 96855
227784, 96855
246821, 96855
254315, 96855
222395, 96832
128392, 96294
183370, 96294
205771, 96294
211822, 96294
279428, 96294
281156, 96294
293794, 96294
106966, 95911
114852, 95911
114876, 95911
116867, 95911
142020, 95911
143544, 95911
148332, 95911
154598, 95911
165001, 95911
168142, 95911
171761, 95911
174109, 95911
174535, 95911
174539, 95911
174558, 95911
176855, 95911
181661, 95911
182285, 95911
182388, 95911
190388, 95911
190922, 95911
193216, 95911
193948, 95911
196530, 95911
199773, 95911
200939, 95911
201191, 95911
202815, 95911
203515, 95911
210139, 95911
215757, 95911
220156, 95911
239085, 95911
242370, 95911
244651, 95911
252468, 95911
252498, 95911
255803, 95911
260117, 95911
264955, 95911
276412, 95911
277396, 95911
137457, 95346
2713, 95081
111889, 95081
114423, 95081
114434, 95081
118071, 95081
118315, 95081
118877, 95081
118949, 95081
120679, 95081
121102, 95081
122447, 95081
125021, 95081
128303, 95081
129861, 95081
130698, 95081
131461, 95081
131497, 95081
133203, 95081
133447, 95081
134998, 95081
135155, 95081
135777, 95081
136241, 95081
136720, 95081
137624, 95081
137805, 95081
138153, 95081
140134, 95081
140214, 95081
141159, 95081
141753, 95081
141817, 95081
141960, 95081
142084, 95081
143080, 95081
143107, 95081
143678, 95081
143876, 95081
144210, 95081
144618, 95081
145686, 95081
145734, 95081
145973, 95081
146670, 95081
147678, 95081
147879, 95081
147987, 95081
148007, 95081
148012, 95081
148627, 95081
149603, 95081
149946, 95081
150081, 95081
150183, 95081
150266, 95081
150608, 95081
150717, 95081
151949, 95081
151966, 95081
152975, 95081
153227, 95081
153593, 95081
153611, 95081
153638, 95081
153929, 95081
154053, 95081
154308, 95081
154755, 95081
154810, 95081
154844, 95081
155246, 95081
155665, 95081
155827, 95081
156677, 95081
156703, 95081
156861, 95081
157249, 95081
157451, 95081
157553, 95081
157591, 95081
157694, 95081
157866, 95081
158414, 95081
159075, 95081
160492, 95081
160742, 95081
161139, 95081
162166, 95081
162360, 95081
162591, 95081
162631, 95081
163330, 95081
163591, 95081
164659, 95081
164837, 95081
165520, 95081
165902, 95081
165965, 95081
166182, 95081
166722, 95081
167120, 95081
167599, 95081
167958, 95081
168096, 95081
168348, 95081
169976, 95081
170009, 95081
170011, 95081
170193, 95081
170235, 95081
171266, 95081
172057, 95081
172305, 95081
172500, 95081
173260, 95081
173572, 95081
173621, 95081
173774, 95081
174121, 95081
174186, 95081
175014, 95081
175430, 95081
175896, 95081
176782, 95081
177155, 95081
177257, 95081
178330, 95081
178659, 95081
179057, 95081
179143, 95081
179227, 95081
179305, 95081
180083, 95081
180219, 95081
180449, 95081
180589, 95081
181159, 95081
181272, 95081
181867, 95081
183489, 95081
183607, 95081
183637, 95081
183696, 95081
184967, 95081
185552, 95081
185917, 95081
186162, 95081
186571, 95081
186628, 95081
187353, 95081
187655, 95081
188463, 95081
188574, 95081
188686, 95081
189464, 95081
189872, 95081
190473, 95081
190479, 95081
191522, 95081
191625, 95081
192051, 95081
192286, 95081
192484, 95081
192519, 95081
192718, 95081
192809, 95081
193089, 95081
193649, 95081
193913, 95081
194297, 95081
194417, 95081
194627, 95081
194774, 95081
194817, 95081
194904, 95081
196026, 95081
196258, 95081
196294, 95081
197342, 95081
199072, 95081
199364, 95081
199607, 95081
200488, 95081
200995, 95081
201239, 95081
201880, 95081
203266, 95081
204251, 95081
204597, 95081
205499, 95081
205842, 95081
205909, 95081
206981, 95081
207444, 95081
207561, 95081
207838, 95081
207984, 95081
208058, 95081
208336, 95081
208607, 95081
208692, 95081
210292, 95081
210393, 95081
210817, 95081
210939, 95081
210944, 95081
211497, 95081
211661, 95081
211883, 95081
212334, 95081
212494, 95081
212560, 95081
212599, 95081
212603, 95081
212713, 95081
213814, 95081
213899, 95081
213925, 95081
214057, 95081
214680, 95081
214759, 95081
215675, 95081
215914, 95081
216593, 95081
216774, 95081
217345, 95081
217976, 95081
218270, 95081
218323, 95081
218820, 95081
219558, 95081
219561, 95081
220159, 95081
220347, 95081
220382, 95081
222070, 95081
222404, 95081
222509, 95081
222602, 95081
222662, 95081
222901, 95081
223217, 95081
223249, 95081
223954, 95081
224270, 95081
224359, 95081
224820, 95081
225080, 95081
225230, 95081
225377, 95081
225431, 95081
225675, 95081
225972, 95081
226057, 95081
226149, 95081
226287, 95081
226422, 95081
226438, 95081
226682, 95081
226784, 95081
226859, 95081
227575, 95081
227917, 95081
228786, 95081
229344, 95081
229836, 95081
229976, 95081
230020, 95081
230159, 95081
230285, 95081
230596, 95081
230804, 95081
231076, 95081
231088, 95081
231119, 95081
231158, 95081
231416, 95081
231460, 95081
231482, 95081
231708, 95081
232100, 95081
232175, 95081
232516, 95081
232774, 95081
233323, 95081
233456, 95081
233651, 95081
233887, 95081
234152, 95081
234156, 95081
234714, 95081
235170, 95081
237424, 95081
238123, 95081
238323, 95081
239118, 95081
239119, 95081
239490, 95081
240416, 95081
240439, 95081
240505, 95081
240580, 95081
240652, 95081
240761, 95081
241076, 95081
241899, 95081
242244, 95081
242383, 95081
242468, 95081
242717, 95081
243072, 95081
243205, 95081
243219, 95081
243583, 95081
243930, 95081
244608, 95081
244650, 95081
244957, 95081
245929, 95081
246969, 95081
246996, 95081
247076, 95081
247215, 95081
247334, 95081
247346, 95081
248056, 95081
248691, 95081
248740, 95081
249371, 95081
249669, 95081
249931, 95081
250003, 95081
250197, 95081
250861, 95081
251044, 95081
251442, 95081
251620, 95081
251640, 95081
251894, 95081
251995, 95081
252466, 95081
253542, 95081
254050, 95081
254168, 95081
254325, 95081
254462, 95081
254573, 95081
254643, 95081
254821, 95081
255253, 95081
255605, 95081
256032, 95081
256052, 95081
256092, 95081
256687, 95081
256766, 95081
256807, 95081
256858, 95081
256915, 95081
257042, 95081
257103, 95081
257252, 95081
257266, 95081
257448, 95081
258058, 95081
258210, 95081
258431, 95081
258690, 95081
259379, 95081
260401, 95081
260780, 95081
260792, 95081
261649, 95081
261909, 95081
261931, 95081
261933, 95081
261946, 95081
262011, 95081
263842, 95081
264177, 95081
265161, 95081
265478, 95081
265627, 95081
265724, 95081
266519, 95081
266775, 95081
266876, 95081
267134, 95081
267510, 95081
267743, 95081
267780, 95081
268056, 95081
269014, 95081
269030, 95081
269102, 95081
269743, 95081
269807, 95081
270733, 95081
270839, 95081
271075, 95081
271191, 95081
271239, 95081
271687, 95081
271882, 95081
272157, 95081
273151, 95081
273193, 95081
273322, 95081
273755, 95081
274249, 95081
274277, 95081
275011, 95081
275436, 95081
275923, 95081
276390, 95081
276637, 95081
276792, 95081
276910, 95081
277069, 95081
277539, 95081
277987, 95081
278493, 95081
278553, 95081
278608, 95081
278615, 95081
279289, 95081
280077, 95081
281022, 95081
281031, 95081
281477, 95081
281968, 95081
282022, 95081
282522, 95081
282675, 95081
283240, 95081
283432, 95081
283672, 95081
284018, 95081
284024, 95081
284046, 95081
284197, 95081
284488, 95081
284930, 95081
285035, 95081
285212, 95081
285504, 95081
285513, 95081
285679, 95081
286220, 95081
286814, 95081
286974, 95081
287352, 95081
287450, 95081
287835, 95081
288222, 95081
288457, 95081
289288, 95081
289405, 95081
289487, 95081
290116, 95081
290198, 95081
291384, 95081
291401, 95081
291796, 95081
291890, 95081
291983, 95081
291996, 95081
292205, 95081
293162, 95081
293559, 95081
293626, 95081
293684, 95081
293831, 95081
293874, 95081
293880, 95081
294098, 95081
294541, 95081
294946, 95081
295295, 95081
295367, 95081
295806, 95081
143126, 94674
91648, 94489
101219, 94489
108939, 94489
110511, 94489
110530, 94489
114228, 94489
114294, 94489
116600, 94489
120113, 94489
135364, 94489
138318, 94489
139005, 94489
139532, 94489
147171, 94489
148952, 94489
149267, 94489
149931, 94489
150368, 94489
150740, 94489
152845, 94489
157505, 94489
159721, 94489
160816, 94489
161930, 94489
166786, 94489
166993, 94489
168416, 94489
169483, 94489
170686, 94489
177461, 94489
178649, 94489
180703, 94489
183033, 94489
184152, 94489
185795, 94489
189181, 94489
198341, 94489
200359, 94489
202686, 94489
202852, 94489
203089, 94489
208805, 94489
220684, 94489
222021, 94489
224728, 94489
227245, 94489
227492, 94489
229124, 94489
234329, 94489
237985, 94489
242525, 94489
243898, 94489
244454, 94489
250357, 94489
250612, 94489
252875, 94489
253912, 94489
254302, 94489
254941, 94489
257704, 94489
259637, 94489
262035, 94489
262365, 94489
264103, 94489
265829, 94489
266370, 94489
267710, 94489
278336, 94489
279897, 94489
280863, 94489
281312, 94489
282021, 94489
284176, 94489
288035, 94489
290793, 94489
291072, 94489
294421, 94489
295524, 94489
130552, 93920
136313, 93920
139618, 93920
142793, 93920
146711, 93920
147057, 93920
150643, 93920
166531, 93920
169644, 93920
177149, 93920
186522, 93920
210538, 93920
215294, 93920
226115, 93920
226460, 93920
228340, 93920
236212, 93920
245300, 93920
253314, 93920
255641, 93920
261237, 93920
263135, 93920
290299, 93920
295636, 93920
250100, 93797
152818, 93255
134208, 92620
151690, 92620
194531, 92620
95404, 92518
96495, 92518
99129, 92518
105871, 92518
118806, 92518
134870, 92518
142419, 92518
150564, 92518
152705, 92518
172311, 92518
173868, 92518
201763, 92518
206606, 92518
208741, 92518
211006, 92518
222788, 92518
228653, 92518
229636, 92518
232405, 92518
233462, 92518
248785, 92518
249539, 92518
253800, 92518
255331, 92518
259245, 92518
268007, 92518
268400, 92518
269228, 92518
275371, 92518
276996, 92518
279646, 92518
282796, 92518
283346, 92518
284563, 92518
288337, 92518
290745, 92518
194310, 90696
283655, 90696
198600, 90681
205978, 90681
252295, 90681
256611, 90681
197030, 90209
79894, 89746
97140, 89746
103017, 89746
106026, 89746
109792, 89746
115672, 89746
119086, 89746
124629, 89746
127237, 89746
130387, 89746
132340, 89746
135269, 89746
136163, 89746
136907, 89746
140504, 89746
140937, 89746
142384, 89746
145980, 89746
146076, 89746
146713, 89746
146998, 89746
150409, 89746
150785, 89746
150898, 89746
151408, 89746
152384, 89746
156575, 89746
156678, 89746
157062, 89746
158349, 89746
160977, 89746
162065, 89746
165471, 89746
166905, 89746
168261, 89746
169003, 89746
173829, 89746
175386, 89746
177309, 89746
179405, 89746
179671, 89746
180149, 89746
181135, 89746
182008, 89746
183212, 89746
183988, 89746
186016, 89746
186345, 89746
186587, 89746
187138, 89746
188261, 89746
188485, 89746
188850, 89746
188926, 89746
189623, 89746
190872, 89746
191147, 89746
191306, 89746
191635, 89746
192412, 89746
194838, 89746
194974, 89746
195294, 89746
195423, 89746
195856, 89746
197430, 89746
198129, 89746
198578, 89746
198585, 89746
198645, 89746
199386, 89746
199600, 89746
202730, 89746
203045, 89746
203610, 89746
205215, 89746
206634, 89746
206773, 89746
206798, 89746
207086, 89746
207194, 89746
207737, 89746
208948, 89746
209158, 89746
209184, 89746
209866, 89746
210290, 89746
213716, 89746
213911, 89746
214751, 89746
215497, 89746
216040, 89746
217419, 89746
218173, 89746
219641, 89746
220155, 89746
221609, 89746
223512, 89746
223624, 89746
224848, 89746
226755, 89746
227712, 89746
227762, 89746
227795, 89746
229311, 89746
230348, 89746
230470, 89746
231837, 89746
232366, 89746
238536, 89746
238717, 89746
239065, 89746
240097, 89746
240206, 89746
240814, 89746
241980, 89746
242291, 89746
242342, 89746
243162, 89746
243168, 89746
243170, 89746
243262, 89746
246087, 89746
246189, 89746
247690, 89746
248872, 89746
250139, 89746
253121, 89746
255016, 89746
255478, 89746
256016, 89746
256167, 89746
256583, 89746
256818, 89746
257724, 89746
257733, 89746
258130, 89746
258691, 89746
259040, 89746
259061, 89746
260368, 89746
260633, 89746
260708, 89746
261393, 89746
261473, 89746
261496, 89746
262879, 89746
263236, 89746
263238, 89746
264692, 89746
264714, 89746
265481, 89746
266635, 89746
267983, 89746
269614, 89746
270366, 89746
270615, 89746
271498, 89746
272121, 89746
272271, 89746
272456, 89746
273844, 89746
274211, 89746
274376, 89746
275470, 89746
277203, 89746
277303, 89746
278490, 89746
278689, 89746
278833, 89746
279122, 89746
282168, 89746
282890, 89746
283370, 89746
283691, 89746
284449, 89746
285191, 89746
285500, 89746
285886, 89746
286083, 89746
287759, 89746
288374, 89746
288704, 89746
288917, 89746
289801, 89746
289949, 89746
290179, 89746
290607, 89746
290717, 89746
292106, 89746
293371, 89746
293513, 89746
294120, 89746
294901, 89746
296587, 89746
150633, 88874
274361, 88259
131960, 87948
136417, 87948
159274, 87948
208681, 87948
228063, 87948
228507, 87948
242698, 87948
261777, 87948
166874, 87934
179632, 87108
188623, 87108
198354, 86164
146694, 85929
169699, 85929
182638, 85929
194308, 85929
202283, 85929
202625, 85929
219014, 85929
223527, 85929
230083, 85929
238497, 85929
254824, 85929
261558, 85929
264583, 85929
279325, 85929
89137, 85778
228105, 85778
135097, 84508
144049, 84508
164234, 84508
197572, 84508
206368, 84508
208375, 84508
220060, 84508
230117, 84508
233157, 84508
141953, 84492
160179, 84492
161903, 84492
163090, 84492
177144, 84492
197770, 84492
235962, 84492
253135, 84492
256456, 84492
266207, 84492
280136, 84492
254216, 84379
247091, 83498
177037, 82830
123048, 82789
210484, 82789
166456, 82372
252489, 82372
118547, 82259
120043, 82259
120146, 82259
136621, 82259
141663, 82259
142169, 82259
149105, 82259
153361, 82259
161972, 82259
178512, 82259
202637, 82259
202638, 82259
203751, 82259
206241, 82259
249347, 82259
273315, 82259
81306, 82246
136373, 82246
222272, 82246
287978, 82246
113482, 81682
114108, 81682
133734, 81682
141930, 81682
150063, 81682
164301, 81682
170123, 81682
188904, 81682
201907, 81682
216255, 81682
243909, 81682
244332, 81682
250699, 81682
255105, 81682
267472, 81682
269491, 81682
283698, 81682
285845, 81682
296019, 81682
144045, 80509
146673, 80509
186055, 80509
208550, 80509
215701, 80509
219312, 80509
243917, 80509
247480, 80509
255875, 80509
280176, 80509
288150, 80509
293557, 80509
121970, 79912
148412, 79912
152204, 79912
162358, 79912
179280, 79912
235784, 79912
246226, 79912
276358, 79912
290288, 79912
294876, 79912
144139, 78840
151769, 78840
172914, 78840
181207, 78840
200990, 78840
211548, 78840
252635, 78840
182081, 78559
225887, 78559
272202, 78559
140961, 78326
149445, 78326
181012, 78326
206098, 78326
215532, 78326
244882, 78326
256259, 78326
89706, 78092
213492, 77838
1400, 77537
136877, 77537
150014, 77537
238971, 77537
247278, 77537
214430, 77024
141651, 76469
207103, 76469
270833, 76469
153899, 75608
160313, 75608
177311, 75608
200947, 75608
221401, 75608
250265, 75608
278596, 75608
280050, 75608
288324, 75608
292922, 75608
163081, 75496
96084, 75438
166984, 75438
174729, 75438
196044, 75438
200412, 75438
201736, 75438
231503, 75438
255816, 75438
292893, 75438
264446, 75290
125915, 74928
250859, 74597
125822, 74492
144927, 74492
159418, 74492
171785, 74492
174788, 74492
207661, 74492
242974, 74492
228854, 74299
159722, 74001
219996, 73762
142301, 73571
154004, 73571
199439, 73571
206087, 72564
289714, 70625
118207, 69232
135163, 69232
175637, 69232
221574, 69232
235670, 69232
288835, 69232
252553, 65583
249736, 64571
91504, 63500
111028, 63500
252686, 63500
270361, 63500
284394, 63500
285432, 63500
100944, 63419
121622, 63419
122953, 63419
125722, 63419
126070, 63419
128967, 63419
130661, 63419
133119, 63419
138969, 63419
216498, 63419
219151, 63419
266406, 63419
286375, 63419
287751, 63377
114832, 63238
162163, 63238
168312, 63238
194476, 63238
202687, 63238
221176, 63238
240978, 63238
271964, 63238
143188, 63028
172762, 63028
209483, 63028
215894, 63028
266833, 63028
262845, 61619
130107, 60196
24852, 58834
32382, 58834
81813, 58834
151326, 58834
179959, 58834
187813, 58834
196677, 58834
204884, 58834
207998, 58834
208011, 58834
219929, 58834
223388, 58834
229014, 58834
235679, 58834
240091, 58834
248924, 58834
251779, 58834
260568, 58834
292037, 58834
296057, 58834
13094, 58644
196618, 58484
9843, 58448
12469, 58448
115817, 58448
123913, 58448
136515, 58448
144992, 58448
153738, 58448
178199, 58448
212197, 58448
238091, 58448
272753, 58448
276055, 58448
6189, 58414
7638, 58414
10013, 58414
15354, 58414
16804, 58414
22515, 58414
23697, 58414
24526, 58414
26196, 58414
37729, 58414
37944, 58414
41860, 58414
47265, 58414
48228, 58414
49601, 58414
50562, 58414
52025, 58414
52592, 58414
54003, 58414
54229, 58414
60445, 58414
62871, 58414
64055, 58414
64681, 58414
70201, 58414
70328, 58414
79651, 58414
84053, 58414
92280, 58414
95524, 58414
99941, 58414
103220, 58414
104399, 58414
107978, 58414
109071, 58414
110022, 58414
110954, 58414
114404, 58414
114536, 58414
116587, 58414
117636, 58414
119700, 58414
119811, 58414
121204, 58414
121530, 58414
124234, 58414
124963, 58414
126896, 58414
129040, 58414
129251, 58414
129560, 58414
135019, 58414
138429, 58414
138577, 58414
142354, 58414
144263, 58414
144534, 58414
147839, 58414
148462, 58414
152756, 58414
153284, 58414
154367, 58414
155329, 58414
159307, 58414
160566, 58414
160874, 58414
163986, 58414
165147, 58414
166058, 58414
166321, 58414
169947, 58414
177607, 58414
184952, 58414
184969, 58414
189705, 58414
194615, 58414
196160, 58414
200022, 58414
202892, 58414
208143, 58414
208654, 58414
208959, 58414
211415, 58414
212416, 58414
212995, 58414
213377, 58414
214404, 58414
216539, 58414
218293, 58414
225388, 58414
228223, 58414
236378, 58414
236398, 58414
237000, 58414
238350, 58414
240362, 58414
240918, 58414
243336, 58414
243767, 58414
243820, 58414
245603, 58414
248213, 58414
248894, 58414
255463, 58414
255593, 58414
256954, 58414
261696, 58414
263266, 58414
264026, 58414
266246, 58414
267497, 58414
268124, 58414
269617, 58414
270151, 58414
272045, 58414
272187, 58414
273892, 58414
274461, 58414
280022, 58414
281539, 58414
286895, 58414
287446, 58414
287798, 58414
287940, 58414
287964, 58414
289604, 58414
290789, 58414
3402, 58233
6218, 58233
9046, 58233
16802, 58233
23043, 58233
33232, 58233
36818, 58233
41652, 58233
47915, 58233
51549, 58233
66478, 58233
66634, 58233
69801, 58233
78648, 58233
83798, 58233
90833, 58233
98692, 58233
102094, 58233
105309, 58233
113453, 58233
118348, 58233
118533, 58233
119075, 58233
127903, 58233
127960, 58233
128615, 58233
149885, 58233
150110, 58233
152477, 58233
177182, 58233
185471, 58233
196653, 58233
200062, 58233
202972, 58233
212565, 58233
212627, 58233
239245, 58233
252603, 58233
254786, 58233
259311, 58233
267421, 58233
269136, 58233
269144, 58233
269392, 58233
272850, 58233
274778, 58233
280573, 58233
178558, 58136
184202, 58136
17637, 57955
21559, 57955
22723, 57955
24283, 57955
27067, 57955
69708, 57955
204167, 57955
222194, 57955
230022, 57955
262615, 57955
142560, 57729
200319, 57729
15188, 57036
20124, 57036
74656, 56549
269998, 56549
2655, 56355
94137, 55569
183452, 55569
230198, 55569
294310, 55569
6083, 55178
49108, 55048
130430, 55048
4305, 55021
6431, 55021
10646, 55021
37097, 55021
46847, 55021
47458, 55021
54057, 55021
55425, 55021
58163, 55021
65472, 55021
99508, 55021
110863, 55021
112802, 55021
22778, 54660
23215, 54660
23413, 54660
28068, 54660
30764, 54660
31629, 54660
35491, 54660
37308, 54660
39879, 54660
41085, 54660
44064, 54660
47454, 54660
51397, 54660
56939, 54660
59583, 54660
181798, 54660
46740, 54267
48697, 54267
68295, 54267
78200, 54267
92518, 54267
92793, 54267
93907, 54267
95112, 54267
113598, 54267
113887, 54267
158261, 54267
62461, 54128
97897, 54128
4587, 53996
11218, 53996
13172, 53996
17251, 53996
25671, 53996
47517, 53996
49856, 53996
53558, 53996
55117, 53996
72056, 53996
74875, 53996
79602, 53996
86969, 53996
87269, 53996
89117, 53996
90742, 53996
92844, 53996
95040, 53996
95231, 53996
96475, 53996
99769, 53996
105842, 53996
106501, 53996
112534, 53996
115924, 53996
122411, 53996
123275, 53996
124551, 53996
126898, 53996
127136, 53996
127771, 53996
129166, 53996
129331, 53996
140052, 53996
140551, 53996
144005, 53996
144239, 53996
154905, 53996
158822, 53996
159365, 53996
167731, 53996
168512, 53996
170740, 53996
173761, 53996
177651, 53996
180992, 53996
183648, 53996
185805, 53996
188019, 53996
188311, 53996
188391, 53996
190957, 53996
193741, 53996
194044, 53996
195288, 53996
198514, 53996
204659, 53996
205371, 53996
207800, 53996
209708, 53996
212840, 53996
213020, 53996
218275, 53996
221018, 53996
232020, 53996
238848, 53996
250901, 53996
261334, 53996
262691, 53996
264088, 53996
268978, 53996
269007, 53996
271926, 53996
277896, 53996
294086, 53996
7698, 53843
266931, 53539
123463, 53477
154358, 53477
203890, 53477
71568, 53380
261313, 53326
8012, 53243
12746, 53243
12809, 53243
13021, 53243
13168, 53243
18630, 53243
47693, 53243
60436, 53243
102509, 53243
123559, 53243
127130, 53243
152546, 53243
155209, 53243
160658, 53243
163303, 53243
166335, 53243
187601, 53243
194962, 53243
196055, 53243
203949, 53243
212298, 53243
250590, 53243
253375, 53243
22372, 53221
31148, 53221
63974, 53221
188141, 53221
197180, 53221
221998, 53221
231342, 53221
246924, 53221
184543, 53173
222590, 53173
124782, 53102
167355, 53102
6840, 53001
8836, 52945
12092, 52945
43368, 52945
46458, 52945
49234, 52945
86815, 52945
88509, 52945
91276, 52945
92270, 52945
98132, 52945
116595, 52945
119081, 52945
121299, 52945
127761, 52945
128831, 52945
139341, 52945
160303, 52945
166742, 52945
194432, 52945
198022, 52945
208907, 52945
237190, 52945
3927, 52902
4026, 52902
4409, 52902
6169, 52902
193104, 52894
200162, 52894
222326, 52894
223791, 52894
245258, 52894
277142, 52894
285144, 52894
37640, 52644
82136, 52644
170237, 52644
173843, 52644
257759, 52644
273854, 52644
288981, 52644
293041, 52644
8045, 52634
8264, 52606
20829, 52606
30203, 52606
51361, 52606
54844, 52606
55033, 52606
63233, 52606
70773, 52606
72296, 52606
74861, 52606
85463, 52606
92130, 52606
112138, 52606
126005, 52606
134477, 52606
136796, 52606
138213, 52606
151330, 52606
155191, 52606
180274, 52606
211954, 52606
213913, 52606
221021, 52606
236529, 52606
113605, 52596
151439, 52596
182528, 52596
5804, 52582
12318, 52582
16129, 52582
57015, 52582
75076, 52582
81358, 52582
84408, 52582
91232, 52582
111763, 52582
112949, 52582
117274, 52582
163720, 52582
184185, 52582
236169, 52582
206675, 52515
58243, 52452
112079, 52452
141143, 52452
199404, 52452
271756, 52452
233817, 52231
4513, 52205
93515, 51737
8095, 51464
14185, 51464
18996, 51464
43045, 51464
43807, 51464
44997, 51464
48154, 51464
54282, 51464
66097, 51464
69739, 51464
78258, 51464
88294, 51464
93018, 51464
103935, 51464
106840, 51464
112522, 51464
115046, 51464
117464, 51464
119976, 51464
137441, 51464
150829, 51464
182155, 51464
193473, 51464
200393, 51464
221139, 51464
226647, 51464
249099, 51464
259951, 51464
123057, 51446
171595, 51308
232823, 51308
5298, 50953
6226, 50953
21806, 50953
33657, 50953
42444, 50953
48590, 50953
66736, 50953
69300, 50953
71383, 50953
73431, 50953
78125, 50953
82417, 50953
99464, 50953
122496, 50953
215930, 50945
252973, 50934
2773, 50881
138921, 50881
173094, 50881
196648, 50881
278577, 50881
70191, 50827
124996, 50827
247681, 50827
170483, 50700
134906, 50686
155621, 50686
260815, 50686
211186, 50509
267246, 50172
10786, 50020
2893, 49907
127158, 49907
204968, 49907
12067, 49886
23319, 49886
23897, 49886
28831, 49886
63836, 49886
66535, 49886
85523, 49886
98473, 49886
109122, 49886
146325, 49886
148818, 49886
167781, 49886
246518, 49729
280856, 49729
198762, 49638
31400, 49555
104372, 49555
197422, 49555
278931, 49555
163997, 49547
167933, 49547
212, 49542
15204, 49542
119527, 49542
243751, 49542
137315, 49151
152999, 49151
185964, 49151
211143, 49151
231327, 49151
284616, 49151
127650, 49134
8133, 49079
81481, 48756
15852, 48745
33636, 48745
43339, 48745
76077, 48745
90519, 48608
3010, 48583
14234, 48583
14567, 48562
14755, 48562
15367, 48562
20040, 48562
30617, 48562
50862, 48562
295772, 48538
81151, 48437
130376, 48437
233522, 48437
285505, 48414
26948, 48294
28840, 48294
98591, 48294
103997, 48294
113483, 48294
161459, 48294
269582, 47937
280505, 47937
206357, 47778
138060, 47680
67354, 47593
150861, 47565
224190, 47565
49907, 47492
50116, 47492
66696, 47363
65096, 47112
80819, 47112
54286, 47082
126351, 47082
14892, 46810
101216, 46810
24473, 46795
72163, 46750
8765, 46743
18671, 46743
164851, 46743
165291, 46743
20827, 46561
35289, 46561
181089, 46561
34580, 46534
83278, 46534
105397, 46534
172865, 46477
24434, 46453
28627, 46453
39990, 46453
64457, 46453
64962, 46453
65082, 46453
86199, 46453
104958, 46453
148819, 45873
27432, 45783
27975, 45783
31035, 45783
38268, 45783
40790, 45783
43579, 45783
44938, 45783
47676, 45783
49542, 45783
54984, 45783
59261, 45783
62272, 45783
63948, 45783
68593, 45783
108718, 45783
47323, 45658
145681, 45518
273150, 45412
100378, 45097
64524, 44788
54310, 44513
252569, 44331
276679, 44223
294812, 44157
39778, 44117
50087, 44117
52106, 44117
55739, 44117
62538, 44117
66401, 44117
75998, 44117
85615, 44117
92698, 44117
95064, 44117
132161, 44117
138149, 44117
256425, 44117
86451, 44068
2081, 43897
188186, 43801
193407, 43538
796, 43041
221585, 42851
250245, 42336
2500, 41723
197117, 41716
107545, 41644
4738, 41492
235844, 41432
210952, 41272
245989, 41009
84562, 40282
227566, 39308
251911, 39243
216397, 38839
261340, 38839
283797, 38839
200179, 37931
99106, 37078
126900, 37057
272723, 36017
12544, 35839
197131, 35730
237227, 35730
240175, 35730
16944, 35418
196483, 34925
250350, 34925
89221, 32938
223245, 32554
114657, 32049
196799, 32049
217270, 32049
292191, 32049
147133, 31795
43474, 29288
95876, 29288
47907, 28981
67440, 28981
68869, 28981
70334, 28981
138618, 28981
260159, 28981
294214, 25602
42300, 25601
50289, 25601
54800, 25601
55506, 25601
69256, 25601
100297, 25601
101099, 25601
105778, 25601
108820, 25601
116095, 25601
120350, 25601
127816, 25601
132335, 25601
132473, 25601
145184, 25601
153556, 25601
168074, 25601
171107, 25601
175120, 25601
185872, 25601
192856, 25601
200796, 25601
205410, 25601
225422, 25601
225606, 25601
227349, 25601
235861, 25601
246576, 25601
268958, 25601
282976, 25601
283051, 25601
289827, 25601
295047, 25601
158748, 25556
5909, 25492
134860, 25423
3466, 24969
7631, 24611
46041, 24570
143517, 24570
207149, 24570
259155, 24570
120139, 24417
175168, 24417
223188, 24417
266392, 24417
6423, 24413
290836, 24159
2056, 24051
3599, 23984
4830, 23897
265761, 23690
2596, 23657
99016, 23595
123867, 23595
139743, 23595
150466, 23595
200694, 23595
8932, 23238
1156, 23217
36167, 23068
208589, 23019
24073, 23004
24225, 23004
25976, 23004
27079, 23004
27092, 23004
29312, 23004
29600, 23004
29643, 23004
29743, 23004
30018, 23004
30214, 23004
30297, 23004
30466, 23004
30581, 23004
30704, 23004
31159, 23004
31191, 23004
31257, 23004
31469, 23004
31774, 23004
32022, 23004
32068, 23004
32139, 23004
32455, 23004
32493, 23004
33591, 23004
34019, 23004
34153, 23004
34171, 23004
34230, 23004
34233, 23004
34523, 23004
34540, 23004
35046, 23004
35095, 23004
35135, 23004
35285, 23004
35547, 23004
35656, 23004
36009, 23004
36091, 23004
36124, 23004
37383, 23004
37975, 23004
38043, 23004
38446, 23004
22806, 22954
14023, 22798
25453, 22729
27115, 22729
29896, 22729
30347, 22729
30392, 22729
30635, 22729
30898, 22729
31286, 22729
31474, 22729
32626, 22729
33341, 22729
33466, 22729
35450, 22729
14316, 22625
16194, 22625
17055, 22625
18470, 22625
18511, 22625
19867, 22625
20436, 22625
20530, 22625
20745, 22625
20860, 22625
21066, 22625
21431, 22625
22012, 22625
22098, 22625
22183, 22625
23641, 22625
23732, 22625
24008, 22625
24120, 22625
24741, 22625
24922, 22625
25243, 22625
25460, 22625
25508, 22625
25604, 22625
26468, 22625
27509, 22625
27611, 22625
27999, 22625
28193, 22625
29080, 22625
34268, 22625
32793, 22593
24946, 22589
32183, 22589
31907, 22527
229373, 22514
30063, 22426
18229, 22411
19450, 22411
257358, 22411
14686, 22346
15145, 22346
16993, 22222
19257, 22222
23721, 22222
24507, 22222
24702, 22222
25054, 22222
26403, 22222
26497, 22222
26666, 22222
27807, 22222
27913, 22222
28447, 22222
28495, 22222
28680, 22222
29714, 22222
30086, 22222
30115, 22222
30237, 22222
30582, 22222
31025, 22222
31214, 22222
31322, 22222
31836, 22222
25936, 22174
26395, 22174
28050, 22174
29653, 22174
29876, 22174
30280, 22174
33160, 22174
33390, 22174
34998, 22174
28681, 22096
23179, 22091
33122, 22091
19077, 21947
22079, 21947
23079, 21947
24444, 21947
25057, 21947
25612, 21947
33144, 21926
12616, 21909
16337, 21909
18973, 21909
21191, 21909
21601, 21909
21726, 21909
21758, 21909
22808, 21909
22636, 21882
24419, 21882
31827, 21877
21460, 21827
22880, 21827
23775, 21827
24193, 21827
24655, 21827
24740, 21827
25480, 21827
25593, 21827
26549, 21827
26708, 21827
27120, 21827
27142, 21827
27342, 21827
28060, 21827
28349, 21827
29375, 21827
30073, 21827
31374, 21827
32511, 21827
14307, 21778
23109, 21778
23861, 21778
24862, 21778
25200, 21778
25760, 21778
26368, 21778
26651, 21778
26901, 21778
26913, 21778
27193, 21778
27340, 21778
28018, 21778
28909, 21778
28958, 21778
28975, 21778
29004, 21778
29007, 21778
29065, 21778
30959, 21778
31264, 21778
15318, 21612
18950, 21612
19713, 21612
18322, 21599
19792, 21599
20119, 21599
20717, 21599
23738, 21599
25015, 21599
25638, 21599
26877, 21599
27876, 21599
197936, 21562
28558, 21362
29150, 21362
32475, 21362
37577, 21362
29954, 21340
34447, 21340
38692, 21338
9102, 21248
5429, 21241
5970, 21241
6059, 21241
6246, 21241
17145, 21219
17807, 21219
3517, 21125
15656, 21087
16053, 21049
17170, 21049
17589, 21049
18567, 21049
18577, 21049
18583, 21049
18666, 21049
18698, 21049
18710, 21049
18786, 21049
19061, 21049
19690, 21049
19748, 21049
20014, 21049
20282, 21049
20382, 21049
20434, 21049
20662, 21049
21226, 21049
22053, 21049
16533, 21012
16996, 21012
18287, 21012
19279, 21012
20171, 21012
20998, 21012
21086, 21012
22839, 21012
7988, 21000
15384, 20987
5544, 20986
14386, 20942
11366, 20938
11403, 20938
12190, 20902
14571, 20902
15366, 20902
15804, 20902
15980, 20902
16492, 20902
16516, 20902
16553, 20902
16906, 20902
17156, 20902
17177, 20902
19217, 20902
20696, 20902
20249, 20883
30867, 20873
35256, 20873
7949, 20867
9292, 20867
9982, 20867
11322, 20867
15161, 20863
17309, 20863
18552, 20863
19247, 20863
20256, 20863
20482, 20863
20964, 20863
21104, 20863
21190, 20863
21585, 20863
21657, 20863
21782, 20863
21816, 20863
21986, 20863
22618, 20863
22807, 20863
22821, 20863
22907, 20863
22914, 20863
22982, 20863
23035, 20863
23130, 20863
23598, 20863
23852, 20863
24451, 20863
24538, 20863
24610, 20863
26190, 20863
26501, 20863
26639, 20863
32821, 20863
53475, 20863
26739, 20851
29139, 20851
29443, 20851
29555, 20851
32015, 20851
32159, 20851
33359, 20851
34217, 20851
35972, 20851
36434, 20851
36444, 20851
36554, 20851
37780, 20851
37918, 20851
38454, 20851
47295, 20851
48115, 20851
14040, 20808
15461, 20808
31825, 20763
24144, 20704
10643, 20494
11807, 20494
13409, 20494
11899, 20491
8670, 20317
13803, 20317
13939, 20317
14230, 20317
14289, 20317
14557, 20317
14590, 20317
14667, 20317
15126, 20317
15444, 20317
15446, 20317
15580, 20317
15774, 20317
15872, 20317
15885, 20317
16066, 20317
16259, 20317
16276, 20317
16343, 20317
16589, 20317
16656, 20317
16758, 20317
17043, 20317
10762, 20257
13141, 20257
14191, 20257
14459, 20257
14621, 20257
15040, 20257
13770, 20240
13271, 20149
13985, 20149
14137, 20149
14969, 20149
15805, 20149
15502, 20144
16935, 20144
16948, 20144
8273, 19948
8931, 19948
9377, 19948
11782, 19948
5183, 19849
2170, 19704
1518, 19580
18357, 19225
21068, 19225
30110, 19200
33494, 19200
35328, 19200
35816, 19200
36325, 19200
37457, 19200
37596, 19200
37876, 19200
43978, 19200
44920, 19200
33629, 19140
33639, 19140
34202, 19140
34406, 19140
35058, 19140
35278, 19140
37081, 19140
37103, 19140
37532, 19140
37681, 19140
37740, 19140
38321, 19140
38656, 19140
39450, 19140
39859, 19140
40707, 19140
40779, 19140
40833, 19140
41044, 19140
41437, 19140
41613, 19140
43092, 19140
43594, 19140
44083, 19140
44888, 19140
45942, 19140
46375, 19140
48988, 19093
15262, 19069
34733, 19069
36684, 19069
37401, 19069
37539, 19069
38060, 19069
39735, 19069
40071, 19069
40633, 19069
40649, 19069
40763, 19069
40880, 19069
41274, 19069
41432, 19069
41462, 19069
41716, 19069
41906, 19069
42781, 19069
43160, 19069
43772, 19069
44370, 19069
44773, 19069
45033, 19069
45865, 19069
46179, 19069
46482, 19069
46613, 19069
47013, 19069
47307, 19069
47524, 19069
47910, 19069
48153, 19069
48353, 19069
48489, 19069
48614, 19069
48996, 19069
49088, 19069
49107, 19069
49392, 19069
49394, 19069
49616, 19069
49839, 19069
49897, 19069
49947, 19069
50176, 19069
50387, 19069
50559, 19069
51087, 19069
51091, 19069
51347, 19069
52067, 19069
52995, 19069
53001, 19069
53120, 19069
53177, 19069
53868, 19069
55005, 19069
55532, 19069
55844, 19069
56008, 19069
56222, 19069
57707, 19069
58230, 19069
58289, 19069
58834, 19069
24696, 19047
40546, 19047
45840, 19047
35569, 18947
38609, 18947
40218, 18947
41326, 18947
41508, 18947
41858, 18947
43018, 18947
43276, 18947
43703, 18947
45412, 18947
46724, 18947
47498, 18947
48836, 18947
50037, 18947
50378, 18947
16789, 18850
44171, 18744
45560, 18744
48077, 18744
48472, 18744
52122, 18744
34281, 18523
40187, 18523
41017, 18523
41428, 18523
42311, 18523
46299, 18431
32718, 18306
34834, 18306
45296, 18306
52134, 18306
54150, 18306
36470, 18300
37529, 18300
38307, 18300
40553, 18300
43415, 18300
43707, 18300
45141, 18300
45459, 18300
45746, 18300
47078, 18300
47729, 18300
47888, 18300
48313, 18300
49175, 18300
49686, 18300
51081, 18300
51376, 18300
53445, 18300
58399, 18300
37163, 18286
34353, 17942
39431, 17942
41465, 17942
41535, 17942
42443, 17942
42722, 17942
42911, 17942
43062, 17942
43658, 17942
44143, 17942
44338, 17942
44643, 17942
45076, 17942
45385, 17942
45471, 17942
45543, 17942
46086, 17942
46287, 17942
47446, 17942
48556, 17942
48663, 17942
48822, 17942
49245, 17942
49813, 17942
50045, 17942
50482, 17942
53585, 17942
54048, 17942
46324, 17909
47413, 17909
28260, 17874
34871, 17874
22471, 17872
40241, 17843
11269, 17826
11579, 17826
11746, 17826
11897, 17826
12042, 17826
12427, 17826
12569, 17826
12785, 17826
12829, 17826
12946, 17826
12975, 17826
13057, 17826
13278, 17826
13419, 17826
13558, 17826
13743, 17826
14018, 17826
14020, 17826
14282, 17826
14421, 17826
15662, 17826
39635, 17701
41033, 17701
42968, 17699
44184, 17699
44381, 17699
46502, 17699
49922, 17699
51281, 17699
53579, 17699
54869, 17699
55201, 17699
40414, 17598
42421, 17598
44708, 17598
45769, 17598
46416, 17598
47284, 17598
48295, 17598
48304, 17598
48753, 17598
49744, 17598
49984, 17598
50988, 17598
51264, 17598
53011, 17598
20487, 17585
41943, 17557
45592, 17557
45948, 17557
46895, 17557
48336, 17557
52049, 17557
38101, 17539
44822, 17539
47819, 17539
36144, 17283
39862, 17283
43622, 17283
43891, 17283
47443, 17283
47832, 17283
47949, 17283
49484, 17283
49536, 17283
49602, 17283
49617, 17283
50401, 17283
52320, 17283
52585, 17283
52993, 17283
55764, 17283
21319, 17266
22126, 17266
26452, 17266
28914, 17266
31834, 17266
32478, 17266
33971, 17266
37405, 17266
40000, 17266
40819, 17266
41695, 17266
42046, 17266
42638, 17266
42928, 17266
43449, 17266
43736, 17266
43757, 17266
44192, 17266
44690, 17266
44933, 17266
45530, 17266
45632, 17266
47419, 17266
48272, 17266
48465, 17266
49098, 17266
49177, 17266
49888, 17266
50845, 17266
50995, 17266
51851, 17266
52381, 17266
52384, 17266
52877, 17266
53241, 17266
54035, 17266
55233, 17266
55591, 17266
55675, 17266
281534, 17266
45265, 17230
10782, 17181
10978, 17181
11332, 17181
11675, 17181
12130, 17181
13011, 17181
33575, 17157
37806, 17157
39185, 17157
41657, 17157
7919, 17153
8091, 17153
8584, 17153
8751, 17153
8843, 17153
9750, 17153
9950, 17153
10074, 17153
10090, 17153
10257, 17153
10261, 17153
10342, 17153
10633, 17153
10704, 17153
10727, 17153
13489, 17153
32420, 17146
36764, 17146
37645, 17146
38242, 17146
38854, 17146
39141, 17146
40166, 17146
41493, 17146
42523, 17146
43867, 17146
43898, 17146
43964, 17146
44177, 17146
46066, 17146
46363, 17146
48311, 17146
48696, 17146
49406, 17146
49987, 17146
50153, 17146
50428, 17146
50813, 17146
25290, 17140
25486, 17140
29359, 17140
31365, 17140
31423, 17140
32699, 17140
34468, 17140
34582, 17140
36758, 17140
36806, 17140
37897, 17140
38070, 17140
38292, 17140
38469, 17140
38544, 17140
39715, 17140
39784, 17140
39885, 17140
39939, 17140
40641, 17140
41567, 17140
41896, 17140
42417, 17140
42760, 17140
42802, 17140
43630, 17140
43763, 17140
43768, 17140
43853, 17140
44052, 17140
44123, 17140
44199, 17140
44455, 17140
44628, 17140
44893, 17140
45853, 17140
45919, 17140
46371, 17140
46399, 17140
47485, 17140
48071, 17140
48104, 17140
48750, 17140
50333, 17140
50563, 17140
50676, 17140
37232, 17132
37847, 17132
38962, 17132
39509, 17132
39981, 17132
40966, 17132
34822, 17126
39533, 17090
32612, 17061
33343, 17061
33347, 17061
33762, 17061
34972, 17061
35092, 17061
35425, 17061
39731, 17061
40120, 17061
40455, 17061
41344, 17061
43432, 17061
30338, 17060
34129, 17060
37723, 17060
40202, 17060
33955, 17053
40978, 17051
29494, 16980
31777, 16980
32196, 16980
32623, 16980
37426, 16980
39831, 16980
41355, 16980
42089, 16980
42642, 16980
43439, 16980
44703, 16980
45418, 16980
45587, 16980
45709, 16980
46496, 16980
46788, 16980
47681, 16980
48724, 16980
49528, 16980
50561, 16980
52237, 16980
26762, 16943
39959, 16905
33726, 16751
38080, 16738
39788, 16738
34044, 16725
30356, 16724
42081, 16724
49767, 16724
37901, 16610
41631, 16610
10383, 16600
5917, 16594
7004, 16594
7908, 16594
8182, 16594
8296, 16594
9354, 16594
10043, 16594
36359, 16521
19374, 16410
21130, 16410
22262, 16410
10829, 16259
91467, 14713
27966, 13821
30289, 13821
249162, 13359
24657, 11906
26353, 11906
27197, 11906
27609, 11906
32161, 11906
20243, 9699
25988, 9699
27901, 9699
28169, 9699
28338, 9699
28428, 9699
97487, 9563
97032, 8889
108082, 8857
255801, 8455
222266, 8228
198107, 8220
216279, 8220
285, 7949
659, 7949
714, 7949
991, 7949
2269, 7949
2594, 7949
10192, 7949
52454, 7949
52554, 7949
52679, 7949
54331, 7949
61708, 7949
65648, 7949
73602, 7949
78081, 7949
79592, 7949
88131, 7949
90141, 7949
90664, 7949
94685, 7949
99742, 7949
99895, 7949
99909, 7949
100222, 7949
100871, 7949
106467, 7949
107250, 7949
112498, 7949
115137, 7949
116090, 7949
116549, 7949
124757, 7949
129820, 7949
130139, 7949
135158, 7949
137743, 7949
138639, 7949
139058, 7949
142056, 7949
142387, 7949
143756, 7949
145495, 7949
147768, 7949
150385, 7949
151726, 7949
158737, 7949
160660, 7949
161309, 7949
161452, 7949
161474, 7949
163475, 7949
165165, 7949
169029, 7949
170248, 7949
171418, 7949
172977, 7949
173656, 7949
174981, 7949
178197, 7949
179236, 7949
185695, 7949
186937, 7949
189483, 7949
189775, 7949
190135, 7949
190159, 7949
193245, 7949
194871, 7949
194906, 7949
196220, 7949
198858, 7949
199922, 7949
200783, 7949
202589, 7949
205484, 7949
205810, 7949
206307, 7949
208109, 7949
208967, 7949
210688, 7949
211507, 7949
212473, 7949
212878, 7949
213756, 7949
215307, 7949
217417, 7949
217501, 7949
220598, 7949
220806, 7949
221906, 7949
222029, 7949
222939, 7949
223374, 7949
224479, 7949
225383, 7949
226880, 7949
229252, 7949
229467, 7949
234319, 7949
236719, 7949
237154, 7949
237557, 7949
237637, 7949
238721, 7949
238920, 7949
239441, 7949
244265, 7949
244445, 7949
247897, 7949
251714, 7949
256317, 7949
258921, 7949
262434, 7949
265440, 7949
273728, 7949
273734, 7949
279182, 7949
279819, 7949
280318, 7949
283228, 7949
286516, 7949
291220, 7949
292242, 7949
296366, 7949
83279, 7900
206910, 7857
214629, 7857
218952, 7857
255258, 7857
269660, 7857
230812, 7851
245677, 7851
256144, 7851
261717, 7851
277059, 7851
102890, 7743
9854, 7678
16184, 7550
23000, 7550
23058, 7550
23854, 7550
24380, 7550
19709, 7529
10660, 7450
640, 7403
3265, 7366
122922, 7366
273152, 7366
93322, 7210
240729, 6962
119572, 6729
105601, 6677
150502, 6677
116677, 6577
119789, 6536
288820, 6536
82820, 6320
134715, 6320
159593, 6320
162674, 6320
203707, 6320
221645, 6320
230947, 6320
265566, 6320
282290, 6320
289737, 6320
55396, 6227
71655, 6227
214748, 6227
233722, 6227
249308, 6227
263799, 6227
278884, 6227
122115, 6188
210733, 6188
278406, 6188
240156, 6089
47210, 6076
154741, 6011
84980, 5943
194797, 5943
257814, 5943
185224, 5862
278498, 5862
65077, 5848
145411, 5848
259321, 5848
289456, 5848
140255, 5843
152900, 5843
201794, 5843
220736, 5843
189205, 5763
197251, 5763
343, 5750
225693, 5723
228058, 5693
53408, 5667
112437, 5667
148381, 5667
227613, 5667
278120, 5667
62246, 5615
64263, 5615
139494, 5615
261278, 5615
225463, 5602
163292, 5581
681, 5277
1294, 5277
1690, 4784
3790, 4742
824, 4738
1793, 4738
1820, 4738
2426, 4738
985, 4735
1376, 4735
1717, 4735
1827, 4735
2050, 4735
2442, 4735
2451, 4735
2630, 4735
2874, 4735
2910, 4735
3097, 4735
3107, 4735
3171, 4735
3288, 4735
3295, 4735
3439, 4735
3508, 4735
3540, 4735
3565, 4735
3738, 4735
3749, 4735
3783, 4735
3872, 4735
3935, 4735
3959, 4735
4059, 4735
4158, 4735
4233, 4735
4260, 4735
4317, 4735
4345, 4735
4353, 4735
4436, 4735
4522, 4735
4556, 4735
4557, 4735
4562, 4735
4611, 4735
4614, 4735
4636, 4735
4639, 4735
4654, 4735
4706, 4735
4736, 4735
4771, 4735
4865, 4735
4914, 4735
4922, 4735
4932, 4735
4980, 4735
5042, 4735
5089, 4735
5114, 4735
5132, 4735
5135, 4735
5212, 4735
5240, 4735
2718, 4690
2840, 4690
4411, 4690
217377, 4685
1779, 4448
26752, 3106
13378, 2315
31402, 2151
35240, 2137
169569, 2120
27957, 1783
29547, 1783
30718, 1783
17977, 1581
239624, 1069
105437, 1061
121251, 1061
140654, 1061
176675, 1061
179447, 1061
180601, 1061
183589, 1061
184314, 1061
200388, 1061
204506, 1061
204603, 1061
205356, 1061
214097, 1061
225246, 1061
229903, 1061
230235, 1061
234111, 1061
238403, 1061
244596, 1061
259928, 1061
260677, 1061
264405, 1061
276249, 1061
285394, 1061
101587, 1055
118237, 1055
131148, 1055
137398, 1055
142952, 1055
145586, 1055
148582, 1055
176428, 1055
177031, 1055
190335, 1055
205306, 1055
184372, 1054
202833, 1054
212271, 1054
219688, 1054
227448, 1054
250372, 1054
275278, 1054
282211, 1054
285692, 1054
287552, 1054
126129, 1036
203681, 1036
209144, 1036
118158, 1035
124485, 1035
158695, 1035
158066, 1028
90693, 1019
124778, 1019
110261, 1006
