215939, 121849
207900, 119450
223244, 119450
264902, 119450
120592, 119352
228936, 119352
74131, 108020
104552, 108020
118491, 108020
138835, 108020
169117, 108020
180494, 108020
184337, 108020
206106, 108020
217689, 108020
241063, 108020
259007, 108020
269549, 108020
271272, 108020
112113, 103537
130108, 95458
120024, 88282
52925, 85211
53391, 85211
60292, 85211
78459, 85211
81351, 85211
14860, 66557
17275, 66557
30298, 66557
39733, 66557
42007, 66557
49160, 66557
105296, 66557
110514, 66557
56501, 62273
73912, 53072
94580, 29796
74577, 23753
82195, 23753
36014, 23359
41155, 23359
42995, 23359
47382, 23359
54837, 23359
62581, 23359
64888, 23359
65397, 23359
43503, 23153
56827, 23153
58934, 23153
68263, 23153
75115, 23153
78020, 23153
91607, 23153
92795, 23153
94036, 23153
102421, 23153
102477, 23153
104535, 23153
104555, 23153
107923, 23153
108942, 23153
131802, 23153
161157, 23153
29033, 23135
31318, 23135
35526, 23135
88248, 22643
112019, 22028
119399, 22028
121151, 22028
121262, 22028
122556, 22028
123311, 22028
130996, 22028
134256, 22028
138014, 22028
140844, 22028
148224, 22028
159893, 22028
160470, 22028
168537, 22028
175166, 22028
178523, 22028
25509, 18108
20175, 16616
85982, 5868
102944, 5868
109800, 5868
147293, 5868
151079, 5868
174754, 5868
189094, 5868
198882, 5868
202201, 5868
52583, 5860
84103, 5860
85239, 5860
85670, 5860
123839, 5860
130190, 5860
141244, 5860
144614, 5860
179892, 5860
215629, 5860
258966, 5860
259409, 5860
104113, 5849
144649, 5849
152004, 5849
158123, 5849
268852, 5849
86461, 5774
101010, 5774
103707, 5774
115129, 5774
117196, 5774
121993, 5774
126690, 5774
129128, 5774
137592, 5774
159037, 5774
167452, 5774
175251, 5774
177301, 5774
193058, 5774
211048, 5774
215520, 5774
221714, 5774
225581, 5774
231323, 5774
238067, 5774
241861, 5774
242322, 5774
266603, 5774
268888, 5774
280035, 5774
288944, 5774
113925, 5750
189061, 5750
106100, 5741
174260, 5741
190227, 5741
213791, 5741
215162, 5741
225586, 5741
273888, 5741
48046, 5733
217285, 5718
224500, 5718
68149, 5702
152545, 5702
234862, 5702
253581, 5702
272479, 5702
280901, 5702
288390, 5702
107012, 5692
129292, 5692
159391, 5692
181976, 5692
211046, 5692
221689, 5692
238212, 5692
252568, 5692
266333, 5692
275839, 5692
26799, 5658
72638, 5658
96242, 5658
102768, 5658
145558, 5658
147332, 5658
169247, 5658
183693, 5658
216766, 5658
224699, 5658
225152, 5658
230313, 5658
233834, 5658
237571, 5658
255822, 5658
257084, 5658
257680, 5658
258270, 5658
259557, 5658
266411, 5658
290726, 5658
76836, 5645
177274, 5645
227154, 5645
258931, 5645
261450, 5645
30744, 5631
116329, 5631
209818, 5631
243227, 5631
250758, 5631
100210, 5603
101752, 5603
144876, 5603
221841, 5603
226882, 5603
233650, 5603
237760, 5603
243150, 5603
255383, 5603
268140, 5603
279738, 5603
290324, 5603
295013, 5603
296625, 5603
208791, 5599
248033, 5599
86538, 5563
139960, 5563
177102, 5563
209594, 5563
248159, 5563
266198, 5563
274986, 5563
276364, 5563
210615, 5560
226718, 5560
253466, 5560
82538, 5535
125222, 5535
262864, 5535
268148, 5535
279383, 5535
288798, 5535
93721, 5529
106980, 5529
118298, 5529
136221, 5529
137072, 5529
147762, 5529
154980, 5529
157723, 5529
165557, 5529
167504, 5529
174624, 5529
184859, 5529
188599, 5529
189903, 5529
198867, 5529
198873, 5529
204098, 5529
212497, 5529
212670, 5529
213646, 5529
222539, 5529
226089, 5529
228055, 5529
241507, 5529
244673, 5529
248620, 5529
250638, 5529
269724, 5529
271767, 5529
271973, 5529
272368, 5529
272477, 5529
284339, 5529
289026, 5529
289106, 5529
40981, 5517
46113, 5517
47365, 5517
52685, 5517
57501, 5517
77509, 5517
89632, 5517
90735, 5517
95464, 5517
98374, 5517
107611, 5517
119619, 5517
127057, 5517
127799, 5517
128148, 5517
129069, 5517
131808, 5517
138565, 5517
139877, 5517
145338, 5517
147890, 5517
148234, 5517
152458, 5517
152532, 5517
154827, 5517
158497, 5517
158506, 5517
161690, 5517
162224, 5517
177612, 5517
180148, 5517
182720, 5517
185703, 5517
187806, 5517
189948, 5517
194512, 5517
196820, 5517
204128, 5517
212785, 5517
220254, 5517
226513, 5517
228719, 5517
230647, 5517
235700, 5517
236140, 5517
259080, 5517
271209, 5517
277550, 5517
283196, 5517
289791, 5517
280178, 5498
213024, 5479
295814, 5479
133311, 5465
219690, 5465
40742, 5450
44208, 5450
70697, 5450
75828, 5450
87407, 5450
87625, 5450
96790, 5450
102725, 5450
110777, 5450
125239, 5450
143927, 5450
176643, 5450
179103, 5450
190235, 5450
197803, 5450
199918, 5450
217938, 5450
221601, 5450
234417, 5450
235034, 5450
235771, 5450
239509, 5450
245967, 5450
250879, 5450
291867, 5450
109647, 5435
22800, 5417
67261, 5396
73961, 5396
81948, 5396
124861, 5396
126662, 5396
146862, 5396
176424, 5396
53744, 5394
59832, 5394
69416, 5394
78740, 5394
100419, 5394
106535, 5394
107979, 5394
112355, 5394
116212, 5394
135900, 5394
138435, 5394
157758, 5394
159824, 5394
164208, 5394
164953, 5394
168865, 5394
170378, 5394
171620, 5394
173298, 5394
175745, 5394
179268, 5394
180020, 5394
182414, 5394
186666, 5394
189462, 5394
194679, 5394
194883, 5394
195083, 5394
198603, 5394
202669, 5394
207555, 5394
208393, 5394
212217, 5394
212432, 5394
217911, 5394
220569, 5394
221468, 5394
227872, 5394
229950, 5394
230661, 5394
233017, 5394
234157, 5394
237589, 5394
238391, 5394
239609, 5394
248802, 5394
249831, 5394
253826, 5394
254254, 5394
259677, 5394
264349, 5394
281452, 5394
283913, 5394
287212, 5394
290264, 5394
292799, 5394
126124, 5389
90026, 5388
165589, 5388
185344, 5388
186322, 5388
230897, 5388
237161, 5388
268060, 5388
117937, 5386
166442, 5386
266192, 5386
54727, 5385
49812, 5377
104383, 5377
223978, 5375
77356, 5369
156241, 5369
162833, 5369
195803, 5369
224349, 5369
229893, 5369
245744, 5369
258536, 5369
265611, 5369
268691, 5369
274069, 5369
275075, 5369
284214, 5369
290555, 5369
295468, 5369
280633, 5362
26635, 5353
184302, 5353
1936, 5344
22168, 5344
88581, 5344
106614, 5344
116893, 5344
123898, 5344
129007, 5344
129665, 5344
131209, 5344
137229, 5344
208624, 5344
238496, 5344
260558, 5344
176333, 5333
259448, 5333
200090, 5331
91389, 5327
285509, 5327
95420, 5326
138130, 5326
169607, 5326
214858, 5326
221693, 5326
257677, 5326
123335, 5323
171226, 5323
186808, 5323
213537, 5323
227846, 5323
233312, 5323
237015, 5323
248952, 5323
252705, 5323
258253, 5323
286802, 5323
293197, 5323
295433, 5323
153900, 5306
102101, 5304
117148, 5304
98983, 5299
118283, 5299
163174, 5299
174428, 5299
218379, 5299
274810, 5299
163554, 5294
187319, 5294
223035, 5294
249529, 5294
120009, 5293
163583, 5293
230071, 5293
232480, 5293
243749, 5293
244696, 5292
100661, 5273
273785, 5273
171797, 5271
73935, 5267
98002, 5267
104030, 5267
119296, 5267
125727, 5267
130887, 5267
134479, 5267
134929, 5267
141431, 5267
142479, 5267
142606, 5267
148778, 5267
150774, 5267
169466, 5267
175789, 5267
176093, 5267
178785, 5267
181637, 5267
188581, 5267
189665, 5267
191803, 5267
192511, 5267
199085, 5267
202992, 5267
204972, 5267
205535, 5267
211222, 5267
215708, 5267
223112, 5267
223890, 5267
224466, 5267
226080, 5267
229415, 5267
230447, 5267
251744, 5267
267175, 5267
272992, 5267
275424, 5267
281889, 5267
286414, 5267
290627, 5267
293418, 5267
17421, 5265
238494, 5265
295456, 5248
286567, 5246
88322, 5241
94683, 5241
101019, 5241
116565, 5241
118635, 5241
156799, 5241
203064, 5241
223677, 5241
226239, 5241
240374, 5241
241549, 5241
263162, 5241
267191, 5241
295148, 5241
74412, 5240
28853, 5235
281571, 5233
173753, 5231
234469, 5231
258815, 5231
81326, 5214
120455, 5214
173716, 5214
182371, 5214
201999, 5214
217724, 5214
218036, 5214
228191, 5214
240943, 5214
245242, 5214
245641, 5214
247351, 5214
255890, 5214
274497, 5214
282578, 5214
288837, 5214
80750, 5199
86916, 5199
92041, 5199
102214, 5199
142526, 5199
146345, 5199
155718, 5199
163386, 5199
201909, 5199
206187, 5199
211266, 5199
219028, 5199
250689, 5199
188596, 5197
197750, 5197
204683, 5197
242665, 5197
272975, 5197
280683, 5197
285071, 5197
11308, 5193
21451, 5193
138795, 5180
222502, 5180
226959, 5180
269290, 5180
271124, 5180
278697, 5180
169211, 5175
284633, 5146
62593, 5145
91640, 5145
104173, 5145
135821, 5145
137358, 5145
140103, 5145
156328, 5145
166305, 5145
198637, 5145
223267, 5145
293730, 5145
46029, 5144
118541, 5129
170157, 5129
149685, 5119
209142, 5119
254351, 5119
274342, 5119
283887, 5119
1917, 5111
30993, 5111
36096, 5111
38077, 5111
44408, 5111
45136, 5111
45837, 5111
49036, 5111
49989, 5111
51832, 5111
52922, 5111
53062, 5111
58025, 5111
66524, 5111
71483, 5111
91735, 5111
96164, 5111
127605, 5111
154924, 5107
96139, 5101
108145, 5101
111885, 5101
155810, 5101
177479, 5101
197052, 5101
203206, 5101
224340, 5101
230572, 5101
243796, 5101
247946, 5101
252027, 5101
269128, 5101
270285, 5101
281802, 5101
289856, 5101
294602, 5101
296060, 5101
106600, 5100
114223, 5100
185463, 5100
35787, 5093
67768, 5093
88725, 5093
93852, 5093
112713, 5093
150147, 5093
156633, 5093
156852, 5093
160524, 5093
163842, 5093
180332, 5093
230049, 5093
238609, 5093
262710, 5093
265039, 5093
272978, 5093
292310, 5093
8549, 5075
174167, 5073
271021, 5063
284453, 5063
70643, 5061
94755, 5061
93307, 5060
104496, 5060
175842, 5057
180577, 5057
190288, 5057
202983, 5057
288766, 5057
51544, 5054
82394, 5054
89972, 5054
105125, 5054
127285, 5054
146285, 5054
147232, 5054
267117, 5054
270039, 5054
58313, 5040
103842, 5033
80881, 5031
97901, 5031
149335, 5031
155919, 5031
158490, 5031
174704, 5031
185024, 5031
185682, 5031
195701, 5031
202736, 5031
203911, 5031
254733, 5031
176823, 5030
205668, 5030
216209, 5030
261585, 5030
268896, 5030
280589, 5030
289174, 5030
38960, 5022
45425, 5022
72698, 5022
83713, 5022
92835, 5022
94168, 5021
106884, 5021
265149, 5021
132417, 5015
169031, 5015
38550, 4997
140481, 4997
166208, 4997
184111, 4997
194238, 4997
236780, 4997
281882, 4997
287385, 4997
293006, 4997
93187, 4990
108307, 4990
169324, 4990
170885, 4990
191974, 4990
273265, 4990
273604, 4990
29500, 4964
171157, 4964
228412, 4964
264207, 4964
116162, 4953
122574, 4953
165380, 4953
56912, 4952
71776, 4952
150278, 4952
221677, 4952
245970, 4952
253730, 4952
266030, 4952
278567, 4952
280115, 4952
99893, 4941
199058, 4941
199803, 4941
205366, 4941
237378, 4941
294967, 4941
234198, 4932
3133, 4930
102203, 4930
204107, 4930
218581, 4930
25217, 4924
172578, 4924
73230, 4922
78529, 4922
79320, 4922
97351, 4922
97838, 4922
125778, 4922
131644, 4922
137976, 4922
141202, 4922
144979, 4922
151470, 4922
152687, 4922
156321, 4922
156869, 4922
160473, 4922
164964, 4922
165893, 4922
167074, 4922
169928, 4922
175994, 4922
181098, 4922
183422, 4922
184882, 4922
197331, 4922
200562, 4922
202359, 4922
203502, 4922
209761, 4922
234918, 4922
236537, 4922
236818, 4922
238484, 4922
281669, 4922
282257, 4922
88721, 4919
93229, 4919
136194, 4919
143399, 4919
143752, 4919
152174, 4919
153609, 4919
153759, 4919
154831, 4919
158599, 4919
161525, 4919
162287, 4919
163310, 4919
171000, 4919
174264, 4919
180361, 4919
183028, 4919
196047, 4919
198531, 4919
201176, 4919
202278, 4919
206840, 4919
210378, 4919
210931, 4919
215970, 4919
218596, 4919
220298, 4919
220813, 4919
224646, 4919
226414, 4919
232879, 4919
233502, 4919
239258, 4919
241224, 4919
246499, 4919
260169, 4919
260984, 4919
263665, 4919
269324, 4919
272361, 4919
272742, 4919
273483, 4919
273831, 4919
274254, 4919
279330, 4919
283614, 4919
294630, 4919
51333, 4913
91867, 4909
186251, 4909
269170, 4909
81971, 4882
107764, 4880
113563, 4880
280511, 4880
1341, 4876
125993, 4876
260139, 4876
23272, 4874
130308, 4874
119841, 4819
156173, 4819
158777, 4819
294284, 4819
141095, 4817
86052, 4809
81496, 4806
123086, 4806
168327, 4806
183922, 4806
185920, 4806
260742, 4806
277460, 4806
278964, 4806
280761, 4806
288920, 4806
296565, 4806
97738, 4799
149769, 4799
151111, 4799
154223, 4799
169058, 4799
177635, 4799
246186, 4799
259334, 4799
274977, 4799
186856, 4798
69444, 4795
163507, 4795
228029, 4795
293150, 4795
51642, 4794
121261, 4787
211829, 4787
122057, 4782
173306, 4782
209957, 4782
230591, 4782
279489, 4782
291313, 4782
16509, 4778
232236, 4778
247106, 4778
178618, 4777
224282, 4777
227976, 4777
249919, 4777
239934, 4776
23505, 4766
61690, 4766
158330, 4760
91926, 4754
150327, 4749
167221, 4749
180250, 4749
181203, 4749
190480, 4749
225569, 4749
227365, 4749
230835, 4749
235514, 4749
235760, 4749
235848, 4749
260623, 4749
263946, 4749
267859, 4749
274978, 4749
288807, 4749
290885, 4749
293055, 4749
295603, 4749
122249, 4744
280951, 4744
295614, 4744
123241, 4728
252521, 4702
128996, 4699
139076, 4699
225132, 4699
246785, 4699
287535, 4699
228816, 4697
230754, 4697
158035, 4693
213949, 4690
291826, 4690
158887, 4647
171710, 4647
190491, 4647
225874, 4647
235310, 4647
259493, 4647
267618, 4647
281522, 4647
287220, 4647
288909, 4647
97053, 4635
213010, 4624
275310, 4624
98627, 4618
211842, 4618
270599, 4618
279251, 4618
280550, 4618
184959, 4615
91650, 4610
236443, 4610
185537, 4608
41457, 4607
41755, 4607
43428, 4607
44942, 4607
45377, 4607
46090, 4607
46270, 4607
47860, 4607
48824, 4607
49038, 4607
51070, 4607
51315, 4607
52022, 4607
52098, 4607
188630, 4597
259502, 4588
19348, 4579
32426, 4579
35579, 4579
49806, 4579
91250, 4579
185925, 4570
192881, 4570
8842, 4565
16784, 4565
35196, 4565
37112, 4565
90176, 4565
126759, 4565
137328, 4565
142716, 4565
171148, 4565
189246, 4565
195857, 4565
74755, 4564
83462, 4564
86396, 4564
93682, 4564
111500, 4564
115890, 4564
128219, 4564
148030, 4564
164660, 4564
179145, 4564
186339, 4564
187492, 4564
198108, 4564
201141, 4564
204812, 4564
214068, 4564
220655, 4564
224574, 4564
228999, 4564
252458, 4564
287584, 4564
15555, 4550
116905, 4550
146879, 4550
236178, 4550
239423, 4544
272114, 4544
276035, 4544
160488, 4541
203820, 4541
62435, 4530
101339, 4530
112529, 4530
121458, 4530
123950, 4530
130299, 4530
144304, 4530
147180, 4530
149115, 4530
157102, 4530
162067, 4530
166380, 4530
176097, 4530
179228, 4530
182670, 4530
188602, 4530
193650, 4530
222619, 4530
230050, 4530
237955, 4530
252333, 4530
255827, 4530
269665, 4530
274414, 4530
275918, 4530
276957, 4530
291865, 4530
74976, 4529
79876, 4529
88247, 4529
95065, 4529
151832, 4529
218462, 4529
255329, 4529
105503, 4516
45161, 4505
163371, 4505
164629, 4505
225940, 4505
141995, 4501
165487, 4501
204457, 4501
206076, 4501
206545, 4501
226189, 4501
258820, 4501
264086, 4501
93015, 4490
172416, 4490
67480, 4488
208631, 4488
238366, 4488
181741, 4480
185998, 4480
230673, 4480
90399, 4468
132282, 4468
166878, 4468
194284, 4468
211614, 4468
228789, 4468
233643, 4468
233900, 4468
245223, 4468
274788, 4468
291148, 4468
87026, 4461
175096, 4461
228698, 4461
271411, 4461
275698, 4461
110699, 4454
172331, 4454
186184, 4454
218427, 4454
2967, 4451
106475, 4447
177159, 4447
245293, 4447
279404, 4447
119649, 4441
167434, 4441
236685, 4441
154756, 4440
160508, 4440
171474, 4440
195246, 4440
204045, 4440
233967, 4440
234404, 4440
269509, 4440
288546, 4440
171351, 4437
192873, 4437
75497, 4435
86820, 4435
89202, 4435
125380, 4435
138119, 4435
166471, 4435
187867, 4435
208284, 4435
215350, 4435
220518, 4435
239176, 4435
270258, 4435
37585, 4426
54097, 4426
90611, 4426
45270, 4423
98685, 4423
103056, 4423
104446, 4423
134500, 4423
141891, 4423
143734, 4423
146943, 4423
170943, 4423
175091, 4423
195888, 4423
203303, 4423
211435, 4423
213686, 4423
234915, 4423
244914, 4423
294678, 4423
31919, 4421
41383, 4421
65350, 4421
81321, 4421
89012, 4421
91599, 4421
94508, 4421
94762, 4421
96110, 4421
99164, 4421
103814, 4421
107555, 4421
108613, 4421
110532, 4421
114326, 4421
116518, 4421
120750, 4421
122358, 4421
134675, 4421
136413, 4421
144113, 4421
158750, 4421
161611, 4421
162276, 4421
166112, 4421
181250, 4421
190886, 4421
191052, 4421
198949, 4421
201684, 4421
205976, 4421
214293, 4421
259784, 4421
281592, 4421
201543, 4414
266096, 4414
90636, 4412
119677, 4412
192462, 4412
220985, 4412
237866, 4412
247043, 4412
172489, 4401
172829, 4401
225392, 4401
231750, 4401
274132, 4401
274135, 4401
279247, 4401
5227, 4393
15629, 4393
102968, 4393
148547, 4393
174560, 4393
216538, 4393
234014, 4393
273473, 4393
25553, 4382
67214, 4382
103264, 4382
113454, 4382
115203, 4382
124172, 4382
126596, 4382
128026, 4382
129359, 4382
139489, 4382
140471, 4382
167946, 4382
175874, 4382
177593, 4382
188504, 4382
196052, 4382
212027, 4382
220604, 4382
262531, 4382
265955, 4382
223051, 4379
93053, 4372
97914, 4372
111661, 4372
169447, 4372
187309, 4372
171258, 4364
295779, 4364
85735, 4362
245838, 4362
289702, 4362
39262, 4361
106485, 4358
166895, 4358
181035, 4358
248019, 4358
284144, 4358
26784, 4349
147313, 4349
231042, 4349
114568, 4343
113288, 4339
72248, 4337
51274, 4328
78793, 4327
105159, 4327
107579, 4327
108990, 4327
109498, 4327
112210, 4327
115446, 4327
116263, 4327
121840, 4327
121948, 4327
123110, 4327
123372, 4327
130507, 4327
130585, 4327
136847, 4327
139864, 4327
144460, 4327
152834, 4327
154707, 4327
167983, 4327
170229, 4327
177506, 4327
188589, 4327
200633, 4327
231162, 4327
234314, 4327
238248, 4327
273053, 4327
285163, 4327
103470, 4326
125110, 4326
128806, 4326
129752, 4326
134864, 4326
137483, 4326
160950, 4326
8107, 4324
54662, 4324
113774, 4317
127514, 4317
140646, 4317
256060, 4317
202288, 4305
237998, 4305
258375, 4305
123473, 4304
37337, 4299
111166, 4299
126130, 4299
135947, 4299
145146, 4299
158532, 4299
161851, 4299
170369, 4299
170551, 4299
174187, 4299
188702, 4299
230617, 4299
243090, 4299
265811, 4299
266237, 4299
90787, 4297
4044, 4261
15783, 4261
27451, 4261
46164, 4261
56898, 4261
126878, 4261
130506, 4261
146317, 4261
161001, 4261
161271, 4261
163091, 4261
164668, 4261
169051, 4261
171535, 4261
172886, 4261
182087, 4261
184262, 4261
184784, 4261
189501, 4261
189914, 4261
194053, 4261
195640, 4261
196740, 4261
207244, 4261
208437, 4261
215388, 4261
241890, 4261
247262, 4261
248804, 4261
250456, 4261
258534, 4261
269202, 4261
272079, 4261
274560, 4261
282673, 4261
282693, 4261
120709, 4259
228251, 4259
91333, 4257
102809, 4257
104485, 4257
113727, 4257
118262, 4257
118369, 4257
118589, 4257
118812, 4257
121048, 4257
121112, 4257
121260, 4257
124141, 4257
124846, 4257
125268, 4257
126643, 4257
131128, 4257
131915, 4257
132290, 4257
132651, 4257
134456, 4257
139136, 4257
139226, 4257
142719, 4257
144225, 4257
146126, 4257
146815, 4257
148593, 4257
154522, 4257
154947, 4257
156846, 4257
157648, 4257
158016, 4257
159230, 4257
162408, 4257
173573, 4257
183275, 4257
187123, 4257
201941, 4257
207519, 4257
214608, 4257
215849, 4257
216604, 4257
217071, 4257
223181, 4257
254862, 4257
261023, 4257
268698, 4257
274615, 4257
277921, 4257
291139, 4257
5826, 4252
142461, 4252
147728, 4252
177439, 4252
199077, 4252
144058, 4246
151044, 4245
183340, 4245
193727, 4243
222385, 4241
237375, 4241
8029, 4240
21070, 4240
59913, 4240
68974, 4240
75732, 4240
217277, 4240
232148, 4240
179719, 4234
202236, 4234
126776, 4231
257237, 4227
233932, 4221
29864, 4217
30276, 4217
46104, 4217
46107, 4217
46588, 4217
47225, 4217
47952, 4217
47967, 4217
50027, 4217
50701, 4217
54146, 4217
56184, 4217
70336, 4217
80540, 4217
5549, 4215
90917, 4208
229258, 4208
273982, 4208
281813, 4208
276493, 4200
5653, 4199
237768, 4196
116300, 4193
292250, 4193
69843, 4190
120817, 4190
216958, 4190
246673, 4190
275459, 4190
170249, 4187
178977, 4187
183029, 4187
233823, 4187
269383, 4187
61996, 4185
184978, 4182
136661, 4179
278897, 4179
174426, 4176
133608, 4174
182339, 4168
294725, 4168
94073, 4166
162230, 4166
238169, 4166
121166, 4160
130671, 4160
190818, 4160
250191, 4160
253642, 4160
254088, 4160
53628, 4154
192496, 4154
236999, 4154
245924, 4154
13383, 4147
187426, 4121
226120, 4121
20746, 4109
75032, 4109
120934, 4103
135510, 4103
151352, 4103
176518, 4103
177148, 4103
186292, 4103
222496, 4103
242294, 4103
261349, 4100
261601, 4100
72417, 4093
76862, 4093
146293, 4093
169341, 4093
194096, 4093
196157, 4093
244141, 4093
286668, 4093
242, 4092
60031, 4092
68327, 4092
132966, 4092
159890, 4092
167704, 4092
101157, 4091
208471, 4090
226078, 4090
223620, 4089
76227, 4088
119971, 4079
232248, 4079
237348, 4077
232813, 4076
111890, 4075
92989, 4058
198232, 4053
132312, 4048
96764, 4023
180969, 4023
210209, 4015
266727, 4012
167484, 4011
237627, 4011
19614, 4010
19960, 3991
117582, 3982
228106, 3980
276229, 3980
19980, 3977
167240, 3977
269057, 3973
140635, 3972
293814, 3970
119416, 3963
200180, 3963
231498, 3963
272185, 3963
129349, 3959
12331, 3956
18962, 3956
128725, 3956
16216, 3955
176564, 3953
10514, 3951
52077, 3951
89145, 3951
212276, 3951
225601, 3950
12675, 3946
95723, 3941
179520, 3941
206499, 3941
210825, 3941
212201, 3941
221670, 3941
279339, 3941
296223, 3941
86811, 3935
151873, 3935
196569, 3925
201679, 3925
285214, 3925
148762, 3922
157770, 3922
256002, 3905
251222, 3891
66108, 3884
99986, 3884
151782, 3884
296216, 3884
296342, 3884
160407, 3875
255895, 3868
645, 3855
49570, 3855
73177, 3855
108797, 3855
130009, 3855
136690, 3855
180579, 3855
170240, 3849
281380, 3849
16899, 3847
256372, 3847
296474, 3847
156629, 3841
223137, 3841
22863, 3839
23698, 3838
48524, 3838
53796, 3838
125629, 3838
290146, 3830
9981, 3826
16735, 3826
89708, 3826
114801, 3826
123875, 3826
180364, 3826
183793, 3826
202227, 3826
210379, 3826
229323, 3826
230294, 3826
234529, 3826
234695, 3826
236716, 3826
237056, 3826
238495, 3826
244532, 3826
256182, 3826
257966, 3826
264821, 3826
267777, 3826
272971, 3826
275689, 3826
277488, 3826
280742, 3826
281602, 3826
283926, 3826
284604, 3826
288010, 3826
289194, 3826
151588, 3823
162570, 3823
252004, 3823
254562, 3823
271749, 3823
173706, 3822
180973, 3822
178399, 3821
225026, 3821
258194, 3821
138223, 3820
260307, 3815
279484, 3815
50092, 3793
131071, 3785
217203, 3778
9613, 3766
85430, 3765
102623, 3765
145076, 3765
190276, 3763
24123, 3759
110260, 3759
154998, 3759
3153, 3757
117909, 3752
132696, 3752
138209, 3752
287227, 3752
37275, 3729
85251, 3729
194237, 3715
74742, 3712
230590, 3712
18397, 3706
24674, 3706
150860, 3704
199237, 3704
284142, 3704
49585, 3695
73823, 3695
234169, 3695
264017, 3695
50506, 3689
294955, 3689
295898, 3689
204023, 3686
77186, 3681
81232, 3666
148088, 3666
198597, 3666
270581, 3643
221798, 3636
187290, 3623
90983, 3620
156099, 3620
157015, 3620
180265, 3620
185916, 3620
186222, 3620
186708, 3620
194555, 3620
226449, 3620
237016, 3620
265782, 3620
283215, 3620
284988, 3620
117135, 3607
295533, 3596
118129, 3592
265389, 3592
289613, 3592
199507, 3590
243641, 3590
92842, 3581
204171, 3577
259390, 3577
146164, 3575
200084, 3575
230941, 3575
239657, 3575
240927, 3575
256902, 3575
287247, 3575
17393, 3574
75688, 3568
165994, 3568
136123, 3566
134612, 3549
205303, 3549
208766, 3549
2604, 3541
7081, 3541
225646, 3522
254122, 3518
217628, 3512
282264, 3512
23484, 3496
225133, 3489
251573, 3489
264353, 3489
68619, 3480
167171, 3480
6003, 3479
143303, 3479
231859, 3479
232044, 3479
264673, 3479
258121, 3452
283523, 3446
219897, 3437
253626, 3437
265252, 3437
136981, 3433
162025, 3433
172923, 3433
242231, 3433
293123, 3433
188869, 3432
235579, 3428
111414, 3426
56649, 3421
189635, 3421
107263, 3414
114152, 3414
121535, 3414
136508, 3414
273156, 3414
232618, 3412
86757, 3402
269786, 3401
66726, 3395
89406, 3395
135398, 3395
155560, 3395
159217, 3395
161072, 3395
195984, 3395
95926, 3391
49267, 3371
55038, 3371
61994, 3371
2953, 3351
16285, 3351
47059, 3351
66930, 3351
147326, 3333
162165, 3333
167341, 3333
266139, 3333
172368, 3325
233238, 3325
75373, 3324
11588, 3302
226062, 3298
254780, 3298
67037, 3292
105282, 3292
163182, 3292
185815, 3292
190483, 3292
246006, 3285
255513, 3285
174861, 3283
79781, 3270
170268, 3270
296427, 3270
125248, 3263
155087, 3263
206328, 3263
270842, 3263
154460, 3259
227120, 3259
3543, 3258
49975, 3256
138387, 3256
155280, 3256
163402, 3256
176679, 3256
178434, 3256
185593, 3256
218960, 3256
225831, 3256
267953, 3256
141513, 3248
180227, 3248
193944, 3248
195067, 3248
216938, 3248
238507, 3248
243664, 3248
288856, 3248
197727, 3231
42776, 3217
86717, 3217
98260, 3212
147819, 3212
223224, 3212
245712, 3202
99539, 3185
184141, 3184
74631, 3168
264901, 3164
251328, 3162
247397, 3159
70902, 3125
3445, 3102
9294, 3102
10683, 3102
56831, 3102
232999, 3102
35189, 3100
64916, 3100
84784, 3100
103720, 3100
110181, 3100
221300, 3100
145057, 3062
232331, 3062
144550, 3058
199133, 3047
230989, 3047
237553, 3047
272320, 3047
28875, 3041
258702, 3039
249090, 3030
5061, 3029
22959, 3029
168086, 3029
190201, 3024
228515, 3024
285493, 3024
295927, 3024
216465, 3022
132222, 3021
221935, 3018
102025, 3017
193269, 3017
284601, 2970
71437, 2956
215274, 2956
225745, 2956
259111, 2956
95347, 2950
31137, 2949
32823, 2949
1050, 2945
8979, 2945
11683, 2945
14783, 2935
93102, 2935
104527, 2935
146514, 2935
166754, 2935
179049, 2921
292831, 2921
48555, 2911
278465, 2905
251229, 2903
63357, 2892
185648, 2892
241221, 2892
271731, 2892
291661, 2892
296052, 2892
132540, 2889
243448, 2885
159641, 2881
119583, 2879
165054, 2879
211171, 2875
2691, 2866
11944, 2858
45198, 2858
115156, 2855
56212, 2825
116579, 2822
226761, 2822
209517, 2816
215994, 2816
249310, 2804
208281, 2797
274397, 2796
37188, 2795
104722, 2792
155407, 2792
185425, 2792
207220, 2792
264657, 2792
202609, 2788
267049, 2781
224300, 2755
187395, 2742
68864, 2726
265224, 2710
118128, 2699
120901, 2699
169724, 2699
177945, 2699
184901, 2699
199737, 2699
241451, 2699
245382, 2699
252040, 2699
204037, 2692
290754, 2692
42695, 2687
97874, 2685
202024, 2677
89566, 2667
128473, 2667
140991, 2667
230500, 2658
173686, 2654
61097, 2642
240042, 2628
135329, 2627
225169, 2627
226635, 2627
199258, 2624
247848, 2624
230138, 2609
229063, 2607
238081, 2592
187423, 2591
242600, 2591
121713, 2587
263257, 2587
275487, 2587
204933, 2585
86170, 2582
145483, 2582
165040, 2582
207272, 2582
224015, 2582
260521, 2582
286518, 2582
179659, 2581
173511, 2579
278026, 2579
83339, 2577
121592, 2577
207981, 2577
72651, 2571
118368, 2567
138326, 2567
290986, 2559
89687, 2557
58929, 2541
94017, 2535
144292, 2535
106058, 2525
111685, 2523
208793, 2511
84617, 2497
222683, 2496
183385, 2492
157803, 2488
158050, 2488
96072, 2480
102666, 2471
236497, 2471
195327, 2466
291332, 2459
5367, 2454
5802, 2454
8652, 2454
29756, 2454
43051, 2454
78480, 2454
159609, 2454
170343, 2454
265865, 2454
127781, 2452
31204, 2445
157900, 2445
96314, 2439
46892, 2436
71050, 2435
165115, 2435
235177, 2429
211744, 2428
225885, 2428
166990, 2427
194713, 2427
210023, 2427
241806, 2427
250694, 2427
270763, 2427
221348, 2426
71604, 2424
84705, 2424
101067, 2424
125102, 2424
126358, 2424
154473, 2424
154644, 2424
216162, 2424
224197, 2424
226018, 2424
256424, 2424
111384, 2413
170799, 2409
147158, 2405
279145, 2405
204551, 2402
269457, 2402
229801, 2398
186934, 2397
210884, 2397
289565, 2397
289966, 2397
78507, 2381
109224, 2379
132698, 2364
175424, 2363
181028, 2363
254385, 2363
267384, 2363
173883, 2360
294776, 2358
157395, 2344
218296, 2344
235145, 2344
261227, 2344
147275, 2343
93966, 2337
67712, 2333
213363, 2333
171777, 2330
130391, 2328
151115, 2326
188001, 2326
127149, 2318
144379, 2318
187535, 2314
199279, 2314
15066, 2308
197376, 2308
203791, 2295
39267, 2290
100748, 2285
145771, 2285
182177, 2285
218480, 2285
218975, 2285
271211, 2285
292200, 2285
118671, 2275
59787, 2269
134862, 2269
237433, 2268
246918, 2268
218485, 2267
233679, 2260
217175, 2257
255375, 2257
81591, 2250
109890, 2250
69494, 2245
155424, 2245
229275, 2242
249874, 2242
259035, 2242
212707, 2236
93123, 2230
245593, 2230
247875, 2230
1862, 2226
44518, 2226
46934, 2226
295095, 2225
95085, 2224
176374, 2224
294608, 2224
57889, 2212
137509, 2212
197414, 2212
222549, 2212
231357, 2209
280018, 2202
218127, 2200
262996, 2197
36273, 2192
142016, 2191
93624, 2179
117813, 2179
137720, 2179
277072, 2175
217443, 2174
89, 2173
257565, 2173
259266, 2173
273780, 2172
49092, 2168
71774, 2168
79776, 2168
80989, 2168
106059, 2168
134210, 2168
187504, 2168
220857, 2168
74047, 2161
110377, 2157
112457, 2157
176430, 2157
264167, 2157
253515, 2156
199199, 2155
260125, 2154
59251, 2145
64598, 2145
130183, 2145
151104, 2145
257105, 2145
264193, 2145
294650, 2145
17375, 2144
34450, 2144
245134, 2144
140453, 2140
99492, 2137
187907, 2137
196974, 2136
203786, 2136
232305, 2136
206951, 2133
243005, 2133
220980, 2130
23644, 2127
23753, 2127
203870, 2127
18754, 2125
51915, 2125
81153, 2125
271160, 2125
241621, 2119
271088, 2119
115321, 2113
240281, 2113
101940, 2111
114276, 2111
152506, 2111
195849, 2111
236639, 2110
262008, 2110
203269, 2101
257860, 2099
110104, 2098
70627, 2086
104490, 2086
108653, 2086
157892, 2086
158455, 2086
159400, 2086
160121, 2086
168745, 2086
180848, 2086
84587, 2085
96217, 2085
106486, 2085
151996, 2085
165789, 2085
191131, 2085
106073, 2084
237300, 2081
255589, 2081
205770, 2080
285109, 2080
143149, 2071
3163, 2065
12452, 2065
130090, 2065
173315, 2063
247531, 2062
280001, 2062
104475, 2061
41818, 2060
98035, 2060
268246, 2060
73224, 2056
82729, 2052
12564, 2047
118399, 2047
130432, 2047
135026, 2047
44182, 2033
218251, 2033
206991, 2027
220522, 2027
80852, 2022
21015, 2021
30986, 2021
116738, 2020
161712, 2020
251070, 2017
212096, 2014
256192, 2010
160046, 2008
294125, 2008
121432, 2006
162511, 2001
243346, 2000
220808, 1998
274920, 1995
265721, 1994
45024, 1992
51919, 1989
93138, 1989
155202, 1989
179711, 1989
239275, 1989
210806, 1977
211640, 1973
278482, 1972
12793, 1971
5122, 1970
44742, 1970
55665, 1970
105598, 1970
123317, 1970
151418, 1970
175735, 1970
289337, 1969
167848, 1966
257038, 1965
169394, 1963
170637, 1963
178555, 1963
208339, 1963
218747, 1963
235071, 1963
232547, 1961
126264, 1958
241185, 1958
270706, 1958
21171, 1954
221845, 1954
286024, 1954
131923, 1950
171407, 1950
248738, 1946
267996, 1946
291688, 1946
37527, 1943
57604, 1943
112547, 1943
232154, 1943
280798, 1943
1688, 1941
10321, 1941
25688, 1941
36023, 1941
38500, 1941
49887, 1941
55232, 1941
62557, 1941
69306, 1941
83729, 1941
86013, 1941
94556, 1941
99688, 1941
105748, 1941
108416, 1941
112645, 1941
115560, 1941
117948, 1941
121333, 1941
122247, 1941
127920, 1941
133230, 1941
138042, 1941
139983, 1941
140444, 1941
147811, 1941
155933, 1941
165149, 1941
167774, 1941
171059, 1941
183845, 1941
185415, 1941
197732, 1941
218225, 1941
225760, 1941
229125, 1941
229595, 1941
229764, 1941
236917, 1941
253692, 1941
256312, 1941
259725, 1941
266020, 1941
282430, 1941
285451, 1941
287982, 1941
290191, 1941
59326, 1939
126550, 1939
197548, 1939
222682, 1939
249881, 1933
250342, 1933
262846, 1933
6360, 1928
7749, 1928
15914, 1928
16947, 1928
18771, 1928
21630, 1928
36322, 1928
36543, 1928
44086, 1928
54717, 1928
77967, 1928
88859, 1928
123544, 1928
137108, 1928
195007, 1928
236037, 1928
239555, 1928
284581, 1928
50483, 1918
87552, 1918
102743, 1918
238094, 1918
104004, 1916
58094, 1914
243722, 1914
10708, 1908
10747, 1908
54742, 1908
69869, 1908
224917, 1906
211269, 1900
71012, 1897
214532, 1894
98711, 1890
24454, 1889
30166, 1889
193486, 1885
223413, 1885
258868, 1885
253284, 1882
83219, 1880
264247, 1880
269709, 1880
52089, 1876
105057, 1871
188861, 1871
217386, 1871
261643, 1870
154425, 1866
209072, 1865
8190, 1864
181328, 1864
85562, 1862
11954, 1860
133073, 1860
150103, 1860
212567, 1859
219147, 1856
13695, 1850
177997, 1850
59932, 1847
10691, 1846
17381, 1841
55193, 1841
111117, 1841
223432, 1839
247724, 1839
281328, 1839
81120, 1837
230392, 1837
154048, 1836
184641, 1836
202908, 1836
217717, 1836
254859, 1836
279026, 1836
27144, 1832
33420, 1823
116932, 1822
57944, 1814
135648, 1814
140708, 1814
143642, 1814
143656, 1814
144844, 1814
45020, 1807
48980, 1807
24975, 1805
30279, 1805
30504, 1805
37493, 1805
56892, 1805
76315, 1805
78829, 1805
91032, 1805
92677, 1805
111210, 1805
113089, 1805
115664, 1805
130372, 1805
152323, 1805
207575, 1805
248879, 1805
97665, 1804
120647, 1804
157320, 1804
167647, 1804
180286, 1804
186832, 1804
191694, 1804
194909, 1804
55495, 1800
150650, 1799
9079, 1795
227303, 1795
253992, 1787
201773, 1786
230906, 1786
287935, 1786
77630, 1775
146351, 1775
159952, 1772
94950, 1771
138319, 1768
43241, 1767
123468, 1767
163064, 1767
19110, 1763
20916, 1763
148971, 1762
201462, 1762
274872, 1762
290004, 1762
3546, 1758
209933, 1752
172010, 1747
251852, 1745
145621, 1743
224456, 1743
104130, 1739
266959, 1739
132677, 1738
198344, 1738
199538, 1738
44746, 1735
50897, 1735
30368, 1732
39808, 1732
273364, 1728
278442, 1728
108253, 1726
110026, 1726
110994, 1726
211740, 1726
254208, 1726
33854, 1722
258558, 1718
109551, 1708
131520, 1708
218951, 1703
273947, 1698
286412, 1696
57803, 1693
215004, 1693
180239, 1692
120896, 1688
290364, 1688
160654, 1686
29524, 1679
296264, 1679
206907, 1678
261631, 1677
24859, 1674
12608, 1669
89167, 1669
60848, 1665
96885, 1665
288244, 1665
189733, 1663
207223, 1663
285920, 1663
119914, 1661
180890, 1661
180844, 1660
6180, 1656
140870, 1656
142511, 1654
267442, 1654
295147, 1652
164440, 1647
120044, 1644
243497, 1644
20527, 1643
205370, 1642
263230, 1635
153503, 1633
237949, 1633
296397, 1633
120824, 1630
36868, 1627
90818, 1627
141017, 1627
147692, 1627
151471, 1627
169330, 1627
208695, 1627
228642, 1627
245870, 1627
260938, 1627
272652, 1627
280083, 1627
285055, 1627
289733, 1627
95832, 1626
286931, 1626
96809, 1625
198460, 1625
202654, 1625
224613, 1625
231601, 1622
201498, 1620
12806, 1614
26332, 1608
159702, 1606
207559, 1604
674, 1602
264311, 1601
91071, 1598
242390, 1597
5390, 1590
11297, 1590
12197, 1590
13975, 1590
16419, 1590
16846, 1590
16953, 1590
17678, 1590
17802, 1590
20116, 1590
20387, 1590
22634, 1590
35454, 1590
37716, 1590
62113, 1590
79007, 1590
143821, 1590
230371, 1590
91209, 1589
128107, 1589
216479, 1585
218558, 1583
161531, 1582
260247, 1581
86959, 1576
196746, 1573
54855, 1571
106699, 1571
131882, 1571
145069, 1571
160671, 1571
192254, 1571
210130, 1571
247518, 1571
263457, 1571
264715, 1571
264846, 1571
272863, 1571
276344, 1571
291029, 1571
291756, 1571
158305, 1565
246301, 1565
288566, 1565
30078, 1562
48575, 1562
30421, 1558
13210, 1554
201617, 1553
214201, 1553
288208, 1553
173415, 1552
185866, 1552
240226, 1552
235502, 1550
226452, 1548
155888, 1546
220284, 1546
30942, 1544
166980, 1544
21983, 1541
141534, 1540
192651, 1538
206664, 1538
230130, 1538
134685, 1535
259715, 1535
103031, 1532
160297, 1532
196701, 1531
174982, 1529
191484, 1529
255132, 1529
211020, 1528
220253, 1528
101482, 1525
112654, 1525
167128, 1525
252942, 1525
294600, 1525
70145, 1522
118423, 1522
259024, 1522
106102, 1521
116089, 1521
136267, 1521
256717, 1521
277296, 1521
103900, 1520
204847, 1519
169162, 1518
175434, 1518
289560, 1518
120510, 1516
139820, 1516
220343, 1516
248183, 1516
260513, 1516
265569, 1516
267886, 1516
273605, 1516
86616, 1512
271966, 1512
101771, 1510
145042, 1510
173375, 1510
246320, 1510
270996, 1510
279853, 1510
24580, 1506
32993, 1504
63127, 1504
101159, 1504
132383, 1504
201577, 1504
210875, 1504
267398, 1500
56303, 1497
11312, 1496
67084, 1496
117004, 1496
163603, 1496
268269, 1496
231687, 1495
291635, 1492
14268, 1490
164907, 1489
268654, 1489
288903, 1489
291797, 1488
15462, 1487
103824, 1487
163686, 1487
245780, 1487
38496, 1486
56347, 1486
205964, 1486
269258, 1486
110552, 1485
153065, 1485
170574, 1483
199184, 1483
191114, 1482
202521, 1482
214332, 1482
180816, 1481
280264, 1481
110542, 1478
267905, 1478
295500, 1478
226754, 1477
10766, 1474
39759, 1474
281223, 1472
175448, 1471
244413, 1471
168513, 1470
14779, 1467
174312, 1467
86742, 1466
269518, 1465
60998, 1464
252112, 1463
180140, 1460
149087, 1459
241107, 1458
30323, 1457
99845, 1456
246105, 1454
272604, 1454
2959, 1453
12814, 1453
19421, 1453
47216, 1453
118525, 1453
70903, 1450
176667, 1450
291733, 1450
128878, 1449
42842, 1448
85541, 1446
129667, 1446
153737, 1446
205148, 1446
208621, 1446
208673, 1446
209566, 1446
220290, 1446
271261, 1446
272191, 1446
283301, 1446
284668, 1446
95574, 1445
120163, 1444
163908, 1444
231753, 1444
75671, 1442
7943, 1441
11375, 1441
11631, 1441
12792, 1441
15032, 1441
15690, 1441
16839, 1441
17428, 1441
18437, 1441
19214, 1441
19452, 1441
20396, 1441
21237, 1441
24239, 1441
25156, 1441
25294, 1441
26649, 1441
27512, 1441
34091, 1441
35527, 1441
36169, 1441
41373, 1441
47410, 1441
60011, 1441
60380, 1441
104865, 1441
57194, 1437
210645, 1434
273784, 1431
276286, 1431
286013, 1425
189748, 1424
222601, 1424
274356, 1424
248698, 1422
20725, 1415
20842, 1415
48047, 1415
62779, 1415
64658, 1415
66364, 1415
102304, 1414
170453, 1414
215386, 1414
270653, 1414
88013, 1411
111460, 1411
112181, 1411
134265, 1411
154386, 1411
172782, 1411
191097, 1411
204805, 1411
270715, 1411
18804, 1410
20071, 1410
213729, 1410
224948, 1410
232330, 1410
144363, 1407
135478, 1406
229363, 1404
89046, 1403
97072, 1403
102802, 1403
120174, 1403
145448, 1403
216458, 1401
228048, 1401
20274, 1398
283131, 1397
223410, 1396
39950, 1395
94988, 1395
261411, 1394
107493, 1390
109465, 1389
126926, 1384
244336, 1384
217924, 1380
229148, 1380
233767, 1380
250061, 1380
250088, 1380
284940, 1380
284857, 1379
6720, 1378
73156, 1378
80947, 1376
121662, 1376
135874, 1376
240044, 1376
296453, 1376
162963, 1373
188879, 1371
254064, 1370
178223, 1364
191783, 1364
195848, 1363
162872, 1360
81536, 1356
182295, 1356
295255, 1356
35402, 1351
261006, 1350
5127, 1346
24796, 1344
175736, 1341
106764, 1340
248254, 1326
119336, 1323
35282, 1322
120148, 1322
188278, 1315
10232, 1314
11119, 1314
12877, 1314
13344, 1314
14085, 1314
14350, 1314
14847, 1314
16159, 1314
20269, 1314
30961, 1314
74078, 1314
135401, 1314
123695, 1311
264003, 1311
119079, 1310
126140, 1308
127323, 1308
157021, 1308
255394, 1308
13369, 1306
171253, 1304
196970, 1304
103035, 1302
103945, 1302
46945, 1300
281564, 1300
267278, 1298
56548, 1297
252779, 1297
157509, 1294
293667, 1294
294566, 1294
153538, 1293
222382, 1293
295800, 1293
200955, 1291
199482, 1279
215151, 1276
248189, 1274
21410, 1272
46218, 1272
136554, 1272
293399, 1271
109753, 1270
115120, 1270
174298, 1270
218250, 1270
212688, 1268
208786, 1266
214406, 1266
240675, 1266
289343, 1266
184496, 1263
84300, 1261
270632, 1261
282898, 1261
289583, 1261
158808, 1258
214894, 1255
239828, 1254
85753, 1253
155844, 1249
43640, 1244
115416, 1240
182834, 1239
122288, 1238
251598, 1238
1389, 1235
14554, 1235
209174, 1232
105559, 1231
253771, 1224
185512, 1223
29781, 1219
184851, 1218
155899, 1217
118694, 1216
144605, 1216
200490, 1213
295576, 1213
240045, 1209
108339, 1203
31807, 1202
94072, 1202
127279, 1202
80996, 1199
171188, 1197
175600, 1197
292147, 1197
292725, 1197
108399, 1195
114018, 1195
133206, 1195
137236, 1195
147707, 1195
160427, 1195
160515, 1195
160616, 1195
167059, 1195
167920, 1195
173319, 1195
176803, 1195
199809, 1195
240264, 1195
245324, 1195
250848, 1195
258293, 1195
260713, 1195
274157, 1195
279716, 1195
281118, 1195
283440, 1195
291063, 1195
295108, 1195
52231, 1194
90705, 1189
248915, 1189
44450, 1187
73786, 1187
198377, 1186
251095, 1186
4214, 1182
76057, 1182
91873, 1182
101229, 1182
105094, 1182
107838, 1182
126794, 1182
166728, 1182
182308, 1182
185709, 1182
207069, 1182
224350, 1182
247815, 1182
252726, 1182
257296, 1182
287258, 1178
157572, 1170
251654, 1164
149418, 1163
207456, 1163
277976, 1163
283247, 1163
9159, 1161
12865, 1161
2181, 1159
96485, 1159
117468, 1159
140722, 1159
147576, 1159
201414, 1159
206514, 1159
223242, 1159
225749, 1158
46960, 1152
123340, 1152
843, 1146
16387, 1138
18111, 1138
22158, 1138
22656, 1138
22693, 1138
22973, 1138
23234, 1138
24181, 1138
24457, 1138
29345, 1138
29800, 1138
29978, 1138
30216, 1138
30377, 1138
30432, 1138
33269, 1138
38025, 1138
38240, 1138
40762, 1138
46130, 1138
48166, 1138
50774, 1138
53158, 1138
56353, 1138
60809, 1138
61228, 1138
67280, 1138
91907, 1138
142576, 1138
187915, 1138
9730, 1132
14943, 1132
20961, 1132
23336, 1132
34773, 1132
231565, 1132
83350, 1129
188418, 1124
218928, 1124
183587, 1121
29799, 1119
11843, 1118
15739, 1118
22320, 1118
23083, 1118
29270, 1118
34828, 1118
87105, 1118
113549, 1118
128755, 1118
139295, 1118
178502, 1096
43135, 1094
117763, 1088
161653, 1088
184678, 1088
255732, 1088
153699, 1085
89032, 1083
31566, 1080
265700, 1079
182706, 1078
172342, 1066
290208, 1066
291483, 1064
286782, 1060
151189, 1059
54899, 1054
56263, 1054
73834, 1054
88505, 1054
117592, 1054
148888, 1054
159470, 1054
295781, 1053
193952, 1050
32500, 1048
47125, 1048
96579, 1047
103242, 1047
135037, 1047
173744, 1047
199044, 1047
231845, 1047
266922, 1047
268793, 1047
128792, 1046
62392, 1045
75765, 1045
81545, 1045
88308, 1045
91286, 1045
110048, 1045
149339, 1045
192007, 1045
219456, 1045
42511, 1042
284363, 1038
59162, 1030
69275, 1030
76449, 1030
79081, 1030
87466, 1030
95057, 1030
101739, 1030
103049, 1030
111147, 1030
115592, 1030
136470, 1030
139218, 1030
145997, 1030
148186, 1030
159296, 1030
169291, 1030
172853, 1030
177247, 1030
187420, 1030
187514, 1030
190106, 1030
192926, 1030
198568, 1030
203498, 1030
210140, 1030
211035, 1030
220997, 1030
221289, 1030
222055, 1030
225072, 1030
225154, 1030
225340, 1030
226668, 1030
228897, 1030
232968, 1030
248324, 1030
249560, 1030
249623, 1030
250266, 1030
254832, 1030
267096, 1030
270928, 1030
278305, 1030
279472, 1030
281130, 1030
283814, 1030
284650, 1030
284860, 1030
290021, 1030
295592, 1030
295714, 1030
295885, 1030
174838, 1025
205985, 1025
101932, 1019
212418, 1019
44650, 1014
119465, 1013
107220, 1011
115813, 1011
268560, 1011
271603, 1011
275642, 1011
288141, 1011
180380, 1010
189598, 1010
191492, 1010
116544, 1007
84116, 1005
149192, 1004
76360, 1002
195306, 1002
244784, 1002
272057, 1002
101855, 1001
46432, 1000
111630, 1000
