10123, 141430
20657, 141430
36471, 137274
5418, 134658
22282, 133307
73683, 133307
10659, 131125
12627, 131125
17179, 131125
18692, 131125
23177, 131125
27631, 131125
31055, 131125
13858, 130231
65058, 130231
93701, 130231
181680, 129437
29399, 128539
69268, 128539
123467, 128539
20172, 126009
22108, 126009
35, 124674
205, 124674
562, 124674
1181, 124674
1823, 124674
2282, 124674
3091, 124674
3381, 124674
7007, 124674
3903, 122707
9882, 122707
12573, 122707
44897, 121863
49644, 121863
884, 120488
3195, 120488
5171, 120488
68763, 120488
155495, 120488
1099, 120210
1201, 120210
23211, 118649
9367, 118297
3468, 117841
12774, 117452
163, 117301
104029, 117301
41838, 116220
50453, 116220
179602, 114909
8482, 112919
12058, 112919
15190, 112919
16207, 112919
17346, 112919
19902, 112919
21094, 112919
25748, 112919
13146, 112427
215376, 103055
284001, 103055
164579, 102704
116096, 101597
20096, 99486
2, 97981
1350, 81811
1855, 81811
1955, 81811
2078, 81811
2512, 81811
2618, 81811
2982, 81811
15936, 81811
25380, 81811
37774, 81811
185465, 81811
226638, 81811
2890, 79213
2925, 79213
2991, 79213
3090, 79213
3106, 79213
6581, 79213
235914, 78074
113, 77183
5474, 77183
5556, 77183
5806, 77183
2436, 75828
3111, 75828
19525, 75641
27773, 75641
36250, 75641
67884, 75641
2598, 75146
30433, 74771
15866, 74662
168042, 74662
33215, 74493
66729, 74315
11199, 74191
118984, 74025
217314, 73547
221705, 73547
12694, 73133
64829, 73133
20960, 73105
13509, 73065
68833, 73065
147543, 73065
2914, 72805
17689, 72765
8943, 72720
177092, 72720
2901, 72674
40282, 72621
7387, 72460
7878, 72460
14013, 72460
58592, 72460
79414, 72460
84205, 72460
125642, 72460
175991, 72460
29684, 72433
152405, 72376
58132, 72218
40298, 72182
10895, 71957
16016, 71957
66230, 71661
55398, 71252
205384, 71008
31513, 70477
30586, 69900
104241, 69900
177623, 69815
248358, 69602
25744, 69601
76930, 69013
9747, 68777
10030, 68777
12137, 68777
19676, 68777
22289, 68777
71559, 68777
113466, 68777
156583, 68777
258749, 68777
247425, 67782
213410, 66326
255036, 66326
4367, 66269
7215, 66269
69930, 66269
83569, 66269
188500, 66269
3890, 66083
142485, 66083
178117, 65738
259363, 65738
2593, 65372
6497, 65372
24171, 65372
44283, 65372
58702, 65372
238223, 65372
162167, 65340
30625, 65154
36851, 65154
37169, 65154
55136, 65154
55877, 65154
3866, 64910
54376, 64910
136255, 64394
61195, 63839
110882, 63839
119773, 63839
130067, 63839
137557, 63839
138113, 63839
169277, 63839
176619, 63839
255599, 63839
282402, 63839
5611, 63159
30085, 63159
72288, 63159
10241, 63078
17342, 63078
36642, 63078
45376, 63078
204280, 63078
243387, 63078
255737, 63078
183488, 63053
3419, 62913
28991, 62913
98371, 62913
50451, 62835
141116, 62835
25719, 62579
170150, 62039
20378, 61541
24592, 61247
28083, 61247
32521, 61247
37135, 61247
40932, 61247
45351, 61247
211135, 61247
126661, 60998
221613, 59976
179256, 59748
263254, 59748
11280, 59433
25044, 59433
41020, 59065
63224, 59065
154110, 59065
225, 58710
193410, 58288
1446, 58025
1755, 58025
2457, 58025
4537, 58025
5453, 58025
7875, 58025
8288, 58025
13923, 58025
17469, 58025
20617, 58025
22338, 58025
25957, 58025
37392, 58025
49211, 58025
68620, 58025
72081, 58025
80665, 58025
83059, 58025
84372, 58025
84944, 58025
111074, 58025
117541, 58025
136829, 58025
211852, 58025
233678, 58025
247989, 58025
287139, 58025
2357, 57953
3913, 57953
12429, 57953
13446, 57953
17326, 57953
25772, 57953
32585, 57953
39907, 57953
119770, 57953
138772, 57953
148728, 57953
210598, 57953
290156, 57953
16687, 56927
86522, 56927
122691, 56927
275073, 56818
117516, 56136
58288, 55969
102114, 55969
194925, 55969
198507, 55969
1417, 55644
1481, 55644
93295, 55644
113051, 55644
154887, 55644
269002, 55644
103774, 54422
2358, 54404
79745, 53573
16851, 53549
40671, 53549
76974, 53549
106278, 53549
144612, 53549
256736, 53549
277688, 53549
40401, 53463
89377, 53463
124922, 53037
78, 52918
192307, 52378
7132, 52227
30879, 52227
147350, 52227
273560, 52227
1995, 51617
294482, 51373
66788, 50909
224446, 50668
238120, 50668
39388, 50381
45896, 50381
48105, 50381
48197, 50381
48947, 50381
52103, 50381
54970, 50381
62952, 50381
72320, 50381
75384, 50381
83247, 50381
88681, 50381
276170, 50381
294891, 50381
152142, 50272
227839, 50272
192091, 48678
234775, 48678
61007, 48662
230125, 48662
256532, 48662
11333, 48519
14738, 48519
18059, 48519
18650, 48519
19458, 48519
20131, 48519
20875, 48519
26599, 48519
26768, 48519
28300, 48519
29927, 48519
29974, 48519
37898, 48519
72911, 48519
93086, 48519
123886, 48519
169176, 48519
178658, 48519
196683, 48519
253247, 48519
284053, 48519
201735, 48320
294795, 48320
4785, 48149
159085, 48149
122769, 47856
242515, 47570
278316, 47570
17535, 45881
18566, 45881
20108, 45881
32335, 45881
68448, 45881
70886, 45881
72099, 45881
90185, 45881
246245, 42143
190802, 40290
266965, 40290
34567, 40049
80888, 36422
51265, 34862
54113, 34862
58090, 34862
58255, 34862
64153, 34862
64577, 34862
64867, 34862
67709, 34862
79228, 34862
92187, 34862
94659, 34862
96958, 34862
97026, 34862
106591, 34862
106735, 34862
250764, 34862
97022, 33133
10324, 31721
18218, 31721
35518, 31721
201665, 29170
139490, 27687
235246, 27687
34073, 26981
20732, 26319
35267, 23737
63340, 22364
279517, 16522
151981, 10109
170815, 10109
178538, 10109
234297, 10109
251210, 10109
280311, 10109
55234, 10024
126912, 10023
253636, 10023
283874, 9989
296080, 9989
138403, 9877
185655, 9706
213904, 9706
220190, 9706
68005, 9506
75645, 9506
33044, 9451
58715, 9451
60549, 9451
114122, 9451
222366, 9451
114393, 9231
217424, 9231
218931, 8429
244643, 8429
246925, 8429
252410, 8429
256098, 8429
258763, 8429
274458, 8429
275856, 8429
283202, 8429
285579, 8429
288811, 8429
289937, 8429
293900, 8429
295240, 8429
47992, 8374
137259, 8374
161416, 8374
163264, 8374
182069, 8374
190975, 8374
202820, 8374
213924, 8374
250820, 8374
268040, 8374
202762, 8363
54233, 8330
122079, 8297
63337, 8291
3, 8276
131616, 8276
159611, 8276
210007, 8276
21674, 8249
5271, 8150
151492, 8150
156987, 8150
180305, 8150
211859, 8150
255082, 8150
4576, 8134
20123, 8134
283165, 8134
19130, 8127
29984, 8127
228391, 8127
89931, 8097
281974, 8097
45989, 8096
60169, 8095
66899, 8095
285205, 8068
97015, 8058
118868, 8058
135683, 8058
137985, 8058
173483, 8058
214221, 8058
261064, 8058
262682, 8058
20986, 8041
27760, 8041
28522, 8041
31851, 8041
37290, 8041
38344, 8041
40383, 8041
42890, 8041
44306, 8041
44563, 8041
48825, 8041
51457, 8041
53246, 8041
59376, 8041
60999, 8041
62534, 8041
67457, 8041
69490, 8041
69873, 8041
72664, 8041
77970, 8041
80285, 8041
81872, 8041
87603, 8041
90236, 8041
91043, 8041
91330, 8041
92944, 8041
93395, 8041
94750, 8041
114735, 8041
116164, 8041
116786, 8041
117265, 8041
127962, 8041
130681, 8041
134787, 8041
138597, 8041
139160, 8041
139448, 8041
143867, 8041
151705, 8041
154125, 8041
157829, 8041
160194, 8041
161941, 8041
193409, 8041
199090, 8041
200601, 8041
208592, 8041
215423, 8041
218619, 8041
243772, 8041
245731, 8041
255292, 8041
263667, 8041
286032, 8041
290111, 8041
141797, 8016
17583, 7994
20649, 7994
26348, 7994
85078, 7994
183833, 7994
288378, 7994
219194, 7964
4018, 7940
5040, 7940
19950, 7940
20156, 7940
278868, 7940
93343, 7938
141965, 7938
194408, 7935
197708, 7898
59814, 7889
68478, 7889
167555, 7889
184228, 7889
19036, 7881
25644, 7881
91093, 7881
98225, 7881
226182, 7881
125060, 7868
261739, 7868
7098, 7828
24965, 7828
51887, 7828
119304, 7828
84984, 7818
216280, 7818
29025, 7804
31032, 7804
38470, 7804
46572, 7804
56132, 7804
65573, 7804
85406, 7804
85653, 7804
86923, 7804
104144, 7804
120818, 7804
122067, 7804
130977, 7804
134377, 7804
137253, 7804
139156, 7804
141489, 7804
155348, 7804
155518, 7804
177452, 7804
188849, 7804
210125, 7804
218907, 7804
220223, 7804
246654, 7804
288226, 7804
31909, 7761
149387, 7761
16262, 7747
16277, 7747
18518, 7747
23081, 7747
32908, 7747
94594, 7747
20407, 7716
26797, 7716
30068, 7716
39076, 7716
41897, 7716
66040, 7716
69232, 7716
88168, 7716
118832, 7716
124273, 7716
165916, 7716
166749, 7716
167574, 7716
168526, 7716
185085, 7716
193531, 7716
219427, 7716
245710, 7716
82021, 7715
148661, 7715
178127, 7715
209824, 7715
230299, 7715
251819, 7715
276413, 7715
292003, 7715
13500, 7694
31533, 7694
43863, 7694
44752, 7694
46871, 7694
55466, 7694
61682, 7694
64521, 7694
76056, 7694
95110, 7694
124595, 7694
128059, 7694
130428, 7694
166977, 7694
172687, 7694
176629, 7694
184225, 7694
184570, 7694
220801, 7694
255717, 7694
258274, 7694
282310, 7694
7712, 7684
29965, 7684
33818, 7684
47727, 7684
54339, 7684
56048, 7684
57486, 7684
13183, 7680
125644, 7659
204263, 7602
231435, 7602
13217, 7595
49407, 7595
81525, 7595
196423, 7595
160, 7546
1025, 7546
281723, 7546
121, 7507
262951, 7507
284698, 7507
285933, 7507
25476, 7458
45135, 7336
266912, 7336
288881, 7336
291957, 7336
294790, 7336
12730, 7319
59461, 7319
184609, 7319
15458, 7300
23627, 7300
82760, 7300
20275, 7296
294, 7278
61399, 7271
224590, 7271
282934, 7188
14643, 7150
56267, 7104
16327, 7038
210145, 7038
279729, 7038
41551, 7025
107467, 7025
128380, 7025
200585, 7025
215185, 7025
112165, 7019
251, 7013
158150, 6913
63387, 6907
136577, 6901
256938, 6829
56886, 6824
627, 6803
101550, 6803
122427, 6803
129759, 6803
134289, 6803
134767, 6803
168868, 6803
169733, 6803
174807, 6803
219767, 6803
223563, 6803
229785, 6803
256964, 6803
287879, 6803
70120, 6788
14831, 6781
13992, 6776
16138, 6753
27798, 6753
60093, 6753
82528, 6753
150997, 6753
280554, 6738
15063, 6723
18033, 6723
19009, 6723
24224, 6723
30685, 6723
34559, 6723
44877, 6723
50104, 6723
56117, 6723
56489, 6723
65306, 6723
71072, 6723
77901, 6723
81451, 6723
100943, 6723
111282, 6723
140316, 6723
141742, 6723
144769, 6723
150106, 6723
154113, 6723
194937, 6723
201555, 6723
203543, 6723
205219, 6723
241186, 6723
251075, 6723
254280, 6723
264179, 6723
293246, 6723
248788, 6707
139517, 6687
2038, 6684
36840, 6665
40525, 6665
42980, 6665
43708, 6665
92393, 6665
96270, 6665
120724, 6665
27278, 6654
28328, 6654
36676, 6654
66169, 6654
69592, 6654
71825, 6654
78782, 6654
89210, 6654
96930, 6654
111380, 6654
115057, 6654
121760, 6654
138782, 6654
148519, 6654
148970, 6654
153644, 6654
155088, 6654
158797, 6654
164498, 6654
173312, 6654
174216, 6654
204164, 6654
204210, 6654
213532, 6654
237994, 6654
247802, 6654
255533, 6654
265220, 6654
279525, 6654
281081, 6654
293396, 6654
84407, 6514
88896, 6514
91126, 6514
101871, 6514
103478, 6514
114493, 6514
129104, 6514
133482, 6514
138886, 6514
153634, 6514
211696, 6452
60933, 6447
2862, 6314
7508, 6314
11181, 6314
18526, 6314
22257, 6314
26614, 6314
33387, 6314
42949, 6314
58476, 6314
73478, 6314
77141, 6314
115507, 6314
135138, 6314
184200, 6314
228891, 6314
559, 6290
42690, 6173
56204, 6173
39492, 6156
45058, 6156
46316, 6156
73975, 6156
101390, 6156
107749, 6156
166277, 6156
289826, 6156
122816, 6155
106512, 6151
138510, 6151
144221, 6151
146208, 6151
174831, 6151
197801, 6151
209797, 6151
216424, 6151
91370, 6120
15974, 6070
60925, 6070
69073, 6070
105173, 6070
147422, 6070
244620, 6049
52339, 6027
118723, 6027
129439, 6027
266699, 6027
268299, 6027
262170, 6010
127475, 6000
279990, 5942
600, 5905
36975, 5888
63689, 5888
94764, 5888
17432, 5708
21423, 5708
73800, 5708
75433, 5708
107598, 5708
108421, 5708
112729, 5708
115149, 5708
116857, 5708
118673, 5708
119386, 5708
122621, 5708
123651, 5708
126220, 5708
126536, 5708
127047, 5708
128424, 5708
129931, 5708
131526, 5708
135731, 5708
147502, 5708
147640, 5708
162578, 5708
170402, 5708
171181, 5708
176189, 5708
178915, 5708
180823, 5708
181236, 5708
215560, 5708
238731, 5708
67380, 5707
30724, 5663
70649, 5663
153315, 5663
181651, 5663
182679, 5663
184613, 5663
189518, 5663
194945, 5663
204650, 5663
208041, 5663
218385, 5663
218665, 5663
225590, 5663
230575, 5663
239853, 5663
244768, 5663
287739, 5663
9901, 5628
58788, 5586
140183, 5523
240976, 5523
167895, 5496
83769, 5473
15778, 5378
990, 5067
36823, 5061
17871, 4927
197176, 4927
272590, 4927
163771, 4920
18438, 4879
245980, 4653
769, 4613
205361, 4613
273253, 4613
6632, 4584
104240, 4584
126904, 4584
135580, 4584
155011, 4584
158573, 4584
167619, 4584
168015, 4584
173480, 4584
174528, 4584
185120, 4584
205003, 4584
208333, 4584
214303, 4584
222414, 4584
229983, 4584
240013, 4584
240057, 4584
245639, 4584
293116, 4558
32422, 4490
61810, 4490
108501, 4490
150289, 4490
213981, 4490
276914, 4490
39191, 4481
83363, 4481
279682, 4481
20585, 4468
62199, 4468
85659, 4468
126532, 4468
173985, 4468
277124, 4468
3383, 4420
100128, 4374
133422, 4355
25624, 4328
42284, 4328
52926, 4328
170724, 4326
7719, 4238
229105, 4201
64933, 4194
133025, 4194
129129, 4188
43202, 4136
56570, 4136
272401, 4136
68215, 4088
85741, 4088
89475, 4088
177848, 4088
177948, 4088
201797, 4088
210320, 4088
248893, 4088
258555, 4088
90099, 4059
117009, 4059
134689, 4059
166159, 4059
258233, 4059
51958, 4052
55632, 4052
143268, 4052
181066, 4052
215016, 4052
280414, 4052
48255, 4014
62741, 4014
151294, 4003
176192, 4003
266690, 4003
278980, 4003
4344, 3978
51166, 3939
53541, 3939
54226, 3939
74362, 3939
76114, 3939
97068, 3939
131916, 3939
147431, 3939
157174, 3939
162223, 3939
166261, 3939
171814, 3939
200528, 3939
206731, 3939
247235, 3939
288753, 3939
69322, 3925
128203, 3925
269486, 3925
141799, 3917
156525, 3917
162120, 3917
172330, 3917
255486, 3917
30453, 3871
123425, 3871
169949, 3871
186508, 3871
217584, 3871
268575, 3871
273405, 3871
284872, 3838
21353, 3821
94867, 3821
101203, 3821
182580, 3821
208147, 3821
234398, 3821
283711, 3821
175858, 3793
169055, 3785
285685, 3785
70689, 3770
205228, 3770
267826, 3755
108731, 3753
224036, 3753
48496, 3752
67668, 3752
152824, 3752
196370, 3752
279808, 3752
221080, 3747
294106, 3746
32391, 3745
147561, 3743
110905, 3741
115437, 3741
107288, 3731
157403, 3718
107659, 3702
38159, 3700
73959, 3700
169592, 3700
116200, 3689
234251, 3687
136395, 3686
71773, 3683
31270, 3681
192428, 3681
54958, 3680
240835, 3680
38486, 3679
244221, 3672
262432, 3656
186093, 3649
8060, 3640
56466, 3640
117451, 3640
80680, 3634
229380, 3634
13513, 3631
22096, 3631
108285, 3631
122443, 3631
141008, 3631
176863, 3631
216289, 3631
156856, 3630
246167, 3630
249489, 3630
279903, 3630
8972, 3629
218282, 3629
34244, 3622
251002, 3622
195132, 3615
272472, 3615
76086, 3612
183729, 3612
125233, 3610
153197, 3610
159738, 3610
248321, 3610
39121, 3608
278282, 3606
163730, 3585
105431, 3582
58777, 3574
96022, 3574
202069, 3574
265964, 3574
165335, 3563
115566, 3562
147449, 3562
228116, 3562
198475, 3556
52840, 3545
178634, 3545
86964, 3536
43300, 3533
210973, 3533
295582, 3533
209538, 3530
211412, 3530
38530, 3524
72965, 3524
9684, 3518
160733, 3518
172452, 3515
243594, 3513
173200, 3502
175928, 3502
180968, 3502
207042, 3502
230409, 3502
230422, 3502
246656, 3502
270600, 3502
271821, 3502
275026, 3502
288104, 3502
290886, 3502
294215, 3502
25023, 3499
35862, 3499
133130, 3499
9697, 3496
64447, 3496
163337, 3463
25566, 3429
94385, 3429
69218, 3425
108473, 3425
136781, 3421
246130, 3421
167086, 3416
208168, 3416
258694, 3416
126847, 3394
251830, 3384
77510, 3373
73526, 3331
100675, 3331
104416, 3288
183183, 3278
283922, 3270
264608, 3269
74184, 3260
283322, 3235
221578, 3227
281434, 3219
247285, 3197
264462, 3183
30741, 3158
68305, 3158
70933, 3158
70032, 3148
253107, 3147
93862, 3121
9314, 3110
171129, 3110
281503, 3110
70063, 3107
125923, 3089
31092, 3068
28805, 3064
278093, 3064
190221, 3053
23998, 3037
36453, 3037
38134, 3037
41714, 3037
55404, 3037
62298, 3037
84403, 3037
92906, 3037
100654, 3037
101911, 3037
103696, 3037
154860, 3037
162531, 3037
163279, 3037
185312, 3037
177455, 3019
211023, 3001
98055, 2981
30679, 2976
38090, 2976
105568, 2964
36104, 2958
94652, 2958
134442, 2958
204533, 2952
240569, 2948
136288, 2946
19733, 2938
79239, 2938
213364, 2938
111193, 2891
91818, 2890
10439, 2881
22555, 2879
24510, 2870
248526, 2870
63461, 2847
73910, 2847
83016, 2847
87515, 2847
89157, 2847
89581, 2847
97323, 2847
110504, 2847
128284, 2847
132491, 2847
143425, 2847
181476, 2847
18228, 2844
265717, 2825
257111, 2814
4180, 2813
51571, 2792
56230, 2792
68482, 2792
86900, 2786
89039, 2786
117240, 2786
117485, 2786
118498, 2786
119209, 2786
127441, 2786
129065, 2786
132702, 2786
135610, 2786
136672, 2786
137291, 2786
161092, 2786
163209, 2786
165123, 2786
166110, 2786
166981, 2786
167047, 2786
168296, 2786
173633, 2786
173806, 2786
175073, 2786
179796, 2786
182753, 2786
189926, 2786
191969, 2786
192661, 2786
192806, 2786
193469, 2786
193874, 2786
197440, 2786
206832, 2786
217897, 2786
222024, 2786
225772, 2786
245147, 2786
245570, 2786
2045, 2780
11478, 2780
14146, 2780
18257, 2780
38653, 2780
38876, 2780
74080, 2780
76520, 2780
82634, 2780
95344, 2780
101849, 2780
115546, 2780
146484, 2780
166528, 2780
166686, 2780
191219, 2780
66392, 2773
259837, 2773
61411, 2771
66494, 2771
40687, 2764
47153, 2764
74956, 2761
77635, 2761
112793, 2761
123513, 2761
135577, 2761
118144, 2759
48819, 2745
148774, 2732
15724, 2728
45676, 2727
58392, 2727
58843, 2727
59038, 2727
69586, 2727
97055, 2727
62156, 2723
238456, 2720
157082, 2709
42325, 2707
86594, 2707
239276, 2707
193436, 2705
25767, 2701
37899, 2701
47655, 2701
119692, 2698
167210, 2697
32539, 2692
32647, 2692
35584, 2692
37297, 2692
37988, 2692
59723, 2692
63643, 2692
287812, 2692
264831, 2691
9691, 2686
23265, 2683
23722, 2683
209489, 2659
276779, 2659
39158, 2638
137099, 2624
250161, 2610
26654, 2605
245730, 2605
3189, 2603
224410, 2597
32008, 2590
32853, 2590
39588, 2590
43713, 2590
158770, 2590
282185, 2590
31144, 2565
22170, 2563
72729, 2563
80389, 2563
104023, 2537
87799, 2528
253729, 2500
226778, 2497
20166, 2483
256706, 2482
29131, 2467
69016, 2467
85841, 2467
197590, 2458
26926, 2456
277617, 2448
51607, 2442
266071, 2434
132845, 2403
7963, 2402
33585, 2399
57693, 2399
86519, 2399
156115, 2399
39679, 2392
45436, 2351
137841, 2351
158464, 2351
208476, 2351
17135, 2339
247265, 2330
198689, 2320
66137, 2315
19478, 2308
21303, 2307
92035, 2299
23142, 2285
291138, 2285
16483, 2279
157802, 2278
294361, 2276
50580, 2270
292721, 2270
100140, 2263
33546, 2250
256620, 2245
64713, 2240
241545, 2240
147075, 2238
147137, 2238
238249, 2238
244600, 2238
247469, 2238
250673, 2238
259149, 2238
280371, 2238
281725, 2238
105528, 2224
95969, 2223
186028, 2223
237205, 2218
105884, 2216
139150, 2216
206859, 2216
207485, 2216
839, 2206
38183, 2204
49016, 2204
142627, 2204
208197, 2200
84680, 2183
53620, 2162
197581, 2151
198928, 2147
96841, 2130
97346, 2130
129873, 2130
184881, 2130
127769, 2121
137454, 2121
215261, 2121
53853, 2118
94029, 2118
169703, 2118
214344, 2118
234214, 2118
283884, 2118
66322, 2109
142448, 2109
177513, 2109
289319, 2109
293847, 2109
87220, 2097
211941, 2084
114599, 2071
255779, 2071
257509, 2056
32116, 2052
37912, 2052
65207, 2052
66135, 2052
77377, 2052
80822, 2052
87080, 2052
189459, 2040
99636, 2039
101761, 2033
144656, 2033
84199, 2026
162425, 2024
163773, 2017
223138, 2006
10541, 1996
15275, 1996
91345, 1995
245554, 1995
283272, 1989
75410, 1965
109961, 1965
146702, 1965
154786, 1965
4766, 1959
208261, 1950
98044, 1946
120887, 1945
150814, 1945
165555, 1945
272439, 1944
56683, 1942
156370, 1939
5456, 1936
19060, 1936
266363, 1927
47830, 1920
136022, 1920
155850, 1920
189448, 1920
98590, 1914
100331, 1914
237814, 1909
162725, 1907
99746, 1906
219762, 1897
91214, 1892
159838, 1892
63681, 1891
95298, 1887
105098, 1881
110995, 1881
119970, 1881
130259, 1881
130273, 1881
134376, 1881
135959, 1881
140157, 1881
140371, 1881
140621, 1881
140850, 1881
141500, 1881
143177, 1881
147361, 1881
147387, 1881
152698, 1881
158225, 1881
173318, 1881
182385, 1881
183981, 1881
184697, 1881
188197, 1881
188580, 1881
189438, 1881
197217, 1881
204441, 1881
208440, 1881
211705, 1881
216962, 1881
224578, 1881
236839, 1881
237403, 1881
244206, 1881
247557, 1881
253381, 1881
262718, 1881
263417, 1881
271283, 1881
271562, 1881
276422, 1881
282158, 1881
262086, 1879
33685, 1866
244455, 1864
36771, 1852
41692, 1852
44791, 1852
49626, 1852
51244, 1852
52759, 1852
64433, 1852
74453, 1852
74762, 1852
75481, 1852
89411, 1852
90343, 1852
104370, 1852
108177, 1852
114208, 1852
119499, 1852
124287, 1852
264754, 1839
280689, 1839
232932, 1833
68959, 1831
68254, 1824
87940, 1824
108344, 1824
260608, 1824
34251, 1798
179396, 1798
127270, 1797
166116, 1797
171711, 1797
255765, 1791
283784, 1791
294534, 1791
101262, 1789
109913, 1789
110096, 1789
114250, 1789
124857, 1789
127179, 1789
130169, 1789
138776, 1789
142278, 1789
153623, 1789
159934, 1789
164732, 1789
170005, 1789
170226, 1789
180872, 1789
189566, 1789
191815, 1789
199138, 1789
211922, 1789
217194, 1789
219550, 1789
220379, 1789
220707, 1789
220893, 1789
223885, 1789
227372, 1789
238886, 1789
247141, 1789
259100, 1789
263260, 1789
265025, 1789
279931, 1789
290510, 1789
88885, 1779
138696, 1779
68074, 1777
106686, 1777
30435, 1775
223066, 1775
250022, 1775
158110, 1768
40684, 1764
244900, 1764
248227, 1764
205861, 1753
122291, 1751
138257, 1751
143085, 1751
168599, 1751
169337, 1751
240782, 1751
247627, 1751
260015, 1751
230134, 1750
738, 1749
155371, 1739
263668, 1727
168539, 1725
74683, 1724
175229, 1724
279366, 1724
203627, 1717
42994, 1715
253265, 1714
136488, 1710
89388, 1709
99659, 1709
102305, 1709
103312, 1709
107604, 1709
119045, 1709
106466, 1702
174578, 1698
36342, 1696
53527, 1696
157655, 1690
141910, 1689
159151, 1685
8348, 1684
12501, 1684
17299, 1684
24164, 1684
40678, 1684
42291, 1684
47451, 1684
53372, 1684
54584, 1684
65187, 1684
69799, 1684
69912, 1684
70831, 1684
71186, 1684
82779, 1684
88203, 1684
88486, 1684
89932, 1684
93044, 1684
96224, 1684
101170, 1684
105217, 1684
105325, 1684
112944, 1684
113016, 1684
114307, 1684
116285, 1684
118231, 1684
119207, 1684
119868, 1684
119894, 1684
122676, 1684
124004, 1684
125183, 1684
126266, 1684
130677, 1684
130710, 1684
131364, 1684
132875, 1684
133511, 1684
135328, 1684
141300, 1684
145210, 1684
146623, 1684
147181, 1684
147531, 1684
148591, 1684
148722, 1684
148751, 1684
149621, 1684
150558, 1684
151982, 1684
152200, 1684
153301, 1684
155774, 1684
156255, 1684
159309, 1684
160339, 1684
164225, 1684
168322, 1684
169791, 1684
169906, 1684
172831, 1684
173874, 1684
173877, 1684
178443, 1684
188147, 1684
194777, 1684
195583, 1684
200864, 1684
206300, 1684
206833, 1684
212429, 1684
222715, 1684
223133, 1684
224210, 1684
226811, 1684
229140, 1684
229948, 1684
230586, 1684
230724, 1684
231994, 1684
233047, 1684
236905, 1684
237577, 1684
237593, 1684
245081, 1684
252051, 1684
253437, 1684
257930, 1684
258070, 1684
259794, 1684
280273, 1684
283233, 1684
284097, 1684
284185, 1684
288156, 1684
288789, 1684
291214, 1684
292087, 1684
45404, 1681
282299, 1681
50365, 1680
65314, 1680
194131, 1680
233119, 1679
74333, 1677
261773, 1677
28092, 1675
175131, 1672
126740, 1657
286922, 1657
204139, 1654
44437, 1650
178936, 1650
272437, 1650
14226, 1642
20749, 1642
31388, 1642
71092, 1642
84934, 1642
109578, 1642
138159, 1642
140778, 1642
141840, 1642
186351, 1642
191163, 1642
196493, 1642
216076, 1642
226008, 1642
229552, 1642
230347, 1642
242579, 1642
247812, 1642
248545, 1642
249544, 1642
250950, 1642
253777, 1642
253923, 1642
254621, 1642
263099, 1642
263723, 1642
273269, 1642
279613, 1642
147499, 1639
164667, 1634
242737, 1630
284332, 1628
58966, 1619
92905, 1619
94372, 1619
9185, 1618
106739, 1618
167681, 1618
147271, 1617
212035, 1617
26183, 1616
53155, 1616
78052, 1616
97973, 1616
102495, 1616
104507, 1616
111974, 1616
112341, 1616
112642, 1616
115740, 1616
118409, 1616
124011, 1616
126626, 1616
134216, 1616
152801, 1616
168141, 1616
170643, 1616
172154, 1616
176723, 1616
181725, 1616
183146, 1616
183574, 1616
186369, 1616
190327, 1616
199705, 1616
200598, 1616
203517, 1616
206532, 1616
209013, 1616
209261, 1616
214990, 1616
220425, 1616
234709, 1616
237073, 1616
246276, 1616
246749, 1616
248404, 1616
274566, 1616
274728, 1616
277783, 1616
277899, 1616
282103, 1616
282884, 1616
284033, 1616
293571, 1616
253024, 1615
263404, 1615
2924, 1611
153006, 1611
776, 1610
11794, 1610
174695, 1610
192153, 1610
207018, 1610
222606, 1610
223162, 1610
227640, 1610
243080, 1610
262423, 1610
285445, 1610
119290, 1609
249594, 1608
217051, 1607
150062, 1606
218603, 1606
192807, 1604
22240, 1600
45209, 1598
101307, 1593
115282, 1593
137295, 1593
168230, 1592
168454, 1590
224968, 1590
231915, 1590
13671, 1579
71360, 1578
96133, 1578
124725, 1576
287856, 1575
107064, 1574
164416, 1574
188156, 1574
68265, 1573
131164, 1572
159937, 1572
179593, 1572
213643, 1572
112830, 1570
258093, 1570
218398, 1567
69291, 1562
76716, 1562
78700, 1562
89721, 1562
96584, 1562
98870, 1562
101239, 1562
105973, 1562
121831, 1562
128511, 1562
130202, 1562
144507, 1562
150308, 1562
151627, 1562
158569, 1562
159905, 1562
162449, 1562
196180, 1562
199148, 1562
210346, 1562
214527, 1562
217128, 1562
225192, 1562
233354, 1562
238583, 1562
239352, 1562
239582, 1562
240638, 1562
245088, 1562
246936, 1562
274605, 1562
277533, 1562
288980, 1562
289133, 1562
291904, 1562
294629, 1562
296271, 1562
219335, 1561
282733, 1559
275714, 1558
6214, 1557
34134, 1557
91084, 1557
40006, 1556
79378, 1556
84449, 1556
85694, 1556
99892, 1556
100484, 1556
102026, 1556
125517, 1556
198610, 1556
210454, 1556
211919, 1556
225253, 1556
244330, 1556
273478, 1556
210657, 1555
25125, 1554
28897, 1554
131991, 1554
270985, 1554
280888, 1554
165759, 1549
176814, 1549
241127, 1549
82752, 1546
8718, 1540
9283, 1540
12823, 1540
13850, 1540
19118, 1540
86731, 1540
295590, 1540
55422, 1537
61296, 1537
67545, 1537
83642, 1537
89643, 1537
91968, 1537
104217, 1537
110382, 1537
120779, 1537
123784, 1537
131112, 1537
136353, 1537
156133, 1537
175187, 1537
187502, 1537
189087, 1537
192177, 1537
194385, 1537
196438, 1537
201582, 1537
210289, 1537
211000, 1537
211117, 1537
226144, 1537
228870, 1537
231721, 1537
236956, 1537
240361, 1537
243449, 1537
248437, 1537
256432, 1537
259549, 1537
265387, 1537
267931, 1537
274761, 1537
277547, 1537
87224, 1535
117683, 1534
280127, 1534
86372, 1528
8125, 1525
181612, 1525
32663, 1524
43387, 1524
122167, 1524
63658, 1522
83166, 1522
178231, 1522
188353, 1522
216670, 1522
220259, 1522
72272, 1520
165320, 1520
241357, 1520
247423, 1520
291267, 1520
77767, 1515
117674, 1515
164681, 1515
189676, 1515
1657, 1508
104070, 1506
131106, 1506
75750, 1500
163223, 1494
39532, 1493
45838, 1493
48109, 1493
89655, 1493
91736, 1493
92637, 1493
105178, 1493
106189, 1493
119923, 1493
121089, 1493
122058, 1493
122908, 1493
123292, 1493
123454, 1493
124786, 1493
127063, 1493
127823, 1493
132655, 1493
138964, 1493
140580, 1493
141604, 1493
152761, 1493
154888, 1493
162126, 1493
176873, 1493
177675, 1493
181794, 1493
193626, 1493
194888, 1493
195561, 1493
195570, 1493
196176, 1493
196439, 1493
200629, 1493
209438, 1493
218082, 1493
220866, 1493
225372, 1493
231030, 1493
240946, 1493
247952, 1493
256031, 1493
259271, 1493
262492, 1493
263508, 1493
267039, 1493
270140, 1493
272182, 1493
278446, 1493
279131, 1493
279918, 1493
288773, 1493
291369, 1493
221046, 1492
98848, 1491
112984, 1490
9006, 1489
18215, 1485
92272, 1485
171382, 1485
138120, 1484
137751, 1482
171501, 1482
200789, 1479
65872, 1477
221486, 1477
288200, 1477
192680, 1475
281582, 1475
82802, 1472
118111, 1472
136370, 1472
210740, 1472
248997, 1472
254993, 1472
157259, 1471
64552, 1469
197279, 1465
5761, 1464
6091, 1464
6171, 1464
21327, 1464
30719, 1464
33793, 1464
49852, 1464
60615, 1464
61428, 1464
68134, 1464
91352, 1464
93560, 1464
96418, 1464
103388, 1464
147302, 1464
160919, 1464
164290, 1464
174144, 1464
177456, 1464
178304, 1464
188083, 1464
225058, 1464
259591, 1464
262569, 1464
282895, 1464
292707, 1464
292851, 1464
2043, 1462
213127, 1462
94690, 1456
21022, 1455
38417, 1455
45557, 1455
48072, 1455
60550, 1455
69187, 1455
92308, 1455
94264, 1455
97102, 1455
143957, 1455
149590, 1455
155361, 1455
160344, 1455
168723, 1455
169154, 1455
184263, 1455
192055, 1455
192822, 1455
237614, 1455
246046, 1455
253492, 1455
255109, 1455
265062, 1455
17553, 1453
62326, 1448
63908, 1442
47624, 1438
71436, 1438
110124, 1438
114176, 1438
228948, 1438
265819, 1438
115808, 1435
220680, 1435
191992, 1434
288255, 1427
3297, 1425
33564, 1425
55830, 1425
65407, 1425
106953, 1425
149868, 1425
185351, 1425
187261, 1425
36659, 1423
75244, 1422
162432, 1422
232302, 1422
204954, 1421
214645, 1421
219782, 1421
229306, 1421
266955, 1421
289541, 1421
296571, 1421
112489, 1420
74079, 1419
160839, 1419
75436, 1418
81454, 1418
122497, 1416
1555, 1414
138334, 1414
91202, 1413
33338, 1412
246910, 1412
61866, 1410
25673, 1409
25882, 1409
38420, 1409
89948, 1409
147476, 1409
180440, 1409
196903, 1409
216205, 1409
218138, 1409
234362, 1409
237947, 1409
241244, 1409
266188, 1409
282032, 1409
288696, 1409
45492, 1399
49810, 1399
53175, 1399
66946, 1399
74624, 1399
75643, 1399
76916, 1399
78276, 1399
108549, 1399
122643, 1399
130930, 1399
145985, 1399
147324, 1399
149063, 1399
177894, 1399
181641, 1399
194074, 1399
230012, 1399
249188, 1399
284095, 1399
148127, 1397
155258, 1397
66093, 1395
6877, 1390
192160, 1390
263437, 1390
53366, 1389
235927, 1389
151742, 1386
284678, 1386
80576, 1385
170754, 1384
207649, 1382
255943, 1382
257143, 1382
128578, 1380
206700, 1380
253027, 1380
44506, 1379
63797, 1379
110521, 1379
178482, 1379
180963, 1379
192019, 1379
200502, 1379
253698, 1379
261651, 1379
287876, 1379
294505, 1375
217860, 1374
22686, 1373
274588, 1373
46333, 1372
105600, 1372
223177, 1372
291870, 1372
62922, 1371
244871, 1371
19419, 1368
19999, 1368
23816, 1368
54856, 1368
73460, 1368
110224, 1368
171606, 1368
176929, 1368
193440, 1368
207181, 1368
222488, 1368
286363, 1368
295027, 1368
155800, 1367
238097, 1367
255922, 1367
28851, 1366
60991, 1364
176687, 1364
184506, 1364
27048, 1363
37177, 1363
42729, 1363
87165, 1363
97574, 1363
130901, 1363
189530, 1363
244840, 1363
251699, 1363
62266, 1359
147195, 1359
241093, 1357
97162, 1356
136492, 1356
186584, 1356
187456, 1356
202831, 1356
212868, 1356
248678, 1356
278652, 1356
51252, 1354
155805, 1354
269668, 1354
54120, 1353
57028, 1353
94495, 1353
76759, 1352
31267, 1351
11547, 1350
191341, 1350
69216, 1349
63859, 1347
113953, 1347
245152, 1347
273821, 1347
4230, 1346
281734, 1346
106713, 1344
256452, 1344
138364, 1342
227328, 1341
249103, 1341
270904, 1341
3678, 1337
36629, 1337
62407, 1337
77211, 1337
83935, 1337
104893, 1337
112970, 1337
122578, 1337
201027, 1337
282472, 1337
82316, 1335
261465, 1335
9603, 1332
46085, 1332
154790, 1331
174265, 1331
243911, 1331
23857, 1330
151766, 1330
200902, 1330
281692, 1330
3472, 1326
16909, 1326
122409, 1324
44999, 1322
54713, 1322
78145, 1322
43101, 1321
15673, 1318
78588, 1318
239972, 1317
50635, 1316
52897, 1316
82035, 1316
95490, 1316
105784, 1316
159419, 1316
237137, 1316
240189, 1316
252627, 1316
253364, 1316
262226, 1316
49628, 1315
216381, 1314
210039, 1313
255339, 1313
87952, 1312
135714, 1311
173677, 1311
10645, 1310
93369, 1310
151345, 1310
49999, 1309
107534, 1307
160099, 1307
264395, 1307
77962, 1305
173514, 1305
260957, 1305
35700, 1304
229091, 1303
270854, 1303
282821, 1303
78647, 1301
51934, 1299
128450, 1299
190337, 1299
242867, 1299
15377, 1298
38314, 1298
96415, 1298
49461, 1295
61716, 1295
209505, 1295
226714, 1294
106425, 1293
170798, 1293
235939, 1293
288408, 1293
5446, 1292
17269, 1292
33649, 1292
40381, 1292
61050, 1292
61714, 1292
68693, 1292
77896, 1292
99210, 1292
112708, 1292
176421, 1292
192612, 1292
209193, 1292
102398, 1289
280065, 1289
283865, 1289
30608, 1288
33707, 1288
163937, 1288
6363, 1286
153516, 1286
177583, 1286
245142, 1286
104198, 1285
77245, 1284
81082, 1284
101978, 1284
190707, 1284
295035, 1284
2957, 1283
5202, 1283
5661, 1283
9625, 1283
16987, 1283
18054, 1283
18972, 1283
19288, 1283
20353, 1283
21466, 1283
24318, 1283
36810, 1283
37969, 1283
41694, 1283
46065, 1283
48125, 1283
76832, 1283
84706, 1283
119481, 1283
161884, 1283
293026, 1283
118536, 1282
121370, 1282
185116, 1282
67358, 1279
28800, 1278
86958, 1278
105292, 1278
181441, 1278
87806, 1276
185139, 1276
205790, 1276
226005, 1276
250328, 1276
288139, 1276
291032, 1276
54678, 1272
232896, 1272
254043, 1272
133071, 1271
138567, 1271
25201, 1270
103712, 1270
161468, 1270
284773, 1270
153383, 1269
182491, 1268
289806, 1268
5285, 1266
190642, 1266
1711, 1265
2187, 1265
2556, 1265
3735, 1265
36367, 1263
41975, 1263
58155, 1263
66756, 1263
72527, 1263
77716, 1263
78395, 1263
86780, 1263
105534, 1263
120691, 1263
140711, 1263
145143, 1263
152096, 1263
161737, 1263
162352, 1263
163606, 1263
205814, 1263
217736, 1263
251886, 1263
80409, 1261
216351, 1261
38046, 1259
6762, 1257
138960, 1257
253867, 1257
29197, 1255
51152, 1255
53029, 1255
85032, 1255
90341, 1255
242813, 1255
67822, 1253
126443, 1253
151322, 1253
154923, 1253
204168, 1253
78366, 1252
98903, 1252
162547, 1252
40327, 1251
107116, 1251
137348, 1251
8929, 1250
22122, 1250
93405, 1250
100562, 1250
209017, 1250
243568, 1250
249795, 1250
259529, 1250
10886, 1248
84510, 1248
124948, 1248
136462, 1248
168393, 1248
172919, 1248
186113, 1248
200363, 1248
213629, 1248
256699, 1248
272913, 1248
287775, 1248
115733, 1247
116187, 1247
122680, 1247
201160, 1247
267634, 1247
189894, 1245
98663, 1244
252160, 1244
292400, 1244
46899, 1243
68847, 1243
236180, 1243
12373, 1242
25555, 1242
178684, 1242
5214, 1241
161530, 1239
227583, 1239
14017, 1238
57106, 1238
140958, 1238
165057, 1235
282520, 1235
45505, 1234
141099, 1234
102106, 1233
127308, 1233
137688, 1233
141478, 1233
189790, 1233
255546, 1233
5967, 1232
8317, 1232
39882, 1232
74117, 1232
109681, 1232
145984, 1232
216507, 1232
232685, 1232
264040, 1232
289170, 1232
290672, 1232
294333, 1232
52288, 1231
286294, 1231
294852, 1231
76282, 1227
89513, 1227
118690, 1227
147339, 1227
227578, 1227
262890, 1227
19198, 1226
22972, 1225
68232, 1225
120365, 1225
6129, 1224
58900, 1223
111275, 1223
146877, 1223
151622, 1223
214682, 1223
229981, 1223
251887, 1223
83509, 1222
95696, 1222
104617, 1222
121792, 1222
131439, 1222
142725, 1222
159340, 1222
164321, 1222
191669, 1222
192677, 1222
192956, 1222
193933, 1222
208596, 1222
212597, 1222
213479, 1222
217772, 1222
227169, 1222
227405, 1222
234171, 1222
239998, 1222
240685, 1222
245720, 1222
249319, 1222
252918, 1222
259463, 1222
261786, 1222
263311, 1222
286666, 1222
289307, 1222
125910, 1221
24731, 1220
93394, 1220
146301, 1220
154994, 1220
226710, 1220
229810, 1220
236295, 1220
257260, 1220
282528, 1220
288792, 1220
13655, 1218
137391, 1218
191381, 1218
224629, 1218
41903, 1217
170745, 1217
224131, 1217
256378, 1217
169408, 1216
58528, 1215
123239, 1215
247637, 1215
173006, 1214
280148, 1214
15491, 1213
58954, 1213
181828, 1213
63202, 1212
217596, 1212
30723, 1209
99449, 1209
279612, 1209
223905, 1208
7706, 1207
91355, 1207
190402, 1207
234748, 1207
242241, 1207
471, 1205
270587, 1205
10509, 1204
28378, 1204
295701, 1204
229242, 1203
53190, 1201
117884, 1201
144870, 1201
168979, 1201
193588, 1201
215747, 1201
284335, 1201
290313, 1201
290339, 1201
265068, 1200
45726, 1198
100413, 1198
1174, 1196
65450, 1196
70362, 1196
71039, 1196
72061, 1196
80729, 1196
82583, 1196
180141, 1196
187146, 1196
194087, 1196
196897, 1196
198556, 1196
240751, 1196
258570, 1196
262419, 1196
276616, 1196
280602, 1196
294301, 1196
70953, 1195
85186, 1195
16946, 1194
74312, 1194
102244, 1194
136316, 1194
117031, 1193
141252, 1193
155726, 1193
199086, 1193
210759, 1193
216934, 1193
40193, 1191
65066, 1191
9965, 1190
45893, 1190
52919, 1190
66120, 1190
76054, 1190
100640, 1190
148075, 1190
150187, 1190
150736, 1190
160565, 1190
179110, 1190
258833, 1190
37766, 1189
43717, 1189
49019, 1189
193109, 1189
230009, 1189
11412, 1187
83633, 1187
18431, 1186
116585, 1186
248794, 1186
25591, 1185
27004, 1185
45652, 1185
57497, 1185
61465, 1185
62062, 1185
108660, 1185
146540, 1185
156883, 1185
180590, 1185
266248, 1185
280016, 1185
236873, 1184
81826, 1183
177094, 1181
104108, 1180
117778, 1180
211424, 1180
246445, 1180
18608, 1178
39828, 1178
131982, 1178
190143, 1178
98306, 1177
44304, 1174
252181, 1174
58849, 1173
102339, 1173
145843, 1173
151559, 1173
233870, 1173
278617, 1172
69887, 1169
270670, 1169
34590, 1168
71129, 1168
98619, 1168
128423, 1168
172530, 1168
231929, 1168
273579, 1168
35396, 1167
58249, 1167
74236, 1167
81300, 1167
132484, 1167
200291, 1167
211909, 1167
230211, 1167
276223, 1167
141828, 1166
259612, 1166
23452, 1165
52159, 1165
187131, 1165
223878, 1165
262764, 1165
9037, 1164
124074, 1164
222883, 1164
268356, 1164
284819, 1164
290066, 1164
64837, 1162
50429, 1161
62830, 1161
87682, 1159
113612, 1157
124047, 1157
136727, 1157
166757, 1157
198911, 1157
246341, 1157
285043, 1157
291305, 1157
67064, 1155
100882, 1155
142517, 1155
290716, 1155
125363, 1154
9777, 1153
37788, 1153
78828, 1153
123157, 1153
126270, 1153
190806, 1153
208006, 1153
213333, 1153
245911, 1153
296415, 1153
65283, 1152
91215, 1151
137194, 1151
210233, 1151
85319, 1149
102586, 1149
104832, 1149
182068, 1149
190189, 1149
205604, 1149
245363, 1149
50344, 1148
204478, 1148
108171, 1147
188105, 1147
249354, 1147
295389, 1147
89601, 1146
125588, 1146
136478, 1146
223017, 1146
237933, 1146
101955, 1145
140268, 1145
147110, 1145
184184, 1145
191296, 1145
237581, 1145
293281, 1145
64744, 1141
84783, 1141
20702, 1140
57418, 1140
135707, 1140
159985, 1140
193239, 1140
235106, 1140
291888, 1140
24337, 1139
64006, 1139
124769, 1139
260371, 1139
100693, 1137
176979, 1137
184777, 1137
221855, 1137
249503, 1137
280628, 1137
165508, 1136
112624, 1134
140465, 1134
90389, 1133
137357, 1133
170777, 1133
223572, 1133
236490, 1133
237365, 1133
259793, 1133
12248, 1132
23904, 1132
35134, 1132
54128, 1132
151973, 1132
166372, 1132
192977, 1132
242730, 1132
237787, 1130
245753, 1130
116560, 1128
135003, 1128
237562, 1128
275752, 1128
122705, 1127
142445, 1127
100779, 1126
156225, 1126
276977, 1126
63837, 1125
196330, 1125
221517, 1125
123590, 1124
205121, 1124
213082, 1123
132717, 1122
140942, 1122
68530, 1120
20504, 1119
23096, 1119
129908, 1119
227129, 1119
9133, 1117
8908, 1116
57033, 1116
71519, 1116
180081, 1116
195852, 1116
196940, 1116
258736, 1116
189237, 1115
22388, 1114
148624, 1114
237872, 1114
277467, 1114
164033, 1113
244172, 1113
78137, 1110
123699, 1110
141971, 1110
79668, 1109
240557, 1109
186846, 1108
4844, 1107
6259, 1107
7498, 1107
23585, 1107
40008, 1107
69557, 1107
75459, 1107
75519, 1107
77648, 1107
101667, 1107
105210, 1107
115621, 1107
144557, 1107
184047, 1107
200288, 1107
210946, 1107
217685, 1107
276897, 1107
278948, 1107
280562, 1107
152002, 1105
157722, 1105
294198, 1105
8810, 1103
22175, 1103
242679, 1103
111676, 1102
171877, 1101
206441, 1101
215037, 1101
236415, 1101
237518, 1101
244118, 1101
257012, 1101
35773, 1100
50389, 1100
111883, 1100
128538, 1100
161475, 1100
274540, 1100
295568, 1100
22551, 1099
126107, 1099
168767, 1099
182095, 1099
2032, 1098
14151, 1098
99081, 1098
207554, 1098
220825, 1098
253057, 1098
264006, 1098
126274, 1097
126749, 1097
251389, 1097
274831, 1097
294297, 1097
163894, 1096
164931, 1096
44032, 1093
44657, 1093
45595, 1093
46364, 1093
61002, 1093
89412, 1093
166410, 1093
131268, 1092
139406, 1092
212209, 1092
254407, 1092
265046, 1092
292488, 1092
249033, 1091
291993, 1091
28990, 1090
99899, 1090
145271, 1090
225748, 1090
126909, 1089
20062, 1088
44527, 1088
179774, 1088
184547, 1088
224135, 1088
226551, 1088
289108, 1088
35946, 1087
47604, 1087
82312, 1087
139700, 1087
194750, 1087
196328, 1087
221526, 1087
283381, 1087
290430, 1087
162095, 1086
219060, 1084
42621, 1083
76010, 1083
95502, 1083
96796, 1083
159765, 1083
275625, 1083
61017, 1082
142046, 1082
234507, 1082
288142, 1082
200741, 1081
70573, 1080
84878, 1080
224399, 1080
41701, 1079
56378, 1079
284600, 1079
31022, 1078
61395, 1078
215014, 1078
243045, 1078
253622, 1078
135108, 1077
248175, 1077
71054, 1076
295049, 1076
57891, 1075
66323, 1075
159739, 1075
198410, 1075
228803, 1075
179390, 1074
219281, 1074
56777, 1073
252476, 1073
131952, 1072
41703, 1071
151967, 1071
42907, 1069
261089, 1069
285979, 1069
123595, 1068
252523, 1066
282823, 1066
284051, 1066
100039, 1065
144946, 1065
93641, 1064
125082, 1064
135672, 1064
172690, 1064
216740, 1064
257352, 1064
61647, 1062
182749, 1062
211619, 1062
47080, 1061
98882, 1061
131080, 1061
181336, 1061
293314, 1061
26415, 1060
211429, 1060
91229, 1059
137208, 1059
245953, 1057
48477, 1056
78003, 1056
93825, 1056
135681, 1056
150309, 1056
179834, 1056
35443, 1053
201608, 1052
98691, 1051
193611, 1051
42096, 1050
48890, 1050
58457, 1050
69517, 1050
99476, 1050
192706, 1050
210386, 1050
279235, 1050
53518, 1049
101217, 1049
157710, 1049
229530, 1049
241370, 1049
243119, 1049
253690, 1049
128626, 1047
265615, 1047
64670, 1045
132850, 1044
192507, 1044
276723, 1044
23345, 1043
24545, 1043
131695, 1043
28938, 1042
59658, 1042
83709, 1042
174135, 1042
206988, 1042
238077, 1042
47877, 1041
86380, 1041
90264, 1041
110858, 1041
135177, 1041
143557, 1041
202319, 1041
212198, 1041
271279, 1041
205382, 1040
240029, 1040
34107, 1038
78228, 1038
22631, 1037
281154, 1037
146910, 1036
155791, 1036
176357, 1036
225531, 1036
254391, 1036
10984, 1035
39605, 1035
139423, 1035
146353, 1035
151449, 1035
160704, 1035
206659, 1035
211528, 1035
219877, 1035
222769, 1035
230273, 1035
236309, 1035
268585, 1035
8793, 1034
9238, 1034
42332, 1034
62672, 1034
282187, 1034
66682, 1033
182168, 1033
189326, 1033
36963, 1032
39146, 1032
57393, 1032
71574, 1032
97478, 1032
117027, 1032
208662, 1032
293475, 1032
120706, 1030
163679, 1030
178016, 1030
185936, 1030
198219, 1030
249642, 1030
260094, 1030
263678, 1030
108662, 1028
119187, 1028
133613, 1028
157026, 1028
166217, 1028
182556, 1028
193270, 1028
74133, 1027
188048, 1027
275240, 1027
95779, 1026
129055, 1026
143664, 1026
13238, 1025
90682, 1025
96448, 1025
163304, 1025
86301, 1024
182358, 1024
15414, 1023
38574, 1023
73375, 1023
82315, 1023
95482, 1023
106400, 1023
190298, 1023
202493, 1023
222172, 1023
263672, 1023
284103, 1023
71752, 1021
138945, 1021
159572, 1021
56862, 1020
76607, 1019
85087, 1019
200649, 1019
216810, 1019
230699, 1019
44068, 1018
73562, 1018
85202, 1018
96004, 1018
97198, 1018
103564, 1018
107870, 1018
112152, 1018
125570, 1018
127568, 1018
132204, 1018
143603, 1018
146451, 1018
150291, 1018
154677, 1018
154734, 1018
156380, 1018
159239, 1018
162862, 1018
166567, 1018
169223, 1018
171652, 1018
172026, 1018
172388, 1018
174358, 1018
178841, 1018
181017, 1018
183918, 1018
185407, 1018
185904, 1018
189624, 1018
189830, 1018
189974, 1018
190207, 1018
192923, 1018
194577, 1018
195657, 1018
195742, 1018
197416, 1018
203207, 1018
203991, 1018
214085, 1018
214979, 1018
215837, 1018
219506, 1018
221095, 1018
223587, 1018
224023, 1018
225959, 1018
231057, 1018
232521, 1018
233930, 1018
237171, 1018
238409, 1018
239444, 1018
243240, 1018
244312, 1018
246994, 1018
249214, 1018
252106, 1018
254328, 1018
255034, 1018
255485, 1018
256952, 1018
258554, 1018
266918, 1018
267958, 1018
268953, 1018
269563, 1018
270038, 1018
272991, 1018
274038, 1018
277619, 1018
279272, 1018
284327, 1018
286803, 1018
287882, 1018
289370, 1018
289631, 1018
289778, 1018
290406, 1018
290854, 1018
291146, 1018
291468, 1018
136948, 1017
207675, 1017
230988, 1017
177730, 1016
244045, 1016
16986, 1015
60883, 1014
162129, 1014
46818, 1013
78681, 1013
93702, 1013
107609, 1013
107829, 1013
116160, 1013
139030, 1013
144806, 1013
232741, 1013
252893, 1013
272838, 1013
275530, 1013
285562, 1013
287838, 1013
287854, 1013
292769, 1013
27830, 1011
121161, 1009
183790, 1009
221566, 1009
230456, 1009
236507, 1009
244409, 1009
250056, 1009
251542, 1009
251866, 1009
253270, 1009
268385, 1009
270923, 1009
271509, 1009
31713, 1008
66053, 1008
76066, 1006
13622, 1005
272180, 1005
120121, 1004
174510, 1004
282321, 1004
283800, 1004
287522, 1004
120744, 1003
257600, 1003
268295, 1003
273908, 1003
170080, 1002
420, 1001
52535, 1001
140380, 1001
166922, 1001
184727, 1001
234066, 1001
253784, 1001
292393, 1001
293076, 1001
293539, 1001
108092, 1000
240531, 1000
277349, 1000
295572, 1000
