12095, 141448
55812, 141448
55898, 141448
63026, 141448
67552, 141448
73675, 141448
73830, 141448
76175, 141448
82807, 141448
84613, 141448
88974, 141448
94938, 141448
103346, 141448
108698, 141448
114761, 141448
119167, 141448
126263, 141448
131740, 141448
134587, 141448
140745, 141448
143072, 141448
143715, 141448
147591, 141448
151247, 141448
163259, 141448
173419, 141448
180146, 141448
191927, 141448
193092, 141448
209293, 141448
218554, 141448
257325, 141448
22345, 138228
32732, 138228
40182, 138228
42055, 138228
49136, 138228
50140, 138228
50213, 138228
52899, 138228
56027, 138228
57827, 138228
59390, 138228
59940, 138228
65270, 138228
68242, 138228
70703, 138228
73918, 138228
80952, 138228
82530, 138228
83213, 138228
85001, 138228
86486, 138228
88874, 138228
92206, 138228
93698, 138228
105010, 138228
118777, 138228
121996, 138228
123760, 138228
123785, 138228
128782, 138228
129719, 138228
133679, 138228
136029, 138228
146405, 138228
202733, 138228
257483, 138228
43808, 138087
109698, 138087
115811, 138087
117627, 138087
142562, 138087
160898, 138087
209735, 138087
33296, 137597
33803, 137597
43280, 137597
49014, 137597
53068, 137597
56664, 137597
96032, 137597
97911, 137597
114792, 137597
122215, 137597
129301, 137597
134791, 137597
153711, 137597
156217, 137597
156795, 137597
165095, 137597
173819, 137597
193100, 137597
295938, 137597
20707, 135443
45779, 135443
47191, 135443
48521, 135443
48547, 135443
58591, 135443
64732, 135443
71498, 135443
6991, 133666
77229, 133666
32167, 132281
36830, 132281
39064, 132281
50323, 132281
60765, 132281
90385, 132281
104812, 132281
116916, 132281
117852, 132281
121400, 132281
135235, 132281
143612, 132281
159496, 132281
194933, 132281
216482, 132281
242839, 132281
73711, 131747
89573, 131747
91470, 131747
132174, 131747
197622, 131747
225994, 131747
249886, 131747
287548, 131747
291241, 131747
5896, 131315
19393, 131315
38770, 131315
39644, 131315
74717, 131315
84130, 131315
120640, 131315
121156, 131315
122743, 131315
143825, 131315
151221, 131315
153664, 131315
162533, 131315
167748, 131315
174393, 131315
176485, 131315
181940, 131315
182545, 131315
186475, 131315
203361, 131315
206257, 131315
208520, 131315
211299, 131315
214218, 131315
214896, 131315
231688, 131315
232445, 131315
237003, 131315
245434, 131315
246483, 131315
254131, 131315
263225, 131315
263545, 131315
275142, 131315
288022, 131315
295248, 131315
295628, 131315
66013, 130086
13193, 129921
14579, 129921
15254, 129921
22037, 129921
23433, 129921
30847, 129921
34166, 129921
56693, 129921
57200, 129921
57606, 129921
59781, 129921
60744, 129921
83555, 129921
97727, 129921
114934, 129921
126156, 129921
135160, 129921
148961, 129921
155893, 129921
161052, 129921
183150, 129921
185999, 129921
187212, 129921
191740, 129921
212389, 129921
221507, 129921
244578, 129921
254670, 129921
262362, 129921
264335, 129921
265494, 129921
267307, 129921
274471, 129921
85700, 129759
102603, 129759
110782, 129759
118203, 129759
125943, 129759
141976, 129759
175929, 129759
196474, 129759
199450, 129759
199504, 129759
228249, 129759
230196, 129759
246829, 129759
43198, 129360
68174, 129360
169419, 129298
241056, 129298
256649, 129298
177986, 125921
201663, 125655
210408, 125655
50343, 123495
68957, 123495
79344, 123495
6364, 122061
112335, 122061
236500, 122061
248072, 122061
281258, 122061
94388, 121832
188786, 121832
198982, 121832
243616, 121832
243646, 121832
170773, 121367
81247, 121035
195736, 121035
165078, 119256
272693, 111585
28837, 110745
24917, 107453
66720, 107453
131672, 107453
176745, 107453
234422, 107453
274604, 107453
50583, 106989
84555, 106989
91699, 106989
114789, 106989
131647, 106989
134890, 106989
158396, 106989
217380, 106989
228654, 106989
247363, 106989
255785, 106989
264727, 106989
270449, 106989
271466, 106989
284536, 106989
287244, 106989
137467, 106912
61786, 105571
65876, 105571
78071, 105571
142899, 105571
102888, 103703
181420, 103703
208653, 103703
36055, 103508
79778, 103508
93436, 103508
140887, 103508
225912, 103508
238524, 103508
22687, 103408
39667, 103408
107977, 103408
133359, 103408
137895, 103408
49976, 102375
56364, 102375
106087, 102375
148359, 102375
152033, 102375
230686, 102375
231434, 102375
270278, 102375
277782, 102375
291834, 102375
109351, 102344
50796, 100140
114865, 100140
259821, 100140
15677, 99885
36097, 99885
38788, 99885
63668, 99885
65443, 99885
86858, 99885
119415, 99885
135218, 99885
147570, 99885
153883, 99885
181972, 99885
33925, 97663
76294, 97663
15966, 95883
19523, 95883
34012, 95883
40197, 95883
49322, 95883
66266, 95883
80215, 95883
85861, 95883
97462, 95883
122455, 95883
136561, 95883
157199, 95883
166654, 95883
176454, 95883
183460, 95883
186258, 95883
195847, 95883
196116, 95883
200142, 95883
208414, 95883
210281, 95883
221834, 95883
228490, 95883
235291, 95883
236669, 95883
242611, 95883
254713, 95883
271415, 95883
277903, 95883
5983, 95286
27333, 95286
37530, 95286
50405, 95286
69778, 95286
86785, 95286
87348, 95286
89450, 95286
90039, 95286
92369, 95286
104435, 95286
112639, 95286
114052, 95286
115066, 95286
119974, 95286
127164, 95286
128910, 95286
136249, 95286
145431, 95286
147925, 95286
148649, 95286
157537, 95286
163156, 95286
163273, 95286
164299, 95286
171357, 95286
178692, 95286
204996, 95286
213948, 95286
214322, 95286
215316, 95286
220200, 95286
222473, 95286
231389, 95286
235776, 95286
236731, 95286
238190, 95286
242860, 95286
246504, 95286
255657, 95286
260441, 95286
269372, 95286
273163, 95286
275064, 95286
288850, 95286
295428, 95286
21385, 95205
54483, 95205
63586, 95205
122269, 95205
125296, 95205
128267, 95205
137210, 95205
178217, 95205
198750, 95205
20809, 94564
36856, 94564
42507, 94564
16767, 94205
27756, 94205
29449, 94205
47704, 94205
57534, 94205
59030, 94205
73135, 94205
74277, 93226
81228, 93226
70301, 92610
4141, 91819
33644, 91819
42534, 91819
85850, 91819
110085, 91819
125315, 91819
148950, 91819
172099, 91819
179413, 91819
196616, 91819
269208, 91819
270868, 91819
273885, 91819
277554, 91819
281070, 91819
194808, 91725
109368, 90798
111237, 90798
158559, 90798
177477, 90798
224474, 90798
35036, 90597
48459, 90597
56736, 90597
60684, 90597
68985, 90597
69356, 90597
70311, 90597
78304, 90597
79939, 90597
91743, 90597
92441, 90597
108034, 90597
115309, 90597
130784, 90597
137336, 90597
153513, 90597
164061, 90597
166946, 90597
191677, 90597
199232, 90597
203035, 90597
224780, 90597
226888, 90597
228170, 90597
235008, 90597
253573, 90597
269322, 90597
269426, 90597
8572, 90302
82836, 90302
87127, 90302
96705, 90302
227731, 90302
18455, 89845
34789, 89845
41601, 89845
110292, 89845
161447, 89845
165765, 89845
208903, 89845
292672, 89845
30381, 89443
34249, 89443
47945, 89443
119607, 89443
160872, 89443
177653, 89443
184393, 89443
193230, 89443
234720, 89443
240330, 89443
286941, 89443
40695, 88999
119687, 88999
133665, 88999
149227, 88999
213450, 88999
263473, 88999
6814, 88835
62292, 88731
77427, 88731
89433, 88731
159574, 88731
170716, 88731
190012, 88731
213345, 88731
216594, 88731
221331, 88731
228233, 88731
230248, 88731
235851, 88731
250385, 88731
253156, 88731
255690, 88731
261342, 88731
283421, 88731
65845, 88490
82527, 88490
108140, 88490
156259, 88490
180061, 88490
238803, 88490
131786, 88409
125036, 88124
155866, 88124
174708, 88124
184645, 88124
191197, 88124
227515, 88124
255086, 88124
260636, 88124
265052, 88124
269140, 88124
276794, 88124
77806, 88050
156244, 88050
198706, 88050
12395, 87800
13290, 87800
30789, 87800
62138, 87800
115882, 87800
136202, 87800
179102, 87800
219545, 87800
224105, 87800
248146, 87800
261248, 87800
271558, 87800
290477, 87800
236909, 87363
271491, 87363
81517, 86907
118024, 86907
129978, 86907
171245, 86907
186275, 86907
191079, 86907
194650, 86907
228006, 86907
280771, 86907
288586, 86907
288847, 86907
215874, 86719
231297, 86719
240849, 86719
12662, 86162
248277, 86162
22733, 86139
41921, 86139
59895, 86139
85483, 86139
91512, 86139
102919, 86139
106731, 86139
158412, 86139
159774, 86139
160518, 86139
161259, 86139
173154, 86139
177015, 86139
181448, 86139
184728, 86139
186356, 86139
219570, 86139
221370, 86139
230640, 86139
232339, 86139
233979, 86139
237223, 86139
251789, 86139
260337, 86139
263587, 86139
270084, 86139
271070, 86139
281642, 86139
294000, 86139
86850, 86087
120796, 86087
199465, 86087
223101, 86087
94351, 86029
16577, 85769
49968, 85769
82798, 85769
130142, 85769
152708, 85769
169091, 85769
173223, 85769
212158, 85769
217324, 85769
218235, 85769
222095, 85769
234642, 85769
238338, 85769
239247, 85769
255940, 85769
275917, 85769
293502, 85769
294322, 85769
90662, 85738
121964, 85738
200772, 85738
202617, 85738
212146, 85738
257179, 85738
274366, 85738
13538, 85648
43561, 85648
128118, 85648
40617, 85641
43952, 85641
55945, 85641
140943, 85641
192695, 85641
200999, 85641
82487, 85547
196793, 85547
226265, 85348
230600, 85348
284797, 85348
290327, 85348
293804, 85348
78622, 85238
201199, 85238
219195, 85238
277710, 85238
11695, 85153
59208, 85153
112725, 85153
122546, 85153
139446, 85153
146322, 85153
147305, 85153
175753, 85153
244597, 85153
103845, 84923
192978, 84923
37189, 84883
74118, 84883
43085, 84694
64218, 84694
74798, 84694
85697, 84694
89975, 84694
92827, 84694
95952, 84694
99303, 84694
101066, 84694
102332, 84694
104682, 84694
107554, 84694
109662, 84694
109712, 84694
115551, 84694
116954, 84694
126177, 84694
127589, 84694
128497, 84694
130091, 84694
135358, 84694
136703, 84694
137933, 84694
141667, 84694
148939, 84694
161345, 84694
162990, 84694
164176, 84694
165470, 84694
165819, 84694
167849, 84694
168155, 84694
169215, 84694
172716, 84694
174245, 84694
188683, 84694
189279, 84694
190927, 84694
193167, 84694
203338, 84694
210750, 84694
211968, 84694
213305, 84694
220057, 84694
237350, 84694
276025, 84694
30204, 84466
64710, 84466
74870, 84466
79692, 84466
111496, 84466
175610, 84466
186035, 84466
248075, 84466
249241, 84466
104610, 84377
22528, 84325
64431, 84325
147173, 84172
161254, 84172
62381, 83952
97226, 83952
231897, 83952
112704, 83374
130962, 83374
147056, 83374
153035, 83374
157701, 83374
176649, 83374
184422, 83374
189864, 83374
194602, 83374
213059, 83374
214564, 83374
223547, 83374
231005, 83374
231515, 83374
247781, 83374
285891, 83374
64795, 83341
98388, 83341
98507, 83341
109984, 83341
126625, 83341
127607, 83341
128351, 83341
141456, 83341
186277, 83341
217722, 83341
218757, 83341
233548, 83341
241366, 83341
82116, 82997
149974, 82997
154824, 82997
221972, 82997
238735, 82997
240962, 82997
243618, 82997
249217, 82997
21594, 82561
40337, 82561
50077, 82561
169612, 82561
172676, 82561
192505, 82561
94810, 82071
104330, 82071
198886, 82071
209545, 82071
214444, 82071
278036, 82071
280485, 82071
3093, 81997
202891, 81997
263783, 81997
285486, 81997
120928, 81996
58735, 81963
80218, 81963
99351, 81963
128758, 81963
129762, 81963
190446, 81963
190516, 81963
209093, 81963
243982, 81963
244771, 81963
249590, 81963
265698, 81963
279882, 81963
21673, 81874
37910, 81874
130274, 81874
185885, 81874
230735, 81874
243989, 81874
42177, 81612
68485, 81612
75443, 81612
101874, 81612
137699, 81612
157613, 81612
185708, 81612
196532, 81612
197471, 81612
235836, 81612
241336, 81612
285627, 81612
56529, 81423
157913, 81423
231820, 81423
260895, 81423
266066, 81423
266885, 81423
228521, 81292
255196, 81292
60079, 81254
245465, 81254
5923, 80980
84594, 80980
190360, 80980
197081, 80980
293507, 80980
92570, 80800
69185, 80533
77419, 80533
83156, 80533
121963, 80533
151791, 80533
170705, 80533
203669, 80533
211704, 80533
216293, 80533
221924, 80533
222452, 80533
229059, 80533
233811, 80533
246937, 80533
250214, 80533
252030, 80533
110695, 80481
55247, 80054
178772, 80054
79758, 80030
115390, 80030
237958, 80030
245606, 80030
186576, 80005
211316, 80005
71197, 79807
90819, 79807
154271, 79807
223325, 79807
89568, 79622
97824, 79622
107514, 79622
109425, 79622
114318, 79622
121827, 79622
124108, 79622
133340, 79622
151159, 79622
167293, 79622
169590, 79622
177295, 79622
182188, 79622
200600, 79622
201937, 79622
203938, 79622
216527, 79622
223241, 79622
248385, 79622
269940, 79603
64973, 79439
209988, 79439
268811, 79439
55559, 79395
81909, 79395
249462, 79380
35117, 79248
129942, 79248
178447, 79248
295644, 79248
69815, 79023
190033, 79023
26005, 78993
42812, 78993
59432, 78993
76005, 78993
78688, 78993
78720, 78993
84858, 78993
95324, 78993
99687, 78993
111127, 78993
111963, 78993
115899, 78993
117833, 78993
122518, 78993
123636, 78993
124044, 78993
131957, 78993
132320, 78993
132481, 78993
132640, 78993
134491, 78993
135094, 78993
142135, 78993
150572, 78993
153316, 78993
153320, 78993
157226, 78993
157671, 78993
162084, 78993
164380, 78993
171991, 78993
173220, 78993
173681, 78993
174081, 78993
177697, 78993
183001, 78993
192454, 78993
195595, 78993
199437, 78993
203834, 78993
208797, 78993
212666, 78993
212949, 78993
214087, 78993
218661, 78993
220074, 78993
230374, 78993
231965, 78993
233070, 78993
236769, 78993
240900, 78993
254235, 78993
256280, 78993
264658, 78993
277459, 78993
283363, 78993
285260, 78993
285313, 78993
293203, 78993
78736, 78962
206232, 78962
13994, 78949
82318, 78639
90532, 78639
52064, 78580
70570, 78580
96713, 78580
109100, 78580
116968, 78580
129741, 78580
141275, 78580
153692, 78580
159860, 78580
159871, 78580
161605, 78580
172335, 78580
176081, 78580
176551, 78580
197318, 78580
216892, 78580
228189, 78580
231658, 78580
234442, 78580
240422, 78580
242952, 78580
246633, 78580
268591, 78580
279164, 78580
283166, 78580
289568, 78580
291973, 78580
98157, 78466
137601, 78466
112221, 78431
148074, 78431
157273, 78431
280020, 78431
79458, 78393
80706, 78393
96734, 78393
17719, 78362
39127, 78362
89489, 78362
161063, 78362
176818, 78362
192282, 78362
198162, 78362
200532, 78362
216161, 78362
224327, 78362
227618, 78362
239689, 78362
243785, 78362
245871, 78362
255777, 78362
258975, 78362
260812, 78362
263023, 78362
264501, 78362
266773, 78362
268305, 78362
275897, 78362
281600, 78362
284443, 78362
107035, 78281
73347, 78249
149880, 78249
73481, 78139
126706, 78139
160037, 78139
161862, 78139
166285, 78139
191344, 78139
194601, 78139
201496, 78139
260625, 78139
270370, 78139
166814, 78055
183131, 78055
159491, 78014
263258, 78014
129954, 77945
218736, 77943
119362, 77921
136178, 77921
162182, 77921
203537, 77921
231545, 77921
68369, 77834
288501, 77834
92139, 77824
97572, 77820
261055, 77820
36002, 77726
86260, 77726
86722, 77726
117361, 77726
126450, 77726
128199, 77726
139544, 77726
141354, 77726
156308, 77726
173405, 77726
211203, 77726
227030, 77726
272070, 77726
85007, 77530
103096, 77530
112143, 77530
119121, 77530
122171, 77530
175857, 77530
208159, 77235
229430, 77235
252420, 77235
247539, 77037
48177, 77013
263864, 77013
296177, 77013
92058, 76915
94083, 76915
137616, 76915
158456, 76915
30406, 76486
85978, 76343
166612, 76343
248023, 76343
22911, 76202
203857, 76202
217759, 75892
33505, 75803
29365, 75729
66986, 75729
71391, 75729
90224, 75729
93479, 75729
177414, 75729
197675, 75729
206167, 75729
46067, 75550
283010, 75550
70749, 75535
80613, 75535
159597, 75535
210650, 75535
25985, 75483
52814, 75483
54928, 75483
59272, 75483
59905, 75483
60453, 75483
68289, 75483
85616, 75483
99003, 75483
111404, 75483
114322, 75483
119488, 75483
127852, 75483
130807, 75483
132756, 75483
145221, 75483
146902, 75483
148140, 75483
173265, 75483
179583, 75483
182112, 75483
182668, 75483
232613, 75483
238314, 75483
261526, 75483
220054, 75430
94991, 75031
170045, 75031
207137, 75031
86462, 74956
202372, 74956
221770, 74956
106925, 74895
119118, 74895
122946, 74814
125429, 74814
172341, 74814
173337, 74814
190195, 74814
214592, 74814
250491, 74814
219227, 74701
184415, 74694
54751, 74533
22720, 74488
51795, 74488
83095, 74417
89217, 74417
90483, 74417
100854, 74417
110652, 74417
115000, 74417
123498, 74417
144157, 74417
182645, 74417
194314, 74417
200883, 74417
245622, 74417
257583, 74417
260137, 74417
261644, 74417
265028, 74417
268331, 74417
277718, 74417
278274, 74417
285402, 74417
83507, 74374
68800, 74120
86326, 74120
134044, 74120
189310, 74120
241903, 74120
258089, 73879
145015, 73133
164336, 72443
9281, 72441
18708, 72441
51363, 72210
91447, 72210
195198, 72210
266116, 72210
14091, 71883
20368, 71883
86091, 71883
102590, 71883
141105, 71883
143027, 71883
178240, 71883
273080, 71258
22007, 70772
171274, 70772
64727, 70686
151101, 70450
201695, 70450
74652, 69946
241170, 69655
102519, 69626
142229, 69626
188246, 69626
33699, 69591
78749, 69591
165305, 69591
232449, 69396
65832, 69358
70791, 69358
79022, 69358
79516, 69358
97077, 69358
117955, 69358
120761, 69358
122996, 69358
133656, 69358
147104, 69358
148579, 69358
154572, 69358
160249, 69358
179094, 69358
184410, 69358
198323, 69358
208768, 69358
226171, 69358
273612, 69358
144589, 68510
144962, 68510
145352, 68510
246743, 68510
246930, 68510
268736, 68510
288593, 68510
13804, 68361
50530, 68361
87592, 68361
126660, 68361
173096, 68361
222000, 68361
242211, 68361
4685, 68089
41521, 68089
41134, 67949
33229, 67931
233577, 67713
123727, 67707
216678, 67687
9644, 67525
53299, 67525
77925, 67525
84414, 67525
100674, 67525
159172, 67525
207805, 67525
104746, 67484
40076, 67465
176881, 67249
244940, 67249
251421, 67249
72333, 67227
75552, 67177
51489, 67012
115498, 66823
184513, 66126
160896, 65878
144269, 65862
289992, 65862
33095, 65820
264874, 65820
159712, 65636
30977, 65357
50390, 65357
99727, 65357
104695, 65357
133507, 65357
154965, 65357
191829, 65357
230604, 65357
235207, 65357
242079, 65357
268796, 65357
124244, 65233
145348, 65142
152673, 65142
234728, 65142
35505, 64116
42049, 64031
51185, 64031
66807, 64031
71725, 64031
82117, 64031
107112, 64031
174557, 63972
188958, 63972
94613, 63775
32235, 63559
34769, 63559
208480, 63559
17870, 63388
24301, 63388
89778, 63388
111879, 63388
28849, 62997
164502, 62894
229625, 62373
291161, 62373
57697, 62245
190875, 62245
105714, 61791
214716, 61791
36429, 61412
94257, 61395
260309, 61209
80432, 61194
176504, 61194
208330, 61067
248058, 60972
51924, 60270
280380, 60270
67520, 59785
61277, 59663
63465, 59663
34776, 59615
228440, 58781
128360, 58645
114184, 58300
234692, 58300
22713, 58259
141785, 58239
161890, 57729
129044, 57380
126894, 57355
200844, 57355
26629, 57308
36372, 57308
72011, 57308
294197, 57281
206254, 57115
228248, 57115
12769, 57012
14538, 57012
98187, 57012
99221, 57012
113557, 57012
129881, 57012
131928, 57012
145023, 57012
150388, 57012
156960, 57012
169126, 57012
171485, 57012
175869, 57012
176418, 57012
181787, 57012
184331, 57012
190343, 57012
194427, 57012
195482, 57012
232256, 57012
239392, 57012
246156, 57012
253097, 57012
262166, 57012
262193, 57012
268462, 57012
279495, 57012
280354, 57012
292172, 57012
292265, 57012
174145, 56993
28678, 56935
115462, 56935
5159, 56524
28614, 56524
146845, 56524
215712, 56524
276320, 56524
90629, 56514
17435, 56504
192569, 56417
164721, 56363
235531, 56363
5517, 56256
11570, 56256
47223, 56256
60126, 56256
82953, 56256
148367, 56256
172224, 56256
205679, 56256
233674, 56256
242866, 56256
270392, 56256
289908, 56256
116017, 56131
134405, 56131
16964, 55970
87192, 55970
96441, 55970
98822, 55970
144340, 55970
167426, 55970
172856, 55970
176385, 55970
184837, 55970
197745, 55970
240072, 55970
248294, 55970
269659, 55970
228093, 55961
85128, 55885
163208, 55885
213109, 55885
121431, 55883
128429, 55883
128882, 55883
167787, 55883
181574, 55883
197466, 55883
203838, 55883
222505, 55883
253111, 55883
263615, 55883
290659, 55883
296158, 55883
52598, 55788
142612, 55701
207719, 55701
261634, 55630
6861, 55487
83651, 55487
286062, 55487
19019, 55438
32567, 55438
181627, 55438
83933, 55433
174583, 55433
155546, 55359
4942, 55227
33855, 55182
135967, 55182
170662, 55182
266069, 55182
163904, 55173
247503, 55173
253769, 55159
18725, 55124
102901, 55124
140053, 55124
204752, 55124
216438, 55124
244593, 55124
201638, 55108
144051, 55006
198579, 55006
259518, 55006
132093, 54884
254846, 54884
8609, 54795
169636, 54715
75735, 54699
118646, 54699
173074, 54670
113624, 54630
109439, 54603
146182, 54603
242301, 54603
8187, 54543
52968, 54543
13087, 54327
30417, 54327
55409, 54306
193956, 54255
9144, 54186
160354, 54186
265512, 54186
11215, 54014
33442, 54014
263874, 53973
198381, 53938
187321, 53793
156868, 53428
162064, 53428
240303, 53428
205394, 53362
181591, 53291
293726, 53206
16903, 53062
121362, 52807
136341, 52807
277252, 52807
278898, 52807
9115, 52688
12422, 52688
73776, 52688
137580, 52688
138471, 52688
283991, 52688
97153, 52656
69171, 52500
155319, 52500
244197, 52498
65062, 52461
221973, 52340
234676, 52265
30563, 52255
89589, 52255
161914, 52255
257635, 52255
114411, 52178
206756, 52178
6769, 52065
23366, 52065
27717, 52065
41178, 52065
63315, 52065
78139, 52065
109826, 52065
110062, 52065
121435, 52065
131365, 52065
132295, 52065
149345, 52065
161739, 52065
171243, 52065
182785, 52065
191283, 52065
191646, 52065
210474, 52065
212724, 52065
213496, 52065
213631, 52065
215607, 52065
236586, 52065
257741, 52065
261825, 52065
267002, 52065
294719, 52065
166840, 52009
184196, 52009
204615, 52009
225088, 52009
289021, 52009
63049, 51882
63965, 51842
118684, 51842
157356, 51842
181815, 51842
189206, 51842
206064, 51842
207997, 51842
268952, 51842
96096, 51796
245312, 51372
189396, 51238
236297, 51238
5152, 51218
46856, 51218
65766, 51218
8466, 51131
43299, 51131
168224, 51131
170700, 51131
181797, 51131
16344, 51007
25592, 51007
65182, 51007
80707, 51007
116696, 51007
262462, 51007
255040, 50752
44637, 50581
122689, 50581
213469, 50515
171046, 50310
191394, 50310
65183, 50234
94349, 50234
119268, 50234
151480, 50234
173047, 50234
186132, 50234
195754, 50234
220708, 50234
224400, 50234
226713, 50234
237041, 50234
260652, 50234
288180, 50234
295384, 50234
149072, 50227
67331, 50158
255225, 50158
272310, 50086
55612, 49975
169323, 49975
293319, 49975
113355, 49760
234440, 49760
47717, 49741
151016, 49741
249535, 49741
250677, 49741
274059, 49741
62890, 49694
67721, 49694
78033, 49694
101104, 49694
101800, 49694
102847, 49694
106862, 49694
110230, 49694
112910, 49694
118976, 49694
121518, 49694
121694, 49694
127290, 49694
136497, 49694
137518, 49694
141834, 49694
144169, 49694
155685, 49694
163688, 49694
171340, 49694
171965, 49694
175192, 49694
177616, 49694
180143, 49694
182604, 49694
184157, 49694
184380, 49694
185501, 49694
189144, 49694
190092, 49694
192993, 49694
193080, 49694
193969, 49694
197970, 49694
199166, 49694
202003, 49694
209353, 49694
213012, 49694
217237, 49694
218118, 49694
219992, 49694
220089, 49694
221099, 49694
223748, 49694
224258, 49694
229481, 49694
230826, 49694
230876, 49694
231576, 49694
234130, 49694
238654, 49694
245560, 49694
250608, 49694
256683, 49694
257852, 49694
260728, 49694
261919, 49694
262692, 49694
263579, 49694
263608, 49694
269018, 49694
272101, 49694
278205, 49694
278818, 49694
280432, 49694
281932, 49694
285323, 49694
286571, 49694
287321, 49694
289746, 49694
290594, 49694
293096, 49694
294402, 49694
295889, 49694
229048, 49645
270374, 49645
106994, 49224
114823, 49224
133173, 49224
67404, 49113
73978, 49113
90305, 49113
102048, 49113
124051, 49113
179771, 49113
190743, 49113
191356, 49113
239381, 49113
263235, 49113
267641, 49113
290845, 49113
69800, 48977
198063, 48957
94777, 48838
147100, 48838
249286, 48838
266252, 48838
37373, 48782
201276, 48782
114140, 48749
274768, 48749
296387, 48749
57287, 48723
92031, 48576
129294, 48576
175964, 48576
229247, 48576
129106, 48549
39244, 48373
137121, 48373
40951, 48328
49151, 48328
119718, 48328
121229, 48328
125965, 48328
132820, 48328
169646, 48328
176617, 48328
189712, 48328
208301, 48328
229939, 48328
240463, 48328
242107, 48328
253449, 48328
260605, 48328
261962, 48328
272188, 48328
283022, 48328
133215, 48313
274779, 48313
205971, 48307
31994, 48222
163404, 48031
106605, 48028
259541, 48028
295796, 48028
124814, 47963
27123, 47911
91704, 47911
124520, 47911
132595, 47911
134317, 47911
194192, 47911
206570, 47911
211679, 47911
227257, 47911
248739, 47911
249059, 47911
251079, 47911
267198, 47911
269446, 47911
1273, 47870
85361, 47827
130599, 47827
131391, 47827
146023, 47827
212661, 47827
221194, 47827
239094, 47827
262687, 47827
241639, 47753
57319, 47645
182682, 47542
183063, 47542
59352, 47500
258309, 47381
296541, 47294
228225, 47076
128035, 47022
159193, 46936
114076, 46839
213401, 46839
24840, 46607
50662, 46607
145333, 46607
172253, 46607
177423, 46607
211992, 46607
243156, 46607
289205, 46607
24400, 46575
74160, 46575
77518, 46575
78413, 46575
89062, 46575
91869, 46575
99235, 46575
102538, 46575
114730, 46575
137093, 46575
140303, 46575
140653, 46575
144434, 46575
147934, 46575
150305, 46575
159308, 46575
160856, 46575
162132, 46575
183195, 46575
188442, 46575
195665, 46575
197954, 46575
199454, 46575
206906, 46575
208090, 46575
208643, 46575
212618, 46575
221710, 46575
226732, 46575
258742, 46575
262631, 46575
268700, 46575
272622, 46575
275208, 46575
276447, 46575
278912, 46575
279594, 46575
284403, 46575
284594, 46575
287466, 46575
287747, 46575
289130, 46575
292212, 46575
292554, 46575
295495, 46575
43004, 46532
61495, 46532
101101, 46532
153216, 46532
6351, 46506
19636, 46506
55093, 46506
72357, 46506
74982, 46506
103307, 46506
108741, 46506
120233, 46506
131423, 46506
133983, 46506
156124, 46506
204525, 46506
211057, 46506
227147, 46506
272754, 46506
294264, 46506
107475, 46473
17694, 46470
20064, 46470
194309, 46470
54204, 46454
145324, 46379
73051, 46345
30487, 46334
184624, 46334
240857, 46334
147703, 46272
171449, 46272
201395, 46243
202159, 46243
293125, 46241
253739, 46062
77471, 45790
174731, 45790
196155, 45790
224655, 45790
68197, 45565
292070, 45557
284455, 45556
33328, 45446
8229, 45408
30262, 45408
59944, 45408
68723, 45408
70507, 45408
96642, 45408
128468, 45408
152176, 45408
125813, 45281
12445, 45227
55585, 45227
73588, 45167
59829, 44986
98417, 44986
119245, 44986
128709, 44986
189276, 44986
202061, 44986
234461, 44986
74402, 44636
112259, 44636
131641, 44636
166766, 44636
186958, 44636
188516, 44636
238634, 44636
246119, 44636
264433, 44636
268664, 44636
289745, 44636
206807, 44507
65535, 44214
77173, 44214
148782, 44214
94290, 44123
96816, 44123
114940, 44123
208600, 44036
101320, 43814
257169, 43814
91558, 43751
216389, 43751
1685, 43438
47245, 43438
247715, 43438
284624, 43438
244018, 43390
164766, 43385
129222, 43180
6503, 42852
76286, 42774
153194, 42628
106712, 42414
79216, 42302
176902, 42264
200942, 42231
255924, 42231
269958, 42231
134763, 42177
235672, 42103
6032, 41859
155419, 41859
174389, 41859
176344, 41859
211772, 41739
221774, 41739
163249, 41613
222543, 41599
233386, 41599
136028, 41580
235989, 41580
182587, 41552
200211, 41552
239206, 41552
278418, 41552
143659, 41464
168195, 41464
248434, 41464
277801, 41418
4005, 41095
60255, 40655
77233, 40655
91256, 40655
101629, 40655
266531, 40633
217566, 40623
220247, 40623
239590, 40623
254395, 40623
290807, 40623
138635, 40621
142658, 40621
108225, 40572
170967, 40518
197112, 40518
44937, 40401
125242, 40401
157141, 40401
272990, 40401
101741, 40286
130580, 40286
120458, 40208
193085, 40064
31328, 40026
14541, 39841
25631, 39841
43166, 39841
276816, 39841
137646, 39619
252520, 39605
45119, 39529
56670, 39529
106965, 39529
117133, 39529
121523, 39529
149429, 39529
152025, 39529
174984, 39529
182543, 39529
192560, 39529
206166, 39529
210633, 39529
220964, 39529
226687, 39529
227901, 39529
228086, 39529
229222, 39529
274029, 39529
286441, 39529
119070, 39448
203968, 39448
110796, 39435
151757, 39399
54464, 39345
77679, 39345
82145, 39345
110681, 39345
134690, 39345
139272, 39345
170091, 39345
184002, 39345
184802, 39345
205819, 39345
211015, 39345
242536, 39345
268865, 39345
283425, 39345
291473, 39345
292365, 39345
250781, 39262
78297, 39089
103915, 39089
114235, 39089
120895, 39089
132710, 39089
69202, 38962
94222, 37848
141908, 37848
157018, 37848
231079, 37848
265305, 37848
268845, 37848
27580, 37838
35067, 37838
87667, 37838
245931, 37838
92432, 37767
8511, 37507
31195, 37507
198066, 37329
62147, 37125
82393, 37046
160972, 36623
59616, 36601
158949, 36402
192451, 36402
241653, 36402
36628, 36226
106482, 36226
84425, 36205
92494, 36205
122941, 36205
131434, 36205
126817, 35811
167544, 35113
233551, 34420
52750, 34147
82408, 34147
111573, 34147
171714, 34147
238555, 34147
268588, 34147
41942, 33924
62632, 33924
144052, 33924
161755, 33924
5535, 33810
29434, 33810
198469, 33581
76905, 33184
209970, 32675
7788, 32667
14319, 32667
20250, 32667
21999, 32667
26090, 32667
27119, 32667
29654, 32667
32454, 32667
38425, 32667
46754, 32667
55690, 32667
91890, 32667
191891, 32417
7689, 32103
86877, 31537
67737, 30626
112384, 30626
162853, 30626
175778, 30626
196173, 30626
219590, 30626
236797, 30626
261929, 30626
270689, 30626
287490, 30626
19070, 30588
97920, 30588
281748, 30588
225806, 30383
167149, 29931
272516, 29798
266132, 29714
90985, 29580
238689, 29580
281011, 28259
62564, 27933
113709, 27480
175433, 27328
47230, 26913
78966, 26913
108597, 26913
183630, 26913
195625, 26913
216733, 26913
254079, 26913
5707, 26787
182796, 26766
7930, 26675
29098, 26653
50964, 26020
128297, 25364
24158, 25356
30129, 25356
50728, 25356
108677, 25356
169654, 25356
277080, 25356
59055, 24720
131162, 24720
149316, 24720
175095, 24720
200978, 24720
213700, 24720
224582, 24720
227873, 24720
276909, 24720
280097, 24720
285406, 24720
267898, 24655
115090, 24614
36421, 24284
26459, 24169
81047, 24169
83292, 24169
105127, 24169
112537, 24169
116686, 24169
127192, 24169
132613, 24169
139795, 24169
143332, 24169
145049, 24169
152202, 24169
156479, 24169
167280, 24169
167562, 24169
173362, 24169
174792, 24169
177260, 24169
177262, 24169
183523, 24169
185097, 24169
191305, 24169
192217, 24169
193056, 24169
194209, 24169
194957, 24169
202551, 24169
205142, 24169
215613, 24169
216065, 24169
218872, 24169
219563, 24169
221476, 24169
260985, 24169
268729, 24169
277483, 24169
278647, 24169
294087, 24169
295004, 24169
51931, 24021
230506, 24021
275592, 24021
126833, 24011
218019, 24011
283975, 24011
286863, 23943
41394, 23781
59408, 23781
66191, 23781
67341, 23781
67455, 23781
73459, 23781
79211, 23781
81709, 23781
86575, 23781
103458, 23781
128013, 23781
128218, 23781
129280, 23781
140424, 23781
141824, 23781
147900, 23781
150268, 23781
151071, 23781
151530, 23781
152413, 23781
152996, 23781
153318, 23781
158341, 23781
162834, 23781
167213, 23781
173135, 23781
176624, 23781
186616, 23781
188255, 23781
194278, 23781
198010, 23781
205628, 23781
212754, 23781
219588, 23781
224053, 23781
228184, 23781
250366, 23781
255220, 23781
255741, 23781
256067, 23781
257108, 23781
263202, 23781
268682, 23781
270926, 23781
277317, 23781
277446, 23781
278598, 23781
280277, 23781
281235, 23781
292668, 23781
293217, 23781
295801, 23781
214126, 23456
76986, 23442
122817, 23442
158125, 23442
31553, 23337
242950, 23310
20550, 23262
37865, 23150
38758, 23150
40009, 23150
50467, 23150
51756, 23150
52744, 23150
53183, 23150
55145, 23150
58909, 23150
58987, 23150
63790, 23150
64589, 23150
66915, 23150
68231, 23150
69616, 23150
70979, 23150
74369, 23150
74517, 23150
77166, 23150
78285, 23150
79449, 23150
83778, 23150
84299, 23150
86407, 23150
87559, 23150
88927, 23150
90698, 23150
93046, 23150
95006, 23150
97801, 23150
98209, 23150
99048, 23150
99217, 23150
100299, 23150
100529, 23150
105996, 23150
107218, 23150
107390, 23150
108298, 23150
108320, 23150
113071, 23150
119759, 23150
121178, 23150
123446, 23150
123677, 23150
126224, 23150
129853, 23150
130740, 23150
131638, 23150
136630, 23150
142518, 23150
144537, 23150
148636, 23150
149489, 23150
151563, 23150
153826, 23150
154689, 23150
160413, 23150
161613, 23150
163054, 23150
167299, 23150
170579, 23150
170929, 23150
171497, 23150
192418, 23150
192542, 23150
194494, 23150
196731, 23150
200049, 23150
202515, 23150
211669, 23150
218859, 23150
225804, 23150
225923, 23150
227793, 23150
240414, 23150
251889, 23150
264655, 23150
271240, 23150
276374, 23150
279208, 23150
284342, 23150
287909, 23150
288736, 23150
66244, 23132
286077, 23132
12602, 23130
14183, 22949
26703, 22949
51560, 22949
56327, 22949
65645, 22949
67400, 22949
76859, 22949
81256, 22949
82257, 22949
83909, 22949
95836, 22949
112916, 22949
137642, 22949
142992, 22949
143697, 22949
169325, 22949
207893, 22949
216999, 22949
218440, 22949
245849, 22949
247269, 22949
248275, 22949
249277, 22949
288161, 22949
68537, 22810
72060, 22810
121266, 22810
151577, 22810
192440, 22810
247778, 22810
250464, 22810
158213, 22725
156609, 22717
241586, 22717
280728, 22614
283437, 22614
10126, 22404
47180, 22404
22939, 22339
186501, 22267
31095, 22166
86080, 22154
22083, 22101
32103, 22101
124469, 22026
26374, 22023
31641, 22022
49051, 21899
68050, 21899
100008, 21899
119227, 21899
157137, 21899
163466, 21899
265303, 21899
86242, 21852
178845, 21852
187245, 21852
195058, 21852
56848, 21820
78018, 21820
82706, 21820
83544, 21820
90289, 21820
90493, 21820
97671, 21820
99756, 21820
111954, 21820
119977, 21820
128676, 21820
136971, 21820
137027, 21820
144383, 21820
160770, 21820
183349, 21820
186295, 21820
189463, 21820
209739, 21820
223769, 21820
232201, 21820
233199, 21820
278222, 21820
88881, 21796
109216, 21796
123040, 21796
153751, 21796
182685, 21796
196402, 21796
200787, 21796
240054, 21796
274408, 21796
40654, 21477
143082, 21477
212472, 21463
25752, 21367
78024, 21367
93924, 21367
185598, 21272
40908, 21213
54022, 21213
71378, 21213
72206, 21213
93994, 21213
111323, 21213
130938, 21156
175199, 21156
176305, 21156
238564, 21156
221983, 21089
232501, 21089
64583, 20990
143496, 20990
118904, 20909
92175, 20751
174581, 20337
135920, 20256
17749, 20189
128097, 20064
188000, 20057
53296, 19536
59837, 19536
64696, 19536
66719, 19536
68832, 19536
104536, 19536
106431, 19536
113540, 19536
125948, 19536
148025, 19536
149835, 19536
153306, 19536
156804, 19536
158869, 19536
159657, 19536
194941, 19536
199557, 19536
201130, 19536
202738, 19536
237719, 19536
246313, 19536
249181, 19536
276553, 19536
285485, 19536
291850, 19536
266840, 19534
269632, 19500
114497, 19426
226941, 18918
257380, 18888
254432, 18785
34702, 18519
88953, 18128
111588, 17824
204049, 17824
229686, 17824
74415, 17808
33916, 17805
292202, 17530
162117, 17284
66806, 17221
167070, 17221
184564, 17221
295192, 17066
3682, 17037
187159, 16947
37065, 16903
41349, 16903
111936, 16903
70156, 16482
186112, 16482
270078, 16359
34821, 16327
89870, 16325
285271, 16176
245961, 16145
209006, 15819
4299, 15802
279149, 15714
94544, 15633
221943, 15595
4631, 15470
225527, 14702
65782, 13976
141877, 12634
70707, 12581
52079, 12246
119232, 12008
175728, 11878
76768, 11735
172844, 10353
185036, 10321
198384, 9908
150330, 9898
210278, 9898
150481, 9726
178415, 9611
219188, 9429
120660, 8905
126585, 8905
203827, 8878
205541, 8878
82594, 8831
32390, 8821
10622, 8527
184955, 8372
294621, 8123
51930, 8061
106118, 8061
216476, 8061
278329, 8061
179400, 7703
191396, 7703
249410, 7657
289293, 7657
117329, 7656
239717, 7650
289157, 7577
266045, 7569
89326, 7486
239931, 7461
93299, 7392
143498, 7376
181497, 7324
81054, 7319
203390, 7300
254684, 7300
282015, 7300
107397, 7259
273231, 7148
296047, 7049
29462, 7011
53741, 7004
110063, 7004
239933, 7004
52665, 6996
150787, 6996
28713, 6959
233127, 6927
64490, 6860
166736, 6858
66488, 6795
236687, 6795
149778, 6767
239170, 6737
237738, 6714
287263, 6698
116545, 6696
57425, 6695
264577, 6690
124946, 6681
208125, 6681
221711, 6681
222771, 6681
281000, 6681
180961, 6670
4475, 6667
48866, 6591
195204, 6591
246306, 6576
55471, 6575
107086, 6575
133269, 6575
142298, 6575
152340, 6575
164771, 6575
194293, 6575
260939, 6575
269528, 6575
127847, 6572
191238, 6569
269891, 6548
276617, 6519
202859, 6517
147784, 6495
212631, 6495
277262, 6490
245230, 6487
25314, 6480
170205, 6473
215642, 6473
60927, 6456
80170, 6456
200879, 6456
214391, 6456
254340, 6424
294068, 6424
48777, 6380
178190, 6362
169938, 6358
154485, 6319
209463, 6319
98634, 6298
133174, 6298
191002, 6298
249414, 6298
112030, 6279
190296, 6263
288376, 6263
52309, 6236
68178, 6236
103244, 6236
126144, 6236
148324, 6236
158070, 6236
180302, 6236
181068, 6236
232176, 6236
245376, 6236
255628, 6236
267051, 6236
279923, 6236
148147, 6230
49532, 6162
97058, 6162
180498, 6158
252389, 6142
158674, 6137
247396, 6137
55053, 6133
240660, 6133
282550, 6112
59516, 6099
139727, 6060
82860, 6041
100155, 5869
269882, 5852
129570, 5835
91642, 5819
213763, 5802
193993, 5795
289057, 5795
60779, 5786
63167, 5767
58983, 5758
139857, 5758
194765, 5758
235716, 5754
124636, 5745
262130, 5733
211478, 5693
37122, 5687
90429, 5687
131614, 5687
159275, 5687
256796, 5687
272793, 5665
284880, 5647
65148, 5631
153402, 5631
263663, 5631
233727, 5627
119050, 5625
139802, 5625
184540, 5625
195053, 5625
215495, 5625
225371, 5625
249486, 5625
286911, 5625
212718, 5616
121382, 5598
136171, 5598
148199, 5598
155028, 5598
212819, 5598
215074, 5598
260495, 5598
52380, 5594
146539, 5594
141418, 5566
142011, 5566
215002, 5566
225503, 5566
238968, 5566
243600, 5536
246675, 5536
217245, 5517
220367, 5517
242808, 5517
256867, 5517
184312, 5516
200004, 5516
70947, 5502
213622, 5502
268649, 5502
275949, 5502
67462, 5494
132432, 5494
133181, 5494
244748, 5494
232927, 5488
48454, 5484
171978, 5484
296178, 5467
97262, 5458
17742, 5456
82098, 5456
119830, 5456
147027, 5456
186097, 5456
217138, 5456
251037, 5456
269687, 5456
193215, 5450
197458, 5450
250240, 5450
258136, 5450
82677, 5448
102812, 5448
115482, 5448
127490, 5448
166966, 5448
171563, 5448
199434, 5448
206793, 5448
224871, 5448
284130, 5448
23790, 5421
39319, 5421
274381, 5421
165395, 5398
240478, 5398
90199, 5393
88961, 5391
116003, 5391
204736, 5391
229021, 5391
34284, 5369
46958, 5369
100739, 5369
111659, 5369
136881, 5369
140295, 5369
175458, 5369
217880, 5369
222040, 5369
228243, 5369
263222, 5369
269813, 5369
70516, 5314
138230, 5314
45028, 5305
73361, 5305
40386, 5286
50860, 5286
154569, 5286
224830, 5286
108779, 5274
56995, 5246
41627, 5140
135595, 5140
182289, 5140
240032, 5140
263113, 5140
263784, 5140
266843, 5140
115421, 5135
135918, 5135
276503, 5135
137439, 5113
134516, 5010
161226, 5006
129268, 4957
131845, 4957
198057, 4957
236462, 4957
182530, 4954
276492, 4948
266803, 4925
150067, 4924
99842, 4903
173, 4895
193073, 4895
58326, 4890
259960, 4890
271451, 4890
191884, 4827
237918, 4827
290007, 4820
80832, 4807
137331, 4807
192045, 4807
248326, 4807
273262, 4807
5353, 4787
61918, 4777
96911, 4777
103345, 4777
112664, 4777
114339, 4777
120686, 4777
130603, 4777
142962, 4777
143987, 4777
154162, 4777
160468, 4777
164553, 4777
195939, 4777
203384, 4777
217517, 4777
227052, 4777
231179, 4777
238479, 4777
250288, 4777
254600, 4777
270529, 4777
294478, 4777
98681, 4776
125980, 4775
202583, 4775
285365, 4775
222713, 4762
285472, 4762
54357, 4761
43742, 4679
80240, 4679
162206, 4679
24553, 4672
164853, 4672
218779, 4672
220865, 4672
259820, 4672
40246, 4665
168493, 4665
184335, 4665
198903, 4665
201281, 4665
219741, 4665
221908, 4665
225559, 4665
48146, 4647
95717, 4647
173555, 4647
175141, 4647
243143, 4647
171632, 4638
210889, 4638
266595, 4638
284493, 4638
88917, 4620
105736, 4620
152208, 4620
171039, 4620
183650, 4620
192927, 4620
224563, 4620
225287, 4620
233656, 4620
241464, 4620
245618, 4620
262954, 4620
271225, 4620
271319, 4620
278891, 4618
111232, 4617
151261, 4617
159653, 4617
233802, 4617
106964, 4611
133900, 4611
162121, 4611
191612, 4611
192192, 4611
213869, 4611
280151, 4611
283695, 4611
295768, 4611
137309, 4593
141923, 4593
152290, 4593
162663, 4593
240618, 4593
115969, 4569
118162, 4569
259227, 4562
286871, 4562
288256, 4554
232759, 4516
173831, 4508
230459, 4508
25681, 4501
119469, 4501
49285, 4466
186336, 4466
210042, 4466
231877, 4466
264712, 4466
57104, 4443
241660, 4417
110131, 4411
127542, 4411
168504, 4411
184441, 4411
199506, 4411
225821, 4411
280868, 4411
282139, 4411
60955, 4403
68271, 4403
215357, 4403
236557, 4403
185627, 4398
217383, 4392
218024, 4392
287259, 4392
223163, 4383
17540, 4373
79267, 4373
239668, 4373
278047, 4373
31084, 4360
106146, 4333
221910, 4317
267025, 4317
290890, 4317
211808, 4310
34222, 4309
240537, 4267
96597, 4264
10981, 4263
74509, 4263
90899, 4263
101057, 4263
175259, 4263
244132, 4263
40948, 4256
64366, 4256
99920, 4256
151562, 4256
160031, 4256
176947, 4256
200537, 4256
90446, 4239
167178, 4239
241699, 4239
254822, 4239
277013, 4239
295527, 4239
47646, 4230
223322, 4230
282653, 4230
125812, 4228
132006, 4228
140019, 4228
147760, 4228
154990, 4228
221642, 4228
225448, 4228
232357, 4228
251223, 4228
261711, 4228
277330, 4228
207084, 4225
235322, 4214
276362, 4214
181918, 4204
185173, 4204
9157, 4198
159660, 4198
256623, 4198
296503, 4193
74311, 4183
38487, 4178
46610, 4178
79774, 4178
87969, 4178
182742, 4178
204897, 4178
213654, 4178
236903, 4178
286268, 4178
43929, 4170
91497, 4158
234215, 4149
199629, 4108
108694, 4102
71358, 4052
50316, 4031
108719, 4031
135520, 4031
176982, 4031
219760, 4031
277332, 4004
156951, 3998
205063, 3979
37202, 3964
260154, 3964
279718, 3964
84387, 3962
178660, 3962
257150, 3962
183913, 3950
267681, 3950
141016, 3948
143445, 3948
289472, 3948
154360, 3947
42739, 3938
48259, 3938
66740, 3938
104890, 3938
107411, 3938
115399, 3938
124800, 3938
129780, 3938
138332, 3938
140531, 3938
159461, 3938
182446, 3938
198099, 3938
231117, 3938
279311, 3938
286547, 3938
216715, 3930
8874, 3908
43654, 3908
180759, 3908
286143, 3908
149993, 3904
19017, 3901
32349, 3901
157743, 3901
213088, 3901
254558, 3901
288042, 3901
108869, 3899
286932, 3899
279053, 3897
91521, 3896
87869, 3884
168071, 3868
208324, 3866
209436, 3866
178424, 3862
180199, 3862
250669, 3860
92602, 3859
170919, 3859
248043, 3859
120569, 3857
207807, 3857
129564, 3855
262019, 3855
267863, 3855
127728, 3854
176548, 3854
177684, 3849
205562, 3846
89951, 3839
144638, 3832
97272, 3824
241165, 3820
193922, 3815
68903, 3814
90459, 3814
101615, 3814
275029, 3814
23893, 3809
145762, 3806
47357, 3797
72996, 3797
184826, 3797
286212, 3789
85309, 3786
138472, 3777
40174, 3776
81405, 3776
239210, 3757
268833, 3757
241192, 3754
130786, 3751
72909, 3689
145228, 3689
192908, 3689
215110, 3685
120199, 3683
248547, 3683
176470, 3680
25777, 3656
149322, 3656
48926, 3643
19595, 3636
287477, 3601
79703, 3594
179925, 3594
199486, 3594
288250, 3594
172314, 3566
221653, 3566
57330, 3564
290615, 3564
46476, 3543
78197, 3543
86973, 3543
163485, 3543
271954, 3543
112805, 3541
259703, 3537
180555, 3532
237123, 3532
204074, 3530
93778, 3512
11756, 3491
69675, 3491
84825, 3491
159010, 3489
195758, 3486
277357, 3463
62506, 3448
251366, 3448
295709, 3448
148179, 3414
26819, 3401
79831, 3384
94332, 3384
158713, 3384
53970, 3376
260933, 3362
64879, 3352
187735, 3351
242591, 3351
224874, 3342
252794, 3340
219044, 3335
283252, 3335
169718, 3306
77301, 3303
93677, 3288
266491, 3280
219582, 3277
152789, 3271
56099, 3268
214073, 3268
178359, 3265
72110, 3229
160730, 3229
268937, 3229
116940, 3197
231906, 3197
68713, 3188
111235, 3188
160951, 3188
111858, 3182
175299, 3182
215224, 3182
211165, 3179
133306, 3164
264323, 3159
71851, 3154
139952, 3152
246454, 3152
167097, 3142
202628, 3124
38437, 3116
213805, 3109
165836, 3097
141270, 3086
141405, 3086
247560, 3086
289701, 3086
245317, 3077
269460, 3077
91337, 3076
133019, 3076
157994, 3076
283140, 3076
62174, 3071
264875, 3068
240584, 3066
96724, 3034
209706, 3031
12667, 3029
73314, 3029
100344, 3029
101508, 3029
104274, 3029
116583, 3029
126461, 3029
167980, 3029
170358, 3029
172584, 3029
193499, 3029
194622, 3029
195626, 3029
228700, 3029
233252, 3029
241891, 3029
266412, 3029
277770, 3029
28567, 3019
105169, 3019
183391, 3019
183588, 3019
29516, 3018
123869, 3015
261091, 3015
146066, 2995
175725, 2995
191121, 2995
212570, 2995
256866, 2993
199875, 2980
243159, 2980
270241, 2980
289269, 2980
295444, 2980
280088, 2976
121111, 2962
85432, 2946
215879, 2942
42598, 2939
230827, 2939
71929, 2938
157592, 2924
287542, 2908
138405, 2890
208882, 2890
36332, 2882
56545, 2882
56748, 2882
66062, 2882
77438, 2882
77606, 2882
93941, 2882
108643, 2882
114118, 2882
116801, 2882
117321, 2882
136195, 2882
148159, 2882
152079, 2882
172169, 2882
175528, 2882
176990, 2882
177216, 2882
183259, 2882
185638, 2882
186306, 2882
187879, 2882
191922, 2882
193163, 2882
194125, 2882
195940, 2882
202439, 2882
207326, 2882
215069, 2882
222260, 2882
234723, 2882
236356, 2882
242125, 2882
242598, 2882
255912, 2882
261988, 2882
264229, 2882
266552, 2882
268417, 2882
270906, 2882
282856, 2882
285911, 2882
106138, 2878
73690, 2874
86626, 2874
138623, 2874
257036, 2874
280073, 2864
104015, 2852
249397, 2852
284826, 2846
24456, 2843
143751, 2843
155134, 2843
202591, 2843
39456, 2830
77187, 2830
95433, 2830
133946, 2830
134875, 2830
212419, 2830
285045, 2826
262197, 2817
243451, 2816
262087, 2816
262147, 2816
283137, 2816
269153, 2814
250171, 2813
164421, 2793
288003, 2782
238098, 2767
109707, 2763
174410, 2752
227920, 2752
267373, 2752
269472, 2752
155412, 2730
214594, 2724
215967, 2720
219969, 2710
207131, 2707
200616, 2706
22913, 2704
115486, 2704
209829, 2685
251720, 2685
213463, 2675
192531, 2661
41057, 2641
255121, 2629
249704, 2628
296484, 2628
158203, 2595
276641, 2583
153363, 2577
127483, 2519
50710, 2508
119260, 2508
148892, 2508
248397, 2502
113527, 2498
186875, 2498
271136, 2498
282691, 2495
103625, 2488
7965, 2487
122748, 2487
136135, 2487
220653, 2487
230224, 2487
234760, 2487
274739, 2487
101185, 2486
131984, 2485
28597, 2472
237031, 2467
27384, 2457
138028, 2457
236456, 2457
256657, 2457
216560, 2455
243792, 2455
268080, 2455
288538, 2455
66784, 2453
163231, 2453
56297, 2452
87698, 2452
122230, 2452
131267, 2452
172546, 2452
230149, 2452
242155, 2452
25235, 2449
239735, 2445
23815, 2444
207141, 2443
225260, 2440
235241, 2440
18553, 2436
36552, 2433
107341, 2433
108656, 2433
57234, 2432
61510, 2432
124072, 2432
139561, 2432
206217, 2432
270092, 2432
55792, 2431
217182, 2431
273578, 2431
175931, 2428
215509, 2428
235865, 2428
128359, 2426
207387, 2421
292405, 2418
292930, 2418
213243, 2416
245701, 2406
74576, 2405
86726, 2405
103809, 2405
144510, 2405
215888, 2405
153070, 2400
171150, 2400
217791, 2400
218813, 2400
228881, 2400
292918, 2400
180009, 2394
192587, 2394
206751, 2394
213037, 2394
258773, 2394
289813, 2394
141549, 2391
166451, 2391
83131, 2389
161694, 2389
80490, 2387
122937, 2387
123152, 2387
137110, 2387
145886, 2387
146347, 2387
156934, 2387
160251, 2387
180028, 2387
198450, 2387
220514, 2387
244916, 2387
199405, 2382
203278, 2382
229425, 2382
255045, 2382
192910, 2374
213939, 2374
295522, 2374
183090, 2371
239767, 2371
34459, 2368
67299, 2368
100649, 2368
140990, 2368
147061, 2368
167916, 2368
215975, 2368
124692, 2367
156084, 2367
174554, 2367
194798, 2367
216741, 2367
277712, 2367
144223, 2364
245592, 2362
250227, 2357
138535, 2342
250944, 2340
263427, 2336
194754, 2335
18399, 2321
215844, 2321
75547, 2316
175142, 2316
90476, 2315
154133, 2315
100987, 2312
124590, 2312
241584, 2312
253619, 2312
256571, 2312
88964, 2307
122547, 2307
132971, 2307
143043, 2307
145205, 2307
168219, 2307
175864, 2307
179032, 2307
197809, 2307
204323, 2307
209066, 2307
210179, 2307
217446, 2307
243511, 2307
251595, 2307
255978, 2307
262783, 2307
265713, 2307
293440, 2307
294831, 2305
212978, 2301
230096, 2294
39930, 2293
68916, 2293
111015, 2293
148351, 2293
153031, 2293
164100, 2293
185828, 2293
196804, 2293
211664, 2293
213234, 2293
222961, 2293
262849, 2293
277211, 2293
278301, 2293
164030, 2290
220162, 2285
166876, 2284
214351, 2284
281834, 2284
104486, 2275
198095, 2273
30210, 2272
30334, 2272
38045, 2272
80638, 2272
91576, 2272
102451, 2272
132177, 2272
225167, 2272
246162, 2272
126471, 2270
157493, 2270
217056, 2270
274530, 2270
281648, 2265
191963, 2260
20738, 2254
21928, 2254
30168, 2254
32459, 2254
41784, 2254
50369, 2254
63580, 2254
67763, 2254
80810, 2254
119359, 2254
122830, 2254
169005, 2254
204043, 2254
158399, 2246
217219, 2246
10773, 2244
16331, 2244
79820, 2244
86617, 2244
100043, 2244
287832, 2243
11757, 2240
74072, 2240
195845, 2240
19464, 2232
111172, 2232
126543, 2232
211524, 2232
157514, 2231
184549, 2231
177001, 2226
85253, 2220
215395, 2219
190462, 2212
81352, 2207
89263, 2207
188893, 2207
223870, 2207
250927, 2207
231362, 2203
253932, 2203
54042, 2196
27140, 2193
43785, 2193
76074, 2193
130767, 2193
191271, 2193
217643, 2193
251008, 2193
278526, 2193
287090, 2193
53730, 2192
15302, 2182
213394, 2182
14997, 2181
41288, 2181
42225, 2181
65749, 2181
123466, 2181
201163, 2181
221175, 2181
135105, 2180
198433, 2180
251600, 2180
279701, 2180
289757, 2180
290991, 2180
165493, 2175
256535, 2175
157480, 2172
88125, 2171
121966, 2166
129720, 2166
185244, 2166
70417, 2161
168536, 2158
38888, 2157
65239, 2157
90257, 2157
270313, 2154
173246, 2152
154295, 2151
54772, 2147
136037, 2147
146460, 2147
149203, 2147
162327, 2147
183931, 2147
188523, 2147
201443, 2147
209205, 2147
213244, 2147
228247, 2147
231448, 2147
253649, 2147
256861, 2147
257085, 2147
273589, 2147
281613, 2147
288199, 2147
118707, 2137
139387, 2137
145790, 2137
230300, 2137
262683, 2137
116606, 2132
140690, 2132
285930, 2132
214890, 2130
217332, 2130
35140, 2127
106952, 2127
87733, 2120
173156, 2120
86524, 2117
139616, 2117
189189, 2115
218324, 2115
212235, 2113
262901, 2113
266960, 2112
281050, 2110
172453, 2108
14941, 2105
18423, 2105
33673, 2105
44454, 2105
64277, 2105
71305, 2105
75297, 2105
113377, 2105
141882, 2105
153891, 2105
164242, 2105
242065, 2105
44944, 2103
97188, 2103
127820, 2103
149315, 2103
209116, 2103
218684, 2103
235602, 2103
224393, 2099
284850, 2099
293092, 2099
186529, 2097
252494, 2097
265275, 2097
43489, 2094
183595, 2094
201186, 2094
215394, 2094
218509, 2094
259967, 2094
281761, 2094
157543, 2091
198723, 2091
239457, 2091
279440, 2091
93412, 2090
120171, 2090
129422, 2090
206440, 2090
225891, 2090
242197, 2090
77378, 2089
177621, 2089
236086, 2089
178258, 2087
255182, 2087
49228, 2086
62760, 2085
217344, 2085
54292, 2077
197693, 2077
180791, 2076
117110, 2074
152450, 2074
166714, 2074
43058, 2071
145032, 2071
148106, 2071
159492, 2071
277602, 2071
74751, 2068
233582, 2068
253988, 2068
9914, 2062
40774, 2062
72920, 2061
81538, 2061
100947, 2061
12982, 2055
153780, 2055
111809, 2054
108572, 2049
129632, 2047
182754, 2047
254231, 2047
10166, 2044
92715, 2044
228920, 2044
280983, 2044
242647, 2043
280841, 2043
266321, 2042
146442, 2039
163533, 2039
165381, 2039
185754, 2039
201733, 2039
253231, 2035
130412, 2027
135758, 2027
193384, 2027
201567, 2027
201976, 2027
242727, 2027
224367, 2025
236036, 2025
294750, 2022
104671, 2019
60272, 2017
67626, 2017
116678, 2017
141561, 2017
107793, 2011
19544, 2008
26531, 2008
46146, 2008
59709, 2008
191133, 2008
109968, 2001
191117, 2001
191799, 2001
264888, 1999
267004, 1999
159234, 1996
235370, 1996
90501, 1995
194397, 1995
73160, 1994
169462, 1994
210942, 1994
213565, 1994
57300, 1992
154825, 1992
194631, 1992
219962, 1992
239837, 1992
165462, 1990
270957, 1990
35747, 1986
83478, 1986
174744, 1986
179470, 1986
276531, 1986
282999, 1986
287820, 1986
97809, 1983
219936, 1983
64721, 1982
122845, 1982
32555, 1981
285657, 1981
179791, 1979
162548, 1973
261178, 1973
166628, 1972
23715, 1967
36469, 1967
97273, 1967
233089, 1967
105386, 1962
136680, 1962
135960, 1957
281082, 1957
61742, 1953
42979, 1944
161617, 1944
204403, 1944
221094, 1944
226593, 1944
245995, 1944
13744, 1942
14488, 1942
17405, 1942
83069, 1942
139015, 1942
202286, 1942
227467, 1942
239572, 1942
178178, 1939
201626, 1939
221261, 1939
254507, 1939
172279, 1933
177107, 1933
255721, 1933
286406, 1933
271928, 1932
268580, 1930
78883, 1926
105474, 1926
237469, 1926
106298, 1914
281937, 1914
290638, 1914
11517, 1912
28887, 1912
48087, 1912
76072, 1912
91104, 1912
265237, 1912
290369, 1912
186974, 1909
193997, 1909
100332, 1908
207992, 1908
222112, 1908
76482, 1907
81730, 1907
130300, 1903
11849, 1902
279090, 1902
125262, 1897
286290, 1897
69031, 1894
111377, 1894
178536, 1894
227764, 1894
286102, 1894
16885, 1891
20375, 1891
282134, 1885
43650, 1883
272881, 1882
66098, 1881
197812, 1881
18751, 1880
248173, 1880
292865, 1880
94113, 1877
113198, 1876
139081, 1876
164596, 1876
187625, 1876
189932, 1876
189954, 1876
196630, 1876
255815, 1876
105300, 1875
190280, 1875
52449, 1870
259054, 1870
209263, 1868
103724, 1860
180258, 1860
198248, 1860
89595, 1857
120830, 1857
121492, 1857
159009, 1857
221173, 1857
230044, 1857
238492, 1857
242167, 1857
293957, 1857
92046, 1850
126475, 1850
262519, 1850
238390, 1845
232147, 1844
69723, 1842
119942, 1842
163173, 1842
13848, 1835
201928, 1835
105896, 1833
219524, 1833
251112, 1833
261719, 1833
188480, 1828
273164, 1827
61254, 1821
74296, 1821
184642, 1821
87808, 1817
169296, 1815
188780, 1815
25320, 1811
31336, 1811
40993, 1811
43083, 1811
49129, 1811
65932, 1811
96529, 1811
106438, 1811
133483, 1811
136015, 1811
234116, 1811
264892, 1811
230883, 1803
280560, 1802
14990, 1801
50129, 1797
151333, 1797
254223, 1797
89602, 1796
185642, 1796
174354, 1793
9096, 1789
11556, 1789
16652, 1789
18140, 1789
31441, 1789
42484, 1789
43323, 1789
47510, 1789
53480, 1789
57848, 1789
75338, 1789
147764, 1789
233232, 1789
252530, 1789
285188, 1789
111734, 1778
217967, 1778
12716, 1777
98190, 1777
205379, 1776
69139, 1773
107990, 1773
25837, 1770
38774, 1770
115185, 1770
254756, 1770
139779, 1769
180168, 1769
193374, 1768
210577, 1768
104839, 1766
86303, 1765
193237, 1763
214271, 1762
251806, 1762
25184, 1758
39821, 1758
92753, 1758
108743, 1758
16812, 1756
16922, 1756
23341, 1756
33293, 1756
44312, 1756
117657, 1754
161210, 1754
189183, 1754
189632, 1754
69520, 1747
144708, 1747
273943, 1745
146243, 1741
207424, 1741
263211, 1741
182146, 1740
263166, 1740
107724, 1738
252914, 1738
30077, 1736
56468, 1736
87957, 1736
292339, 1736
86880, 1735
144833, 1735
170612, 1735
222598, 1734
62995, 1732
64044, 1732
96852, 1732
134470, 1732
296574, 1732
130610, 1728
292134, 1728
15572, 1725
249146, 1725
41218, 1721
147719, 1721
148745, 1721
208155, 1718
54653, 1716
73259, 1716
108250, 1716
143737, 1716
222675, 1716
241208, 1716
263075, 1716
26699, 1714
22895, 1713
89227, 1713
103080, 1713
22553, 1711
290943, 1709
193852, 1707
271308, 1707
201623, 1705
208916, 1705
224790, 1704
245769, 1704
267658, 1704
223490, 1703
217609, 1701
172447, 1697
135112, 1696
276665, 1696
206552, 1689
245899, 1689
274974, 1688
184472, 1687
275728, 1687
51503, 1685
231399, 1684
259335, 1684
296619, 1684
106817, 1678
126467, 1678
130804, 1678
145742, 1678
176756, 1678
220574, 1678
197004, 1677
208432, 1677
265388, 1677
265599, 1677
110403, 1675
70504, 1670
194369, 1665
294189, 1665
177941, 1663
290211, 1661
167055, 1660
186908, 1660
102900, 1655
56233, 1653
253341, 1653
48852, 1652
100257, 1652
186230, 1648
291186, 1648
169086, 1647
245500, 1647
35128, 1643
44230, 1642
54295, 1642
73493, 1642
120011, 1642
268860, 1641
59610, 1640
80268, 1640
93351, 1639
155429, 1639
204028, 1639
232744, 1639
236792, 1639
256962, 1637
215684, 1636
225387, 1636
225773, 1636
185702, 1635
122108, 1628
152252, 1628
273175, 1628
161230, 1621
55084, 1619
192681, 1618
139858, 1614
107518, 1613
173670, 1613
242007, 1613
213390, 1612
224579, 1612
42287, 1610
93776, 1610
108390, 1610
176720, 1610
250500, 1610
283009, 1610
155926, 1607
169205, 1607
268209, 1607
190738, 1603
137321, 1602
233201, 1602
45858, 1597
90975, 1597
94543, 1597
109381, 1597
166069, 1597
176525, 1597
193422, 1597
230621, 1597
252455, 1597
290602, 1597
69762, 1593
94741, 1593
96684, 1593
131382, 1593
201262, 1593
191019, 1592
262036, 1591
286298, 1591
100329, 1590
124332, 1590
7902, 1588
16073, 1588
23745, 1588
26734, 1588
34636, 1588
43076, 1588
57198, 1588
69412, 1588
73993, 1588
158033, 1588
223531, 1588
260453, 1588
62412, 1587
98808, 1586
44173, 1584
250226, 1584
118454, 1583
278885, 1583
191457, 1582
97458, 1581
285629, 1581
117531, 1579
34558, 1578
45854, 1578
58645, 1578
80685, 1578
141737, 1578
228755, 1578
239928, 1578
242851, 1578
10615, 1576
202887, 1576
152299, 1575
185777, 1575
231017, 1575
106751, 1573
223894, 1573
157544, 1572
254202, 1571
17211, 1570
28289, 1570
28372, 1570
33918, 1570
37179, 1570
52736, 1570
67769, 1570
84662, 1570
84671, 1570
92682, 1570
106434, 1570
111300, 1570
112552, 1570
130111, 1570
131291, 1570
134950, 1570
167921, 1570
184993, 1570
195066, 1570
200397, 1570
255327, 1570
232124, 1569
277167, 1569
37238, 1568
64071, 1568
66162, 1568
126563, 1568
127631, 1567
58303, 1564
60826, 1564
282440, 1564
45614, 1563
54076, 1563
115586, 1563
124486, 1563
77713, 1562
146967, 1562
162319, 1562
74099, 1561
147028, 1558
236441, 1558
17409, 1556
20567, 1556
31518, 1556
77517, 1556
98508, 1556
118781, 1556
121515, 1556
185939, 1556
268880, 1556
147978, 1555
267706, 1555
101377, 1554
152291, 1554
233444, 1554
266711, 1554
281682, 1554
10045, 1553
83221, 1552
142247, 1552
207506, 1552
244804, 1552
35805, 1551
52200, 1551
98108, 1551
107015, 1551
112337, 1551
158162, 1551
205110, 1551
237352, 1551
267875, 1551
111973, 1549
134742, 1549
142231, 1549
42158, 1547
68476, 1547
88008, 1547
281676, 1543
287828, 1543
37705, 1542
253745, 1541
268288, 1541
28098, 1540
71900, 1539
254925, 1539
259910, 1539
289018, 1539
162590, 1538
231635, 1538
91248, 1537
147319, 1537
173488, 1537
37246, 1536
74323, 1536
103433, 1536
115992, 1536
135381, 1536
162564, 1536
197886, 1536
262330, 1536
216146, 1535
130307, 1533
145529, 1533
173912, 1533
268058, 1533
9548, 1532
16669, 1532
46021, 1532
141135, 1532
252824, 1532
257601, 1532
36280, 1529
177501, 1529
16595, 1527
22968, 1527
23940, 1527
34026, 1527
38148, 1527
52640, 1527
55389, 1527
59629, 1527
60235, 1527
64451, 1527
65366, 1527
105263, 1527
133465, 1527
134195, 1527
136035, 1527
187037, 1527
188389, 1527
229507, 1527
265129, 1527
281884, 1527
95530, 1524
155561, 1524
190881, 1524
3348, 1523
242711, 1523
224201, 1517
23262, 1516
32088, 1516
43845, 1516
44378, 1516
117481, 1516
143641, 1516
14284, 1515
18160, 1515
27253, 1515
37607, 1515
50205, 1515
52332, 1515
60338, 1515
62465, 1515
68340, 1515
92532, 1515
135851, 1515
176496, 1515
200217, 1515
205897, 1515
276891, 1515
42712, 1513
123973, 1512
139817, 1512
220270, 1510
245349, 1510
264214, 1510
264810, 1510
269811, 1510
198779, 1509
164518, 1508
178114, 1508
238986, 1508
63642, 1507
184039, 1507
16164, 1505
286711, 1502
296321, 1500
64509, 1498
212749, 1497
283622, 1497
291412, 1497
67383, 1496
150765, 1496
71279, 1494
87150, 1494
123686, 1493
39476, 1491
61743, 1491
97254, 1491
117445, 1490
39022, 1489
63610, 1489
32584, 1488
51110, 1488
168382, 1487
215033, 1487
229797, 1487
79485, 1486
288932, 1486
31104, 1485
72384, 1485
177873, 1485
184282, 1485
188701, 1485
202129, 1485
203552, 1485
213744, 1485
216219, 1485
233868, 1485
209616, 1482
80531, 1481
220126, 1481
85093, 1480
111476, 1480
116831, 1478
163437, 1478
142351, 1476
176995, 1476
166286, 1474
283229, 1474
291711, 1474
222513, 1473
58785, 1472
295546, 1471
8221, 1470
9518, 1470
11036, 1470
15753, 1470
19616, 1470
20453, 1470
20714, 1470
23837, 1470
26253, 1470
27777, 1470
34617, 1470
36953, 1470
37302, 1470
37635, 1470
41536, 1470
47995, 1470
49755, 1470
59471, 1470
60076, 1470
72472, 1470
95600, 1470
107277, 1470
110146, 1470
123653, 1470
150000, 1470
177553, 1470
10327, 1468
16549, 1468
32253, 1468
60095, 1468
100310, 1468
102658, 1468
111946, 1468
112564, 1468
123069, 1468
169146, 1468
183253, 1468
206732, 1468
292131, 1468
154683, 1467
157979, 1467
106009, 1464
227325, 1464
232784, 1464
276208, 1464
64592, 1463
101659, 1459
105993, 1459
214528, 1459
232118, 1459
258424, 1459
278163, 1459
283596, 1459
285787, 1459
295000, 1459
13926, 1458
20270, 1458
28164, 1458
52787, 1458
92049, 1458
101133, 1458
125549, 1458
137370, 1458
156954, 1458
212174, 1458
259361, 1458
220923, 1457
252184, 1457
181126, 1456
67321, 1455
42072, 1453
69578, 1453
213623, 1453
65667, 1452
153680, 1452
158328, 1452
186108, 1452
199932, 1452
41563, 1450
59825, 1450
64675, 1450
119941, 1449
144713, 1449
97088, 1448
12655, 1444
53714, 1444
91719, 1444
174572, 1444
191006, 1444
193354, 1444
46196, 1443
55711, 1443
100625, 1443
184553, 1443
291967, 1443
292813, 1443
89252, 1440
105117, 1440
234911, 1440
10064, 1439
11376, 1439
14030, 1439
17457, 1439
18906, 1439
20918, 1439
23933, 1439
25087, 1439
26279, 1439
27202, 1439
31804, 1439
36900, 1439
40838, 1439
53338, 1439
56913, 1439
59310, 1439
63887, 1439
74990, 1439
94377, 1439
94902, 1439
97876, 1439
112200, 1439
133210, 1439
193536, 1439
238319, 1439
179016, 1437
255535, 1437
260343, 1437
281348, 1437
10182, 1436
48661, 1436
76618, 1436
91067, 1436
142355, 1436
161232, 1436
163228, 1436
213170, 1436
233987, 1436
237429, 1436
11724, 1435
14678, 1435
25381, 1435
34874, 1435
40582, 1435
78229, 1435
234745, 1435
126036, 1433
162093, 1433
163562, 1433
163808, 1433
180641, 1433
226101, 1433
271786, 1433
293940, 1433
36544, 1432
234050, 1432
10835, 1431
12923, 1431
13405, 1431
17543, 1431
24227, 1431
25956, 1431
27845, 1431
27914, 1431
29000, 1431
35365, 1431
35850, 1431
37067, 1431
39468, 1431
41193, 1431
46259, 1431
52835, 1431
55015, 1431
58711, 1431
63140, 1431
63969, 1431
64258, 1431
77848, 1431
131595, 1431
137872, 1431
158987, 1431
200088, 1431
201267, 1431
213835, 1431
224712, 1431
11885, 1429
23454, 1429
111150, 1429
48869, 1427
74700, 1427
129668, 1427
214601, 1427
90539, 1426
223108, 1426
53160, 1425
210075, 1425
275701, 1425
130783, 1424
143549, 1424
64467, 1422
66889, 1422
70457, 1422
78100, 1422
126483, 1422
164666, 1422
271056, 1422
284953, 1422
285554, 1421
179384, 1420
96296, 1419
154292, 1419
251693, 1419
285247, 1419
103034, 1417
199677, 1417
9017, 1416
11634, 1416
16062, 1416
18670, 1416
23446, 1416
23984, 1416
28396, 1416
35992, 1416
43281, 1416
45094, 1416
56400, 1416
59640, 1416
59870, 1416
59917, 1416
72567, 1416
83498, 1416
91479, 1416
92125, 1416
115931, 1416
171142, 1416
176177, 1416
202874, 1416
230334, 1416
251809, 1416
150924, 1415
115815, 1414
189851, 1414
207684, 1414
279119, 1414
118606, 1413
164253, 1412
143503, 1411
24105, 1410
53113, 1410
65445, 1410
69199, 1410
97553, 1410
101683, 1410
109356, 1410
188946, 1410
192579, 1410
193138, 1410
200904, 1410
239629, 1410
249782, 1410
251240, 1410
260992, 1410
269416, 1410
273083, 1410
12724, 1409
16967, 1409
22979, 1409
25168, 1409
25523, 1409
39385, 1409
50809, 1409
64283, 1409
80368, 1409
87670, 1409
149807, 1409
180252, 1409
193672, 1409
236515, 1409
255916, 1409
256329, 1409
64192, 1407
296201, 1407
51298, 1404
261951, 1402
12021, 1401
75720, 1401
168472, 1400
181196, 1400
177947, 1399
286360, 1399
33517, 1398
250708, 1398
260720, 1398
268847, 1398
184079, 1397
281476, 1397
235448, 1396
25450, 1395
90035, 1394
94666, 1394
104055, 1394
122393, 1394
154061, 1394
159643, 1394
196277, 1394
203208, 1394
231903, 1394
236025, 1394
265163, 1393
54915, 1390
95693, 1390
173515, 1390
179202, 1390
251102, 1390
16828, 1389
205637, 1389
219866, 1389
133845, 1388
145791, 1388
174343, 1388
178212, 1388
194244, 1388
210678, 1388
253014, 1388
263307, 1388
267884, 1388
285922, 1388
289115, 1388
139577, 1383
182501, 1383
183724, 1383
202650, 1383
223355, 1383
243787, 1383
259681, 1383
275616, 1383
278528, 1383
283777, 1383
142133, 1381
245915, 1381
262521, 1381
20583, 1377
57797, 1377
200842, 1377
234814, 1377
275889, 1377
8982, 1376
21701, 1376
22949, 1376
24659, 1376
52827, 1376
60411, 1376
67447, 1376
79319, 1376
169461, 1376
194256, 1376
233240, 1375
243553, 1375
244182, 1375
262895, 1375
266176, 1375
269379, 1375
178467, 1374
99138, 1371
38699, 1370
73968, 1370
127299, 1370
139879, 1370
148990, 1370
168185, 1370
193101, 1370
219032, 1368
20555, 1367
24831, 1367
29833, 1367
79077, 1366
87977, 1366
98900, 1366
115628, 1366
136732, 1366
172370, 1366
185575, 1366
200949, 1366
213771, 1366
94779, 1365
154606, 1364
195896, 1364
202961, 1364
204479, 1364
231569, 1364
241661, 1364
23208, 1362
124338, 1362
142533, 1362
200992, 1362
205983, 1362
261842, 1362
279660, 1362
288314, 1362
294568, 1362
126119, 1361
194736, 1361
200591, 1361
229120, 1361
164334, 1360
55341, 1359
80130, 1359
177688, 1359
237339, 1359
288403, 1359
32685, 1357
219211, 1357
228668, 1357
248747, 1357
19307, 1356
20983, 1356
33615, 1356
82159, 1356
111203, 1356
145744, 1356
224735, 1355
96896, 1354
126235, 1354
145065, 1354
159100, 1354
174507, 1354
187364, 1354
194865, 1354
247908, 1354
259665, 1354
273442, 1354
100636, 1353
290309, 1353
68804, 1351
149809, 1351
220842, 1351
272419, 1351
274462, 1351
283973, 1351
184288, 1350
241508, 1350
276940, 1350
280308, 1350
290061, 1350
138065, 1349
170160, 1349
112346, 1348
157243, 1348
158731, 1348
208555, 1348
257430, 1348
264481, 1348
289579, 1348
2498, 1347
59153, 1347
164284, 1347
170892, 1347
265191, 1347
277558, 1347
98951, 1345
136846, 1345
285651, 1345
222015, 1344
252821, 1344
90648, 1343
91881, 1343
109293, 1343
147548, 1343
151343, 1343
154041, 1343
167033, 1343
169230, 1343
174285, 1343
183550, 1343
217260, 1343
223061, 1343
238700, 1343
268759, 1343
276899, 1343
191746, 1341
256891, 1341
19952, 1338
167553, 1335
5818, 1334
6313, 1334
8629, 1334
27412, 1334
36145, 1334
37799, 1334
61942, 1334
78726, 1334
142218, 1334
154769, 1334
155383, 1334
165973, 1334
171285, 1334
179212, 1334
180870, 1334
191624, 1334
194795, 1334
195814, 1334
223385, 1334
224549, 1334
255610, 1334
258207, 1334
262090, 1334
294490, 1334
295200, 1334
89087, 1333
188450, 1333
57163, 1332
160785, 1332
199241, 1332
223850, 1332
247906, 1332
250326, 1332
107081, 1330
116776, 1330
129470, 1330
136306, 1330
136831, 1330
158264, 1330
185238, 1330
206777, 1330
244369, 1330
245538, 1330
274498, 1330
294947, 1330
206870, 1328
208047, 1328
230649, 1328
265619, 1328
273167, 1328
225056, 1327
74167, 1325
165897, 1325
168499, 1325
216320, 1325
225130, 1325
258474, 1325
280291, 1325
295849, 1325
12295, 1322
46075, 1322
50874, 1322
93672, 1322
99995, 1322
256751, 1322
259704, 1322
284699, 1322
291287, 1322
70889, 1321
110335, 1321
129816, 1321
144857, 1321
161402, 1321
28472, 1320
82979, 1320
93705, 1320
96350, 1320
110922, 1320
115990, 1320
137966, 1320
150389, 1320
156456, 1320
172770, 1320
206928, 1320
265015, 1320
277604, 1320
280831, 1320
292995, 1320
42253, 1317
65293, 1317
133289, 1317
175216, 1317
249801, 1317
79076, 1316
154846, 1316
293654, 1316
286727, 1315
123324, 1314
277528, 1313
152527, 1312
260571, 1312
283080, 1312
226418, 1311
253101, 1311
294544, 1311
93902, 1310
220696, 1310
226480, 1310
237857, 1310
249953, 1310
259142, 1310
294476, 1310
112794, 1309
57992, 1307
142238, 1307
182406, 1307
189976, 1307
245742, 1307
249829, 1307
279950, 1307
295128, 1307
212867, 1306
256046, 1306
262713, 1306
217423, 1305
268629, 1305
56016, 1302
137456, 1302
139023, 1302
243146, 1302
251405, 1301
258853, 1301
124781, 1297
127261, 1297
192261, 1297
200703, 1297
221090, 1297
237445, 1297
240127, 1297
293145, 1297
147777, 1296
176049, 1296
178859, 1296
188903, 1296
195969, 1296
203505, 1296
250527, 1296
262751, 1296
279019, 1296
112125, 1295
126854, 1295
130522, 1295
148177, 1295
155982, 1295
182540, 1295
186293, 1295
219015, 1295
99760, 1293
278310, 1293
129914, 1291
144932, 1291
149749, 1291
190609, 1291
91188, 1290
215652, 1290
51785, 1288
127742, 1288
187770, 1288
193362, 1288
231697, 1288
282200, 1288
108526, 1287
192163, 1287
200237, 1287
12603, 1285
13715, 1285
17599, 1285
32533, 1285
35143, 1285
39109, 1285
43029, 1285
77398, 1285
139497, 1285
147921, 1285
214640, 1285
130477, 1284
153061, 1284
182611, 1284
187165, 1284
192257, 1284
206437, 1284
214134, 1284
237810, 1284
240406, 1284
246612, 1284
250833, 1284
251530, 1284
253631, 1284
254943, 1284
88696, 1283
101832, 1283
59105, 1282
264594, 1282
198176, 1281
230889, 1281
128239, 1280
235646, 1280
256857, 1280
285744, 1280
119755, 1278
164452, 1278
251540, 1278
257432, 1278
276781, 1278
292478, 1275
40063, 1273
49283, 1273
55246, 1273
59274, 1273
66473, 1273
81171, 1273
112290, 1273
147723, 1273
151131, 1273
169137, 1273
181576, 1273
190590, 1273
194539, 1273
232816, 1273
238742, 1273
239697, 1273
272050, 1273
152802, 1272
165982, 1272
254725, 1272
293858, 1272
7193, 1271
199131, 1271
217089, 1271
241790, 1271
242356, 1271
263868, 1271
285909, 1271
286735, 1271
286954, 1271
79878, 1270
153743, 1270
264794, 1270
119464, 1269
197482, 1269
219522, 1269
226232, 1269
271631, 1269
272380, 1269
171570, 1268
176558, 1268
177996, 1268
206072, 1268
269323, 1268
12335, 1265
20007, 1265
234699, 1265
63959, 1264
65775, 1264
173557, 1263
293332, 1263
186550, 1261
192528, 1258
260264, 1258
296065, 1258
39301, 1257
93441, 1257
238603, 1257
107261, 1256
108890, 1256
117489, 1256
152541, 1256
207990, 1256
214296, 1256
257440, 1256
263523, 1256
266014, 1256
272749, 1256
68424, 1255
234765, 1255
54209, 1252
161409, 1252
163666, 1252
164873, 1252
219997, 1252
258553, 1252
262057, 1252
289638, 1252
293094, 1252
294907, 1252
63005, 1251
100665, 1251
119521, 1251
124288, 1251
155737, 1251
156284, 1251
170397, 1251
173665, 1251
195945, 1251
196006, 1251
221228, 1251
264769, 1251
292153, 1251
198115, 1249
210359, 1249
187818, 1248
73794, 1247
102452, 1247
136376, 1247
156630, 1247
44073, 1246
224568, 1246
244268, 1246
246876, 1246
251428, 1244
252760, 1244
269688, 1244
280028, 1244
281088, 1244
282573, 1244
136890, 1243
154563, 1243
193535, 1243
202471, 1243
239919, 1243
245945, 1243
263716, 1243
58910, 1242
74766, 1242
103953, 1242
109084, 1242
144251, 1242
148019, 1242
159588, 1242
168886, 1242
186568, 1242
191102, 1242
199857, 1242
219129, 1242
220410, 1242
221899, 1242
222998, 1242
235399, 1242
237971, 1242
254017, 1242
272594, 1242
6152, 1241
29590, 1241
154043, 1241
154573, 1241
201088, 1241
286515, 1241
290609, 1241
182818, 1240
207344, 1239
222538, 1239
250778, 1238
60735, 1237
137005, 1237
182517, 1237
213304, 1237
241419, 1237
261948, 1237
265174, 1237
182624, 1235
262141, 1235
93418, 1234
101723, 1234
129363, 1234
197683, 1234
201851, 1234
218028, 1234
218068, 1234
225641, 1234
227513, 1234
229171, 1234
259683, 1234
272862, 1234
25987, 1233
249305, 1233
26193, 1232
59628, 1232
229331, 1232
30314, 1231
71870, 1231
113460, 1231
194054, 1231
232872, 1231
241978, 1231
243255, 1231
246842, 1231
249171, 1231
268646, 1231
286381, 1231
230869, 1229
19379, 1228
21825, 1228
50458, 1228
51650, 1228
63774, 1228
207825, 1228
256590, 1228
111541, 1227
178822, 1227
232087, 1227
57906, 1226
80811, 1226
87240, 1226
158325, 1226
240756, 1226
263187, 1226
53722, 1224
117006, 1224
208884, 1224
249332, 1224
263018, 1224
266656, 1224
129788, 1223
141627, 1223
156152, 1223
202542, 1223
266204, 1223
45237, 1222
105495, 1222
113085, 1222
164187, 1222
1487, 1221
11471, 1221
183645, 1221
244676, 1221
252946, 1221
277771, 1221
65267, 1220
147836, 1220
239154, 1220
291815, 1220
120637, 1219
27324, 1217
82148, 1216
143502, 1214
189905, 1214
198864, 1214
253154, 1214
25435, 1212
188043, 1212
196090, 1212
175316, 1210
39880, 1208
229905, 1208
16783, 1207
23032, 1207
25029, 1207
32485, 1207
44856, 1207
47084, 1207
83965, 1207
90794, 1207
151327, 1207
212946, 1207
221948, 1207
242379, 1207
64817, 1206
157706, 1206
179060, 1206
206100, 1206
46173, 1204
270862, 1204
230051, 1203
248226, 1203
288826, 1201
133053, 1200
279608, 1200
281406, 1199
282822, 1199
115821, 1198
157993, 1198
169901, 1198
183808, 1198
245246, 1198
15231, 1197
137464, 1197
169668, 1197
224372, 1197
55689, 1195
89616, 1195
96703, 1195
251077, 1195
47950, 1194
165740, 1194
176319, 1194
179881, 1194
218968, 1194
230930, 1194
240144, 1194
262670, 1194
105401, 1193
54707, 1192
35306, 1191
51389, 1191
57307, 1191
102544, 1191
158293, 1191
177573, 1191
191588, 1191
283405, 1191
29918, 1189
248060, 1189
62794, 1186
77979, 1186
79587, 1186
83298, 1186
214655, 1186
243500, 1186
271736, 1186
286448, 1186
291739, 1186
84899, 1185
166987, 1185
206384, 1185
218733, 1185
249914, 1185
153237, 1184
192479, 1184
201250, 1184
211464, 1184
241216, 1184
246396, 1184
247723, 1184
136928, 1183
213116, 1183
234011, 1181
236246, 1181
256844, 1181
41495, 1179
119760, 1179
102436, 1177
109166, 1177
145123, 1177
147410, 1177
150450, 1177
167561, 1177
185928, 1177
197678, 1177
245179, 1177
253311, 1177
269193, 1177
271606, 1177
282877, 1177
287153, 1177
165346, 1176
295131, 1176
88367, 1175
126796, 1175
127597, 1175
147793, 1175
156824, 1175
183409, 1175
184035, 1175
196741, 1175
221546, 1175
272553, 1175
287386, 1175
62235, 1174
88179, 1173
138234, 1173
174697, 1173
185403, 1173
218015, 1173
226324, 1173
240230, 1173
107698, 1172
146809, 1170
16657, 1169
25843, 1169
38570, 1169
53533, 1169
54274, 1169
93274, 1169
118233, 1169
129057, 1169
132136, 1169
144328, 1169
162771, 1169
207396, 1169
254109, 1169
204844, 1168
162900, 1167
170113, 1167
205378, 1167
210436, 1167
213783, 1167
124193, 1166
59362, 1165
68837, 1164
110941, 1164
158019, 1164
276960, 1164
90529, 1163
174179, 1163
234622, 1163
241116, 1163
267932, 1163
33166, 1162
37427, 1162
38906, 1162
43695, 1162
44582, 1162
46814, 1162
52725, 1162
69109, 1162
103961, 1162
112112, 1162
118795, 1162
149393, 1162
153553, 1162
178110, 1162
193105, 1162
267980, 1162
43989, 1161
124284, 1161
194719, 1161
206402, 1161
238960, 1161
250335, 1161
267353, 1161
282143, 1161
249126, 1160
276968, 1160
70727, 1159
196527, 1159
187764, 1158
280331, 1158
11098, 1157
15089, 1157
25515, 1157
55181, 1157
91667, 1157
143228, 1157
179918, 1157
224656, 1157
258353, 1157
272867, 1157
51984, 1156
53005, 1156
61858, 1156
79108, 1156
289325, 1155
26145, 1153
29926, 1153
31658, 1153
137475, 1153
156437, 1153
212848, 1153
288778, 1153
52128, 1152
155346, 1151
178599, 1151
245738, 1151
30630, 1150
179587, 1150
233217, 1150
281008, 1150
6715, 1149
31928, 1149
56620, 1149
92718, 1149
114366, 1149
128798, 1149
133168, 1149
170972, 1149
174620, 1149
188821, 1149
192346, 1149
213173, 1149
251267, 1149
261288, 1149
261780, 1149
82204, 1148
157121, 1148
165499, 1148
170071, 1148
200786, 1148
207720, 1148
213681, 1148
253348, 1148
294522, 1148
47707, 1147
254554, 1146
132218, 1145
149462, 1145
175443, 1145
166017, 1143
212317, 1142
132735, 1141
159730, 1141
121116, 1140
24089, 1139
31922, 1139
37361, 1139
73369, 1139
107087, 1139
116964, 1139
120606, 1139
135191, 1139
193177, 1139
212784, 1139
264330, 1139
66608, 1138
215210, 1138
235452, 1138
277587, 1138
70168, 1137
74298, 1137
76641, 1137
95407, 1137
152768, 1137
155230, 1137
208481, 1137
260018, 1137
285720, 1137
294869, 1137
278227, 1136
53668, 1135
74879, 1135
138740, 1135
149380, 1135
167928, 1135
181396, 1135
203017, 1135
224620, 1135
237116, 1135
268870, 1135
270356, 1135
275670, 1135
275940, 1135
286875, 1135
292593, 1135
53071, 1134
75940, 1134
161861, 1134
166638, 1134
198788, 1134
204713, 1134
209660, 1134
219434, 1134
225037, 1134
290304, 1134
23879, 1133
66281, 1133
137977, 1133
171687, 1133
190336, 1133
192319, 1133
255624, 1133
292324, 1133
227887, 1132
73527, 1131
126243, 1131
247800, 1131
58681, 1130
92311, 1130
116955, 1130
125880, 1130
144491, 1130
153213, 1130
205291, 1130
208703, 1130
209591, 1130
213163, 1130
268416, 1130
291869, 1130
292992, 1130
295870, 1130
40405, 1129
100671, 1129
162943, 1129
170912, 1129
186177, 1129
196121, 1129
216523, 1129
230634, 1129
231562, 1129
261605, 1129
265745, 1129
266186, 1129
269997, 1129
292369, 1129
293877, 1129
296172, 1129
84163, 1128
134062, 1127
211059, 1127
38175, 1126
56739, 1126
74758, 1125
97642, 1125
98734, 1125
149156, 1125
149234, 1125
157567, 1125
158243, 1125
163546, 1125
182107, 1125
198238, 1125
229720, 1125
238395, 1125
292761, 1125
57351, 1124
100240, 1124
105726, 1124
134792, 1124
152214, 1124
158937, 1124
173631, 1124
207819, 1124
237176, 1124
278691, 1124
51986, 1123
146963, 1121
289146, 1121
34513, 1120
45624, 1120
10838, 1119
56589, 1119
113402, 1119
280003, 1119
163001, 1118
171290, 1118
174279, 1118
175058, 1118
199739, 1118
203453, 1118
223196, 1118
284252, 1118
79746, 1117
199240, 1117
252552, 1117
278692, 1117
59984, 1116
109959, 1116
131008, 1116
192518, 1116
262327, 1116
287222, 1116
287899, 1116
28972, 1115
30422, 1115
134011, 1115
288110, 1115
102898, 1114
259929, 1114
216876, 1112
9010, 1111
113666, 1111
177402, 1111
237336, 1111
270223, 1111
205044, 1110
77590, 1109
244001, 1109
258224, 1109
284760, 1109
50395, 1108
161819, 1108
68579, 1107
39895, 1106
42183, 1106
46050, 1106
58436, 1106
59954, 1106
64207, 1106
66959, 1106
87954, 1106
97616, 1106
98776, 1106
141463, 1106
178075, 1106
186109, 1106
191869, 1106
228348, 1106
242906, 1106
249329, 1106
268603, 1106
285711, 1106
287121, 1106
149900, 1105
157756, 1105
173735, 1105
178612, 1105
182082, 1105
69277, 1104
149576, 1104
191774, 1104
221414, 1104
246234, 1104
49569, 1103
49596, 1103
54385, 1103
113465, 1103
127695, 1103
128227, 1103
177900, 1103
181982, 1103
199192, 1103
253208, 1103
264023, 1103
273353, 1103
22771, 1102
58544, 1102
61925, 1102
109530, 1102
156761, 1102
268330, 1102
56742, 1101
65527, 1101
99521, 1101
141078, 1101
94785, 1099
240130, 1099
246971, 1099
110762, 1098
179831, 1098
229596, 1098
269610, 1098
279118, 1098
150173, 1097
225012, 1097
293118, 1097
8333, 1096
20794, 1096
23134, 1096
34746, 1096
45754, 1096
51164, 1096
58972, 1096
76342, 1096
76459, 1096
86121, 1096
94835, 1096
139689, 1096
143816, 1096
160063, 1096
171239, 1096
215347, 1096
249194, 1096
277284, 1096
17336, 1095
31671, 1095
53174, 1095
91268, 1095
126994, 1095
145863, 1095
147721, 1095
161189, 1095
165478, 1095
167020, 1095
177259, 1095
215814, 1095
228869, 1095
236626, 1095
269796, 1095
56624, 1094
60100, 1094
63739, 1094
70530, 1094
100535, 1094
166793, 1094
171410, 1094
176785, 1094
180031, 1094
250914, 1094
292807, 1094
10768, 1092
78373, 1092
101947, 1092
119579, 1092
156213, 1092
165917, 1092
191590, 1092
222525, 1092
239266, 1092
87925, 1091
275154, 1091
3260, 1090
22491, 1090
24688, 1090
38914, 1090
53531, 1090
71006, 1090
84649, 1090
101585, 1090
126569, 1090
134060, 1090
137954, 1090
150054, 1090
173556, 1090
173599, 1090
176669, 1090
185784, 1090
191703, 1090
191990, 1090
196733, 1090
209371, 1090
103010, 1089
104869, 1089
106405, 1089
117916, 1089
122857, 1089
150782, 1089
165148, 1089
173586, 1089
174667, 1089
182179, 1089
31842, 1087
60972, 1087
83607, 1087
88315, 1087
92679, 1087
122392, 1087
188538, 1087
195658, 1087
195963, 1087
207245, 1087
224591, 1087
263411, 1087
277585, 1087
282617, 1087
210087, 1086
191452, 1085
294376, 1084
12421, 1082
13177, 1082
14956, 1082
20507, 1082
20764, 1082
30652, 1082
38815, 1082
43608, 1082
45711, 1082
58391, 1082
60931, 1082
74741, 1082
77117, 1082
78744, 1082
89055, 1082
89942, 1082
102487, 1082
106943, 1082
133295, 1082
142840, 1082
146818, 1082
164943, 1082
173623, 1082
174721, 1082
186724, 1082
189351, 1082
197337, 1082
197677, 1082
208563, 1082
213751, 1082
223967, 1082
226801, 1082
231175, 1082
234277, 1082
248811, 1082
255471, 1082
256703, 1082
291736, 1082
70093, 1081
72036, 1081
90403, 1081
109287, 1081
112449, 1081
140857, 1081
145592, 1081
145935, 1081
156417, 1081
178840, 1081
242456, 1081
242762, 1081
244282, 1081
270774, 1081
273715, 1081
277888, 1081
284085, 1081
107578, 1080
201217, 1077
249129, 1077
5391, 1076
22008, 1076
28704, 1076
172608, 1076
229403, 1076
242000, 1076
244572, 1076
134810, 1075
52282, 1074
159858, 1074
210217, 1074
235945, 1074
291435, 1074
15494, 1073
17114, 1073
25127, 1073
35834, 1073
36473, 1073
47808, 1073
48126, 1073
49705, 1073
56857, 1073
60166, 1073
100397, 1073
103037, 1073
104574, 1073
109560, 1073
123443, 1073
124384, 1073
148867, 1073
268473, 1073
208746, 1072
218466, 1072
246115, 1072
1195, 1071
31395, 1071
78059, 1071
148965, 1071
207228, 1071
271890, 1071
174418, 1070
234878, 1070
107336, 1069
151643, 1069
219942, 1069
29948, 1068
50507, 1068
55011, 1068
81621, 1068
95278, 1068
96228, 1068
107439, 1068
107456, 1068
108201, 1068
111544, 1068
116059, 1068
120712, 1068
120758, 1068
134012, 1068
140388, 1068
150239, 1068
156353, 1068
162342, 1068
231595, 1068
233128, 1068
248163, 1068
262304, 1068
266249, 1068
270094, 1068
281108, 1068
295725, 1068
144603, 1067
185536, 1067
276604, 1067
90498, 1065
153795, 1065
211414, 1065
253384, 1065
228030, 1064
262639, 1064
77489, 1063
147948, 1063
187271, 1063
244524, 1063
16238, 1062
27647, 1062
94404, 1062
115926, 1062
130924, 1062
132003, 1062
149118, 1062
149308, 1062
187157, 1062
203731, 1062
251536, 1062
263617, 1062
30309, 1061
92243, 1061
117020, 1061
118118, 1061
130395, 1061
142007, 1061
167344, 1061
201334, 1061
214010, 1061
272259, 1061
278248, 1061
123043, 1060
274881, 1060
15315, 1059
130633, 1059
210917, 1059
220714, 1059
221568, 1059
96061, 1058
176359, 1057
242931, 1057
50384, 1056
154757, 1056
163775, 1056
166279, 1056
210467, 1056
260925, 1056
279459, 1056
32780, 1055
56986, 1055
84691, 1055
95325, 1055
122667, 1055
131492, 1055
157223, 1055
205100, 1055
207557, 1055
217004, 1055
241099, 1055
244901, 1055
285797, 1055
89839, 1054
137991, 1054
260010, 1054
3408, 1053
60759, 1053
79536, 1053
104487, 1053
113224, 1053
115652, 1053
141434, 1053
146206, 1053
153268, 1053
188063, 1053
227627, 1053
227983, 1053
244023, 1053
2712, 1051
3945, 1051
4406, 1051
5072, 1051
41028, 1051
61892, 1051
85560, 1051
126289, 1051
195222, 1051
232187, 1051
268206, 1051
26883, 1050
34326, 1050
124127, 1050
157894, 1050
171086, 1050
172933, 1050
183556, 1050
191288, 1050
193981, 1050
197915, 1050
234644, 1050
249065, 1050
264007, 1050
291378, 1050
150420, 1049
165488, 1049
271985, 1049
94774, 1048
146976, 1048
189013, 1048
193361, 1048
235368, 1048
250824, 1048
191149, 1046
205360, 1046
210999, 1046
231274, 1046
283583, 1046
291566, 1045
3214, 1044
202841, 1044
281086, 1044
281405, 1044
146613, 1043
83144, 1042
154428, 1042
236737, 1042
34770, 1041
54587, 1041
162249, 1041
276677, 1041
11601, 1039
44335, 1039
58791, 1039
101803, 1039
115396, 1039
119392, 1039
125158, 1039
188859, 1039
237676, 1039
258479, 1039
258933, 1039
23195, 1038
86701, 1038
89336, 1038
169490, 1038
171617, 1038
172215, 1038
201208, 1038
267599, 1038
139622, 1037
184437, 1037
17915, 1036
36327, 1036
77576, 1036
78088, 1036
200561, 1036
227651, 1036
10532, 1035
21118, 1035
44434, 1035
101163, 1035
225404, 1035
236649, 1035
246217, 1035
263355, 1035
279590, 1035
6643, 1034
20609, 1034
21144, 1034
49910, 1034
65014, 1034
190435, 1034
213991, 1034
246359, 1034
18807, 1032
65045, 1032
71528, 1032
71879, 1032
75686, 1032
109408, 1032
144625, 1032
148206, 1032
178680, 1032
217579, 1032
71306, 1031
92481, 1031
205738, 1031
10885, 1030
14041, 1030
15617, 1030
21160, 1030
25270, 1030
41486, 1030
43729, 1030
64007, 1030
99982, 1030
110741, 1030
124676, 1030
181957, 1030
219941, 1030
222293, 1030
169722, 1029
257813, 1029
291697, 1029
29782, 1028
76508, 1028
118517, 1028
125732, 1028
128985, 1028
282867, 1028
43064, 1027
45758, 1027
65459, 1027
71943, 1027
82571, 1027
95751, 1027
117800, 1027
139658, 1027
141886, 1027
144558, 1027
154520, 1027
167610, 1027
172455, 1027
182364, 1027
190314, 1027
199902, 1027
203065, 1027
223054, 1027
236058, 1027
236131, 1027
239487, 1027
251743, 1027
271651, 1027
285223, 1027
19147, 1025
22465, 1025
71714, 1025
78797, 1025
123556, 1025
128286, 1025
155562, 1025
185791, 1025
255099, 1025
270627, 1025
95939, 1024
119051, 1024
121174, 1024
128531, 1024
149696, 1024
157965, 1024
158738, 1024
171277, 1024
206058, 1024
207074, 1024
207798, 1024
226257, 1024
236969, 1024
246662, 1024
263751, 1024
283679, 1024
290941, 1024
55153, 1023
74504, 1023
78508, 1023
86741, 1023
122295, 1023
123767, 1023
163992, 1023
171628, 1023
180053, 1023
180469, 1023
188927, 1023
190502, 1023
197670, 1023
204830, 1023
216897, 1023
225820, 1023
226049, 1023
227777, 1023
240656, 1023
255839, 1023
261172, 1023
275204, 1023
58797, 1022
112740, 1022
133521, 1022
194307, 1022
248249, 1022
252056, 1022
260650, 1022
202895, 1021
224017, 1021
7778, 1020
143776, 1020
162472, 1020
222230, 1020
238060, 1020
265631, 1020
15837, 1018
30854, 1018
40139, 1018
66772, 1018
90042, 1018
90715, 1018
96963, 1018
106955, 1018
107088, 1018
109688, 1018
133054, 1018
169257, 1018
170395, 1018
175167, 1018
183761, 1018
206822, 1018
234909, 1018
252130, 1018
253326, 1018
276303, 1018
47731, 1017
77708, 1017
118480, 1017
235460, 1017
239452, 1017
242113, 1017
272345, 1017
275164, 1017
283497, 1017
99073, 1016
121591, 1016
202176, 1016
209501, 1016
227550, 1016
78918, 1015
178529, 1015
213213, 1015
250471, 1015
288146, 1015
20995, 1014
29208, 1014
47287, 1014
50711, 1014
51278, 1014
56843, 1014
73701, 1014
167986, 1014
205522, 1014
235228, 1014
248193, 1014
271359, 1014
295640, 1014
95790, 1013
110034, 1013
115053, 1013
115112, 1013
131226, 1013
142077, 1013
145457, 1013
155587, 1013
157252, 1013
164423, 1013
165995, 1013
189589, 1013
206382, 1013
212681, 1013
212817, 1013
226531, 1013
228871, 1013
240581, 1013
240880, 1013
248537, 1013
251549, 1013
270691, 1013
281325, 1013
281494, 1013
282510, 1013
284963, 1013
285148, 1013
296106, 1013
17008, 1012
33892, 1012
57490, 1012
64864, 1012
67012, 1012
69972, 1012
98499, 1012
121232, 1012
121533, 1012
126955, 1012
131077, 1012
140339, 1012
144096, 1012
144839, 1012
167856, 1012
171103, 1012
175675, 1012
177434, 1012
191658, 1012
202586, 1012
203276, 1012
210195, 1012
212814, 1012
223809, 1012
228161, 1012
235931, 1012
247551, 1012
265230, 1012
274794, 1012
288870, 1012
291897, 1012
292398, 1012
40061, 1011
213754, 1011
223414, 1011
280174, 1011
287758, 1011
8360, 1010
18367, 1010
34616, 1010
52052, 1010
81486, 1010
120471, 1010
279752, 1010
31902, 1009
41419, 1009
109821, 1009
159115, 1009
176166, 1009
181264, 1009
186182, 1009
223766, 1009
286605, 1009
8981, 1008
70418, 1008
222984, 1008
63270, 1007
84982, 1007
105989, 1007
171049, 1007
207871, 1007
218637, 1007
230774, 1007
231639, 1007
257645, 1007
271572, 1007
12715, 1006
21841, 1006
25897, 1006
32945, 1006
36698, 1006
71628, 1006
81640, 1006
119219, 1006
125485, 1006
168817, 1006
170682, 1006
191886, 1006
202742, 1006
257100, 1006
257636, 1006
274031, 1006
68889, 1005
84424, 1005
88152, 1005
120499, 1005
129254, 1005
171371, 1005
176453, 1005
180241, 1005
186148, 1005
195093, 1005
195141, 1005
237511, 1005
239296, 1005
244340, 1005
257872, 1005
273750, 1005
92339, 1004
182750, 1004
236213, 1004
272816, 1004
277691, 1004
14513, 1003
18388, 1003
200913, 1003
34848, 1002
69676, 1002
125624, 1002
138789, 1002
221485, 1002
279215, 1002
60518, 1001
217826, 1001
60111, 1000
275059, 1000
