78588, 134615
138364, 133217
53366, 132009
45492, 130822
49810, 130822
53175, 130822
66946, 130822
74624, 130822
75643, 130822
76916, 130822
78276, 130822
108549, 130822
122643, 130822
130930, 130822
145985, 130822
147324, 130822
149063, 130822
177894, 130822
181641, 130822
194074, 130822
230012, 130822
249188, 130822
284095, 130822
280065, 130414
189894, 125658
53029, 122006
85032, 122006
36367, 121934
41975, 121934
58155, 121934
66756, 121934
72527, 121934
77716, 121934
78395, 121934
86780, 121934
105534, 121934
120691, 121934
140711, 121934
145143, 121934
152096, 121934
162352, 121934
163606, 121934
205814, 121934
217736, 121934
251886, 121934
115733, 121401
116187, 121401
122680, 121401
267634, 121401
81082, 121045
101978, 121045
190707, 121045
103712, 119668
15491, 118852
3472, 117434
16909, 117434
83633, 116861
226714, 116303
188105, 115571
249354, 115571
7706, 115272
91355, 115272
70953, 115264
85186, 115264
52919, 114802
66120, 114802
148075, 114802
150187, 114802
160565, 114802
179110, 114802
258833, 114802
234748, 111635
198556, 111531
122705, 110325
195209, 108387
6259, 107040
1174, 106125
72061, 106125
194087, 106125
90389, 105031
170777, 105031
223572, 105031
236490, 105031
140380, 104136
192507, 103742
9133, 103410
78137, 102897
34107, 98185
78228, 98185
288085, 97934
44068, 97113
73562, 97113
85202, 97113
96004, 97113
103564, 97113
107870, 97113
112152, 97113
125570, 97113
127568, 97113
132204, 97113
143603, 97113
146451, 97113
150291, 97113
154677, 97113
154734, 97113
156380, 97113
159239, 97113
162862, 97113
166567, 97113
169223, 97113
171652, 97113
172388, 97113
174358, 97113
178841, 97113
181017, 97113
183918, 97113
185407, 97113
185904, 97113
189624, 97113
189830, 97113
189974, 97113
190207, 97113
192923, 97113
194577, 97113
195657, 97113
195742, 97113
197416, 97113
203207, 97113
203991, 97113
214085, 97113
214979, 97113
215837, 97113
219506, 97113
221095, 97113
223587, 97113
224023, 97113
225959, 97113
231057, 97113
232521, 97113
233930, 97113
237171, 97113
238409, 97113
239444, 97113
243240, 97113
244312, 97113
246994, 97113
249214, 97113
252106, 97113
254328, 97113
255034, 97113
255485, 97113
256952, 97113
258554, 97113
266918, 97113
267958, 97113
268953, 97113
269563, 97113
270038, 97113
272991, 97113
274038, 97113
277619, 97113
279272, 97113
284327, 97113
286803, 97113
287882, 97113
289370, 97113
289631, 97113
289778, 97113
290406, 97113
290854, 97113
291146, 97113
291468, 97113
184727, 96927
253784, 96927
292393, 96927
293076, 96927
293539, 96927
93702, 96631
107609, 96631
107829, 96631
116160, 96631
139030, 96631
232741, 96631
272838, 96631
275530, 96631
285562, 96631
287838, 96631
287854, 96631
292769, 96631
85072, 94794
100686, 94794
110884, 94794
150008, 94794
183813, 94794
192358, 94794
206701, 94794
210680, 94794
245697, 94794
248421, 94794
266966, 94794
276777, 94794
287063, 94794
76066, 94148
166135, 94123
122428, 92959
136949, 92959
140665, 92959
149381, 92959
162010, 92959
166233, 92959
178837, 92959
182746, 92959
285898, 92959
130516, 92691
277349, 92538
295572, 92538
79204, 92527
287888, 92527
161244, 92104
116979, 91082
234312, 91082
243682, 91082
248543, 91082
249718, 91082
256102, 91082
259604, 91082
262732, 91082
267771, 91082
271480, 91082
273651, 91082
277141, 91082
285549, 91082
287707, 91082
187040, 91078
202835, 91078
212551, 91078
226332, 91078
228000, 91078
236611, 91078
240825, 91078
247180, 91078
249911, 91078
254392, 91078
261902, 91078
263438, 91078
265309, 91078
266848, 91078
270054, 91078
270364, 91078
273646, 91078
276066, 91078
278262, 91078
282378, 91078
292971, 91078
293573, 91078
295844, 91078
249653, 90508
87290, 90429
108198, 90429
128733, 90429
144409, 90429
149636, 90323
150150, 90323
151808, 90323
195798, 90323
199641, 90323
211582, 90323
220886, 90323
105978, 90308
196437, 90308
202353, 90308
204179, 90308
216184, 90308
217133, 90308
222951, 90308
228372, 90308
233828, 90308
236584, 90308
246702, 90308
249140, 90308
267026, 90308
278778, 90308
280658, 90308
170013, 89825
120049, 89501
129297, 89501
139696, 89501
140735, 89501
144086, 89501
148546, 89501
152809, 89501
157609, 89501
167449, 89501
171573, 89501
176250, 89501
190629, 89501
201138, 89501
219031, 89501
220375, 89501
225669, 89501
236604, 89501
125163, 88001
192698, 88001
202147, 88001
216201, 88001
217705, 88001
90934, 87124
110686, 87124
145903, 87124
147969, 87124
161131, 87124
163460, 87124
171522, 87124
173017, 87124
181921, 87124
184148, 87124
188947, 87124
189409, 87124
189839, 87124
198448, 87124
200146, 87124
211500, 87124
227318, 87124
228149, 87124
229907, 87124
231508, 87124
232994, 87124
242128, 87124
243407, 87124
244288, 87124
254884, 87124
263361, 87124
264968, 87124
281341, 87124
284187, 87124
284605, 87124
2082, 86228
119617, 86170
61784, 82501
100939, 82501
103703, 82501
181271, 82501
217668, 82501
223408, 82501
67394, 81957
156282, 81829
185067, 81829
210613, 81829
215188, 81829
223351, 81829
255234, 81829
255992, 81829
272003, 81829
277798, 81829
279430, 81829
285745, 81829
35443, 81687
32387, 81625
78193, 81625
88715, 81625
136982, 81625
150306, 81625
182333, 81625
182965, 81625
195374, 81625
197334, 81625
218372, 81625
256700, 81625
272538, 81625
282262, 81625
65710, 81622
73420, 81622
75853, 81622
77928, 81622
95788, 81107
129458, 81107
137969, 81107
150387, 81107
156406, 81107
160437, 81107
163415, 81107
185292, 81107
224618, 81107
274871, 81107
276918, 81107
296445, 81107
246614, 80880
256670, 80880
292520, 80880
9216, 80242
11452, 80242
24907, 80242
47795, 80242
49475, 80242
55720, 80242
88015, 80242
132884, 80157
9965, 80119
33614, 80053
36496, 80053
39500, 80053
40433, 80053
42063, 80053
42566, 80053
43818, 80053
55270, 80053
62084, 80053
68941, 80053
69910, 80053
70310, 80053
82217, 80053
83773, 80053
115648, 80053
159213, 80053
113301, 79963
119999, 79963
130593, 79963
166574, 79963
215579, 79963
269988, 79963
31387, 79729
79224, 79729
82028, 79729
115253, 79729
144162, 79729
154138, 79729
160056, 79729
202171, 79699
213312, 79699
163277, 79674
201404, 79674
238834, 79674
269781, 79674
218012, 79295
24152, 79233
30326, 79233
32662, 79233
52499, 79233
96130, 79233
209738, 79233
186783, 79126
274326, 79126
190642, 79117
23923, 79085
33520, 79085
39037, 79085
39327, 79085
43039, 79085
48343, 79085
55304, 79085
67355, 79085
68628, 79085
88602, 79085
97137, 79085
98360, 79085
98522, 79085
166546, 79085
257268, 79085
19481, 79083
37110, 79083
74427, 79083
75859, 79083
129085, 79083
2957, 78796
5202, 78796
5661, 78796
9625, 78796
18054, 78796
18972, 78796
19288, 78796
20353, 78796
21466, 78796
24318, 78796
37969, 78796
161884, 78796
247637, 78775
135681, 78669
81985, 78664
82880, 78412
87095, 78412
5967, 78399
12638, 78055
13586, 78055
17420, 78055
19993, 78055
21455, 78055
22258, 78055
22290, 78055
62591, 78055
77890, 78055
33379, 77831
77163, 77831
88833, 77831
126942, 77831
219695, 77831
265446, 77831
266004, 77831
65431, 77711
27576, 77679
28494, 77679
82718, 77613
51307, 77430
61426, 77430
65316, 77430
127705, 77430
58528, 77409
113037, 77345
162878, 77345
286050, 77345
86423, 77318
92920, 77318
147867, 77318
148809, 77318
159791, 77318
285841, 77318
1711, 77302
2187, 77302
2556, 77302
3735, 77302
198713, 77181
15369, 77119
68769, 76843
78185, 76843
82971, 76843
89481, 76843
90837, 76843
199233, 76843
102974, 76666
114869, 76666
145819, 76666
171949, 76666
182997, 76666
191566, 76666
230545, 76666
251526, 76666
275584, 76666
15414, 76557
73375, 76557
22213, 76481
26954, 76481
29470, 76481
46899, 76038
259793, 75506
120059, 74937
3062, 74675
16014, 74675
19020, 74675
23121, 74675
69537, 74632
88136, 74632
112982, 74632
34008, 74351
280203, 74334
8189, 74309
56185, 74309
59955, 74309
64810, 74309
68689, 74309
5214, 74034
7389, 73104
192464, 72145
13987, 70954
20616, 70954
22341, 70954
57445, 70954
77059, 70393
115404, 70165
133786, 70165
144011, 70165
150709, 70165
215763, 70165
221137, 70165
226121, 70165
241758, 70165
257453, 70165
276535, 70165
291374, 70165
5934, 69993
76548, 69993
36061, 69890
22551, 69720
137459, 69444
125910, 67669
126385, 67288
64837, 66558
57962, 66363
204860, 66310
5566, 66294
15490, 66294
55219, 64807
47686, 64775
68395, 64775
189998, 64517
37598, 64469
15121, 63432
235355, 63202
252897, 62878
290207, 61999
95779, 61980
292222, 61746
21978, 59868
242265, 59115
110908, 58191
136537, 58096
170971, 58096
217323, 58096
268157, 58096
219126, 57305
257915, 57102
85937, 57005
87402, 57005
117449, 57005
146057, 57005
170326, 57005
247328, 57005
283699, 57005
285046, 57005
7113, 54544
129378, 54084
199080, 53946
510, 49647
283141, 48699
228835, 47354
17377, 45792
212812, 45465
280477, 44301
167626, 43811
33444, 33416
627, 32893
101550, 32893
122427, 32893
129759, 32893
134289, 32893
134767, 32893
168868, 32893
169733, 32893
174807, 32893
219767, 32893
223563, 32893
229785, 32893
256964, 32893
287879, 32893
16138, 32478
27798, 32478
60093, 32478
82528, 32478
150997, 32478
15063, 32070
18033, 32070
19009, 32070
24224, 32070
30685, 32070
34559, 32070
44877, 32070
50104, 32070
56117, 32070
56489, 32070
65306, 32070
71072, 32070
77901, 32070
81451, 32070
100943, 32070
111282, 32070
140316, 32070
141742, 32070
144769, 32070
150106, 32070
154113, 32070
194937, 32070
201555, 32070
203543, 32070
205219, 32070
241186, 32070
251075, 32070
254280, 32070
264179, 32070
293246, 32070
16327, 31307
210145, 31307
279729, 31307
14643, 31152
2038, 31073
184116, 30299
27278, 30184
28328, 30184
36676, 30184
66169, 30184
69592, 30184
71825, 30184
78782, 30184
89210, 30184
96930, 30184
111380, 30184
115057, 30184
121760, 30184
138782, 30184
148519, 30184
148970, 30184
153644, 30184
155088, 30184
158797, 30184
164498, 30184
173312, 30184
174216, 30184
204164, 30184
204210, 30184
213532, 30184
237994, 30184
247802, 30184
255533, 30184
265220, 30184
279525, 30184
281081, 30184
293396, 30184
36840, 29797
40525, 29797
42980, 29797
43708, 29797
92393, 29797
96270, 29797
120724, 29797
36975, 29561
63689, 29561
94764, 29561
166051, 29367
168841, 29072
242182, 29072
176565, 29068
559, 28708
52339, 28421
118723, 28421
129439, 28421
266699, 28421
268299, 28421
49588, 28102
100405, 28102
223631, 28102
211696, 27779
10175, 27727
60933, 26935
148742, 25870
133302, 25163
20407, 24642
26797, 24642
30068, 24642
39076, 24642
41897, 24642
66040, 24642
69232, 24642
88168, 24642
118832, 24642
124273, 24642
165916, 24642
166749, 24642
167574, 24642
168526, 24642
185085, 24642
193531, 24642
219427, 24642
245710, 24642
17583, 24458
20649, 24458
26348, 24458
85078, 24458
183833, 24458
63337, 24356
68948, 24323
219194, 24314
54233, 24272
197708, 24234
59814, 24106
68478, 24106
167555, 24106
184228, 24106
13217, 24080
49407, 24080
81525, 24080
196423, 24080
66680, 24055
94110, 24055
133138, 24055
158944, 24055
203809, 24055
211120, 24055
231424, 24055
231426, 24055
235653, 24055
274310, 24055
19036, 24003
25644, 24003
91093, 24003
98225, 24003
226182, 24003
50250, 23947
204263, 23826
231435, 23826
29025, 23690
31032, 23690
38470, 23690
46572, 23690
56132, 23690
65573, 23690
85406, 23690
85653, 23690
86923, 23690
104144, 23690
120818, 23690
122067, 23690
130977, 23690
134377, 23690
137253, 23690
139156, 23690
141489, 23690
155348, 23690
155518, 23690
177452, 23690
188849, 23690
210125, 23690
218907, 23690
220223, 23690
246654, 23690
288226, 23690
12730, 23560
59461, 23560
184609, 23560
15458, 23284
23627, 23284
82760, 23284
106512, 23081
138510, 23081
144221, 23081
146208, 23081
174831, 23081
197801, 23081
209797, 23081
216424, 23081
89931, 23057
281974, 23057
19130, 22914
29984, 22914
228391, 22914
97015, 22811
118868, 22811
135683, 22811
137985, 22811
173483, 22811
214221, 22811
261064, 22811
262682, 22811
82021, 22464
148661, 22464
178127, 22464
209824, 22464
230299, 22464
251819, 22464
276413, 22464
292003, 22464
63387, 22394
122816, 22353
13500, 22273
31533, 22273
43863, 22273
44752, 22273
46871, 22273
55466, 22273
61682, 22273
64521, 22273
76056, 22273
95110, 22273
124595, 22273
128059, 22273
130428, 22273
166977, 22273
172687, 22273
176629, 22273
184225, 22273
184570, 22273
220801, 22273
255717, 22273
258274, 22273
282310, 22273
125644, 22180
112165, 22156
279990, 22127
41551, 22059
107467, 22059
128380, 22059
200585, 22059
215185, 22059
141797, 22058
21674, 21731
20275, 21709
125060, 21703
261739, 21703
4018, 21628
5040, 21628
19950, 21628
20156, 21628
278868, 21628
5271, 21607
151492, 21607
156987, 21607
180305, 21607
211859, 21607
255082, 21607
273901, 21565
42690, 21404
56204, 21404
3, 21320
131616, 21320
159611, 21320
210007, 21320
4576, 21277
20123, 21277
283165, 21277
47992, 20755
137259, 20755
161416, 20755
163264, 20755
182069, 20755
190975, 20755
202820, 20755
213924, 20755
250820, 20755
268040, 20755
45989, 20680
60169, 20598
66899, 20598
70120, 20562
262170, 20558
7098, 20503
24965, 20503
51887, 20503
119304, 20503
56886, 20307
31909, 20184
149387, 20184
244620, 20182
93343, 20086
141965, 20086
127475, 19899
20986, 19675
27760, 19675
28522, 19675
31851, 19675
37290, 19675
38344, 19675
40383, 19675
42890, 19675
44306, 19675
44563, 19675
48825, 19675
51457, 19675
53246, 19675
59376, 19675
60999, 19675
62534, 19675
67457, 19675
69490, 19675
69873, 19675
72664, 19675
77970, 19675
80285, 19675
81872, 19675
87603, 19675
90236, 19675
91043, 19675
91330, 19675
92944, 19675
93395, 19675
94750, 19675
114735, 19675
116164, 19675
116786, 19675
117265, 19675
127962, 19675
130681, 19675
134787, 19675
138597, 19675
139160, 19675
139448, 19675
143867, 19675
151705, 19675
154125, 19675
157829, 19675
160194, 19675
161941, 19675
193409, 19675
199090, 19675
200601, 19675
208592, 19675
215423, 19675
218619, 19675
243772, 19675
245731, 19675
255292, 19675
263667, 19675
286032, 19675
290111, 19675
25476, 19565
13183, 19454
194408, 19443
91370, 19435
39492, 19418
45058, 19418
46316, 19418
73975, 19418
101390, 19418
107749, 19418
166277, 19418
289826, 19418
251, 19354
294, 18746
16262, 18647
16277, 18647
18518, 18647
23081, 18647
32908, 18647
94594, 18647
158150, 18209
84984, 18128
216280, 18128
136577, 17598
56267, 17546
20348, 17385
67804, 17385
109542, 17385
178144, 17385
83769, 17153
167895, 16965
288378, 16329
18458, 15949
40156, 15856
280554, 15616
163771, 14176
25566, 10206
94385, 10206
990, 9208
256706, 8430
107685, 7357
129141, 7357
167436, 7357
184146, 7357
185893, 7357
188337, 7357
192906, 7357
209080, 7357
213181, 7357
225411, 7357
225937, 7357
230343, 7357
231663, 7357
245550, 7357
247578, 7357
247871, 7357
247996, 7357
249858, 7357
254582, 7357
260497, 7357
260756, 7357
263160, 7357
263330, 7357
264412, 7357
273484, 7357
280506, 7357
287125, 7357
293313, 7357
134913, 7302
182804, 7302
193568, 7302
196931, 7302
258583, 7302
268821, 7302
277194, 7302
283817, 7302
290550, 7302
187207, 7287
210762, 7287
261568, 7287
283439, 7287
294381, 7287
183507, 7227
196828, 7227
203459, 7227
204207, 7227
207823, 7227
219024, 7227
219615, 7227
227754, 7227
244623, 7227
247411, 7227
248959, 7227
250642, 7227
251161, 7227
253639, 7227
253778, 7227
261161, 7227
263129, 7227
263357, 7227
270088, 7227
280004, 7227
281694, 7227
285448, 7227
291845, 7227
291921, 7227
292607, 7227
293613, 7227
123192, 7131
125526, 7131
131465, 7131
157612, 7131
163358, 7131
177203, 7131
181245, 7131
184586, 7131
197989, 7131
208794, 7131
220954, 7131
234887, 7131
238290, 7131
251103, 7131
261036, 7131
279628, 7131
151537, 7092
200024, 7092
211599, 7092
109722, 7034
288928, 7034
205996, 7023
172364, 7015
105573, 7014
226581, 7014
71180, 6954
182300, 6954
189813, 6954
190262, 6954
260522, 6954
80448, 6897
185324, 6897
201035, 6897
267704, 6887
262261, 6782
130113, 6690
108915, 6668
267857, 6668
46391, 6648
228874, 6648
255632, 6648
227891, 6624
89525, 6617
107018, 6617
227170, 6617
255591, 6617
256881, 6617
154230, 6570
174636, 6570
238313, 6570
106540, 6380
118787, 6380
222296, 6380
238346, 6380
250777, 6380
258662, 6380
274922, 6380
99782, 6350
109634, 6350
171085, 6350
186010, 6350
197465, 6350
212369, 6350
220220, 6350
46141, 6313
219344, 6313
253128, 6301
264397, 6301
126000, 6285
140080, 6285
146791, 6285
153710, 6285
154496, 6285
163548, 6285
169530, 6285
185981, 6285
202796, 6285
253872, 6285
263123, 6285
134323, 6280
145775, 6280
160173, 6280
160322, 6280
183639, 6280
192331, 6280
193277, 6280
193300, 6280
224405, 6280
226167, 6280
226274, 6280
227843, 6280
229458, 6280
232223, 6280
248179, 6280
256651, 6280
269181, 6280
274489, 6280
281078, 6280
288993, 6280
128876, 6275
132525, 6275
144311, 6275
146584, 6275
151561, 6275
158659, 6275
249359, 6275
270387, 6275
272958, 6275
286690, 6275
293693, 6275
196492, 6246
259842, 6246
261973, 6246
264592, 6246
286589, 6246
96413, 6142
111512, 6142
136996, 6142
141179, 6142
141858, 6142
149054, 6142
160191, 6142
161589, 6142
168601, 6142
169551, 6142
183692, 6142
189007, 6142
197154, 6142
203771, 6142
211985, 6142
218234, 6142
226342, 6142
234315, 6142
240036, 6142
242171, 6142
248745, 6142
251031, 6142
251529, 6142
252255, 6142
256430, 6142
265216, 6142
270244, 6142
285074, 6142
288248, 6142
219700, 6141
29867, 6137
215383, 6137
217751, 6137
199427, 6082
131428, 6063
138270, 6063
160533, 6063
161644, 6063
204354, 6063
212961, 6063
215128, 6063
223081, 6063
233250, 6063
258481, 6063
259527, 6063
267364, 6063
269482, 6063
273986, 6063
285226, 6063
295462, 6063
119124, 6042
241133, 5965
1657, 5951
278169, 5935
73036, 5901
258371, 5901
106240, 5846
182895, 5816
210198, 5816
233051, 5816
189634, 5800
147519, 5737
156532, 5737
174851, 5737
177064, 5737
195372, 5737
204185, 5737
216819, 5737
221658, 5737
234325, 5737
254128, 5737
265977, 5737
274620, 5737
278373, 5737
175318, 5728
42025, 5715
162642, 5664
193508, 5664
6692, 5657
145981, 5618
166124, 5618
247648, 5618
145774, 5604
171614, 5573
267683, 5573
179151, 5571
254147, 5536
270007, 5536
85815, 5530
92298, 5530
102525, 5530
145763, 5530
229303, 5470
231309, 5470
264677, 5470
80404, 5464
165754, 5459
208340, 5459
93435, 5440
246015, 5440
98425, 5439
138524, 5439
166509, 5428
170257, 5428
208097, 5428
237752, 5428
267616, 5428
226156, 5412
279038, 5411
284498, 5411
219777, 5373
247240, 5373
284578, 5373
108476, 5367
111435, 5367
179517, 5367
265697, 5307
85591, 5280
110786, 5280
171073, 5280
174252, 5280
261726, 5280
17945, 5238
113182, 5238
178005, 5238
250165, 5238
236173, 5185
150304, 5132
216021, 5132
240033, 5132
254669, 5132
191889, 5130
203104, 5130
237598, 5130
267676, 5130
279754, 5130
292261, 5130
178620, 5090
235142, 5078
243628, 5071
262065, 5071
31228, 5054
203191, 5054
85875, 5042
158298, 5042
172084, 5042
203378, 5042
220489, 5042
229472, 5042
229758, 5042
231573, 5042
252592, 5042
282593, 5024
68347, 5018
179970, 5018
70639, 5002
144775, 4992
175184, 4962
109980, 4958
153719, 4958
225295, 4958
95210, 4930
106658, 4930
130657, 4930
136675, 4930
146054, 4930
158365, 4930
161651, 4930
188953, 4930
204448, 4930
223229, 4930
262537, 4930
275745, 4930
165102, 4923
94719, 4913
143339, 4913
271871, 4913
286305, 4913
191275, 4897
51789, 4874
81343, 4874
260541, 4864
284724, 4864
78820, 4844
113129, 4844
134410, 4844
195840, 4841
266085, 4841
26919, 4840
209783, 4838
223411, 4838
239201, 4770
239546, 4770
70309, 4754
213168, 4754
224176, 4754
259073, 4737
251912, 4715
10722, 4704
57619, 4690
153042, 4690
183682, 4690
292101, 4690
177122, 4671
218054, 4637
250956, 4637
260494, 4637
281562, 4637
288924, 4630
267138, 4619
132474, 4564
241854, 4564
141166, 4543
165281, 4543
225652, 4543
179678, 4538
53264, 4527
127417, 4527
150598, 4458
120338, 4437
174153, 4437
208383, 4437
290104, 4437
198546, 4435
235028, 4412
285285, 4412
136894, 4400
222486, 4400
190916, 4385
213730, 4385
18826, 4359
154515, 4325
250965, 4325
272901, 4325
255674, 4313
68583, 4306
136359, 4289
142281, 4216
46785, 4214
65344, 4214
120650, 4214
196684, 4214
168644, 4205
223050, 4205
170751, 4190
252669, 4190
253918, 4190
80326, 4159
220799, 4149
101502, 4130
111527, 4130
283829, 4104
248180, 4100
232253, 4084
90991, 4077
92143, 4077
146847, 4077
164510, 4077
198917, 4077
198957, 4077
286648, 4077
118346, 4075
263284, 4067
151141, 4059
256358, 4059
234033, 4049
198104, 4013
105430, 3971
175047, 3971
84482, 3969
108278, 3969
110009, 3967
151903, 3967
128221, 3954
208189, 3954
215066, 3934
38, 3905
6177, 3905
108036, 3905
113827, 3905
208025, 3905
22010, 3904
58274, 3881
96505, 3881
103969, 3881
139327, 3881
165645, 3881
181076, 3881
249756, 3881
218272, 3871
136132, 3866
292404, 3866
128536, 3856
90602, 3849
192842, 3849
200168, 3849
163461, 3837
250279, 3837
115998, 3835
186680, 3835
243496, 3835
229, 3819
165926, 3817
54134, 3799
21022, 3791
38417, 3791
45557, 3791
48072, 3791
60550, 3791
69187, 3791
92308, 3791
94264, 3791
97102, 3791
143957, 3791
149590, 3791
155361, 3791
160344, 3791
168723, 3791
169154, 3791
184263, 3791
192055, 3791
192822, 3791
237614, 3791
246046, 3791
253492, 3791
255109, 3791
265062, 3791
95707, 3775
128924, 3775
32446, 3733
30310, 3720
164819, 3720
198157, 3720
259300, 3720
284294, 3720
290225, 3712
230024, 3711
253147, 3711
113935, 3704
14226, 3700
20749, 3700
31388, 3700
71092, 3700
84934, 3700
109578, 3700
138159, 3700
140778, 3700
141840, 3700
186351, 3700
191163, 3700
196493, 3700
226008, 3700
229552, 3700
230347, 3700
242579, 3700
247812, 3700
248545, 3700
249544, 3700
250950, 3700
253777, 3700
253923, 3700
254621, 3700
263099, 3700
263723, 3700
273269, 3700
279613, 3700
78240, 3692
37560, 3685
124136, 3685
48157, 3675
55050, 3675
199337, 3675
27245, 3649
228557, 3649
251750, 3649
278176, 3649
282028, 3649
197160, 3648
170873, 3647
186848, 3647
132407, 3646
154932, 3646
105076, 3644
128825, 3644
139521, 3644
105424, 3632
168459, 3632
158782, 3622
100996, 3620
141845, 3620
120973, 3600
100988, 3599
120431, 3599
201791, 3599
210018, 3592
249802, 3592
133157, 3588
134354, 3588
270825, 3588
3751, 3587
12912, 3587
12969, 3587
14810, 3587
32904, 3587
62857, 3587
82025, 3587
117995, 3587
129574, 3587
134112, 3587
189968, 3587
192623, 3587
201841, 3587
202264, 3587
216703, 3587
257971, 3587
258370, 3587
287635, 3582
32958, 3578
48404, 3575
184622, 3575
130132, 3574
131522, 3574
112131, 3570
24943, 3552
185820, 3552
189488, 3552
191702, 3552
277761, 3552
52, 3548
197134, 3544
133754, 3541
86584, 3530
133018, 3530
12088, 3514
213831, 3514
216115, 3514
235409, 3514
263912, 3514
69291, 3513
76716, 3513
78700, 3513
89721, 3513
96584, 3513
98870, 3513
101239, 3513
105973, 3513
121831, 3513
128511, 3513
130202, 3513
144507, 3513
150308, 3513
151627, 3513
158569, 3513
159905, 3513
162449, 3513
196180, 3513
199148, 3513
210346, 3513
214527, 3513
217128, 3513
225192, 3513
233354, 3513
238583, 3513
239352, 3513
239582, 3513
240638, 3513
245088, 3513
246936, 3513
274605, 3513
277533, 3513
288980, 3513
289133, 3513
291904, 3513
294629, 3513
296271, 3513
43541, 3511
88267, 3511
113329, 3511
98122, 3506
95436, 3489
245159, 3489
84927, 3482
63600, 3473
95944, 3473
102935, 3473
121439, 3473
159428, 3473
202694, 3473
216306, 3473
170322, 3457
180544, 3457
255615, 3457
135443, 3455
140505, 3455
240838, 3455
262114, 3455
204954, 3445
214645, 3445
219782, 3445
229306, 3445
266955, 3445
289541, 3445
64828, 3425
100273, 3425
121711, 3420
12249, 3408
146977, 3407
205889, 3407
264027, 3407
278668, 3407
283965, 3407
30089, 3405
270887, 3405
254587, 3401
246556, 3386
264721, 3386
106425, 3384
170798, 3384
235939, 3384
32496, 3378
40054, 3378
48594, 3378
276715, 3378
19462, 3377
235262, 3376
12066, 3371
216234, 3371
121147, 3356
194247, 3354
198539, 3349
307, 3344
23213, 3344
41900, 3344
47497, 3344
52070, 3344
94860, 3344
146123, 3344
219846, 3344
123644, 3334
59111, 3333
95458, 3324
249638, 3320
8348, 3317
12501, 3317
17299, 3317
24164, 3317
40678, 3317
42291, 3317
47451, 3317
53372, 3317
54584, 3317
65187, 3317
69799, 3317
69912, 3317
70831, 3317
71186, 3317
82779, 3317
88203, 3317
88486, 3317
89932, 3317
93044, 3317
96224, 3317
101170, 3317
105217, 3317
105325, 3317
112944, 3317
113016, 3317
114307, 3317
118231, 3317
119207, 3317
119868, 3317
119894, 3317
122676, 3317
124004, 3317
125183, 3317
126266, 3317
130677, 3317
130710, 3317
131364, 3317
132875, 3317
133511, 3317
135328, 3317
141300, 3317
146623, 3317
147181, 3317
147531, 3317
148591, 3317
148722, 3317
148751, 3317
149621, 3317
150558, 3317
151982, 3317
152200, 3317
153301, 3317
155774, 3317
156255, 3317
159309, 3317
160339, 3317
164225, 3317
168322, 3317
169791, 3317
169906, 3317
172831, 3317
173874, 3317
173877, 3317
178443, 3317
188147, 3317
194777, 3317
195583, 3317
200864, 3317
206300, 3317
206833, 3317
212429, 3317
222715, 3317
223133, 3317
224210, 3317
226811, 3317
229140, 3317
229948, 3317
230586, 3317
230724, 3317
231994, 3317
233047, 3317
236905, 3317
237577, 3317
237593, 3317
245081, 3317
252051, 3317
253437, 3317
257930, 3317
258070, 3317
259794, 3317
283233, 3317
284097, 3317
284185, 3317
288156, 3317
288789, 3317
291214, 3317
292087, 3317
38511, 3314
39218, 3314
56901, 3314
97049, 3314
111054, 3314
154483, 3314
237212, 3314
280448, 3314
295377, 3314
290742, 3306
215566, 3304
254816, 3300
94296, 3299
138542, 3299
166209, 3299
176086, 3299
186207, 3299
240539, 3299
280675, 3299
288713, 3299
274674, 3294
116899, 3286
209233, 3286
230140, 3286
287669, 3286
192219, 3282
216573, 3282
273387, 3282
35441, 3276
225329, 3276
5761, 3270
6091, 3270
6171, 3270
21327, 3270
30719, 3270
33793, 3270
49852, 3270
60615, 3270
61428, 3270
68134, 3270
91352, 3270
93560, 3270
96418, 3270
103388, 3270
147302, 3270
160919, 3270
164290, 3270
174144, 3270
177456, 3270
178304, 3270
188083, 3270
225058, 3270
259591, 3270
262569, 3270
282895, 3270
292707, 3270
292851, 3270
106642, 3261
138214, 3259
128450, 3254
190337, 3254
242867, 3254
15246, 3253
24853, 3253
36525, 3253
44506, 3239
63797, 3239
110521, 3239
178482, 3239
180963, 3239
261651, 3239
287876, 3239
12831, 3236
26183, 3234
53155, 3234
78052, 3234
97973, 3234
102495, 3234
104507, 3234
111974, 3234
112341, 3234
112642, 3234
115740, 3234
118409, 3234
124011, 3234
126626, 3234
134216, 3234
152801, 3234
168141, 3234
170643, 3234
172154, 3234
176723, 3234
181725, 3234
183146, 3234
183574, 3234
186369, 3234
190327, 3234
199705, 3234
200598, 3234
203517, 3234
206532, 3234
209013, 3234
209261, 3234
214990, 3234
220425, 3234
234709, 3234
237073, 3234
246276, 3234
246749, 3234
248404, 3234
274566, 3234
274728, 3234
277783, 3234
277899, 3234
282103, 3234
282884, 3234
284033, 3234
293571, 3234
140011, 3233
178164, 3231
46003, 3229
144568, 3229
170725, 3229
263366, 3219
95027, 3216
107064, 3209
164416, 3209
188156, 3209
55422, 3203
61296, 3203
67545, 3203
83642, 3203
89643, 3203
91968, 3203
104217, 3203
110382, 3203
120779, 3203
123784, 3203
131112, 3203
136353, 3203
156133, 3203
175187, 3203
187502, 3203
189087, 3203
192177, 3203
194385, 3203
196438, 3203
201582, 3203
210289, 3203
211000, 3203
211117, 3203
226144, 3203
228870, 3203
231721, 3203
236956, 3203
240361, 3203
243449, 3203
248437, 3203
256432, 3203
259549, 3203
265387, 3203
267931, 3203
274761, 3203
277547, 3203
50635, 3195
52897, 3195
82035, 3195
95490, 3195
105784, 3195
159419, 3195
237137, 3195
240189, 3195
252627, 3195
253364, 3195
262226, 3195
48730, 3194
221750, 3194
94747, 3192
120053, 3192
240853, 3192
41591, 3188
43809, 3188
71065, 3188
140963, 3188
82776, 3187
267136, 3187
287031, 3187
109336, 3180
229919, 3180
131164, 3179
159937, 3179
179593, 3179
213643, 3179
15377, 3167
38314, 3167
229091, 3161
270854, 3161
282821, 3161
289658, 3158
168850, 3157
81666, 3149
11938, 3143
23577, 3143
207502, 3140
226270, 3140
227316, 3140
256452, 3137
132979, 3136
188963, 3136
234563, 3133
17340, 3130
78684, 3130
87303, 3130
187443, 3130
273124, 3130
221310, 3129
221429, 3129
289429, 3129
292267, 3129
10854, 3115
66880, 3115
202224, 3115
290034, 3107
40006, 3106
79378, 3106
84449, 3106
85694, 3106
99892, 3106
100484, 3106
102026, 3106
125517, 3106
198610, 3106
210454, 3106
211919, 3106
225253, 3106
244330, 3106
273478, 3106
61741, 3105
165423, 3105
212426, 3105
240672, 3105
142922, 3104
61829, 3101
234826, 3101
247187, 3101
63658, 3098
83166, 3098
178231, 3098
188353, 3098
216670, 3098
220259, 3098
100961, 3097
181659, 3097
229666, 3097
156285, 3096
63269, 3094
237814, 3083
53481, 3081
65957, 3081
182585, 3081
204218, 3081
228227, 3081
234871, 3081
287175, 3081
3297, 3076
65407, 3076
106953, 3076
119757, 3075
64030, 3072
93380, 3072
135149, 3072
150708, 3072
233563, 3072
285934, 3072
12373, 3067
25555, 3067
39532, 3064
45838, 3064
48109, 3064
89655, 3064
91736, 3064
92637, 3064
105178, 3064
106189, 3064
119923, 3064
121089, 3064
122058, 3064
122908, 3064
123292, 3064
123454, 3064
124786, 3064
127063, 3064
127823, 3064
132655, 3064
138964, 3064
140580, 3064
141604, 3064
152761, 3064
154888, 3064
162126, 3064
176873, 3064
177675, 3064
181794, 3064
193626, 3064
194888, 3064
195561, 3064
195570, 3064
196176, 3064
196439, 3064
200629, 3064
209438, 3064
218082, 3064
220866, 3064
225372, 3064
231030, 3064
240946, 3064
247952, 3064
256031, 3064
259271, 3064
262492, 3064
263508, 3064
267039, 3064
270140, 3064
272182, 3064
278446, 3064
279131, 3064
279918, 3064
288773, 3064
291369, 3064
25846, 3059
249734, 3059
270167, 3059
276872, 3059
7218, 3051
63777, 3051
70638, 3051
31992, 3046
69921, 3046
104835, 3046
105731, 3046
124219, 3046
124836, 3046
129807, 3046
132939, 3046
196735, 3046
205904, 3046
206876, 3046
219783, 3046
226191, 3046
231465, 3046
236620, 3046
244356, 3046
268774, 3046
272334, 3046
111239, 3045
111705, 3045
113507, 3045
146237, 3045
192621, 3045
226679, 3045
274650, 3045
295142, 3045
117884, 3044
144870, 3044
168979, 3044
193588, 3044
215747, 3044
284335, 3044
290313, 3044
290339, 3044
14982, 3037
113751, 3037
176516, 3034
214229, 3034
271903, 3034
182491, 3029
289806, 3029
85402, 3026
143286, 3026
252470, 3026
83509, 3023
95696, 3023
104617, 3023
121792, 3023
131439, 3023
142725, 3023
159340, 3023
164321, 3023
191669, 3023
192677, 3023
192956, 3023
193933, 3023
208596, 3023
212597, 3023
213479, 3023
217772, 3023
227169, 3023
227405, 3023
234171, 3023
239998, 3023
240685, 3023
245720, 3023
249319, 3023
252918, 3023
259463, 3023
261786, 3023
263311, 3023
286666, 3023
289307, 3023
6214, 3016
34134, 3016
62915, 3016
91084, 3016
82521, 3010
256789, 3010
5446, 3007
17269, 3007
33649, 3007
40381, 3007
61050, 3007
61714, 3007
65066, 3007
68693, 3007
77896, 3007
90043, 3007
99210, 3007
112708, 3007
114032, 3007
125136, 3007
176421, 3007
187513, 3007
192612, 3007
209193, 3007
147476, 3005
153006, 3005
148364, 2983
98658, 2982
217250, 2980
132545, 2978
275188, 2973
252161, 2972
62931, 2967
22060, 2963
40346, 2963
49221, 2963
50708, 2963
82690, 2963
91412, 2963
112511, 2963
114524, 2963
116091, 2963
135653, 2963
146030, 2963
162356, 2963
180606, 2963
210192, 2963
211482, 2963
274368, 2963
279126, 2963
4565, 2962
133512, 2962
2075, 2956
124256, 2956
211845, 2956
214299, 2956
152024, 2953
167229, 2945
190767, 2945
3678, 2938
36629, 2938
62407, 2938
77211, 2938
83935, 2938
104893, 2938
112970, 2938
122578, 2938
201027, 2938
282472, 2938
34927, 2935
75586, 2935
88185, 2935
92700, 2935
105237, 2935
112651, 2935
116896, 2935
249439, 2935
280578, 2935
93310, 2927
193127, 2927
31765, 2919
35700, 2917
74117, 2912
109681, 2912
145984, 2912
216507, 2912
232685, 2912
264040, 2912
290672, 2912
294333, 2912
272657, 2911
80096, 2909
89194, 2909
166361, 2909
182843, 2909
217478, 2909
234375, 2909
42981, 2901
61469, 2901
156503, 2901
182607, 2901
206863, 2901
225160, 2901
289450, 2901
1899, 2893
122141, 2893
290349, 2893
82752, 2887
20702, 2886
57418, 2886
135707, 2886
159985, 2886
193239, 2886
291888, 2886
41114, 2877
247660, 2876
142255, 2875
283267, 2875
286081, 2875
106222, 2874
189790, 2874
237896, 2874
287141, 2874
232896, 2870
254043, 2870
95272, 2869
78651, 2868
274281, 2868
127375, 2867
207261, 2867
212014, 2867
290972, 2867
242307, 2858
53288, 2854
140015, 2854
161497, 2854
175072, 2854
182134, 2854
230996, 2854
243547, 2854
244611, 2854
8929, 2852
73748, 2852
78234, 2852
100562, 2852
119741, 2852
145887, 2852
208272, 2852
213319, 2852
215809, 2852
229013, 2852
235822, 2852
241628, 2852
249795, 2852
256574, 2852
262174, 2852
272551, 2852
281124, 2852
91673, 2851
258222, 2851
2550, 2844
2945, 2844
7118, 2844
30186, 2844
56315, 2844
114448, 2844
165504, 2844
69914, 2843
87021, 2841
104705, 2841
160334, 2833
766, 2832
1562, 2832
3487, 2832
3685, 2832
5236, 2832
7062, 2832
12301, 2832
17284, 2832
19755, 2832
26351, 2832
38418, 2832
40284, 2832
56340, 2832
68970, 2832
84384, 2832
86366, 2832
135894, 2832
146330, 2832
224343, 2832
237641, 2832
275669, 2832
105600, 2822
223177, 2822
64016, 2819
29995, 2818
123848, 2818
81849, 2805
289281, 2799
22657, 2794
41844, 2794
76871, 2794
98013, 2794
113712, 2794
120071, 2794
156463, 2794
171202, 2794
209385, 2794
286228, 2794
195421, 2793
156908, 2792
189972, 2792
283226, 2792
51525, 2789
72908, 2789
228751, 2789
47927, 2788
133410, 2788
224741, 2783
35133, 2780
42227, 2770
43110, 2770
43767, 2770
61075, 2770
100710, 2770
190093, 2770
212229, 2770
244421, 2770
248048, 2770
256275, 2770
261484, 2770
43201, 2767
48768, 2767
95092, 2767
39023, 2766
178795, 2766
39958, 2762
42657, 2762
56503, 2762
80217, 2762
82395, 2762
86068, 2762
121664, 2762
286353, 2756
185139, 2749
250328, 2749
288139, 2749
7190, 2740
240666, 2740
12333, 2731
62521, 2731
145534, 2731
39302, 2730
152175, 2730
204471, 2730
239338, 2730
62266, 2726
147195, 2726
10951, 2724
28415, 2724
37713, 2724
92870, 2724
133264, 2724
135770, 2724
180729, 2724
232785, 2724
256854, 2724
285295, 2724
115950, 2722
166489, 2722
84559, 2720
52599, 2718
135908, 2718
199303, 2718
210654, 2718
232036, 2718
265597, 2718
283827, 2718
157458, 2714
96849, 2707
114433, 2707
226353, 2707
234769, 2707
82547, 2705
89451, 2705
168091, 2705
173366, 2705
139088, 2702
80011, 2699
201087, 2699
216418, 2699
228059, 2699
286872, 2699
296118, 2699
38349, 2695
62817, 2695
214038, 2695
49504, 2693
74910, 2693
79755, 2693
92911, 2693
127245, 2693
127760, 2693
130287, 2693
168507, 2693
170969, 2693
177170, 2693
186624, 2693
221003, 2693
236906, 2693
270295, 2693
272569, 2693
288571, 2693
294356, 2693
20062, 2692
91551, 2691
148401, 2691
123389, 2690
260332, 2690
290223, 2690
32156, 2687
166991, 2685
191958, 2685
58704, 2684
99216, 2677
130811, 2672
147248, 2665
233720, 2662
63480, 2660
149111, 2660
182870, 2660
216696, 2660
245506, 2660
80468, 2658
120617, 2658
121165, 2658
153704, 2658
165879, 2658
203172, 2658
229255, 2658
143933, 2649
162528, 2648
187558, 2647
290488, 2647
99374, 2646
91215, 2643
114621, 2643
183765, 2643
51709, 2641
81320, 2641
57361, 2640
76279, 2640
76495, 2640
91303, 2640
101355, 2640
109910, 2640
120470, 2640
126092, 2640
187142, 2640
191755, 2640
241194, 2640
246440, 2640
258335, 2640
274403, 2640
75378, 2638
285706, 2637
1972, 2634
19840, 2634
22388, 2634
121279, 2634
148624, 2634
167188, 2634
187132, 2634
237872, 2634
239416, 2634
277467, 2634
291110, 2632
19295, 2631
50186, 2631
70894, 2631
169014, 2629
283415, 2629
291382, 2628
203514, 2626
249033, 2626
291993, 2626
78356, 2625
112968, 2625
116903, 2625
156292, 2625
201537, 2625
214744, 2625
218422, 2625
229040, 2625
244032, 2625
259582, 2625
147883, 2623
131510, 2618
170033, 2617
175273, 2617
272007, 2617
136645, 2611
268194, 2611
122482, 2610
47341, 2609
112217, 2609
69795, 2607
105443, 2607
173380, 2607
175099, 2607
176144, 2607
199328, 2607
232791, 2607
269160, 2607
217530, 2604
237787, 2604
245753, 2604
205121, 2603
25664, 2600
290744, 2600
88257, 2597
206506, 2597
290168, 2591
250559, 2585
242990, 2581
70726, 2578
41556, 2577
74189, 2577
111246, 2577
120130, 2577
150002, 2577
174383, 2577
186317, 2577
202794, 2577
151517, 2575
180639, 2572
229455, 2572
68142, 2567
84510, 2567
168393, 2567
172919, 2567
186113, 2567
200363, 2567
213629, 2567
272913, 2567
287775, 2567
275841, 2563
156712, 2562
261974, 2556
295272, 2550
52159, 2549
11771, 2547
7498, 2545
53503, 2540
63604, 2536
126607, 2536
133077, 2536
172053, 2536
182168, 2530
119275, 2527
24784, 2525
4717, 2521
244042, 2521
45008, 2520
99038, 2520
217053, 2519
228748, 2519
123554, 2516
131814, 2516
167078, 2516
238574, 2516
290590, 2516
10509, 2506
295701, 2506
238916, 2505
105176, 2504
141092, 2504
136752, 2501
266762, 2501
104646, 2499
101030, 2498
32242, 2497
123595, 2497
237428, 2497
290432, 2497
27181, 2494
80516, 2494
89063, 2494
145824, 2494
50344, 2490
9135, 2485
9558, 2480
110165, 2475
255374, 2475
17221, 2472
125718, 2472
142455, 2472
122161, 2465
151612, 2465
130665, 2464
261378, 2464
32505, 2462
37305, 2462
38367, 2462
81142, 2462
84329, 2462
104165, 2462
123905, 2462
138498, 2462
173381, 2462
192292, 2462
39414, 2461
122604, 2460
208051, 2460
193077, 2459
190332, 2456
12248, 2452
23904, 2452
35134, 2452
72542, 2452
125505, 2452
128282, 2452
151973, 2452
166372, 2452
190269, 2452
192977, 2452
195539, 2452
226471, 2452
287438, 2452
34386, 2448
103582, 2448
230933, 2448
38983, 2447
86991, 2445
164244, 2445
294787, 2445
176588, 2444
170541, 2443
129643, 2440
80414, 2438
247767, 2429
154411, 2426
90894, 2425
77214, 2421
134775, 2421
152816, 2421
201039, 2413
138750, 2412
140318, 2411
269066, 2411
76818, 2410
291521, 2410
48300, 2408
62580, 2408
97236, 2408
101246, 2408
104226, 2408
116295, 2408
125250, 2408
129496, 2408
145871, 2408
146149, 2408
160460, 2408
165548, 2408
172675, 2408
179257, 2408
194651, 2408
198883, 2408
211487, 2408
215827, 2408
225147, 2408
236226, 2408
236336, 2408
237709, 2408
239669, 2408
240120, 2408
244384, 2408
254082, 2408
263283, 2408
269539, 2408
277132, 2408
295242, 2408
213572, 2399
40477, 2398
146834, 2398
161022, 2398
171757, 2398
179588, 2398
188448, 2398
169965, 2397
130914, 2394
188561, 2394
226590, 2394
128448, 2393
65582, 2390
80440, 2390
146599, 2390
242266, 2389
174342, 2388
42818, 2387
174048, 2387
263785, 2386
27313, 2385
51193, 2385
68751, 2385
141459, 2385
197810, 2385
224878, 2385
258051, 2385
287040, 2385
293865, 2385
139042, 2384
232792, 2381
48767, 2380
134611, 2379
50486, 2377
279829, 2377
24714, 2375
32059, 2375
61161, 2375
62903, 2375
63593, 2375
78376, 2375
88852, 2375
152714, 2375
154840, 2375
160690, 2375
178992, 2375
180697, 2375
182434, 2375
183629, 2375
198327, 2375
199094, 2375
202136, 2375
226207, 2375
230344, 2375
251304, 2375
252882, 2375
276570, 2375
87221, 2373
239743, 2373
78805, 2369
120770, 2369
209642, 2369
216575, 2369
218762, 2369
186189, 2365
246769, 2362
145014, 2359
49759, 2352
203540, 2351
251314, 2351
253801, 2351
133584, 2348
47877, 2344
86380, 2344
90264, 2344
143557, 2344
212198, 2344
271279, 2344
45064, 2343
53167, 2343
59695, 2343
121525, 2343
129219, 2343
273368, 2341
23985, 2339
237731, 2339
255118, 2338
40775, 2337
93763, 2337
110624, 2334
170884, 2334
183950, 2324
168236, 2321
152120, 2317
6572, 2309
236386, 2306
62641, 2299
135534, 2299
172791, 2299
221360, 2299
247066, 2299
247383, 2299
285608, 2295
180479, 2293
70179, 2291
139119, 2291
148141, 2291
164207, 2291
186261, 2291
206995, 2291
230729, 2291
240469, 2291
250662, 2291
46072, 2290
114950, 2290
199987, 2290
241648, 2289
19409, 2288
36850, 2288
45334, 2288
112771, 2288
117330, 2288
152084, 2288
191609, 2288
201424, 2285
257487, 2285
116421, 2283
25591, 2281
27004, 2281
45652, 2281
57497, 2281
61465, 2281
62062, 2281
146540, 2281
156883, 2281
180590, 2281
266248, 2281
280016, 2281
136614, 2279
181705, 2279
135644, 2277
280098, 2277
43082, 2274
51302, 2272
163538, 2271
138331, 2263
120553, 2262
197612, 2256
210458, 2256
293762, 2256
49653, 2254
28107, 2242
74261, 2237
85258, 2230
103095, 2227
153199, 2227
28471, 2226
74348, 2217
110737, 2217
124917, 2217
140081, 2217
204616, 2217
177793, 2210
224320, 2210
286962, 2208
132122, 2206
145711, 2206
175175, 2206
77817, 2204
197312, 2204
211807, 2204
136271, 2202
23053, 2199
38529, 2199
39681, 2199
41514, 2199
58319, 2199
64151, 2199
78635, 2199
82509, 2199
83081, 2199
88104, 2199
90061, 2199
92155, 2199
103126, 2199
106802, 2199
110016, 2199
132522, 2199
134145, 2199
136866, 2199
141925, 2199
153449, 2199
153796, 2199
170827, 2199
200447, 2199
216662, 2199
216744, 2199
233858, 2199
240256, 2199
256981, 2199
258951, 2199
268884, 2199
273211, 2199
286066, 2199
55318, 2198
96718, 2198
140593, 2198
201152, 2198
255866, 2195
21178, 2190
185201, 2190
187829, 2190
209349, 2190
245402, 2190
254872, 2190
266472, 2190
211776, 2188
229916, 2188
274537, 2182
28985, 2180
211795, 2180
35396, 2179
164017, 2179
230211, 2179
245453, 2179
82451, 2176
32730, 2173
84993, 2169
31166, 2168
48965, 2168
56262, 2168
120261, 2168
124279, 2168
161756, 2168
212136, 2168
285566, 2168
128604, 2166
143344, 2166
201535, 2165
174686, 2160
281154, 2155
154283, 2152
207316, 2152
248412, 2152
139892, 2150
151719, 2150
215387, 2150
148361, 2149
200824, 2149
77840, 2147
169382, 2147
229079, 2147
123247, 2146
41491, 2144
75995, 2139
111783, 2139
151658, 2139
258817, 2139
279809, 2139
245302, 2137
143561, 2135
93927, 2132
195353, 2129
75109, 2127
198018, 2127
4477, 2123
30591, 2123
134799, 2122
140079, 2122
77941, 2119
35773, 2116
128538, 2116
161475, 2116
183663, 2110
9777, 2109
123157, 2109
126270, 2109
190806, 2109
213333, 2109
245911, 2109
283718, 2109
296415, 2109
135741, 2107
143907, 2107
144795, 2107
151518, 2107
173790, 2107
15185, 2106
63522, 2106
72265, 2106
78492, 2106
236566, 2106
257470, 2104
293368, 2104
6762, 2103
63837, 2103
94348, 2103
138960, 2103
164484, 2103
210830, 2103
213667, 2103
221517, 2103
253867, 2103
242719, 2102
77208, 2096
256560, 2096
24788, 2094
64350, 2093
226883, 2093
269415, 2093
116748, 2087
126098, 2087
139431, 2087
176253, 2087
191925, 2087
240429, 2087
122777, 2086
195545, 2086
217559, 2086
41869, 2085
78281, 2085
43959, 2083
44224, 2083
59365, 2083
77085, 2083
80220, 2083
102972, 2083
105515, 2083
178159, 2083
243408, 2083
273983, 2083
281006, 2083
294880, 2083
290923, 2080
291276, 2080
170267, 2078
28081, 2077
56870, 2077
122292, 2077
155073, 2077
235390, 2077
245128, 2077
254934, 2077
259202, 2077
149082, 2075
78626, 2073
259166, 2073
177338, 2072
181428, 2072
192700, 2070
164474, 2066
293786, 2063
14744, 2058
41771, 2058
123388, 2058
164870, 2058
237686, 2058
253530, 2058
274406, 2058
18035, 2053
132535, 2045
260422, 2045
117386, 2040
34420, 2037
104152, 2037
115286, 2037
159185, 2037
195063, 2037
211436, 2037
219710, 2037
285628, 2037
289506, 2037
1758, 2035
286629, 2035
236155, 2034
178116, 2032
138909, 2030
123855, 2029
217985, 2029
228823, 2029
271404, 2029
288583, 2029
40077, 2027
158862, 2027
138670, 2026
159877, 2026
239732, 2024
248042, 2024
268183, 2024
276281, 2023
98125, 2021
70864, 2019
172879, 2019
261776, 2019
154913, 2018
2032, 2016
165685, 2016
226366, 2016
149155, 2015
197206, 2015
207809, 2015
217676, 2015
231181, 2014
285053, 2014
221610, 2013
290591, 2013
106402, 2011
206843, 2011
178519, 2006
82340, 2005
89003, 2005
153986, 2005
265393, 2005
68938, 2004
229863, 2004
229525, 2002
260245, 2002
295984, 2001
13655, 1999
137391, 1999
191381, 1999
224629, 1999
251308, 1999
105214, 1998
254041, 1997
272237, 1995
6280, 1993
24761, 1993
196681, 1990
155228, 1986
187298, 1986
225835, 1986
43134, 1985
44508, 1985
114483, 1985
144122, 1985
148846, 1985
168057, 1985
168652, 1985
191139, 1985
216380, 1985
249917, 1985
253367, 1985
287727, 1985
74925, 1974
78449, 1974
295257, 1974
184378, 1972
206534, 1972
153286, 1971
44032, 1970
89412, 1970
267457, 1965
185327, 1963
220527, 1963
240081, 1963
87555, 1962
254696, 1960
110188, 1958
278847, 1958
57072, 1955
278360, 1955
25561, 1954
37049, 1954
135111, 1954
171877, 1954
206441, 1954
236415, 1954
237518, 1954
244118, 1954
257012, 1954
254517, 1953
154243, 1941
25915, 1936
122590, 1936
237270, 1936
205966, 1935
88585, 1930
137372, 1930
187287, 1930
277626, 1930
290441, 1930
125748, 1929
31099, 1928
46313, 1928
116560, 1928
135003, 1928
237562, 1928
275752, 1928
291580, 1928
92473, 1927
85092, 1924
162561, 1924
249392, 1924
199618, 1922
208820, 1922
271397, 1922
56604, 1921
104261, 1921
141467, 1921
191403, 1918
283851, 1918
13659, 1917
219921, 1915
282407, 1915
86019, 1914
97944, 1912
195576, 1912
186819, 1910
53313, 1907
191488, 1907
27558, 1906
111943, 1902
152288, 1902
211699, 1902
131268, 1900
139406, 1900
212209, 1900
112515, 1899
113004, 1899
37684, 1895
62493, 1895
208906, 1895
245127, 1895
282919, 1895
253895, 1894
56085, 1892
16803, 1891
292118, 1891
241430, 1889
38441, 1885
85075, 1885
86679, 1885
89259, 1885
90206, 1885
99253, 1885
111349, 1885
135907, 1885
171562, 1885
172295, 1885
189728, 1885
242174, 1885
76502, 1884
131903, 1884
160054, 1884
165069, 1884
211655, 1884
243406, 1884
274459, 1884
207954, 1879
220979, 1879
37825, 1878
52526, 1878
58249, 1878
74236, 1878
81300, 1878
200291, 1878
259450, 1878
276223, 1878
99923, 1876
134643, 1876
150320, 1876
180452, 1876
193762, 1876
248420, 1876
85975, 1875
110828, 1875
111751, 1875
167075, 1875
190553, 1875
254916, 1875
281466, 1875
224399, 1874
207543, 1870
259134, 1870
126480, 1866
39605, 1864
139423, 1864
206659, 1864
211528, 1864
219877, 1864
171824, 1863
726, 1862
91121, 1862
110076, 1861
122344, 1861
148446, 1861
251307, 1861
256300, 1861
261319, 1861
262589, 1861
61938, 1858
273118, 1856
294677, 1854
109742, 1850
140437, 1850
90561, 1848
142445, 1848
118286, 1847
134000, 1846
55712, 1843
154140, 1843
156326, 1843
176125, 1843
257201, 1843
275168, 1843
135445, 1841
142659, 1841
199361, 1841
259748, 1841
28188, 1840
192406, 1840
208587, 1840
247832, 1839
204101, 1838
281445, 1838
99859, 1837
103278, 1837
110729, 1837
229483, 1837
92854, 1836
104403, 1836
58912, 1835
74883, 1835
93447, 1835
101038, 1835
113872, 1835
129392, 1835
149065, 1835
157399, 1835
169464, 1835
178585, 1835
182103, 1835
198125, 1835
219900, 1835
230118, 1835
252157, 1835
256184, 1835
262562, 1835
148125, 1834
148339, 1834
6718, 1833
87328, 1833
96344, 1833
105196, 1833
113399, 1833
124107, 1833
127693, 1833
129640, 1833
136502, 1833
172731, 1833
252595, 1833
262991, 1833
114634, 1831
245189, 1831
287784, 1831
98458, 1830
136658, 1830
145878, 1830
178951, 1830
176334, 1829
202893, 1829
224402, 1829
240289, 1827
67513, 1824
139255, 1824
127977, 1823
282828, 1820
159621, 1818
35088, 1817
120706, 1817
154659, 1817
185936, 1817
198219, 1817
225142, 1817
249642, 1817
254697, 1817
260094, 1817
263678, 1817
95502, 1816
159765, 1816
275625, 1816
286615, 1815
84086, 1814
161362, 1814
180422, 1814
189601, 1814
236227, 1814
246336, 1814
281457, 1814
291522, 1814
186836, 1813
274298, 1813
276158, 1813
179684, 1811
166160, 1810
227028, 1810
126274, 1809
251389, 1809
274831, 1809
294297, 1809
136948, 1807
275364, 1807
133294, 1806
70733, 1805
207497, 1805
63251, 1804
81828, 1804
115031, 1804
192283, 1804
107345, 1802
183109, 1802
221266, 1802
221927, 1802
110472, 1800
152510, 1800
164320, 1800
174609, 1800
183055, 1800
263269, 1800
102895, 1798
200693, 1796
237951, 1796
67375, 1794
79920, 1794
125730, 1794
175938, 1794
185498, 1794
26726, 1792
191993, 1792
232528, 1792
73116, 1790
180460, 1790
184714, 1790
213357, 1790
265984, 1790
266462, 1790
271396, 1790
56635, 1789
64356, 1789
76901, 1789
97449, 1789
155450, 1789
193196, 1789
208156, 1789
213015, 1789
217091, 1789
220439, 1789
243434, 1789
28974, 1785
69627, 1785
83153, 1785
98092, 1785
100584, 1785
105398, 1785
105961, 1785
123452, 1785
138637, 1785
156783, 1785
212138, 1785
228115, 1785
241682, 1785
246425, 1785
250065, 1785
258099, 1785
271189, 1785
94192, 1784
27519, 1782
98251, 1782
119995, 1782
231701, 1782
237038, 1782
293949, 1782
166217, 1780
182556, 1780
193270, 1780
61301, 1779
116170, 1778
225794, 1778
24923, 1776
34050, 1776
58773, 1776
129573, 1776
216706, 1775
264628, 1775
44315, 1773
290306, 1773
105114, 1772
86914, 1770
182577, 1770
275985, 1770
293852, 1770
108668, 1768
119398, 1768
137771, 1768
152491, 1768
246146, 1768
269145, 1768
292923, 1768
205910, 1767
80263, 1766
253102, 1766
113277, 1764
128181, 1764
176732, 1764
217111, 1764
219075, 1764
186173, 1763
265479, 1762
107515, 1761
134283, 1761
147722, 1761
181247, 1761
183237, 1761
211062, 1761
258889, 1761
267163, 1761
273041, 1761
59394, 1757
78202, 1757
207912, 1757
226924, 1757
133318, 1756
153531, 1756
233214, 1755
82895, 1754
282187, 1753
64977, 1752
153974, 1752
265533, 1752
60449, 1750
66404, 1750
71747, 1750
85455, 1750
121922, 1750
122245, 1750
127197, 1750
130764, 1750
132316, 1750
147685, 1750
163116, 1750
174085, 1750
175401, 1750
181080, 1750
190002, 1750
200498, 1750
200911, 1750
201017, 1750
207858, 1750
235046, 1750
238542, 1750
243533, 1750
246206, 1750
273944, 1750
126368, 1744
17538, 1743
114123, 1743
166202, 1743
176539, 1743
133357, 1742
164417, 1742
114469, 1741
48371, 1736
134581, 1736
196425, 1736
205658, 1736
233080, 1736
290423, 1736
75687, 1735
122704, 1735
202157, 1735
257789, 1735
258177, 1735
269888, 1735
274401, 1735
282767, 1735
155791, 1732
176357, 1732
225531, 1732
106634, 1731
175732, 1731
219051, 1730
231638, 1730
128557, 1729
250401, 1729
30546, 1728
36645, 1728
36954, 1728
40253, 1728
52124, 1728
263379, 1728
112689, 1726
252330, 1724
33729, 1721
60080, 1721
64121, 1721
70875, 1721
70978, 1721
122895, 1719
190409, 1719
138983, 1717
264189, 1717
126326, 1715
176323, 1715
178861, 1715
185710, 1715
198924, 1715
207183, 1715
211090, 1715
40788, 1714
92019, 1712
121000, 1712
124707, 1712
194487, 1712
225443, 1712
245489, 1712
261151, 1712
1703, 1709
82312, 1709
92207, 1709
136798, 1709
139700, 1709
194750, 1709
196328, 1709
221526, 1709
290430, 1709
63107, 1708
65587, 1708
121316, 1708
132674, 1708
134302, 1708
178533, 1708
200876, 1708
203592, 1708
210305, 1708
225496, 1706
114015, 1705
75202, 1704
84486, 1704
94901, 1704
124489, 1704
135469, 1704
165722, 1704
213546, 1704
216935, 1704
252771, 1704
275054, 1704
222124, 1703
933, 1702
136449, 1702
272329, 1701
74331, 1700
78594, 1700
216858, 1700
225339, 1700
35733, 1698
65963, 1697
94557, 1697
111279, 1697
111483, 1697
124942, 1697
141026, 1697
143029, 1697
153854, 1697
182512, 1697
206103, 1697
230137, 1697
242890, 1697
263919, 1697
285454, 1697
288488, 1697
170546, 1695
177856, 1695
187412, 1695
197547, 1695
212521, 1695
236188, 1695
252645, 1695
266576, 1695
289431, 1695
214980, 1694
36007, 1690
51395, 1690
63254, 1690
104935, 1690
208620, 1690
276117, 1690
91582, 1686
216259, 1686
122847, 1684
207950, 1682
288446, 1682
101717, 1680
112080, 1680
142037, 1680
146909, 1680
164751, 1680
193854, 1680
197287, 1680
216116, 1680
218987, 1680
220227, 1680
240446, 1680
265104, 1680
59766, 1677
88434, 1677
195914, 1677
33874, 1676
49469, 1675
201905, 1675
247971, 1675
80772, 1674
73384, 1671
96772, 1670
179097, 1670
252934, 1670
106445, 1668
125233, 1668
130080, 1668
153197, 1668
154117, 1668
159738, 1668
164938, 1668
244998, 1668
248321, 1668
263599, 1668
101997, 1667
152346, 1667
188872, 1667
241632, 1667
257796, 1667
206221, 1666
61964, 1665
134668, 1663
65368, 1660
268390, 1659
291173, 1659
60532, 1658
260771, 1658
283352, 1654
142004, 1653
292476, 1652
157949, 1649
213703, 1649
221852, 1649
274070, 1649
295016, 1649
234192, 1648
249956, 1648
156362, 1647
18750, 1646
43300, 1645
90722, 1645
118437, 1645
268964, 1645
126096, 1642
230910, 1642
28103, 1641
216085, 1641
60375, 1640
106225, 1640
168048, 1640
227826, 1639
240710, 1639
266267, 1639
272914, 1639
46990, 1637
213000, 1637
241319, 1637
1608, 1629
26793, 1629
162167, 1628
62277, 1624
175770, 1624
99896, 1623
236216, 1623
173200, 1621
175928, 1621
180968, 1621
207042, 1621
230409, 1621
230422, 1621
246656, 1621
270600, 1621
271821, 1621
275026, 1621
288104, 1621
290886, 1621
294215, 1621
74628, 1617
78237, 1617
82419, 1617
89551, 1617
179797, 1613
296249, 1613
188688, 1612
98906, 1608
158008, 1608
164375, 1608
213374, 1608
266473, 1608
267238, 1608
270018, 1608
94948, 1605
156113, 1605
58881, 1603
74285, 1603
76571, 1603
77877, 1603
80791, 1603
82369, 1603
83475, 1603
83883, 1603
84808, 1603
89603, 1603
92285, 1603
94355, 1603
96948, 1603
97238, 1603
98428, 1603
93356, 1600
114579, 1600
224251, 1600
236080, 1600
254729, 1599
126654, 1597
158486, 1597
3250, 1596
201868, 1594
54991, 1590
56601, 1590
97925, 1590
148097, 1590
180372, 1590
200701, 1590
219533, 1590
265271, 1590
265891, 1590
267883, 1590
276681, 1590
248358, 1589
157279, 1588
37822, 1586
184175, 1584
235194, 1584
214626, 1583
36184, 1580
104816, 1579
55306, 1578
67128, 1578
167156, 1578
179981, 1578
189299, 1578
200479, 1578
221817, 1578
192446, 1575
145266, 1574
70843, 1572
148886, 1572
25502, 1571
36288, 1571
239712, 1568
94067, 1567
207735, 1567
95320, 1566
1446, 1564
1755, 1564
2457, 1564
4537, 1564
5453, 1564
7875, 1564
8288, 1564
13923, 1564
17469, 1564
20617, 1564
22338, 1564
25957, 1564
37392, 1564
49211, 1564
68620, 1564
72081, 1564
80665, 1564
83059, 1564
84372, 1564
84944, 1564
111074, 1564
117541, 1564
136829, 1564
211852, 1564
233678, 1564
247989, 1564
287139, 1564
50480, 1562
127043, 1559
25761, 1557
190298, 1556
202493, 1556
222172, 1556
263672, 1556
284103, 1556
135823, 1555
136880, 1555
95020, 1554
226088, 1554
228588, 1554
81539, 1553
106287, 1552
114759, 1549
127083, 1549
131627, 1549
165205, 1549
57852, 1548
181848, 1548
198862, 1548
231951, 1548
155767, 1546
10420, 1545
232638, 1545
262858, 1544
63027, 1543
12110, 1542
25635, 1542
135022, 1542
249649, 1542
295423, 1542
127540, 1541
24974, 1540
166481, 1540
42062, 1538
92641, 1538
108630, 1538
151417, 1538
272066, 1538
126228, 1535
153485, 1535
231914, 1535
114084, 1534
239426, 1534
278874, 1534
124904, 1532
70076, 1531
153112, 1531
154719, 1531
168730, 1531
184732, 1531
187819, 1531
217912, 1531
259369, 1531
271900, 1531
276947, 1531
141256, 1530
215973, 1530
281627, 1530
288597, 1530
145640, 1526
159866, 1526
174652, 1526
175005, 1526
249160, 1526
1354, 1525
21973, 1525
36194, 1525
159833, 1525
208863, 1525
3890, 1523
142485, 1523
148155, 1523
150049, 1523
223005, 1519
224882, 1519
228586, 1519
273998, 1519
170150, 1517
118792, 1516
34543, 1514
104790, 1512
225587, 1511
187280, 1510
16687, 1509
86522, 1509
122691, 1509
267122, 1507
105743, 1506
109095, 1506
218889, 1506
252104, 1506
290769, 1506
2357, 1504
3913, 1504
12429, 1504
13446, 1504
17326, 1504
25772, 1504
32585, 1504
39907, 1504
119770, 1504
138772, 1504
148728, 1504
196717, 1504
210598, 1504
290156, 1504
39908, 1503
47565, 1503
53555, 1503
69969, 1503
86147, 1503
87496, 1503
108109, 1503
121909, 1503
151179, 1503
155047, 1503
158813, 1503
163610, 1503
165130, 1503
168862, 1503
170201, 1503
189164, 1503
190726, 1503
203100, 1503
218923, 1503
230153, 1503
231260, 1503
240059, 1503
247456, 1503
251130, 1503
259617, 1503
272587, 1503
281444, 1503
112554, 1498
230142, 1498
24592, 1497
28083, 1497
32521, 1497
37135, 1497
40932, 1497
45351, 1497
211135, 1497
105525, 1494
150686, 1494
226976, 1494
240188, 1494
94434, 1493
185752, 1493
276192, 1493
121227, 1492
97786, 1491
153272, 1491
155568, 1491
185213, 1491
278292, 1491
177623, 1487
88488, 1482
263037, 1482
128568, 1481
263241, 1481
828, 1480
102127, 1479
126600, 1479
116366, 1478
151235, 1477
169143, 1477
261181, 1477
1417, 1476
1481, 1476
93295, 1476
113051, 1476
154887, 1476
269002, 1476
174038, 1475
82418, 1472
220339, 1472
96349, 1470
158857, 1467
11618, 1464
44777, 1463
176895, 1463
71259, 1461
19352, 1459
11333, 1453
14738, 1453
18059, 1453
18650, 1453
19458, 1453
20131, 1453
20875, 1453
26599, 1453
26768, 1453
28300, 1453
29927, 1453
29974, 1453
37898, 1453
72911, 1453
93086, 1453
123886, 1453
165041, 1453
169176, 1453
178658, 1453
196683, 1453
253247, 1453
284053, 1453
205526, 1452
210412, 1452
44291, 1451
47460, 1451
7996, 1449
112124, 1449
120599, 1449
131278, 1449
134272, 1449
175372, 1449
235906, 1449
250419, 1449
254026, 1449
273242, 1449
276012, 1449
170251, 1444
21062, 1443
239273, 1439
208134, 1437
110858, 1435
202319, 1435
61007, 1434
64374, 1434
230125, 1434
256532, 1434
129806, 1429
151436, 1429
254532, 1429
280294, 1429
287424, 1429
212779, 1428
280528, 1426
195654, 1425
109726, 1424
161026, 1424
240678, 1424
9442, 1420
295757, 1420
6055, 1419
39347, 1419
286836, 1419
17774, 1418
202369, 1417
209846, 1417
48951, 1416
68281, 1416
139840, 1416
205644, 1416
221704, 1416
242353, 1415
224109, 1413
244910, 1413
16851, 1412
40671, 1412
76974, 1412
106278, 1412
144612, 1412
187673, 1412
256736, 1412
277688, 1412
4785, 1411
39410, 1411
86822, 1411
115150, 1411
147236, 1411
159085, 1411
254968, 1411
283180, 1411
290867, 1411
9098, 1410
50451, 1410
141116, 1410
268924, 1410
121898, 1409
153908, 1409
195644, 1409
205407, 1409
210462, 1409
215113, 1409
233482, 1409
240689, 1409
252899, 1409
270119, 1409
274666, 1409
21689, 1408
217050, 1408
209548, 1407
46938, 1406
61378, 1405
131067, 1405
177499, 1405
187541, 1405
191513, 1405
227662, 1405
91802, 1404
199268, 1404
8171, 1403
9753, 1403
10046, 1403
14626, 1403
19448, 1403
33613, 1403
39614, 1403
35503, 1402
38773, 1402
262741, 1402
263047, 1401
290038, 1401
104891, 1399
25787, 1398
139831, 1398
154904, 1398
6135, 1396
17535, 1394
18566, 1394
20108, 1394
32335, 1394
68448, 1394
70886, 1394
72099, 1394
90185, 1394
12774, 1393
89765, 1393
133002, 1393
174935, 1393
176197, 1393
189408, 1393
249231, 1393
225302, 1392
56830, 1390
121361, 1390
232090, 1390
13389, 1389
71235, 1389
218345, 1389
280832, 1388
17883, 1385
38221, 1385
94924, 1385
220398, 1385
58899, 1383
126147, 1383
17432, 1382
21423, 1382
73800, 1382
75433, 1382
94121, 1382
107598, 1382
108421, 1382
112729, 1382
115149, 1382
116857, 1382
118673, 1382
119386, 1382
122621, 1382
123651, 1382
126220, 1382
126536, 1382
127047, 1382
128424, 1382
129931, 1382
131526, 1382
135731, 1382
147502, 1382
147640, 1382
162578, 1382
170402, 1382
171181, 1382
176189, 1382
178915, 1382
180823, 1382
181236, 1382
195190, 1382
215560, 1382
238731, 1382
88951, 1381
103347, 1381
51454, 1379
3303, 1378
2516, 1377
40521, 1377
131413, 1377
140183, 1377
240976, 1377
46296, 1375
100681, 1373
117768, 1373
200526, 1373
106942, 1372
213593, 1372
50137, 1370
45935, 1369
62996, 1369
3002, 1367
3566, 1367
172351, 1367
78593, 1366
156413, 1366
168451, 1366
175908, 1366
211239, 1366
242470, 1366
256738, 1366
266854, 1366
257331, 1365
293116, 1365
55571, 1361
176230, 1360
99089, 1357
188521, 1357
126995, 1356
188269, 1356
219838, 1356
253839, 1356
276741, 1356
193509, 1354
206617, 1354
114550, 1353
137633, 1353
148358, 1353
183601, 1353
198338, 1353
200505, 1353
226688, 1353
237588, 1353
256597, 1353
256696, 1352
9901, 1351
28207, 1350
248331, 1350
218052, 1349
268970, 1349
52093, 1348
152778, 1348
165719, 1348
234150, 1348
2839, 1346
5813, 1346
155415, 1346
208856, 1346
226575, 1346
236355, 1346
242772, 1346
164067, 1345
68960, 1342
44047, 1340
137262, 1340
263537, 1338
280226, 1338
18852, 1337
71025, 1337
165942, 1337
197600, 1337
207080, 1335
251745, 1335
267596, 1335
215376, 1333
284001, 1333
64147, 1332
101072, 1332
142055, 1332
158896, 1332
173951, 1332
219708, 1332
221240, 1332
246523, 1332
249301, 1332
254283, 1332
254886, 1332
88846, 1331
198155, 1331
241564, 1331
250391, 1329
261759, 1329
208646, 1328
281364, 1328
10123, 1327
20657, 1327
68335, 1325
98845, 1324
277850, 1324
135812, 1323
153755, 1323
157910, 1322
234585, 1322
119520, 1319
195999, 1319
283961, 1319
82475, 1318
86599, 1318
119031, 1318
242713, 1318
271545, 1318
20172, 1317
22108, 1317
55092, 1317
132856, 1317
151693, 1317
154528, 1317
161490, 1317
193326, 1317
200863, 1317
216792, 1317
230394, 1317
53457, 1316
107696, 1315
153800, 1315
72351, 1314
85099, 1314
103981, 1314
122860, 1314
127457, 1314
143005, 1314
196611, 1314
217707, 1314
285516, 1314
98231, 1312
177556, 1312
57545, 1311
59589, 1311
79650, 1311
80604, 1311
88883, 1311
228079, 1311
236066, 1311
258564, 1311
177484, 1310
211126, 1310
232517, 1309
18143, 1308
20805, 1308
23955, 1308
36364, 1308
54334, 1308
59016, 1308
65356, 1308
65816, 1308
67590, 1308
70592, 1308
71673, 1308
83806, 1308
102565, 1308
111248, 1308
112429, 1308
114143, 1308
121250, 1308
136186, 1308
153722, 1308
154426, 1308
160095, 1308
178281, 1308
188376, 1308
191926, 1308
196779, 1308
209395, 1308
227495, 1308
229471, 1308
229965, 1308
231511, 1308
245282, 1308
246284, 1308
246796, 1308
247768, 1308
262871, 1308
280366, 1308
283334, 1308
1003, 1306
7674, 1304
77837, 1304
94375, 1304
140888, 1304
180830, 1304
218566, 1304
247549, 1304
267449, 1304
1946, 1302
209674, 1300
239382, 1300
265853, 1300
70720, 1295
78182, 1294
229674, 1294
248247, 1294
260464, 1294
19072, 1293
50700, 1293
101173, 1293
141770, 1293
251675, 1293
284566, 1293
175233, 1292
61928, 1291
228575, 1291
291704, 1291
147497, 1290
205903, 1290
261587, 1290
58931, 1288
164781, 1287
278742, 1287
93497, 1284
186834, 1284
233760, 1283
9720, 1282
14428, 1282
34393, 1282
60487, 1282
99530, 1282
203047, 1282
39124, 1280
249338, 1279
14125, 1278
34984, 1278
35668, 1278
55108, 1278
90323, 1278
111617, 1278
129922, 1278
143477, 1278
160244, 1278
162536, 1278
197613, 1278
64309, 1277
65761, 1277
155055, 1277
282367, 1277
94863, 1276
264822, 1276
275673, 1276
284430, 1276
98288, 1274
145494, 1272
225713, 1272
107997, 1271
133952, 1271
137504, 1271
146974, 1271
195158, 1271
209863, 1271
228813, 1271
254186, 1271
280685, 1271
31273, 1270
39056, 1270
58579, 1270
80710, 1270
128164, 1270
183826, 1270
251017, 1270
265067, 1270
276429, 1270
277917, 1270
251592, 1269
136712, 1268
287286, 1267
295548, 1267
166961, 1265
196413, 1265
278028, 1265
93440, 1262
181665, 1262
23575, 1259
27217, 1259
42286, 1259
48474, 1259
64034, 1259
106379, 1259
141328, 1259
220239, 1259
282732, 1259
41364, 1258
152406, 1258
231197, 1258
293860, 1258
143236, 1257
178117, 1256
195411, 1256
259363, 1256
93937, 1254
114949, 1254
163013, 1254
163049, 1254
144734, 1252
173710, 1252
207503, 1252
124670, 1251
15046, 1250
75834, 1250
97370, 1250
118220, 1250
167899, 1250
225068, 1250
252096, 1250
131948, 1249
153455, 1246
68826, 1245
138712, 1245
42154, 1244
164640, 1244
292878, 1244
292820, 1243
58924, 1242
204689, 1241
274924, 1241
147340, 1239
153818, 1239
230441, 1239
128069, 1238
156182, 1238
260012, 1238
282586, 1238
10822, 1236
88143, 1236
166712, 1236
261575, 1236
293057, 1235
66380, 1234
93658, 1234
244443, 1234
44677, 1233
243649, 1233
93918, 1231
85390, 1229
75063, 1226
155516, 1226
264799, 1226
272110, 1226
84769, 1225
124066, 1225
175630, 1225
220637, 1225
254303, 1225
29950, 1223
38531, 1223
20752, 1222
90421, 1222
203335, 1221
275956, 1221
285894, 1221
296040, 1221
33693, 1220
216746, 1220
38881, 1219
51965, 1219
72600, 1219
75943, 1219
88909, 1219
120558, 1215
259471, 1215
150659, 1214
276379, 1214
80190, 1213
170361, 1213
253985, 1212
63234, 1210
136274, 1210
226398, 1209
290400, 1205
13146, 1201
205319, 1200
143685, 1199
190105, 1199
252932, 1199
255333, 1199
272550, 1199
98474, 1196
126208, 1196
262511, 1196
270050, 1196
58947, 1195
257246, 1195
120142, 1192
159766, 1192
226655, 1192
230450, 1192
50125, 1189
146859, 1189
219531, 1189
248250, 1189
264817, 1189
246886, 1188
261017, 1188
3514, 1187
70158, 1187
99258, 1187
103252, 1187
132269, 1187
208390, 1187
221892, 1187
274834, 1187
171317, 1186
120785, 1184
123650, 1184
179462, 1184
245857, 1184
122051, 1181
4617, 1180
24537, 1180
40258, 1180
40459, 1180
66147, 1180
97961, 1180
115175, 1180
142523, 1180
144715, 1180
192853, 1180
237778, 1180
244648, 1180
259860, 1180
296275, 1180
154323, 1179
276100, 1179
205384, 1178
254772, 1178
271318, 1178
124922, 1177
103985, 1176
203854, 1176
256665, 1176
67597, 1175
94238, 1175
153912, 1175
253551, 1175
104848, 1174
110572, 1174
183792, 1174
200932, 1174
276627, 1174
14469, 1173
94908, 1173
65913, 1170
95463, 1170
120942, 1170
182836, 1170
210058, 1170
240141, 1170
211041, 1169
211742, 1169
143287, 1168
162811, 1168
186155, 1168
237078, 1168
249913, 1168
138735, 1167
161033, 1167
169475, 1167
215892, 1167
253040, 1166
262902, 1166
292323, 1166
9802, 1165
35044, 1165
46574, 1165
91466, 1165
95507, 1165
192026, 1165
207401, 1165
213422, 1165
272232, 1165
290783, 1165
26679, 1162
219320, 1162
221008, 1162
229374, 1162
233960, 1162
269467, 1162
129460, 1161
176320, 1161
218120, 1161
282939, 1161
1995, 1160
256885, 1160
84760, 1158
69052, 1157
294446, 1157
6433, 1155
25577, 1155
28129, 1155
45912, 1155
200664, 1155
266503, 1155
109140, 1154
212693, 1154
131431, 1153
294101, 1153
58132, 1152
274081, 1152
102476, 1151
282063, 1151
282173, 1151
52778, 1150
54509, 1150
115840, 1150
132864, 1150
134727, 1150
141208, 1150
155133, 1150
169263, 1150
175294, 1150
184635, 1150
215721, 1150
153870, 1149
220710, 1149
3622, 1147
98644, 1147
123881, 1147
132983, 1147
151279, 1147
177114, 1147
279160, 1147
22700, 1146
32928, 1146
216237, 1146
12970, 1144
256140, 1144
267346, 1144
225605, 1143
88783, 1141
207835, 1141
21457, 1139
22828, 1139
58322, 1139
67905, 1139
137571, 1139
245615, 1139
255693, 1139
257831, 1138
77359, 1137
88733, 1137
121685, 1137
263722, 1137
15866, 1136
41422, 1136
168042, 1136
216788, 1136
202109, 1135
28896, 1134
187820, 1134
24002, 1133
153819, 1133
27871, 1132
217314, 1131
221705, 1131
283161, 1131
1391, 1130
152142, 1129
227839, 1129
275073, 1128
11199, 1127
35050, 1127
93996, 1127
10659, 1126
12627, 1126
17179, 1126
18692, 1126
23177, 1126
27631, 1126
31055, 1126
91744, 1125
191104, 1125
26573, 1123
98242, 1123
102954, 1123
104572, 1123
190075, 1123
201544, 1123
23021, 1122
113895, 1122
193410, 1122
27063, 1121
26404, 1120
37270, 1120
22253, 1118
23169, 1118
24057, 1118
31770, 1118
107287, 1118
176575, 1118
77784, 1117
91912, 1117
189105, 1117
208588, 1117
212838, 1117
217838, 1117
221887, 1117
103229, 1116
114202, 1116
125491, 1116
177893, 1116
180174, 1116
189242, 1116
190150, 1116
200427, 1115
214556, 1115
78767, 1112
197858, 1112
294976, 1111
13880, 1110
54906, 1110
81870, 1110
93383, 1110
172672, 1110
227450, 1110
296247, 1110
294941, 1109
88263, 1106
111548, 1106
213785, 1106
229825, 1106
159595, 1104
93330, 1103
126703, 1103
177668, 1103
229868, 1103
39732, 1100
86892, 1100
92924, 1100
143071, 1100
149547, 1100
282925, 1100
138248, 1099
195280, 1099
209979, 1099
129413, 1098
166067, 1098
237789, 1098
43585, 1097
154877, 1097
287648, 1097
53030, 1096
94759, 1096
103784, 1096
137445, 1096
200053, 1096
200973, 1096
247425, 1096
281679, 1096
54716, 1094
139256, 1094
171536, 1094
196716, 1094
218267, 1094
253379, 1094
255954, 1094
14737, 1093
33215, 1093
189374, 1093
68493, 1092
40298, 1090
67211, 1090
129996, 1090
161014, 1089
216510, 1089
163420, 1088
189151, 1088
190523, 1088
210105, 1088
213875, 1088
290697, 1088
218714, 1087
275191, 1087
29184, 1085
115762, 1085
44889, 1084
130731, 1084
53166, 1083
169127, 1083
238532, 1083
291216, 1083
83176, 1082
134497, 1082
155101, 1082
200197, 1082
4367, 1081
7215, 1081
69930, 1081
83569, 1081
93146, 1081
119454, 1081
188500, 1081
215299, 1081
235099, 1081
244705, 1081
113, 1080
5474, 1080
5556, 1080
5806, 1080
76930, 1078
215408, 1078
234363, 1078
267345, 1078
186434, 1077
280479, 1077
243223, 1076
86509, 1075
137429, 1075
25744, 1074
45135, 1074
54905, 1074
112878, 1074
219525, 1074
221940, 1074
266912, 1074
288386, 1074
288881, 1074
289024, 1074
291957, 1074
294790, 1074
144097, 1073
272295, 1073
40282, 1072
89461, 1072
177244, 1072
183074, 1072
82290, 1069
212303, 1068
260981, 1068
296208, 1068
175238, 1067
267941, 1067
101256, 1066
126077, 1066
250863, 1066
134615, 1065
145813, 1065
164579, 1064
288839, 1064
41020, 1063
63224, 1063
72632, 1063
154110, 1063
160, 1062
1025, 1062
99928, 1062
107652, 1062
123893, 1062
130792, 1062
138191, 1062
160641, 1062
164172, 1062
178811, 1062
233115, 1062
277680, 1062
281484, 1062
281723, 1062
19008, 1061
222181, 1061
58830, 1060
89310, 1060
166396, 1060
185458, 1060
249700, 1060
261893, 1060
126495, 1059
181516, 1059
54922, 1058
131211, 1056
81022, 1054
169760, 1054
202959, 1054
226576, 1054
245435, 1054
246190, 1054
276224, 1054
29946, 1053
36471, 1053
8089, 1052
128490, 1052
244548, 1052
247755, 1052
80233, 1051
128844, 1051
80798, 1050
242335, 1050
8531, 1049
9707, 1049
220012, 1049
292811, 1049
269156, 1048
257639, 1047
236862, 1046
8044, 1044
17483, 1044
145737, 1044
96962, 1043
139984, 1043
195707, 1043
242670, 1043
14376, 1042
86750, 1042
181680, 1042
197659, 1042
260483, 1042
61195, 1041
110882, 1041
119773, 1041
130067, 1041
131757, 1041
137557, 1041
138113, 1041
169277, 1041
176619, 1041
255599, 1041
282402, 1041
103050, 1040
27787, 1039
47311, 1039
47843, 1039
81977, 1039
117469, 1039
123352, 1039
173153, 1039
6375, 1037
111968, 1037
217568, 1037
265242, 1037
247257, 1036
286612, 1036
179476, 1035
33092, 1034
36035, 1034
67370, 1034
82656, 1034
289162, 1034
248106, 1033
269759, 1032
246538, 1031
37003, 1030
73285, 1030
165522, 1030
176414, 1030
235311, 1030
122014, 1029
277060, 1029
82294, 1028
138295, 1028
3007, 1027
29780, 1027
134566, 1027
135698, 1027
23471, 1026
11625, 1025
52842, 1025
126540, 1025
166544, 1025
173468, 1025
174893, 1025
205467, 1025
224446, 1025
238120, 1025
13400, 1023
15223, 1023
61787, 1023
201278, 1023
294482, 1023
88028, 1022
119996, 1022
179123, 1022
232786, 1022
248788, 1022
12694, 1021
64829, 1021
113503, 1021
168981, 1021
174648, 1021
201375, 1021
241573, 1021
15826, 1020
23492, 1020
31696, 1020
58772, 1020
82041, 1020
104215, 1020
112665, 1020
127671, 1020
131418, 1020
134692, 1020
166953, 1020
169664, 1020
185822, 1020
187901, 1020
189129, 1020
206180, 1020
239378, 1020
268203, 1020
55028, 1019
116065, 1019
230390, 1019
254869, 1019
278459, 1019
294483, 1019
66869, 1018
91688, 1018
243409, 1018
256938, 1017
289831, 1017
294539, 1017
11280, 1016
25044, 1016
179041, 1016
196327, 1016
71150, 1015
75068, 1015
190377, 1015
227524, 1015
270057, 1015
281599, 1015
26229, 1014
12640, 1011
14512, 1011
22069, 1011
58272, 1011
71108, 1011
92373, 1011
188413, 1011
198742, 1011
277957, 1011
289322, 1011
295424, 1011
85255, 1009
179380, 1009
220131, 1009
239079, 1009
241395, 1009
258582, 1009
267095, 1009
74140, 1008
138771, 1008
179998, 1008
207914, 1008
213136, 1008
3903, 1006
5418, 1006
9882, 1006
12573, 1006
37540, 1006
40878, 1006
290367, 1006
123926, 1005
206703, 1005
244969, 1005
10895, 1004
16016, 1004
100821, 1004
104928, 1003
1874, 1002
63807, 1002
109281, 1002
144353, 1002
95103, 1001
115229, 1001
257310, 1001
268749, 1001
22541, 1000
47841, 1000
50970, 1000
77041, 1000
80161, 1000
82956, 1000
122755, 1000
125005, 1000
133293, 1000
142001, 1000
180011, 1000
201194, 1000
