3890, 131595
142485, 131595
162167, 131098
248358, 129242
16687, 128360
86522, 128360
122691, 128360
1417, 126407
1481, 126407
93295, 126407
113051, 126407
154887, 126407
269002, 126407
1446, 126230
1755, 126230
2457, 126230
4537, 126230
5453, 126230
7875, 126230
8288, 126230
13923, 126230
17469, 126230
20617, 126230
22338, 126230
25957, 126230
37392, 126230
49211, 126230
68620, 126230
72081, 126230
80665, 126230
83059, 126230
84372, 126230
84944, 126230
111074, 126230
117541, 126230
136829, 126230
211852, 126230
233678, 126230
247989, 126230
287139, 126230
2357, 125846
3913, 125846
12429, 125846
13446, 125846
17326, 125846
25772, 125846
32585, 125846
39907, 125846
119770, 125846
138772, 125846
148728, 125846
210598, 125846
290156, 125846
24592, 124173
28083, 124173
32521, 124173
37135, 124173
40932, 124173
45351, 124173
211135, 124173
11333, 123211
14738, 123211
18059, 123211
18650, 123211
19458, 123211
20131, 123211
20875, 123211
26599, 123211
26768, 123211
28300, 123211
29927, 123211
29974, 123211
37898, 123211
72911, 123211
93086, 123211
123886, 123211
169176, 123211
178658, 123211
196683, 123211
253247, 123211
284053, 123211
17535, 120429
18566, 120429
20108, 120429
32335, 120429
68448, 120429
70886, 120429
72099, 120429
90185, 120429
4785, 119762
159085, 119762
4367, 117295
7215, 117295
69930, 117295
83569, 117295
188500, 117295
41020, 115458
63224, 115458
154110, 115458
170150, 112315
177623, 108155
16851, 105374
40671, 105374
76974, 105374
106278, 105374
144612, 105374
256736, 105374
277688, 105374
50451, 105277
141116, 105277
61007, 104447
230125, 104447
256532, 104447
2593, 89306
6497, 89306
24171, 89306
44283, 89306
58702, 89306
238223, 89306
224446, 75621
238120, 75621
10895, 75184
16016, 75184
5611, 75051
30085, 75051
72288, 75051
124922, 74916
294482, 73331
20378, 72952
118984, 72392
13509, 72016
68833, 72016
147543, 72016
40282, 71063
12694, 71047
64829, 71047
25719, 69479
152405, 68167
3419, 68119
28991, 68119
98371, 68119
246245, 67997
8943, 67961
177092, 67961
11199, 67819
3866, 67694
54376, 67694
58132, 67402
178117, 66422
259363, 66422
30586, 66218
104241, 66218
33215, 65511
15866, 65382
168042, 65382
2436, 65319
3111, 65319
9747, 65077
10030, 65077
12137, 65077
19676, 65077
22289, 65077
71559, 65077
113466, 65077
156583, 65077
258749, 65077
217314, 64427
221705, 64427
40298, 64237
76930, 64060
40401, 63880
89377, 63880
25744, 63827
225, 63411
183488, 63324
113, 63209
5474, 63209
5556, 63209
5806, 63209
78, 63124
20960, 62924
7387, 62683
7878, 62683
14013, 62683
58592, 62683
79414, 62683
84205, 62683
125642, 62683
175991, 62683
1099, 62636
1201, 62636
235914, 61350
58288, 60598
102114, 60598
194925, 60598
198507, 60598
215376, 60035
284001, 60035
2358, 59991
192307, 59859
10241, 59372
17342, 59372
36642, 59372
45376, 59372
204280, 59372
243387, 59372
255737, 59372
30625, 58871
36851, 58871
37169, 58871
55136, 58871
55877, 58871
247425, 58100
2598, 57858
117516, 57854
20172, 57179
22108, 57179
12774, 57135
1350, 56518
1855, 56518
1955, 56518
2078, 56518
2512, 56518
2618, 56518
2982, 56518
15936, 56518
25380, 56518
37774, 56518
185465, 56518
226638, 56518
1995, 56502
61195, 56367
110882, 56367
119773, 56367
130067, 56367
137557, 56367
138113, 56367
169277, 56367
176619, 56367
255599, 56367
282402, 56367
2901, 55912
2914, 55755
213410, 55392
255036, 55392
275073, 54861
205384, 54566
2890, 54097
2925, 54097
2991, 54097
3090, 54097
3106, 54097
6581, 54097
126661, 53344
19525, 53336
27773, 53336
36250, 53336
67884, 53336
30433, 53327
152142, 53300
227839, 53300
55398, 53214
10123, 53196
20657, 53196
190802, 52962
266965, 52962
29684, 52578
193410, 52097
179256, 51298
263254, 51298
103774, 51267
66729, 50886
11280, 50506
25044, 50506
31513, 50225
13146, 49815
66230, 49333
17689, 49221
7132, 48900
30879, 48900
147350, 48900
273560, 48900
3468, 48893
66788, 48030
39388, 46862
45896, 46862
48105, 46862
48197, 46862
48947, 46862
52103, 46862
54970, 46862
62952, 46862
72320, 46862
75384, 46862
83247, 46862
88681, 46862
276170, 46862
294891, 46862
136255, 46534
79745, 45940
10659, 45134
12627, 45134
17179, 45134
18692, 45134
23177, 45134
27631, 45134
31055, 45134
221613, 43666
164579, 43055
20096, 42165
80888, 39628
34567, 34935
192091, 34841
234775, 34841
20732, 34644
9367, 34445
242515, 34345
278316, 34345
3903, 34188
9882, 34188
12573, 34188
51265, 34159
54113, 34159
58090, 34159
58255, 34159
64153, 34159
64577, 34159
64867, 34159
67709, 34159
79228, 34159
92187, 34159
94659, 34159
96958, 34159
97026, 34159
106591, 34159
106735, 34159
250764, 34159
5418, 33852
201735, 33061
294795, 33061
22282, 33033
73683, 33033
97022, 31706
10324, 27288
18218, 27288
35518, 27288
35267, 26104
36471, 25942
181680, 23929
201665, 23272
23211, 23243
35, 22442
205, 22442
562, 22442
1181, 22442
1823, 22442
2282, 22442
3091, 22442
3381, 22442
7007, 22442
13858, 19090
65058, 19090
93701, 19090
29399, 18789
69268, 18789
123467, 18789
179602, 18077
139490, 17558
235246, 17558
125233, 16670
153197, 16670
159738, 16670
248321, 16670
44897, 16639
49644, 16639
43300, 16265
173200, 16244
175928, 16244
180968, 16244
207042, 16244
230409, 16244
230422, 16244
246656, 16244
270600, 16244
271821, 16244
275026, 16244
288104, 16244
290886, 16244
294215, 16244
34073, 15010
114393, 12525
217424, 12525
285205, 12425
122079, 12166
151981, 11382
170815, 11382
178538, 11382
234297, 11382
251210, 11382
280311, 11382
63340, 11053
185655, 10289
213904, 10289
220190, 10289
126912, 10084
253636, 10084
55234, 10017
283874, 9953
296080, 9953
138403, 9919
884, 9766
3195, 9766
5171, 9766
68763, 9766
155495, 9766
33044, 9562
58715, 9562
60549, 9562
114122, 9562
222366, 9562
68005, 9481
75645, 9481
7712, 9424
29965, 9424
33818, 9424
47727, 9424
54339, 9424
56048, 9424
57486, 9424
61399, 9003
224590, 9003
67380, 8953
116096, 8947
13992, 8460
163, 8285
104029, 8285
279517, 8211
265717, 8123
41838, 8113
50453, 8113
63461, 8054
73910, 8054
83016, 8054
87515, 8054
89157, 8054
89581, 8054
97323, 8054
110504, 8054
128284, 8054
132491, 8054
143425, 8054
181476, 8054
282934, 8053
2862, 7971
7508, 7971
11181, 7971
18526, 7971
22257, 7971
26614, 7971
33387, 7971
42949, 7971
58476, 7971
73478, 7971
77141, 7971
115507, 7971
135138, 7971
184200, 7971
228891, 7971
86900, 7935
89039, 7935
117240, 7935
117485, 7935
118498, 7935
119209, 7935
127441, 7935
129065, 7935
132702, 7935
135610, 7935
136672, 7935
137291, 7935
161092, 7935
163209, 7935
165123, 7935
166110, 7935
166981, 7935
167047, 7935
168296, 7935
173633, 7935
173806, 7935
175073, 7935
179796, 7935
182753, 7935
189926, 7935
191969, 7935
192661, 7935
192806, 7935
193469, 7935
193874, 7935
197440, 7935
206832, 7935
217897, 7935
222024, 7935
225772, 7935
245147, 7935
245570, 7935
32008, 7869
32853, 7869
39588, 7869
43713, 7869
158770, 7869
282185, 7869
48819, 7768
238456, 7750
139517, 7712
9314, 7683
171129, 7683
281503, 7683
32539, 7652
32647, 7652
35584, 7652
37297, 7652
37988, 7652
59723, 7652
63643, 7652
287812, 7652
8482, 7650
12058, 7650
15190, 7650
16207, 7650
17346, 7650
19902, 7650
21094, 7650
25748, 7650
25767, 7624
37899, 7624
47655, 7624
148774, 7599
51607, 7580
30679, 7560
23998, 7548
36453, 7548
38134, 7548
41714, 7548
55404, 7548
62298, 7548
84403, 7548
92906, 7548
100654, 7548
101911, 7548
103696, 7548
154860, 7548
162531, 7548
163279, 7548
185312, 7548
14831, 7534
21303, 7481
208168, 7442
769, 7421
205361, 7421
273253, 7421
32422, 7364
61810, 7364
108501, 7364
150289, 7364
213981, 7364
276914, 7364
74184, 7341
198689, 7312
17135, 7309
28805, 7309
278093, 7309
19478, 7291
38159, 7284
39191, 7233
83363, 7233
279682, 7233
20585, 7230
62199, 7230
85659, 7230
126532, 7230
173985, 7230
277124, 7230
100128, 7229
58788, 7170
40687, 7114
47153, 7114
51571, 7100
56230, 7100
68482, 7100
23265, 7082
23722, 7082
45676, 7062
58392, 7062
58843, 7062
59038, 7062
69586, 7062
97055, 7062
283322, 7015
42325, 6994
86594, 6994
239276, 6994
125923, 6905
20166, 6898
3383, 6878
36104, 6849
94652, 6849
134442, 6849
18438, 6836
45436, 6801
137841, 6801
158464, 6801
208476, 6801
38090, 6754
22555, 6742
31144, 6700
29131, 6685
69016, 6685
85841, 6685
2045, 6670
11478, 6670
14146, 6670
18257, 6670
38653, 6670
38876, 6670
74080, 6670
76520, 6670
82634, 6670
95344, 6670
101849, 6670
115546, 6670
146484, 6670
166528, 6670
166686, 6670
191219, 6670
87799, 6650
198475, 6608
4180, 6589
76086, 6576
183729, 6576
133422, 6555
132845, 6548
70689, 6518
205228, 6518
116200, 6509
600, 6491
48496, 6457
67668, 6457
152824, 6457
196370, 6457
279808, 6457
15778, 6446
107288, 6426
136395, 6411
107659, 6400
13513, 6390
22096, 6390
108285, 6390
122443, 6390
141008, 6390
176863, 6390
216289, 6390
54958, 6385
240835, 6385
295582, 6380
32391, 6369
294106, 6360
34244, 6352
251002, 6352
8060, 6346
56466, 6346
117451, 6346
52840, 6336
178634, 6336
80680, 6325
229380, 6325
186093, 6317
118144, 6304
250161, 6304
86964, 6298
281434, 6277
221578, 6272
277617, 6271
243594, 6234
10439, 6217
283922, 6163
39121, 6099
25023, 6073
35862, 6073
133130, 6073
24510, 6066
248526, 6066
32116, 6035
37912, 6035
65207, 6035
66135, 6035
77377, 6035
80822, 6035
87080, 6035
170724, 6014
26926, 6011
25624, 5977
42284, 5977
52926, 5977
209538, 5973
211412, 5973
19733, 5966
79239, 5966
213364, 5966
240569, 5937
137099, 5926
69218, 5920
108473, 5920
175858, 5920
108731, 5893
224036, 5893
211023, 5882
234251, 5882
110905, 5875
115437, 5875
267826, 5875
115566, 5873
147449, 5873
228116, 5873
244221, 5871
156856, 5867
157082, 5867
165335, 5867
246167, 5867
249489, 5867
279903, 5867
26654, 5863
71773, 5862
284872, 5862
64933, 5861
133025, 5861
18228, 5860
147561, 5857
105431, 5851
8972, 5849
31270, 5849
192428, 5849
218282, 5849
38530, 5843
72965, 5843
73526, 5841
100675, 5841
58777, 5835
96022, 5835
202069, 5835
265964, 5835
30453, 5834
123425, 5834
169949, 5834
186508, 5834
217584, 5834
268575, 5834
273405, 5834
73959, 5833
169055, 5833
169592, 5833
285685, 5833
278282, 5827
210973, 5824
163337, 5823
38486, 5822
141799, 5814
156525, 5814
162120, 5814
172330, 5814
255486, 5814
221080, 5803
157403, 5794
163730, 5794
43202, 5792
56570, 5792
272401, 5792
195132, 5785
272472, 5785
229105, 5779
21353, 5754
94867, 5754
101203, 5754
182580, 5754
208147, 5754
234398, 5754
283711, 5754
262432, 5746
53620, 5736
77510, 5728
251830, 5727
136288, 5680
151294, 5679
176192, 5679
266690, 5679
278980, 5679
61411, 5669
66494, 5669
7963, 5667
183183, 5661
16483, 5660
167086, 5647
258694, 5647
48255, 5632
62741, 5632
839, 5631
51958, 5624
55632, 5624
143268, 5624
181066, 5624
215016, 5624
280414, 5624
129129, 5615
128203, 5613
253107, 5611
68215, 5602
85741, 5602
89475, 5602
177848, 5602
177948, 5602
201797, 5602
210320, 5602
248893, 5602
258555, 5602
90099, 5600
117009, 5600
134689, 5600
166159, 5600
258233, 5600
190221, 5557
247285, 5519
45209, 5508
9697, 5504
64447, 5504
69322, 5492
269486, 5492
51166, 5464
53541, 5464
54226, 5464
74362, 5464
76114, 5464
97068, 5464
131916, 5464
147431, 5464
157174, 5464
162223, 5464
166261, 5464
171814, 5464
200528, 5464
206731, 5464
247235, 5464
288753, 5464
52339, 5457
118723, 5457
129439, 5457
266699, 5457
268299, 5457
27278, 5451
28328, 5451
36676, 5451
66169, 5451
69592, 5451
71825, 5451
78782, 5451
89210, 5451
96930, 5451
111380, 5451
115057, 5451
121760, 5451
138782, 5451
148519, 5451
148970, 5451
153644, 5451
155088, 5451
158797, 5451
164498, 5451
173312, 5451
174216, 5451
204164, 5451
204210, 5451
213532, 5451
237994, 5451
247802, 5451
255533, 5451
265220, 5451
279525, 5451
281081, 5451
293396, 5451
627, 5443
101550, 5443
122427, 5443
129759, 5443
134289, 5443
134767, 5443
168868, 5443
169733, 5443
174807, 5443
219767, 5443
223563, 5443
229785, 5443
256964, 5443
287879, 5443
15063, 5433
18033, 5433
19009, 5433
24224, 5433
30685, 5433
34559, 5433
44877, 5433
50104, 5433
56117, 5433
56489, 5433
65306, 5433
71072, 5433
77901, 5433
81451, 5433
100943, 5433
111282, 5433
140316, 5433
141742, 5433
144769, 5433
150106, 5433
154113, 5433
194937, 5433
201555, 5433
203543, 5433
205219, 5433
241186, 5433
251075, 5433
254280, 5433
264179, 5433
293246, 5433
36975, 5428
63689, 5428
94764, 5428
14643, 5416
33685, 5413
16138, 5407
27798, 5407
60093, 5407
82528, 5407
150997, 5407
36840, 5401
40525, 5401
42980, 5401
43708, 5401
92393, 5401
96270, 5401
120724, 5401
172452, 5387
16327, 5386
210145, 5386
279729, 5386
264462, 5384
2038, 5378
262086, 5366
9684, 5364
160733, 5364
60933, 5200
126847, 5189
157655, 5179
19036, 5167
25644, 5167
91093, 5167
98225, 5167
226182, 5167
136781, 5160
246130, 5160
4344, 5159
104416, 5154
17583, 5151
20649, 5151
26348, 5151
85078, 5151
183833, 5151
197708, 5151
59814, 5147
68478, 5147
167555, 5147
184228, 5147
29025, 5144
31032, 5144
38470, 5144
46572, 5144
56132, 5144
65573, 5144
85406, 5144
85653, 5144
86923, 5144
104144, 5144
120818, 5144
122067, 5144
130977, 5144
134377, 5144
137253, 5144
139156, 5144
141489, 5144
155348, 5144
155518, 5144
177452, 5144
188849, 5144
210125, 5144
218907, 5144
220223, 5144
246654, 5144
288226, 5144
7719, 5111
98055, 5058
20407, 5044
26797, 5044
30068, 5044
39076, 5044
41897, 5044
66040, 5044
69232, 5044
88168, 5044
118832, 5044
124273, 5044
165916, 5044
166749, 5044
167574, 5044
168526, 5044
185085, 5044
193531, 5044
219427, 5044
245710, 5044
219194, 5038
5456, 5020
97015, 4990
118868, 4990
135683, 4990
137985, 4990
173483, 4990
214221, 4990
261064, 4990
262682, 4990
82021, 4989
148661, 4989
178127, 4989
209824, 4989
230299, 4989
251819, 4989
276413, 4989
292003, 4989
19130, 4988
29984, 4988
228391, 4988
89931, 4971
281974, 4971
13217, 4970
49407, 4970
81525, 4970
196423, 4970
47992, 4949
137259, 4949
161416, 4949
163264, 4949
182069, 4949
190975, 4949
202820, 4949
213924, 4949
250820, 4949
268040, 4949
74956, 4948
77635, 4948
112793, 4948
123513, 4948
135577, 4948
13500, 4914
31533, 4914
43863, 4914
44752, 4914
46871, 4914
55466, 4914
61682, 4914
64521, 4914
76056, 4914
95110, 4914
124595, 4914
128059, 4914
130428, 4914
166977, 4914
172687, 4914
176629, 4914
184225, 4914
184570, 4914
220801, 4914
255717, 4914
258274, 4914
282310, 4914
177455, 4892
204263, 4861
231435, 4861
12730, 4856
59461, 4856
184609, 4856
125644, 4853
3, 4825
131616, 4825
159611, 4825
210007, 4825
211696, 4820
122167, 4814
122816, 4805
106512, 4802
138510, 4802
144221, 4802
146208, 4802
174831, 4802
197801, 4802
209797, 4802
216424, 4802
32663, 4800
43387, 4800
264608, 4798
5271, 4784
151492, 4784
156987, 4784
180305, 4784
211859, 4784
255082, 4784
63337, 4782
15458, 4761
23627, 4761
82760, 4761
4018, 4756
5040, 4756
19950, 4756
20156, 4756
278868, 4756
60169, 4754
66899, 4754
167210, 4745
141797, 4744
266071, 4740
54233, 4719
45989, 4707
20986, 4702
27760, 4702
28522, 4702
31851, 4702
37290, 4702
38344, 4702
40383, 4702
42890, 4702
44306, 4702
44563, 4702
48825, 4702
51457, 4702
53246, 4702
59376, 4702
60999, 4702
62534, 4702
67457, 4702
69490, 4702
69873, 4702
72664, 4702
77970, 4702
80285, 4702
81872, 4702
87603, 4702
90236, 4702
91043, 4702
91330, 4702
92944, 4702
93395, 4702
94750, 4702
114735, 4702
116164, 4702
116786, 4702
117265, 4702
127962, 4702
130681, 4702
134787, 4702
138597, 4702
139160, 4702
139448, 4702
143867, 4702
151705, 4702
154125, 4702
157829, 4702
160194, 4702
161941, 4702
193409, 4702
199090, 4702
200601, 4702
208592, 4702
215423, 4702
218619, 4702
243772, 4702
245731, 4702
255292, 4702
263667, 4702
286032, 4702
290111, 4702
3189, 4683
93862, 4669
21674, 4649
112165, 4642
194408, 4615
31092, 4613
15724, 4607
77962, 4596
125060, 4595
261739, 4595
7098, 4583
24965, 4583
51887, 4583
119304, 4583
63387, 4582
70063, 4569
31909, 4557
149387, 4557
776, 4553
11794, 4553
192153, 4553
207018, 4553
222606, 4553
223162, 4553
227640, 4553
243080, 4553
262423, 4553
285445, 4553
127769, 4552
137454, 4552
215261, 4552
204533, 4537
41551, 4536
107467, 4536
128380, 4536
200585, 4536
215185, 4536
2924, 4530
42690, 4516
56204, 4516
93343, 4509
141965, 4509
39158, 4498
16262, 4485
16277, 4485
18518, 4485
23081, 4485
32908, 4485
94594, 4485
4576, 4481
20123, 4481
283165, 4481
30741, 4479
68305, 4479
70933, 4479
13183, 4444
33585, 4443
57693, 4443
86519, 4443
156115, 4443
91818, 4434
25476, 4432
70032, 4431
96133, 4431
738, 4428
71360, 4428
257111, 4415
70120, 4397
20275, 4395
56886, 4393
244620, 4367
42994, 4356
105568, 4351
163223, 4347
127475, 4334
19060, 4324
2, 4323
84984, 4323
216280, 4323
10541, 4283
15275, 4283
105884, 4274
139150, 4274
206859, 4274
207485, 4274
98044, 4268
203627, 4242
294, 4193
101307, 4193
115282, 4193
137295, 4193
157802, 4161
256620, 4152
100140, 4119
251, 4114
36823, 4111
28851, 4100
288378, 4068
559, 4054
193436, 4047
219762, 4030
136577, 4027
56267, 4003
96841, 3997
97346, 3997
129873, 3997
184881, 3997
119692, 3987
211941, 3970
96064, 3957
104051, 3957
245730, 3949
66392, 3937
259837, 3937
264831, 3924
92035, 3920
167895, 3916
22170, 3913
72729, 3913
80389, 3913
62156, 3898
9691, 3890
25201, 3847
161468, 3847
284773, 3847
8718, 3845
9283, 3845
12823, 3845
13850, 3845
19118, 3845
86731, 3845
295590, 3845
45726, 3830
100413, 3830
23857, 3812
119481, 3800
39492, 3790
45058, 3790
46316, 3790
73975, 3790
101390, 3790
107749, 3790
166277, 3790
289826, 3790
104023, 3787
41694, 3786
46065, 3786
48125, 3786
76832, 3786
84706, 3786
17871, 3763
197176, 3763
272590, 3763
66137, 3757
257509, 3748
158150, 3745
10263, 3740
247876, 3740
91370, 3734
197590, 3731
202762, 3713
21949, 3703
54239, 3703
62164, 3703
280554, 3701
84680, 3697
245980, 3695
111193, 3686
33546, 3681
6632, 3674
104240, 3674
126904, 3674
135580, 3674
155011, 3674
158573, 3674
167619, 3674
168015, 3674
173480, 3674
174528, 3674
185120, 3674
205003, 3674
208333, 3674
214303, 3674
222414, 3674
229983, 3674
240013, 3674
240057, 3674
245639, 3674
279990, 3668
7617, 3651
51569, 3651
67886, 3651
221276, 3651
74079, 3649
160839, 3649
87224, 3642
25673, 3641
25882, 3641
38420, 3641
89948, 3641
180440, 3641
196903, 3641
216205, 3641
218138, 3641
234362, 3641
237947, 3641
241244, 3641
266188, 3641
282032, 3641
288696, 3641
75589, 3640
140325, 3640
217051, 3638
116285, 3633
1555, 3630
31486, 3614
150249, 3614
872, 3612
1885, 3612
2709, 3612
11070, 3612
136573, 3612
214366, 3612
231554, 3612
267664, 3612
277685, 3612
2065, 3609
2214, 3609
3216, 3609
3231, 3609
3916, 3609
4145, 3609
4693, 3609
4732, 3609
5752, 3609
6652, 3609
57722, 3609
61730, 3609
107144, 3609
194472, 3609
213990, 3609
249378, 3609
255595, 3609
265928, 3609
18215, 3608
83769, 3608
92272, 3608
171382, 3608
70294, 3606
130608, 3606
279863, 3606
104070, 3605
131106, 3605
74333, 3603
261773, 3603
216076, 3597
209489, 3596
276779, 3596
3652, 3593
3955, 3593
163238, 3593
3112, 3589
63681, 3588
262170, 3580
7926, 3569
9513, 3569
10403, 3569
12848, 3569
14733, 3569
18374, 3569
23629, 3569
30781, 3569
38117, 3569
67965, 3569
160182, 3569
195866, 3569
295066, 3569
11325, 3560
51039, 3560
58596, 3560
59578, 3560
64703, 3560
68346, 3560
69652, 3560
70399, 3560
71836, 3560
72059, 3560
75427, 3560
75996, 3560
76185, 3560
76501, 3560
77109, 3560
82064, 3560
82813, 3560
92826, 3560
114724, 3560
12098, 3558
12489, 3558
15451, 3558
15876, 3558
18886, 3558
19382, 3558
19907, 3558
21738, 3558
23297, 3558
24461, 3558
26016, 3558
28236, 3558
28279, 3558
29027, 3558
29414, 3558
29625, 3558
30146, 3558
30792, 3558
33579, 3558
34825, 3558
35872, 3558
38164, 3558
38821, 3558
39682, 3558
42252, 3558
44321, 3558
44805, 3558
45175, 3558
45217, 3558
48618, 3558
54503, 3558
56084, 3558
59374, 3558
62068, 3558
62158, 3558
74429, 3558
247265, 3550
282733, 3542
224410, 3541
40437, 3527
56643, 3527
57978, 3527
78871, 3527
74457, 3521
76537, 3521
81563, 3521
95725, 3521
96656, 3521
97375, 3521
102670, 3521
103514, 3521
160, 3519
1025, 3519
281723, 3519
33338, 3512
246910, 3512
54120, 3511
57028, 3511
94495, 3511
39679, 3509
38183, 3507
49016, 3507
142627, 3507
64713, 3502
241545, 3502
223138, 3473
95969, 3462
186028, 3462
80409, 3461
163773, 3461
216351, 3461
45135, 3454
266912, 3454
288881, 3454
291957, 3454
294790, 3454
127270, 3452
166116, 3452
171711, 3452
25125, 3449
28897, 3449
131991, 3449
270985, 3449
280888, 3449
106466, 3442
226778, 3440
148319, 3435
170448, 3435
273067, 3435
284332, 3425
231915, 3413
22240, 3407
168454, 3407
34251, 3404
179396, 3404
236295, 3396
227328, 3390
119290, 3385
198928, 3385
253729, 3385
72272, 3384
165320, 3384
247423, 3384
291267, 3384
53853, 3383
94029, 3383
169703, 3383
214344, 3383
234214, 3383
283884, 3383
237205, 3380
47080, 3369
68959, 3369
98882, 3369
99636, 3363
261675, 3362
75244, 3357
162432, 3357
108171, 3353
232932, 3349
238097, 3321
255922, 3321
50365, 3320
65314, 3320
194131, 3320
14017, 3319
57106, 3319
98848, 3315
138696, 3314
208261, 3301
138120, 3299
255779, 3298
89640, 3294
136462, 3294
77767, 3292
117674, 3292
164681, 3292
189676, 3292
91202, 3290
162869, 3286
207525, 3286
270056, 3286
129372, 3282
35946, 3279
47604, 3279
283381, 3279
126740, 3272
286922, 3272
72815, 3267
230134, 3265
15673, 3256
26189, 3256
77805, 3252
96299, 3252
119082, 3252
185395, 3252
210405, 3252
256938, 3245
263668, 3241
294361, 3241
121, 3234
262951, 3234
284698, 3234
285933, 3234
248788, 3224
105528, 3221
20504, 3211
23096, 3211
129908, 3211
227129, 3211
94690, 3209
205525, 3200
17332, 3199
37766, 3194
49019, 3194
242737, 3194
66322, 3188
142448, 3188
177513, 3188
289319, 3188
293847, 3188
98903, 3185
213127, 3182
233119, 3182
136488, 3181
182948, 3177
28378, 3172
21545, 3171
77206, 3170
168664, 3170
76759, 3158
87682, 3158
44999, 3154
54713, 3154
68074, 3153
106686, 3153
163771, 3151
235927, 3147
266363, 3145
49461, 3141
141910, 3140
155800, 3137
148127, 3132
155258, 3132
253024, 3129
263404, 3129
261465, 3127
112830, 3126
258093, 3126
85201, 3120
141617, 3120
143591, 3120
144536, 3120
153541, 3120
154546, 3120
183757, 3120
188062, 3120
195568, 3120
201133, 3120
207545, 3120
259028, 3120
264095, 3120
280512, 3120
282984, 3120
287181, 3120
292777, 3120
10645, 3118
93369, 3118
26261, 3117
420, 3109
84407, 3103
88896, 3103
91126, 3103
101871, 3103
103478, 3103
114493, 3103
129104, 3103
133482, 3103
138886, 3103
153634, 3103
88279, 3094
124725, 3094
33707, 3077
163937, 3077
99746, 3057
5285, 3055
78366, 3053
4766, 3052
56683, 3049
30435, 3048
218931, 3048
223066, 3048
244643, 3048
246925, 3048
250022, 3048
252410, 3048
256098, 3048
258763, 3048
274458, 3048
275856, 3048
283202, 3048
285579, 3048
288811, 3048
289937, 3048
293900, 3048
295240, 3048
31088, 3043
41390, 3043
45416, 3043
180934, 3039
197998, 3039
283272, 3019
23142, 3018
291138, 3018
227583, 3013
9603, 3012
46085, 3012
85739, 2998
8686, 2996
15480, 2996
74158, 2996
247744, 2996
287856, 2991
56107, 2989
74679, 2989
27746, 2988
84930, 2987
87037, 2987
115441, 2987
117928, 2987
126392, 2987
132499, 2987
154554, 2987
164028, 2987
167577, 2987
174834, 2987
180041, 2987
181792, 2987
184772, 2987
186050, 2987
189537, 2987
193242, 2987
196197, 2987
196927, 2987
211303, 2987
218396, 2987
238572, 2987
239209, 2987
247512, 2987
253823, 2987
259091, 2987
272714, 2987
273410, 2987
284998, 2987
285170, 2987
288277, 2987
265068, 2984
70968, 2981
244455, 2977
88813, 2972
120091, 2972
174684, 2972
40684, 2971
248227, 2971
87220, 2968
147271, 2964
212035, 2964
189786, 2954
28092, 2940
46333, 2938
189459, 2937
164667, 2935
140958, 2933
50580, 2932
280148, 2932
292721, 2932
204372, 2931
157259, 2928
192807, 2927
35928, 2915
280321, 2914
92905, 2912
17553, 2910
167405, 2910
220557, 2910
47624, 2909
114176, 2909
265819, 2909
75436, 2906
81454, 2906
65872, 2902
74915, 2895
200519, 2895
15974, 2891
60925, 2891
69073, 2891
105173, 2891
147422, 2891
162425, 2890
174695, 2885
204478, 2882
261691, 2879
75750, 2874
156743, 2871
284819, 2870
290066, 2870
58849, 2863
35546, 2860
45893, 2860
100640, 2860
150736, 2860
296571, 2859
39183, 2858
54419, 2858
175131, 2858
23452, 2855
253265, 2855
200789, 2853
13671, 2847
122497, 2842
244900, 2840
265615, 2837
246, 2830
200502, 2830
253698, 2830
182666, 2828
18, 2825
164, 2825
462, 2825
9257, 2825
118536, 2824
121370, 2824
185116, 2824
47830, 2823
136022, 2823
155850, 2823
189448, 2823
27048, 2822
37177, 2822
42729, 2822
87165, 2822
130901, 2822
189530, 2822
244840, 2822
205790, 2817
226005, 2817
116, 2807
1, 2804
5, 2804
65, 2804
27856, 2804
114044, 2804
532, 2802
536, 2802
174578, 2794
41701, 2787
105292, 2787
284600, 2787
31593, 2783
62228, 2782
87741, 2782
226629, 2782
267381, 2782
239972, 2781
88885, 2779
97162, 2779
187456, 2779
212868, 2779
278652, 2779
33116, 2772
108326, 2772
66093, 2771
165057, 2771
282520, 2771
156370, 2767
208197, 2757
197581, 2755
168926, 2753
290511, 2753
162725, 2751
275714, 2749
205861, 2747
150062, 2746
218603, 2746
293116, 2745
214178, 2743
10401, 2741
130278, 2741
230492, 2741
80069, 2729
202826, 2729
245086, 2729
140183, 2725
240976, 2725
232302, 2721
152014, 2719
169579, 2719
272892, 2719
291877, 2719
104418, 2717
84199, 2715
204139, 2714
34506, 2709
45068, 2707
47816, 2707
50295, 2707
54298, 2707
58416, 2707
71404, 2707
74690, 2707
75348, 2707
84877, 2707
90995, 2707
101995, 2707
118682, 2707
128145, 2707
133840, 2707
136906, 2707
139976, 2707
141345, 2707
146315, 2707
151539, 2707
151587, 2707
157236, 2707
168718, 2707
183955, 2707
184065, 2707
209608, 2707
230366, 2707
280490, 2707
283848, 2707
294887, 2707
189163, 2701
222661, 2701
277807, 2701
108981, 2697
172871, 2697
278674, 2697
30724, 2696
70649, 2696
153315, 2696
170754, 2696
181651, 2696
182679, 2696
184613, 2696
189518, 2696
194945, 2696
204650, 2696
208041, 2696
218385, 2696
218665, 2696
225590, 2696
230575, 2696
239853, 2696
244768, 2696
287739, 2696
192680, 2692
281582, 2692
9353, 2690
218398, 2689
287682, 2688
62326, 2686
71436, 2682
154542, 2681
243812, 2681
288255, 2679
210740, 2671
248997, 2671
254993, 2671
64504, 2670
151766, 2667
200902, 2667
281692, 2667
242295, 2666
224968, 2664
262764, 2664
95730, 2658
68265, 2655
12156, 2651
8125, 2650
10280, 2650
17432, 2650
21423, 2650
73800, 2650
75433, 2650
107598, 2650
108421, 2650
112729, 2650
115149, 2650
116857, 2650
118673, 2650
119386, 2650
122621, 2650
123651, 2650
126220, 2650
126536, 2650
127047, 2650
128424, 2650
129931, 2650
131526, 2650
135731, 2650
147502, 2650
147640, 2650
162578, 2650
170402, 2650
171181, 2650
176189, 2650
178915, 2650
180823, 2650
181236, 2650
181612, 2650
196120, 2650
215560, 2650
238731, 2650
241357, 2646
112984, 2640
9901, 2635
81826, 2618
162106, 2615
191992, 2615
76469, 2612
81735, 2612
111711, 2612
116198, 2612
271503, 2612
28635, 2611
64319, 2611
2043, 2608
3168, 2608
55640, 2606
65658, 2606
84515, 2606
190985, 2606
45404, 2597
282299, 2597
20219, 2589
23578, 2589
47414, 2589
80719, 2589
156029, 2588
176687, 2586
184506, 2586
249594, 2584
57434, 2582
106713, 2579
144030, 2576
210657, 2575
151838, 2573
157490, 2573
184023, 2573
239655, 2573
77043, 2570
207649, 2570
257143, 2570
102398, 2568
136492, 2563
186584, 2563
202831, 2563
248678, 2563
84274, 2562
147499, 2562
260371, 2561
96415, 2559
172168, 2558
151345, 2554
49072, 2550
11547, 2547
191341, 2547
209521, 2547
23797, 2546
22594, 2541
84142, 2541
251859, 2541
6877, 2538
140201, 2538
192160, 2538
110055, 2534
280076, 2534
42096, 2531
58457, 2531
210386, 2531
18172, 2530
84131, 2530
173514, 2530
260957, 2530
25566, 2526
94385, 2526
40721, 2525
51934, 2521
54978, 2517
122409, 2517
58966, 2512
94372, 2512
193339, 2509
200163, 2509
243532, 2509
247570, 2509
275780, 2509
286422, 2509
64886, 2499
219292, 2499
229558, 2499
30723, 2495
99449, 2495
279612, 2495
263437, 2491
9185, 2482
106739, 2482
167681, 2482
69706, 2480
230397, 2478
122628, 2476
161289, 2476
226666, 2476
267850, 2476
288419, 2476
4040, 2474
294092, 2474
77648, 2473
27927, 2471
63859, 2471
207643, 2471
260301, 2471
64744, 2463
84783, 2463
153516, 2457
245142, 2457
11834, 2452
221486, 2450
288200, 2450
34223, 2444
251532, 2444
284539, 2444
74683, 2443
175229, 2443
194299, 2443
279366, 2443
64552, 2441
50429, 2436
62830, 2436
114599, 2435
132484, 2434
211909, 2434
87273, 2432
135714, 2428
173677, 2428
110124, 2425
122509, 2424
82328, 2423
232724, 2423
250639, 2423
275016, 2423
169842, 2414
168230, 2413
74908, 2412
98837, 2412
180843, 2412
184250, 2412
292382, 2412
10886, 2411
256699, 2411
43717, 2409
115808, 2409
193109, 2409
220680, 2409
230009, 2409
148614, 2406
175787, 2406
79170, 2402
133071, 2400
192019, 2395
264754, 2391
280689, 2391
28800, 2390
56469, 2390
86958, 2390
181441, 2390
68847, 2386
236180, 2386
63512, 2385
100049, 2385
288408, 2378
15321, 2377
253487, 2377
276156, 2377
76054, 2376
74596, 2373
182301, 2373
252181, 2373
140268, 2370
11890, 2369
9238, 2367
27161, 2367
40327, 2366
107116, 2366
44657, 2362
45595, 2362
61002, 2362
72039, 2353
165336, 2353
255943, 2352
44304, 2350
35054, 2349
54657, 2349
62932, 2349
86496, 2349
184661, 2349
212856, 2349
223195, 2349
10874, 2346
40431, 2346
110505, 2346
288660, 2346
82802, 2345
118111, 2345
136370, 2345
228948, 2344
64670, 2340
294505, 2340
91345, 2339
210039, 2339
245554, 2339
255339, 2339
274588, 2339
49999, 2338
13205, 2332
20236, 2331
84050, 2330
98472, 2330
145271, 2328
225748, 2328
88220, 2323
95317, 2323
127152, 2323
138966, 2323
155278, 2323
177189, 2323
240239, 2323
285082, 2323
62922, 2322
178684, 2322
244871, 2322
132693, 2317
144069, 2317
176296, 2317
269799, 2317
16040, 2315
54025, 2315
6081, 2309
14948, 2309
8374, 2304
225771, 2302
111676, 2300
208427, 2294
134942, 2291
260031, 2291
266449, 2291
63908, 2290
273579, 2290
44437, 2289
168539, 2289
178936, 2289
272437, 2289
155805, 2286
174265, 2286
51152, 2285
90341, 2285
242813, 2285
137194, 2283
65283, 2282
214682, 2282
112489, 2280
113728, 2277
49628, 2274
990, 2271
68254, 2270
108344, 2270
260608, 2270
272439, 2269
102339, 2268
145843, 2268
162547, 2268
233870, 2268
86372, 2265
81942, 2258
282355, 2258
197279, 2257
97574, 2256
103286, 2256
251699, 2256
109076, 2253
181371, 2253
150814, 2251
165555, 2251
74133, 2250
275240, 2250
51252, 2248
269668, 2248
128578, 2246
206700, 2246
253027, 2246
31267, 2242
57033, 2241
49035, 2235
67803, 2235
222989, 2232
60991, 2231
51971, 2225
99957, 2225
114841, 2225
203998, 2225
226461, 2225
291413, 2225
59115, 2224
140858, 2224
23519, 2223
36261, 2223
56378, 2223
82316, 2222
17101, 2221
58106, 2221
85388, 2221
111258, 2221
105098, 2219
110995, 2219
119970, 2219
130259, 2219
130273, 2219
134376, 2219
135959, 2219
140157, 2219
140371, 2219
140621, 2219
140850, 2219
141500, 2219
143177, 2219
147361, 2219
147387, 2219
152698, 2219
158225, 2219
173318, 2219
182385, 2219
183981, 2219
184697, 2219
188197, 2219
188580, 2219
189438, 2219
197217, 2219
204441, 2219
208440, 2219
211705, 2219
216962, 2219
224578, 2219
236839, 2219
237403, 2219
244206, 2219
247557, 2219
253381, 2219
262718, 2219
263417, 2219
271283, 2219
271562, 2219
276422, 2219
282158, 2219
291032, 2217
14926, 2216
222528, 2216
35684, 2215
67822, 2215
126443, 2215
151322, 2215
154923, 2215
204168, 2215
87153, 2213
87940, 2213
110498, 2210
153383, 2208
61866, 2206
122769, 2205
117683, 2203
24731, 2201
93394, 2201
154994, 2201
174257, 2201
226710, 2201
68762, 2200
271903, 2196
48763, 2194
16441, 2193
47823, 2187
111295, 2187
55795, 2186
87649, 2186
107078, 2186
201547, 2186
247784, 2186
69216, 2184
242730, 2182
86301, 2179
182358, 2179
93405, 2177
150021, 2177
209017, 2177
145210, 2176
280273, 2176
101761, 2175
144656, 2175
62490, 2174
105926, 2172
123828, 2172
131435, 2172
217860, 2171
255765, 2169
283784, 2169
294534, 2169
127375, 2168
207261, 2168
212014, 2168
290972, 2168
249103, 2167
270904, 2167
86686, 2166
144750, 2166
174072, 2166
63209, 2165
295049, 2163
140465, 2162
245152, 2160
34451, 2159
36286, 2159
80444, 2159
101262, 2159
109913, 2159
110096, 2159
114250, 2159
124857, 2159
127179, 2159
130169, 2159
138776, 2159
142278, 2159
153623, 2159
159934, 2159
164732, 2159
170005, 2159
170226, 2159
180872, 2159
181828, 2159
189566, 2159
191815, 2159
199138, 2159
211922, 2159
217194, 2159
219550, 2159
220379, 2159
220707, 2159
220893, 2159
223885, 2159
227372, 2159
238886, 2159
247141, 2159
259100, 2159
263260, 2159
265025, 2159
279931, 2159
290510, 2159
87806, 2157
100606, 2157
26848, 2156
28605, 2156
72779, 2156
173811, 2156
217653, 2156
98306, 2154
86659, 2152
95235, 2152
117640, 2152
133070, 2152
206360, 2152
77810, 2151
83315, 2145
152522, 2145
243911, 2143
13238, 2139
60471, 2139
90682, 2139
163304, 2139
248228, 2139
253646, 2139
96409, 2137
122291, 2137
138257, 2137
143085, 2137
168599, 2137
169337, 2137
240782, 2137
247627, 2137
260015, 2137
283865, 2136
14614, 2134
31428, 2134
38722, 2134
172854, 2134
175940, 2134
291372, 2134
34276, 2133
106902, 2133
179358, 2133
189970, 2133
44015, 2132
120887, 2131
16946, 2130
111239, 2130
111705, 2130
113507, 2130
146237, 2130
192621, 2130
226679, 2130
274650, 2130
295142, 2130
22002, 2128
36771, 2128
41692, 2128
44791, 2128
49626, 2128
51244, 2128
52759, 2128
64433, 2128
74453, 2128
74762, 2128
75481, 2128
89411, 2128
90343, 2128
104370, 2128
108177, 2128
114208, 2128
119499, 2128
124287, 2128
116844, 2124
145178, 2124
31556, 2121
59298, 2121
75410, 2120
109961, 2120
146702, 2120
154786, 2120
212985, 2120
29038, 2118
91214, 2118
159838, 2118
146571, 2117
147652, 2117
73639, 2115
73831, 2115
229810, 2115
272724, 2114
76607, 2113
230699, 2113
236873, 2112
32448, 2111
102583, 2109
19419, 2108
19999, 2108
23816, 2108
54856, 2108
73460, 2108
110224, 2108
131174, 2108
165673, 2108
171606, 2108
176929, 2108
193440, 2108
207181, 2108
222488, 2108
286363, 2108
295027, 2108
19896, 2107
80147, 2106
95298, 2106
154306, 2106
295410, 2106
49712, 2105
62173, 2105
102106, 2105
127308, 2105
137688, 2105
141478, 2105
255546, 2105
58175, 2102
246305, 2102
42950, 2100
44444, 2099
113953, 2099
273821, 2099
291870, 2099
98663, 2098
252160, 2098
282051, 2098
292400, 2098
26589, 2097
96746, 2095
110623, 2095
151034, 2095
241093, 2095
49620, 2093
77218, 2093
98590, 2093
100331, 2093
254451, 2093
282531, 2093
6660, 2092
42839, 2092
42907, 2092
43015, 2092
231419, 2092
295035, 2090
55873, 2088
177094, 2088
280127, 2088
106156, 2087
177855, 2087
208272, 2085
213319, 2085
235822, 2085
5780, 2084
71976, 2084
295050, 2084
60959, 2083
13284, 2082
141364, 2082
187439, 2082
251871, 2082
25846, 2080
249734, 2080
270167, 2080
276872, 2080
37551, 2077
51747, 2077
81284, 2077
123590, 2077
190849, 2077
213950, 2077
89388, 2075
99659, 2075
102305, 2075
102468, 2075
103312, 2075
107604, 2075
119045, 2075
150882, 2074
38264, 2072
8364, 2070
107107, 2068
175177, 2068
251306, 2067
268356, 2067
136257, 2066
143527, 2066
41036, 2063
27245, 2062
146301, 2062
228557, 2062
251750, 2062
257260, 2062
278176, 2062
282028, 2062
282528, 2062
288792, 2062
41649, 2061
149398, 2059
216107, 2059
249827, 2059
288590, 2059
19927, 2058
156546, 2058
92015, 2057
179667, 2057
185689, 2056
196513, 2056
158110, 2055
166815, 2054
78647, 2053
198146, 2052
200124, 2052
243318, 2052
62796, 2050
91439, 2050
150227, 2050
155604, 2050
171139, 2050
184922, 2050
71752, 2049
146895, 2049
57004, 2048
87454, 2048
87946, 2048
140088, 2048
141705, 2048
145019, 2048
148922, 2048
174150, 2048
192904, 2048
202333, 2048
210526, 2048
221316, 2048
233744, 2048
245487, 2048
252404, 2048
122224, 2047
211562, 2047
216820, 2047
295389, 2047
244045, 2046
104320, 2045
128626, 2043
254407, 2043
287011, 2043
186846, 2042
48157, 2041
55050, 2041
77245, 2041
199337, 2041
4190, 2039
189326, 2039
103472, 2038
154790, 2038
208138, 2038
159151, 2037
260685, 2037
275490, 2037
13160, 2033
53288, 2033
106032, 2033
140015, 2033
144138, 2033
151240, 2033
161497, 2033
174127, 2033
175072, 2033
182134, 2033
230996, 2033
243547, 2033
244611, 2033
104198, 2031
252523, 2030
282823, 2030
284051, 2030
22280, 2029
71054, 2028
151795, 2028
67340, 2024
156498, 2024
141676, 2023
11412, 2022
176979, 2022
221855, 2022
280628, 2022
213759, 2020
212610, 2019
28894, 2017
223905, 2017
268334, 2017
128221, 2016
208189, 2016
102015, 2015
109630, 2015
47062, 2014
106424, 2014
148641, 2014
245953, 2014
39758, 2013
131210, 2013
50389, 2012
111883, 2012
235888, 2011
1183, 2009
75205, 2009
91731, 2009
98947, 2009
121741, 2009
167451, 2009
22060, 2005
40346, 2005
49221, 2005
50708, 2005
82690, 2005
91412, 2005
112511, 2005
114524, 2005
116091, 2005
135653, 2005
146030, 2005
162356, 2005
180606, 2005
210192, 2005
211482, 2005
274368, 2005
278617, 2005
279126, 2005
77020, 2004
219226, 2004
220876, 2004
200596, 2002
209086, 2002
268392, 2002
287671, 2002
287675, 2002
140468, 1999
185001, 1999
270159, 1999
281030, 1999
290843, 1999
68530, 1998
162515, 1998
166782, 1998
53515, 1997
138334, 1997
176857, 1997
191296, 1996
237581, 1996
85244, 1995
158302, 1995
190748, 1995
252243, 1995
67064, 1993
76282, 1993
89513, 1993
118690, 1993
147339, 1993
227578, 1993
262890, 1993
16420, 1992
145569, 1992
219335, 1991
24760, 1990
58284, 1990
99148, 1990
156078, 1990
227978, 1990
251372, 1990
107534, 1989
128274, 1989
151559, 1989
172665, 1989
217184, 1989
264395, 1989
18608, 1988
49244, 1988
54541, 1988
88194, 1988
74480, 1987
29491, 1985
207675, 1984
22631, 1983
37230, 1983
66323, 1983
98691, 1983
100779, 1983
129310, 1983
156225, 1983
198410, 1983
276977, 1983
78145, 1981
242497, 1981
254512, 1981
27830, 1980
260473, 1980
266964, 1980
70573, 1979
78110, 1979
146198, 1979
245303, 1979
102643, 1978
193094, 1978
11358, 1977
65292, 1977
155371, 1974
218107, 1974
11434, 1973
22972, 1973
120365, 1973
136201, 1972
63202, 1970
87952, 1970
217596, 1970
257106, 1970
15526, 1969
50841, 1969
56518, 1969
264613, 1969
34117, 1967
200541, 1967
222654, 1967
179840, 1964
190934, 1964
42412, 1962
46818, 1962
78681, 1962
144806, 1962
252893, 1962
27508, 1961
43942, 1961
106140, 1961
185272, 1961
185680, 1961
212938, 1961
38780, 1960
54892, 1960
108137, 1960
119659, 1960
169649, 1958
190120, 1958
240557, 1958
263441, 1958
267276, 1958
235106, 1957
38381, 1956
47617, 1956
62396, 1956
91083, 1956
98244, 1956
139557, 1956
158714, 1956
16987, 1954
36810, 1954
131080, 1954
181336, 1954
228751, 1954
293026, 1954
17239, 1952
82735, 1952
109488, 1952
126806, 1952
209693, 1952
210770, 1952
218622, 1952
81899, 1951
140355, 1951
174724, 1951
290016, 1951
18626, 1950
65855, 1950
67630, 1950
281828, 1950
246089, 1949
74579, 1948
32927, 1947
80511, 1947
164931, 1947
112110, 1946
37339, 1944
100882, 1944
142517, 1944
165759, 1944
176814, 1944
241127, 1944
255631, 1944
290716, 1944
134233, 1941
56603, 1938
167850, 1937
243552, 1937
104629, 1935
111179, 1935
199946, 1935
105991, 1934
6363, 1933
177583, 1933
75319, 1932
200741, 1931
36342, 1930
53527, 1930
124672, 1930
214931, 1930
14498, 1929
69281, 1929
85656, 1929
98345, 1929
110654, 1929
195855, 1929
291024, 1929
210233, 1927
234457, 1927
212046, 1926
228810, 1926
240796, 1926
37322, 1925
81842, 1925
124689, 1925
174028, 1925
258200, 1925
8317, 1924
39882, 1924
289170, 1924
128296, 1922
181402, 1922
8793, 1919
42332, 1919
62672, 1919
26596, 1917
76327, 1917
131819, 1916
139860, 1916
50210, 1915
224302, 1915
180074, 1914
187480, 1914
52080, 1913
124940, 1913
159264, 1913
180482, 1913
13622, 1912
39096, 1912
49464, 1912
110938, 1912
164752, 1912
272180, 1912
25275, 1910
132729, 1910
276323, 1910
16070, 1908
170654, 1908
93645, 1906
111545, 1906
37195, 1903
154261, 1903
172799, 1903
295976, 1902
288976, 1901
8895, 1900
16937, 1900
43122, 1900
97507, 1900
102334, 1900
143631, 1900
146622, 1900
230231, 1900
248841, 1900
289539, 1900
202866, 1899
13386, 1898
52535, 1898
88063, 1898
166922, 1898
288278, 1898
65478, 1897
195580, 1895
146068, 1894
217902, 1894
96448, 1892
43541, 1891
88267, 1891
113329, 1891
183726, 1890
58704, 1889
201160, 1889
11688, 1888
80286, 1888
199713, 1888
17943, 1886
52442, 1886
55736, 1886
66483, 1886
74846, 1885
125082, 1885
135672, 1885
237904, 1885
257352, 1885
136752, 1884
115487, 1883
148557, 1883
165465, 1883
170019, 1883
202361, 1883
212578, 1883
251357, 1883
4417, 1882
161187, 1882
112640, 1881
231333, 1881
50376, 1878
86897, 1878
163841, 1878
168099, 1878
234507, 1878
288142, 1878
61716, 1877
209505, 1877
95272, 1876
124970, 1876
277862, 1875
13081, 1874
62241, 1874
220194, 1874
53308, 1873
213102, 1873
25013, 1872
193369, 1871
99172, 1870
115634, 1870
157683, 1870
290496, 1870
185364, 1869
26342, 1866
31785, 1866
83422, 1866
112624, 1866
217018, 1866
26415, 1865
211429, 1865
120985, 1863
248410, 1862
2321, 1861
69838, 1861
100693, 1860
184777, 1860
249503, 1860
69111, 1859
261131, 1859
288600, 1858
19198, 1857
110616, 1857
169656, 1857
275989, 1857
55109, 1856
106193, 1856
186595, 1856
200534, 1856
48890, 1854
69517, 1854
279235, 1854
43599, 1852
59052, 1852
225538, 1852
221046, 1851
40193, 1850
52328, 1850
62898, 1850
137357, 1850
213471, 1850
235756, 1850
36659, 1849
55176, 1848
70303, 1848
217053, 1848
197174, 1847
59045, 1846
29392, 1845
199609, 1845
56862, 1842
128886, 1842
3762, 1841
26588, 1841
30877, 1841
97817, 1841
117470, 1841
172737, 1841
204466, 1841
257988, 1841
8386, 1839
16800, 1839
101211, 1839
148417, 1839
15222, 1838
136445, 1838
158342, 1838
220541, 1838
18939, 1836
167300, 1836
178392, 1836
187524, 1836
192706, 1836
74592, 1835
95437, 1835
131175, 1835
196592, 1835
223740, 1835
229890, 1835
257455, 1835
277382, 1835
291169, 1835
162095, 1834
11887, 1833
107229, 1833
135443, 1833
140505, 1833
240838, 1833
262114, 1833
28311, 1832
61739, 1831
88171, 1831
25259, 1828
50584, 1826
178016, 1826
262841, 1826
4958, 1825
94425, 1825
159489, 1825
160264, 1825
117357, 1823
201570, 1823
120744, 1821
150551, 1821
257600, 1821
268295, 1821
271511, 1821
15216, 1820
60728, 1820
166896, 1820
25807, 1818
69877, 1818
82871, 1818
145476, 1818
238710, 1818
249520, 1818
237365, 1817
37018, 1816
62177, 1816
31022, 1814
61395, 1814
104921, 1813
108092, 1813
224528, 1813
240531, 1813
248794, 1811
288368, 1811
132180, 1810
291274, 1810
109581, 1806
115556, 1804
215330, 1804
293251, 1804
31661, 1803
75213, 1803
170932, 1803
275620, 1803
40322, 1802
80576, 1802
128343, 1802
55323, 1801
205659, 1801
49049, 1800
107286, 1798
137208, 1798
34120, 1797
135662, 1797
200652, 1797
254434, 1797
130577, 1795
146532, 1795
23018, 1794
44721, 1793
265046, 1793
99082, 1792
144212, 1792
164560, 1792
292863, 1792
3824, 1791
79350, 1791
21127, 1790
137751, 1789
171501, 1789
85376, 1787
224822, 1787
230312, 1787
25452, 1785
40852, 1785
114844, 1785
166798, 1785
222061, 1785
33503, 1784
155126, 1784
104277, 1783
147274, 1782
293747, 1782
146910, 1781
254391, 1781
33532, 1780
111253, 1780
136900, 1780
146944, 1780
42806, 1777
96523, 1777
145068, 1777
287620, 1777
1657, 1776
158513, 1776
172724, 1776
179834, 1776
211209, 1776
215834, 1776
249404, 1776
69201, 1774
255228, 1774
22011, 1771
138567, 1771
242025, 1771
262231, 1771
48823, 1770
158929, 1770
275015, 1770
62417, 1769
18326, 1767
18857, 1766
23125, 1766
100849, 1766
136478, 1765
200026, 1765
223017, 1765
34952, 1764
49504, 1764
74910, 1764
79755, 1764
92911, 1764
127245, 1764
127760, 1764
130287, 1764
168507, 1764
170969, 1764
177170, 1764
181510, 1764
186624, 1764
221003, 1764
270295, 1764
272569, 1764
288571, 1764
294356, 1764
49215, 1762
177912, 1762
16135, 1761
16155, 1761
40135, 1761
91175, 1761
98763, 1761
195229, 1761
247276, 1761
287860, 1761
97430, 1760
36143, 1758
90395, 1758
93442, 1757
26307, 1756
79099, 1756
289044, 1756
115307, 1755
125363, 1755
232960, 1755
240965, 1755
107848, 1754
172046, 1754
212595, 1754
286270, 1754
20288, 1752
56203, 1752
70297, 1752
152269, 1752
225500, 1752
75889, 1751
85087, 1751
107027, 1751
138945, 1751
150620, 1751
159572, 1751
165321, 1751
200649, 1751
216810, 1751
22122, 1750
28990, 1750
43327, 1750
99899, 1750
119671, 1750
123998, 1750
234119, 1750
259529, 1750
131982, 1749
190143, 1749
196415, 1749
11723, 1748
151093, 1748
5952, 1746
22261, 1746
112018, 1746
134882, 1746
175089, 1746
228939, 1746
284621, 1746
292793, 1746
9006, 1745
69895, 1745
139475, 1745
237896, 1745
287141, 1745
136694, 1744
180639, 1744
229455, 1744
246540, 1744
44711, 1743
51555, 1743
61835, 1743
63889, 1743
67266, 1743
70789, 1743
85786, 1743
87853, 1743
90831, 1743
91360, 1743
97029, 1743
99910, 1743
100351, 1743
102932, 1743
105619, 1743
111106, 1743
111558, 1743
114939, 1743
117085, 1743
129006, 1743
132187, 1743
132309, 1743
134387, 1743
135162, 1743
138763, 1743
139718, 1743
144748, 1743
149127, 1743
149283, 1743
152303, 1743
158105, 1743
158899, 1743
161976, 1743
163281, 1743
164083, 1743
165717, 1743
184042, 1743
186056, 1743
194200, 1743
201500, 1743
205418, 1743
209565, 1743
210014, 1743
210761, 1743
211745, 1743
212715, 1743
221682, 1743
222411, 1743
226451, 1743
232837, 1743
236215, 1743
246704, 1743
249789, 1743
257806, 1743
272106, 1743
273725, 1743
290848, 1743
20117, 1742
62652, 1742
76674, 1742
82286, 1742
152108, 1742
212808, 1742
49127, 1741
60857, 1741
89704, 1741
96984, 1741
109205, 1741
112959, 1741
114548, 1741
128350, 1741
128471, 1741
135278, 1741
138788, 1741
141763, 1741
148852, 1741
159957, 1741
165669, 1741
171423, 1741
187707, 1741
216385, 1741
222334, 1741
249855, 1741
275748, 1741
295778, 1740
32527, 1738
253254, 1738
256896, 1738
264478, 1738
74312, 1737
102244, 1737
136316, 1737
176447, 1737
278576, 1736
132721, 1735
19329, 1734
40103, 1734
78288, 1733
176032, 1733
108042, 1731
100869, 1730
105930, 1730
211624, 1730
252124, 1728
25725, 1727
36081, 1727
76904, 1727
81020, 1727
149305, 1727
259377, 1727
55401, 1726
35182, 1725
203550, 1725
246487, 1725
38941, 1723
64748, 1723
116473, 1723
69048, 1722
119187, 1722
199789, 1722
292425, 1722
42936, 1721
47920, 1721
68352, 1720
125145, 1720
127287, 1720
23730, 1719
28931, 1719
112180, 1719
133266, 1719
190657, 1719
252727, 1719
271862, 1719
128237, 1717
176939, 1716
187131, 1716
223878, 1716
90668, 1715
210316, 1715
248106, 1715
33775, 1714
46563, 1714
66428, 1714
263313, 1714
272841, 1714
282101, 1714
24327, 1713
67537, 1713
207385, 1713
39015, 1712
58900, 1712
146877, 1712
223304, 1712
10290, 1711
195670, 1711
217719, 1711
10021, 1710
22657, 1710
41844, 1710
76871, 1710
98013, 1710
113712, 1710
120071, 1710
126749, 1710
156463, 1710
168448, 1710
171202, 1710
209385, 1710
286228, 1710
471, 1709
71152, 1709
195726, 1709
197617, 1709
16046, 1708
47039, 1708
61802, 1707
151449, 1707
187403, 1707
230273, 1707
236309, 1707
268585, 1707
8089, 1706
16932, 1706
24949, 1706
51276, 1706
55650, 1706
128490, 1706
182073, 1706
236312, 1706
244548, 1706
251064, 1706
257537, 1706
279959, 1706
21399, 1705
34877, 1705
51769, 1705
200188, 1705
211612, 1705
123699, 1704
141971, 1704
170322, 1703
180544, 1703
255615, 1703
286178, 1702
84257, 1701
234707, 1701
44176, 1700
65808, 1700
289728, 1700
158103, 1698
25764, 1697
261833, 1697
96870, 1696
35464, 1695
70734, 1695
161530, 1695
215037, 1695
279448, 1695
52357, 1694
70519, 1694
62322, 1693
81861, 1693
96969, 1693
175113, 1693
222883, 1693
6481, 1692
8808, 1692
181413, 1692
282845, 1692
151742, 1691
284678, 1691
73207, 1690
286294, 1689
34351, 1688
97512, 1688
99264, 1688
106494, 1688
118464, 1688
189138, 1688
194304, 1688
201816, 1688
98570, 1686
101706, 1686
198221, 1686
232628, 1686
283870, 1686
215014, 1685
253622, 1685
268710, 1684
38501, 1683
45339, 1683
77496, 1683
88396, 1683
128422, 1683
168720, 1683
188706, 1683
22286, 1682
63043, 1682
96347, 1682
133157, 1682
134354, 1682
159537, 1682
167199, 1682
180248, 1682
187546, 1682
255808, 1682
270825, 1682
295811, 1682
66933, 1681
96905, 1681
295977, 1681
14869, 1680
147876, 1680
167729, 1680
69692, 1679
243854, 1679
32868, 1678
121676, 1678
160099, 1678
73328, 1677
92917, 1677
123841, 1677
273829, 1677
53518, 1676
67593, 1676
80885, 1676
91885, 1676
229530, 1676
243119, 1676
253690, 1676
109725, 1675
152002, 1675
157722, 1675
294198, 1675
28137, 1674
63502, 1673
98392, 1673
159430, 1673
252977, 1673
50749, 1672
71807, 1672
86836, 1672
138898, 1672
286300, 1672
70822, 1671
104108, 1671
117778, 1671
140318, 1671
211424, 1671
246445, 1671
269066, 1671
249161, 1670
282048, 1670
54183, 1669
110242, 1669
185336, 1669
284246, 1669
123555, 1668
156899, 1668
163538, 1668
42981, 1667
61469, 1667
156503, 1667
182607, 1667
206863, 1667
225160, 1667
289450, 1667
22760, 1666
40421, 1666
132084, 1666
132124, 1666
160574, 1666
275474, 1666
32492, 1664
38786, 1664
294095, 1664
51936, 1663
238740, 1663
259128, 1663
174858, 1662
18923, 1661
75192, 1661
129053, 1661
136216, 1661
16528, 1660
246020, 1660
92240, 1659
100784, 1659
141828, 1658
259612, 1658
15501, 1657
30212, 1657
50194, 1657
16666, 1656
38724, 1656
67880, 1656
181608, 1656
274936, 1656
289361, 1656
190885, 1655
30608, 1654
104813, 1654
156500, 1654
162512, 1654
175831, 1654
209137, 1654
236940, 1654
31442, 1653
45505, 1653
141099, 1653
161714, 1653
199678, 1653
34590, 1652
172530, 1652
231929, 1652
97964, 1650
188665, 1649
5052, 1648
90551, 1648
123239, 1648
14399, 1647
20519, 1647
34784, 1647
98612, 1647
247903, 1647
40292, 1646
74806, 1646
133996, 1646
174423, 1646
238406, 1646
16576, 1645
41903, 1645
117890, 1645
121144, 1645
137698, 1645
170745, 1645
216630, 1645
224131, 1645
256378, 1645
1978, 1644
29888, 1644
44960, 1644
278896, 1644
20688, 1643
41650, 1643
101096, 1643
172538, 1643
192933, 1643
216381, 1643
236386, 1643
42818, 1642
55540, 1642
65450, 1641
70362, 1641
71039, 1641
80729, 1641
82583, 1641
145902, 1641
180141, 1641
187146, 1641
196897, 1641
240751, 1641
258570, 1641
262419, 1641
276616, 1641
280602, 1641
294301, 1641
6803, 1639
11629, 1639
230338, 1639
36583, 1638
69562, 1637
114598, 1637
136540, 1637
155390, 1637
257281, 1637
257449, 1637
4230, 1636
63333, 1636
89104, 1636
195500, 1636
108660, 1635
163894, 1635
263366, 1635
98650, 1634
111454, 1634
156863, 1634
37788, 1633
57338, 1633
78828, 1633
134565, 1633
208006, 1633
238618, 1633
2240, 1632
164479, 1631
21193, 1630
101422, 1630
104304, 1630
179390, 1630
219281, 1630
242951, 1630
140942, 1629
233277, 1629
162687, 1628
187241, 1627
39603, 1626
69382, 1626
80336, 1626
83353, 1626
93290, 1626
161142, 1626
267395, 1626
210224, 1625
181030, 1624
251156, 1622
91481, 1621
212691, 1621
225276, 1621
127024, 1620
257052, 1618
30767, 1617
57342, 1617
72542, 1617
125505, 1617
128282, 1617
190269, 1617
195539, 1617
226471, 1617
287438, 1617
18434, 1616
74016, 1616
189237, 1616
45088, 1615
67720, 1615
201481, 1615
210161, 1615
284169, 1615
36011, 1614
36265, 1614
68343, 1614
71312, 1613
117564, 1613
162141, 1613
40002, 1612
215502, 1611
61171, 1609
86584, 1609
133018, 1609
188304, 1609
194042, 1609
282111, 1609
1913, 1607
20095, 1607
41629, 1607
76178, 1607
99630, 1607
108662, 1607
133613, 1607
157026, 1607
38046, 1606
104862, 1604
230494, 1604
265607, 1604
266375, 1603
21338, 1602
3050, 1601
40865, 1601
41327, 1601
7724, 1600
73168, 1600
192842, 1599
675, 1598
17232, 1598
103083, 1598
123316, 1598
215617, 1598
268559, 1598
289808, 1598
50197, 1596
55224, 1596
65031, 1596
169408, 1596
173159, 1596
48252, 1595
220619, 1595
55318, 1594
96718, 1594
140593, 1594
201152, 1594
101955, 1592
147110, 1592
184184, 1592
293281, 1592
13139, 1591
85319, 1591
102296, 1591
102586, 1591
104832, 1591
182068, 1591
190189, 1591
205604, 1591
245363, 1591
35996, 1588
277679, 1588
86118, 1587
232791, 1587
269160, 1587
25169, 1586
35533, 1586
60883, 1586
63359, 1586
110983, 1586
111832, 1586
115305, 1586
162129, 1586
184868, 1586
270178, 1586
277823, 1586
278161, 1586
165508, 1585
23345, 1584
24545, 1584
69887, 1584
270670, 1584
208244, 1583
276997, 1583
95436, 1582
245159, 1582
68552, 1581
241462, 1581
244429, 1581
276015, 1581
6884, 1580
131695, 1580
253759, 1580
271214, 1580
280877, 1580
43683, 1579
53634, 1579
55217, 1579
111581, 1579
121472, 1579
123563, 1579
174686, 1579
216525, 1579
91651, 1578
126716, 1578
150644, 1578
155499, 1578
244753, 1578
56541, 1577
234635, 1577
81273, 1576
168610, 1576
21813, 1574
21967, 1574
57720, 1574
64162, 1574
141504, 1574
256927, 1574
100217, 1573
132514, 1573
14885, 1572
47398, 1572
99081, 1572
207554, 1572
97141, 1571
122232, 1571
17395, 1570
28415, 1570
28702, 1570
33924, 1570
37713, 1570
92870, 1570
116682, 1570
133264, 1570
135770, 1570
180729, 1570
232785, 1570
256854, 1570
285295, 1570
21746, 1568
22542, 1568
38728, 1568
80469, 1568
149120, 1568
176205, 1568
217096, 1568
30531, 1567
102529, 1567
102934, 1567
173925, 1567
295090, 1567
34023, 1566
63686, 1566
82464, 1566
30409, 1565
63293, 1565
67781, 1565
148694, 1565
246751, 1565
8941, 1564
43095, 1564
50616, 1564
53481, 1564
54128, 1564
65957, 1564
108830, 1564
182585, 1564
204218, 1564
228227, 1564
234871, 1564
287175, 1564
294965, 1564
41126, 1563
95601, 1563
141223, 1562
175409, 1562
129693, 1561
9698, 1560
48477, 1560
78003, 1560
90540, 1560
121549, 1560
107691, 1559
2212, 1556
6936, 1555
44024, 1555
83583, 1555
142305, 1555
244560, 1555
49279, 1554
180751, 1552
253370, 1552
268529, 1551
21711, 1550
132942, 1550
153384, 1550
170013, 1550
52215, 1549
80335, 1549
105825, 1549
163300, 1549
9898, 1548
33564, 1548
50587, 1548
55830, 1548
149868, 1548
185351, 1548
187261, 1548
37182, 1547
69549, 1547
259250, 1546
69489, 1545
88081, 1545
92834, 1545
96196, 1545
39655, 1544
87327, 1544
168373, 1544
231608, 1544
260258, 1544
92606, 1543
208322, 1543
236096, 1543
247779, 1543
17980, 1542
55424, 1542
64488, 1542
110057, 1542
127697, 1542
264174, 1542
279622, 1542
29026, 1541
59828, 1541
190402, 1541
242241, 1541
76942, 1540
221857, 1540
225572, 1540
291780, 1540
39174, 1538
43044, 1538
80457, 1538
116479, 1538
126909, 1538
215204, 1538
292612, 1538
9916, 1537
107656, 1537
165544, 1537
289799, 1536
47358, 1535
164542, 1534
223366, 1534
255346, 1534
271988, 1534
61870, 1533
33313, 1532
154847, 1532
89709, 1531
120973, 1531
164796, 1531
172508, 1531
251586, 1531
264684, 1531
121477, 1530
24935, 1529
198482, 1529
280209, 1529
295202, 1529
296230, 1529
46072, 1528
114950, 1528
199987, 1528
22686, 1527
31049, 1527
86873, 1527
42227, 1526
43110, 1526
43767, 1526
61075, 1526
100710, 1526
117031, 1526
141252, 1526
155726, 1526
190093, 1526
210759, 1526
212229, 1526
216934, 1526
244421, 1526
248048, 1526
256275, 1526
261484, 1526
181759, 1525
218774, 1524
286373, 1524
98420, 1523
19022, 1522
175035, 1522
183436, 1522
190178, 1522
19229, 1521
56097, 1521
163102, 1521
243568, 1521
11058, 1520
22175, 1519
29416, 1518
194770, 1518
79573, 1517
121117, 1517
244285, 1517
119732, 1516
111275, 1515
151622, 1515
229981, 1515
251887, 1515
137910, 1514
163051, 1514
174955, 1513
276240, 1513
42838, 1512
152957, 1512
154819, 1512
193454, 1512
234780, 1512
246646, 1512
13268, 1511
26597, 1511
67000, 1511
99216, 1511
278918, 1510
43102, 1509
61647, 1509
67358, 1509
189367, 1509
193396, 1509
250475, 1509
256706, 1509
134337, 1508
183277, 1508
13319, 1507
86564, 1507
96621, 1507
193564, 1507
260152, 1507
9081, 1505
33873, 1505
53597, 1505
59164, 1505
61691, 1505
83134, 1505
118319, 1505
163380, 1505
268627, 1505
269573, 1505
23973, 1504
85626, 1504
234053, 1504
10463, 1503
46143, 1503
71712, 1503
140720, 1503
176375, 1503
7676, 1502
159056, 1502
217523, 1502
88480, 1500
109336, 1500
155910, 1500
189807, 1500
193088, 1500
199815, 1500
205323, 1500
229919, 1500
229945, 1500
270580, 1500
39828, 1499
195894, 1498
82230, 1496
96648, 1496
111019, 1496
55588, 1495
64193, 1495
80645, 1495
83941, 1495
204000, 1495
244360, 1495
288761, 1495
3950, 1494
13856, 1494
91870, 1494
98281, 1494
98835, 1494
212727, 1494
257256, 1494
17862, 1493
71618, 1493
160911, 1493
282602, 1493
96810, 1492
179565, 1492
113612, 1491
124047, 1491
136727, 1491
166757, 1491
198911, 1491
246341, 1491
285043, 1491
291305, 1491
44527, 1490
49302, 1490
135229, 1490
179774, 1490
224135, 1490
226551, 1490
289108, 1490
289802, 1490
7332, 1489
21494, 1489
49109, 1489
56777, 1489
73265, 1489
117954, 1489
139542, 1489
229476, 1489
252476, 1489
2248, 1488
9948, 1488
63404, 1488
64737, 1488
264415, 1488
49894, 1487
66178, 1486
90152, 1486
166390, 1486
15513, 1485
68709, 1485
153961, 1485
262544, 1485
51193, 1484
188075, 1484
197810, 1484
224878, 1484
258051, 1484
20010, 1483
25594, 1483
110751, 1483
21035, 1482
164903, 1482
28657, 1481
33698, 1481
48795, 1481
53670, 1481
79769, 1481
172690, 1481
216740, 1481
276522, 1481
327, 1480
10668, 1480
24780, 1480
31672, 1480
50186, 1480
60750, 1480
70894, 1480
188855, 1480
145377, 1479
210143, 1479
170974, 1478
63604, 1477
126607, 1477
133077, 1477
172053, 1477
220649, 1477
19031, 1476
97682, 1476
204610, 1476
247716, 1476
273908, 1476
26441, 1475
57641, 1475
119903, 1475
212992, 1475
38506, 1473
100441, 1473
120839, 1473
132220, 1473
132819, 1473
152960, 1473
156711, 1473
188108, 1473
196309, 1473
243377, 1473
271344, 1473
180804, 1472
197497, 1472
24337, 1471
64006, 1471
68683, 1471
92726, 1471
124769, 1471
126107, 1471
168767, 1471
182095, 1471
203078, 1470
8453, 1469
107243, 1469
182959, 1469
208294, 1469
231181, 1469
282233, 1469
4844, 1468
9350, 1468
23585, 1468
40008, 1468
69557, 1468
75459, 1468
103561, 1468
105210, 1468
115621, 1468
116996, 1468
118817, 1468
129289, 1468
137348, 1468
144557, 1468
184047, 1468
200288, 1468
210946, 1468
217685, 1468
278948, 1468
280562, 1468
281734, 1468
279599, 1467
26179, 1466
188532, 1466
155572, 1465
170338, 1465
182139, 1465
275803, 1465
67951, 1464
168667, 1464
218192, 1464
247108, 1463
68303, 1462
84643, 1462
208750, 1462
59697, 1461
70726, 1460
105435, 1460
58102, 1459
70179, 1459
102662, 1459
164207, 1459
206995, 1459
230729, 1459
240469, 1459
69148, 1458
38574, 1457
59213, 1457
82315, 1457
95482, 1457
160169, 1457
238900, 1457
293927, 1457
93411, 1456
111524, 1456
124283, 1456
167099, 1456
178371, 1456
205244, 1456
205590, 1455
213082, 1455
19583, 1454
72569, 1454
73767, 1454
279243, 1454
93641, 1452
132965, 1451
248347, 1451
170144, 1450
234144, 1450
25890, 1448
173006, 1448
193001, 1448
246193, 1448
8104, 1447
48808, 1447
86761, 1447
208836, 1447
214385, 1447
247260, 1447
54990, 1446
105659, 1446
139106, 1446
208931, 1446
287816, 1446
8631, 1445
25368, 1445
55350, 1445
16986, 1444
21007, 1444
97256, 1444
131302, 1444
151716, 1444
219601, 1444
236752, 1444
263043, 1444
285290, 1444
24354, 1443
44441, 1443
64065, 1443
93190, 1443
114976, 1443
118148, 1443
219076, 1443
231021, 1443
262347, 1443
15994, 1442
84104, 1442
135101, 1442
139889, 1442
211707, 1442
57891, 1441
159739, 1441
228803, 1441
36302, 1440
60829, 1440
132573, 1440
244251, 1440
35826, 1439
37534, 1439
39786, 1439
44544, 1439
46364, 1439
61334, 1439
77759, 1439
92350, 1439
94319, 1439
96000, 1439
126502, 1439
129218, 1439
166410, 1439
180608, 1439
280078, 1439
12729, 1438
37274, 1438
51279, 1438
66295, 1438
111173, 1438
242648, 1438
37976, 1437
68775, 1437
216325, 1437
62920, 1434
295631, 1434
16174, 1433
16896, 1433
29040, 1433
31572, 1433
45994, 1433
60820, 1433
180144, 1433
18741, 1432
31713, 1432
57580, 1432
66053, 1432
154284, 1432
293599, 1432
1802, 1431
12922, 1431
33337, 1431
47231, 1431
83356, 1431
148480, 1431
192033, 1431
258101, 1431
24455, 1430
29656, 1430
135108, 1430
236256, 1430
248175, 1430
261947, 1430
261993, 1430
281896, 1430
41703, 1429
131952, 1429
138293, 1429
143892, 1429
151967, 1429
175780, 1429
231738, 1429
54122, 1428
108440, 1428
131096, 1428
133733, 1428
62181, 1427
95188, 1427
122622, 1427
142655, 1427
211261, 1427
278614, 1427
34386, 1425
40937, 1425
53190, 1425
103582, 1425
105796, 1425
108658, 1425
131135, 1425
133749, 1425
195468, 1425
230933, 1425
236790, 1425
241958, 1425
32385, 1424
44573, 1424
117426, 1424
247041, 1424
36692, 1423
82249, 1423
185378, 1423
189667, 1423
198106, 1423
227806, 1423
4101, 1422
5284, 1422
195178, 1422
203468, 1422
218555, 1422
267061, 1422
52937, 1420
97232, 1420
30259, 1418
78785, 1418
90872, 1418
141660, 1418
244978, 1418
250256, 1418
16025, 1417
20049, 1417
28938, 1417
31586, 1417
59658, 1417
83709, 1417
174135, 1417
198819, 1417
206988, 1417
238077, 1417
107845, 1416
154283, 1416
281541, 1416
293518, 1416
252437, 1415
27588, 1414
109151, 1414
201548, 1414
234820, 1414
237258, 1414
251608, 1414
257513, 1414
15153, 1413
55784, 1413
122329, 1413
287741, 1413
39349, 1412
283157, 1412
78692, 1411
184547, 1411
167319, 1410
260111, 1410
178678, 1409
41789, 1408
46829, 1408
52414, 1408
54795, 1408
58325, 1408
68866, 1408
172822, 1408
32460, 1407
60652, 1407
93772, 1407
121058, 1407
186400, 1407
26392, 1406
26618, 1406
38618, 1406
53478, 1406
76804, 1406
247634, 1406
286058, 1406
296566, 1406
19334, 1405
72471, 1405
19078, 1404
28041, 1404
39142, 1404
60035, 1404
238610, 1404
80063, 1403
143829, 1403
17488, 1402
166256, 1402
252352, 1402
254317, 1402
8150, 1401
21632, 1401
24478, 1401
130498, 1401
277253, 1401
40979, 1400
45925, 1400
59114, 1400
96360, 1400
217453, 1400
219596, 1400
260705, 1400
24314, 1399
59005, 1399
102857, 1399
187347, 1399
200557, 1399
34037, 1398
59138, 1398
155304, 1398
128684, 1397
70665, 1396
144859, 1396
194828, 1396
276528, 1396
13305, 1395
19574, 1395
46467, 1395
157919, 1395
290832, 1395
40911, 1394
107675, 1394
186399, 1394
192828, 1394
205382, 1394
240029, 1394
113361, 1393
171176, 1393
23264, 1392
48523, 1392
216863, 1392
235083, 1392
265414, 1392
292619, 1392
123792, 1391
139185, 1391
197329, 1391
224267, 1391
285706, 1391
28255, 1390
70794, 1390
107013, 1390
129441, 1390
50638, 1389
78218, 1389
121070, 1388
148800, 1388
235329, 1388
290856, 1388
69142, 1387
125869, 1387
180827, 1387
206365, 1387
17956, 1385
45370, 1385
71255, 1385
116222, 1384
193637, 1384
101217, 1383
127663, 1383
157710, 1383
181515, 1383
223451, 1383
241370, 1383
249151, 1383
18253, 1382
25774, 1382
164904, 1382
266226, 1382
280910, 1382
29197, 1381
40817, 1381
78574, 1381
103174, 1381
192988, 1381
285642, 1381
20673, 1380
57777, 1380
181873, 1380
205440, 1380
134198, 1379
82234, 1378
100061, 1378
191409, 1378
233476, 1378
28022, 1376
96721, 1376
10754, 1375
89601, 1375
112057, 1375
125588, 1375
237933, 1375
238155, 1375
294546, 1375
71138, 1374
196312, 1374
283905, 1374
10837, 1373
29790, 1373
39745, 1373
100814, 1373
114857, 1373
25741, 1372
32794, 1372
103781, 1372
165972, 1372
173325, 1372
13039, 1371
113491, 1371
180487, 1371
184727, 1371
190520, 1371
235814, 1371
253784, 1371
261901, 1371
292393, 1371
293076, 1371
293539, 1371
29473, 1370
32671, 1370
38184, 1370
101218, 1370
47351, 1369
93702, 1369
107609, 1369
107829, 1369
116160, 1369
139030, 1369
193611, 1369
230988, 1369
232741, 1369
272838, 1369
275530, 1369
285562, 1369
287838, 1369
287854, 1369
292769, 1369
6129, 1368
73362, 1368
104373, 1368
130356, 1368
164060, 1368
186058, 1368
232321, 1368
34309, 1367
56926, 1367
82277, 1367
138799, 1367
172007, 1367
174048, 1367
229213, 1367
252910, 1367
286579, 1367
44068, 1366
73562, 1366
85202, 1366
96004, 1366
103564, 1366
107870, 1366
112152, 1366
125570, 1366
127568, 1366
132204, 1366
143603, 1366
146451, 1366
150291, 1366
154677, 1366
154734, 1366
156380, 1366
159239, 1366
162862, 1366
166567, 1366
169223, 1366
171652, 1366
172388, 1366
174358, 1366
178841, 1366
179656, 1366
181017, 1366
183918, 1366
185407, 1366
185904, 1366
189624, 1366
189830, 1366
189974, 1366
190207, 1366
192923, 1366
194577, 1366
195657, 1366
195742, 1366
197416, 1366
203207, 1366
203991, 1366
214085, 1366
214979, 1366
215837, 1366
219506, 1366
221095, 1366
223587, 1366
224023, 1366
225959, 1366
231057, 1366
232521, 1366
233930, 1366
237171, 1366
238409, 1366
239444, 1366
243240, 1366
244312, 1366
246994, 1366
249214, 1366
252106, 1366
254328, 1366
255034, 1366
255485, 1366
256952, 1366
258554, 1366
266918, 1366
267958, 1366
268953, 1366
269563, 1366
270038, 1366
272991, 1366
274038, 1366
277619, 1366
279272, 1366
284327, 1366
286803, 1366
287882, 1366
289370, 1366
289631, 1366
289778, 1366
290406, 1366
290854, 1366
291146, 1366
291468, 1366
125958, 1365
48345, 1364
52394, 1364
53685, 1364
103633, 1364
124582, 1364
148282, 1364
276659, 1364
35397, 1363
76651, 1363
110162, 1363
185525, 1363
24160, 1362
39460, 1362
80804, 1362
90673, 1362
106203, 1362
174024, 1362
106266, 1361
173886, 1361
178391, 1361
268337, 1361
274457, 1361
46210, 1360
49794, 1360
89293, 1360
115143, 1360
128513, 1360
154216, 1360
254583, 1360
99828, 1359
104260, 1359
124169, 1359
171524, 1359
211689, 1359
64220, 1358
151052, 1358
170080, 1358
6054, 1357
13912, 1357
58804, 1357
61878, 1357
95738, 1357
96766, 1357
103869, 1357
113067, 1357
127572, 1357
159837, 1357
165269, 1357
269693, 1357
17718, 1356
102770, 1356
136585, 1356
140348, 1356
204685, 1356
16094, 1355
46213, 1355
47743, 1355
52879, 1355
169651, 1355
210891, 1355
106212, 1354
62143, 1353
240696, 1353
268883, 1353
196495, 1352
244081, 1352
259563, 1352
36963, 1351
39146, 1351
43101, 1351
57393, 1351
71574, 1351
76762, 1351
82622, 1351
97478, 1351
99476, 1351
117027, 1351
208662, 1351
213282, 1351
43787, 1350
97379, 1350
188048, 1350
230325, 1350
174342, 1349
71129, 1348
98619, 1348
128423, 1348
148648, 1348
167078, 1348
175932, 1348
236156, 1347
13287, 1346
44735, 1346
58529, 1346
79369, 1346
258862, 1346
11383, 1345
94405, 1345
95710, 1345
192230, 1345
282321, 1345
100982, 1344
233594, 1344
281074, 1344
17908, 1343
24390, 1343
54562, 1343
65117, 1343
87375, 1343
152736, 1343
179646, 1343
196734, 1343
216762, 1343
239580, 1343
11425, 1342
34967, 1342
38173, 1342
120078, 1342
136281, 1342
96062, 1341
148528, 1341
229679, 1341
25174, 1340
58547, 1340
69029, 1340
139193, 1340
140124, 1340
166526, 1340
156436, 1339
202342, 1339
11612, 1338
140366, 1338
153435, 1338
178164, 1338
235845, 1338
254442, 1338
287577, 1338
7375, 1337
10441, 1337
28537, 1337
31263, 1337
35888, 1337
39593, 1337
61678, 1337
80878, 1337
161008, 1337
267260, 1337
20604, 1336
35665, 1336
39945, 1336
86337, 1336
105934, 1336
107382, 1336
118312, 1336
141460, 1336
196442, 1336
47756, 1335
140783, 1335
140556, 1334
239625, 1334
62611, 1333
237428, 1332
274021, 1332
290432, 1332
5943, 1331
16212, 1331
47778, 1331
68232, 1331
86612, 1331
145720, 1331
159462, 1331
190238, 1331
250467, 1331
8810, 1330
187040, 1330
202835, 1330
212551, 1330
226332, 1330
226934, 1330
228000, 1330
234599, 1330
236611, 1330
240825, 1330
247180, 1330
249911, 1330
254392, 1330
261902, 1330
263438, 1330
265309, 1330
266848, 1330
270054, 1330
270364, 1330
273646, 1330
276066, 1330
278262, 1330
282378, 1330
292971, 1330
293573, 1330
295844, 1330
63942, 1329
98512, 1329
146778, 1329
159935, 1329
167229, 1329
190767, 1329
219206, 1329
281113, 1329
288667, 1329
66974, 1328
120133, 1328
122739, 1328
165371, 1328
172510, 1328
175662, 1328
205189, 1328
217883, 1328
252539, 1328
11619, 1327
91894, 1327
104389, 1327
156185, 1327
161326, 1327
216885, 1327
247071, 1327
76833, 1326
83341, 1326
175371, 1326
193994, 1326
201631, 1326
213550, 1326
274690, 1326
383, 1325
5869, 1325
56160, 1325
81765, 1325
104073, 1325
119503, 1325
174200, 1325
176919, 1325
179124, 1325
185853, 1325
193377, 1325
199981, 1325
202377, 1325
237543, 1325
262658, 1325
286125, 1325
21078, 1324
24648, 1324
64632, 1324
65557, 1324
88462, 1324
186589, 1324
213597, 1324
215732, 1324
215846, 1324
242022, 1324
285860, 1324
26294, 1323
29068, 1323
42766, 1323
135177, 1323
213279, 1323
222630, 1323
15559, 1321
29785, 1321
50341, 1321
89744, 1321
245831, 1321
275414, 1321
56919, 1320
161244, 1320
223715, 1320
2610, 1319
4902, 1319
20578, 1319
36893, 1319
44288, 1319
209755, 1319
256403, 1319
25384, 1318
30003, 1318
68139, 1318
105394, 1318
218409, 1318
227781, 1318
250818, 1318
291802, 1318
14537, 1317
16402, 1317
24263, 1317
94926, 1317
99994, 1317
235123, 1317
139773, 1316
173445, 1316
7882, 1314
16573, 1314
36746, 1314
75412, 1313
173966, 1313
207427, 1313
6722, 1312
16626, 1312
48867, 1312
61017, 1312
131505, 1312
142046, 1312
175720, 1312
192608, 1312
276844, 1312
16721, 1311
40413, 1311
49222, 1311
156961, 1311
196330, 1311
243045, 1311
288230, 1311
294070, 1311
9150, 1310
16507, 1310
30258, 1310
34983, 1310
36454, 1310
42396, 1310
54679, 1310
55551, 1310
60243, 1310
60434, 1310
80574, 1310
93744, 1310
94514, 1310
101198, 1310
140541, 1310
165849, 1310
203417, 1310
238849, 1310
264237, 1310
279426, 1310
19517, 1309
50407, 1309
155720, 1309
203186, 1309
12791, 1308
14945, 1308
51796, 1308
58011, 1308
121876, 1308
188899, 1308
203054, 1308
18431, 1307
110828, 1307
116585, 1307
210487, 1307
10693, 1306
50659, 1306
105978, 1306
178858, 1306
196437, 1306
202353, 1306
204179, 1306
216184, 1306
217133, 1306
222951, 1306
228372, 1306
233828, 1306
236584, 1306
246702, 1306
249140, 1306
267026, 1306
278778, 1306
280658, 1306
10146, 1305
42621, 1305
76010, 1305
96796, 1305
112858, 1305
171004, 1305
217149, 1305
36523, 1304
78332, 1304
81191, 1304
90069, 1304
91229, 1304
116979, 1304
143441, 1304
232403, 1304
234312, 1304
243682, 1304
248543, 1304
249718, 1304
256102, 1304
259604, 1304
262276, 1304
262732, 1304
267771, 1304
269212, 1304
271480, 1304
273651, 1304
277141, 1304
285549, 1304
287707, 1304
127617, 1303
226269, 1303
241710, 1303
43795, 1302
103400, 1302
127321, 1302
143795, 1302
273066, 1302
55780, 1301
124948, 1301
4088, 1300
22824, 1300
28484, 1300
42009, 1300
65877, 1300
80763, 1300
232289, 1300
233843, 1300
242209, 1300
272966, 1300
279387, 1300
293278, 1300
55589, 1299
34842, 1298
44041, 1298
84868, 1298
130516, 1298
228907, 1298
262621, 1298
285910, 1298
7924, 1297
138191, 1297
117501, 1296
183111, 1296
255547, 1296
188034, 1295
212136, 1295
233262, 1295
285566, 1295
46358, 1294
126462, 1294
160001, 1294
3689, 1293
182091, 1293
194222, 1293
286289, 1293
49374, 1291
68116, 1291
72041, 1291
84787, 1291
91127, 1291
130469, 1291
167262, 1291
73927, 1289
108923, 1289
154586, 1289
181466, 1289
192735, 1289
30725, 1288
37907, 1287
168669, 1287
14159, 1286
113956, 1286
231263, 1286
282334, 1286
6358, 1285
17057, 1285
23441, 1285
34788, 1285
51888, 1285
68016, 1285
76541, 1285
90384, 1285
96142, 1285
119734, 1285
194420, 1285
238652, 1285
247835, 1285
267226, 1285
273429, 1285
284260, 1285
33759, 1284
59111, 1283
65835, 1283
119267, 1283
133565, 1283
177730, 1283
228346, 1283
244888, 1283
250442, 1283
67784, 1282
71608, 1282
224743, 1282
42212, 1281
62374, 1281
157161, 1281
286223, 1281
9037, 1280
10559, 1280
70739, 1280
124074, 1280
256421, 1280
71108, 1279
100978, 1279
147959, 1279
178583, 1279
22026, 1278
72850, 1278
77566, 1278
78522, 1278
256795, 1278
269135, 1278
98901, 1277
153716, 1277
166171, 1277
185287, 1277
8886, 1276
14007, 1276
28028, 1276
30837, 1276
61570, 1276
88580, 1276
103787, 1276
116243, 1276
159226, 1276
178629, 1276
200067, 1276
200547, 1276
208304, 1276
222666, 1276
241344, 1276
260647, 1276
12714, 1275
24118, 1275
54961, 1275
99019, 1275
123929, 1275
127314, 1275
186105, 1275
194179, 1275
213907, 1275
221146, 1275
256692, 1275
91331, 1274
210086, 1274
287736, 1274
290931, 1274
9352, 1273
38403, 1273
39896, 1273
65897, 1273
128188, 1273
128894, 1273
185726, 1273
226852, 1273
57331, 1272
90894, 1272
93507, 1272
103557, 1272
134663, 1272
147197, 1272
189845, 1272
249994, 1272
76660, 1271
167190, 1271
216706, 1271
28039, 1270
156970, 1270
213785, 1270
229825, 1270
249216, 1270
167755, 1269
250831, 1269
275725, 1269
282837, 1269
18691, 1268
44349, 1268
135946, 1268
220757, 1268
268593, 1268
287086, 1268
295910, 1268
64947, 1267
51686, 1266
130873, 1266
250235, 1266
66846, 1265
219318, 1265
48243, 1264
50014, 1264
132433, 1264
181486, 1264
276723, 1264
86120, 1262
87330, 1262
129773, 1262
17717, 1261
76347, 1261
165678, 1261
211319, 1261
13591, 1260
17550, 1260
85874, 1260
156224, 1260
189571, 1260
208490, 1260
242202, 1260
285026, 1260
3053, 1259
18622, 1259
34035, 1259
54317, 1259
70888, 1259
124241, 1259
159276, 1259
178844, 1259
203600, 1259
220827, 1259
11022, 1258
75240, 1258
2743, 1257
48606, 1257
246444, 1257
41881, 1256
44020, 1256
142963, 1256
161750, 1256
194878, 1256
253189, 1256
175238, 1255
267941, 1255
3290, 1254
119694, 1254
65015, 1253
179692, 1253
218347, 1253
232796, 1253
236183, 1253
237804, 1253
1905, 1252
42831, 1252
117429, 1252
124993, 1252
169702, 1252
294174, 1252
53952, 1251
101580, 1251
115339, 1251
154185, 1251
277438, 1251
3590, 1250
32505, 1249
37305, 1249
38367, 1249
83918, 1249
84329, 1249
104165, 1249
123905, 1249
189660, 1249
192292, 1249
193688, 1249
249014, 1249
267264, 1249
18489, 1248
34647, 1248
127485, 1248
129127, 1248
131924, 1248
204473, 1248
62409, 1247
95669, 1247
101899, 1247
192971, 1247
202695, 1247
204594, 1247
213260, 1247
263733, 1247
271116, 1247
10979, 1246
70950, 1246
78527, 1246
80514, 1246
154681, 1246
229173, 1246
259387, 1246
284557, 1246
22046, 1245
28315, 1245
132700, 1245
164858, 1245
170736, 1245
19877, 1244
97935, 1244
169006, 1244
169597, 1244
226098, 1244
229510, 1244
247702, 1244
268651, 1244
291012, 1244
30404, 1243
53542, 1243
124759, 1243
124935, 1243
162626, 1243
193188, 1243
193663, 1243
262572, 1243
31064, 1242
102568, 1242
107684, 1242
130893, 1242
220261, 1242
225950, 1242
232312, 1242
259874, 1242
287762, 1242
75287, 1241
110134, 1241
110553, 1241
120564, 1241
161928, 1241
222083, 1241
263286, 1241
140419, 1240
223708, 1240
4834, 1239
26740, 1239
34882, 1239
39269, 1239
63778, 1239
87082, 1239
121147, 1239
158023, 1239
191348, 1239
218339, 1239
266206, 1239
277153, 1239
19195, 1238
23443, 1238
168282, 1238
242110, 1238
246280, 1238
22238, 1237
92583, 1237
161737, 1237
90806, 1236
142053, 1236
166771, 1236
212534, 1236
112518, 1235
130045, 1235
150348, 1235
151888, 1235
284843, 1235
65747, 1234
121754, 1234
252330, 1234
266318, 1233
228968, 1232
8896, 1231
17782, 1231
112480, 1231
177351, 1231
186273, 1231
240561, 1231
256486, 1231
282463, 1231
28514, 1230
20552, 1229
61680, 1229
79421, 1229
123118, 1229
28284, 1228
52058, 1228
167463, 1228
72382, 1227
150247, 1227
228288, 1227
35819, 1226
104620, 1226
109701, 1226
110662, 1226
134106, 1226
137420, 1226
166692, 1226
257955, 1226
4533, 1225
29947, 1225
72362, 1225
256743, 1225
122470, 1224
146746, 1224
157884, 1224
180786, 1224
201393, 1224
209568, 1224
230111, 1224
251391, 1224
255658, 1224
286365, 1224
288764, 1224
14622, 1223
15460, 1223
19182, 1223
31569, 1223
39684, 1223
45980, 1223
87941, 1223
133681, 1223
160607, 1223
168550, 1223
235744, 1223
254816, 1223
265242, 1223
865, 1222
37272, 1222
84312, 1222
201469, 1222
275364, 1222
37159, 1221
97725, 1221
106427, 1221
110577, 1220
130582, 1220
195152, 1220
200984, 1220
287457, 1220
296559, 1220
72419, 1219
87440, 1219
130845, 1219
265580, 1219
27261, 1218
39358, 1218
68852, 1218
88195, 1218
150290, 1218
158167, 1218
227400, 1218
268252, 1218
270492, 1218
10084, 1217
68457, 1217
293314, 1217
13676, 1216
124889, 1216
129916, 1216
161561, 1216
183748, 1216
215689, 1216
251884, 1216
259771, 1216
272056, 1216
307, 1215
18841, 1215
23213, 1215
24783, 1215
29893, 1215
41900, 1215
47497, 1215
52070, 1215
77850, 1215
94860, 1215
146123, 1215
166349, 1215
219846, 1215
65034, 1214
78031, 1214
238419, 1214
41114, 1213
144623, 1213
16101, 1212
19091, 1212
97952, 1212
111587, 1212
120813, 1212
199142, 1212
12753, 1211
51077, 1211
109113, 1211
153967, 1211
54326, 1210
107710, 1210
131403, 1210
26991, 1209
29946, 1209
41742, 1209
124841, 1209
140011, 1209
211756, 1209
223189, 1209
249344, 1209
11437, 1208
12458, 1208
23894, 1208
65675, 1208
73441, 1208
86475, 1208
184560, 1208
205153, 1208
238164, 1208
264138, 1208
266105, 1208
287401, 1208
295447, 1208
106262, 1207
114663, 1207
231176, 1207
235431, 1207
260176, 1207
1339, 1206
49942, 1206
56691, 1206
261034, 1206
963, 1205
31736, 1205
60456, 1205
61695, 1205
79668, 1205
97288, 1205
108358, 1205
179518, 1205
180191, 1205
238539, 1205
264203, 1205
78334, 1204
93065, 1204
120059, 1204
149104, 1204
172837, 1204
288741, 1204
5034, 1203
33230, 1203
134770, 1203
198751, 1203
209221, 1203
280599, 1203
51626, 1202
190457, 1202
28994, 1201
31536, 1201
38059, 1201
57897, 1201
211234, 1201
65988, 1200
136212, 1200
1725, 1199
15847, 1199
36579, 1199
107056, 1199
180971, 1199
289673, 1199
29071, 1198
71520, 1198
114553, 1198
111227, 1197
219060, 1197
227145, 1197
12666, 1196
33722, 1196
107219, 1196
121011, 1196
196265, 1196
220885, 1196
8610, 1195
27154, 1195
92443, 1195
106053, 1195
157966, 1195
222236, 1195
253411, 1195
290794, 1195
20903, 1194
10854, 1193
18519, 1193
22556, 1193
23754, 1193
31002, 1193
66880, 1193
202224, 1193
215670, 1193
227524, 1193
5946, 1192
23553, 1192
36699, 1192
46235, 1192
95185, 1192
138678, 1192
6206, 1191
29848, 1191
44383, 1191
81527, 1191
93093, 1191
102767, 1191
104040, 1191
174510, 1191
287522, 1191
7796, 1190
8092, 1190
26072, 1190
35654, 1190
50597, 1190
59189, 1190
61753, 1190
72442, 1190
82441, 1190
97779, 1190
107837, 1190
141287, 1190
159852, 1190
168297, 1190
172231, 1190
201358, 1190
223046, 1190
229224, 1190
279840, 1190
289475, 1190
296558, 1190
8279, 1189
35359, 1189
37665, 1189
67072, 1189
99421, 1189
157949, 1189
180070, 1189
205741, 1189
209803, 1189
274070, 1189
295016, 1189
1248, 1188
32423, 1188
63226, 1188
71598, 1188
87498, 1188
141983, 1188
189965, 1188
220128, 1188
226988, 1188
233287, 1188
275678, 1188
1703, 1187
18632, 1187
83176, 1187
134497, 1187
136798, 1187
155101, 1187
26687, 1186
68557, 1186
228572, 1186
25043, 1185
55816, 1185
197160, 1185
38661, 1184
65125, 1184
76156, 1184
85116, 1184
97198, 1184
122226, 1184
155138, 1184
172026, 1184
260354, 1184
205158, 1183
24245, 1182
57742, 1182
67796, 1182
121426, 1182
151770, 1182
169371, 1182
198583, 1182
41350, 1180
76105, 1180
196477, 1180
270622, 1180
54720, 1179
150827, 1179
11114, 1178
24202, 1178
96399, 1178
104224, 1178
106113, 1178
109324, 1178
114397, 1178
188239, 1178
198967, 1178
210788, 1178
259396, 1178
296272, 1178
110756, 1176
130298, 1176
138990, 1176
118, 1175
1626, 1175
3357, 1175
4801, 1175
9627, 1175
12482, 1175
38304, 1175
41071, 1175
46255, 1175
136510, 1175
161764, 1175
177362, 1175
190396, 1175
6145, 1174
8666, 1174
12824, 1174
18273, 1174
27507, 1174
37666, 1174
54678, 1174
85775, 1174
111086, 1174
114932, 1174
142019, 1174
164540, 1174
164871, 1174
165364, 1174
217461, 1174
237816, 1174
238401, 1174
520, 1173
1668, 1173
62320, 1173
100141, 1173
123786, 1173
215430, 1173
246075, 1173
249864, 1173
286731, 1173
25056, 1172
61989, 1172
131719, 1172
205614, 1172
243193, 1172
65732, 1171
170632, 1171
270297, 1171
291495, 1171
221565, 1170
7034, 1169
17340, 1169
23439, 1169
49741, 1169
72935, 1169
78684, 1169
87303, 1169
90580, 1169
103259, 1169
128533, 1169
162754, 1169
171713, 1169
197527, 1169
201947, 1169
221671, 1169
227541, 1169
238490, 1169
250134, 1169
273124, 1169
22468, 1168
29125, 1168
112478, 1168
143602, 1168
225385, 1168
63396, 1167
77710, 1167
78400, 1167
82300, 1167
114780, 1167
116708, 1167
120121, 1167
174977, 1167
215825, 1167
239714, 1167
266467, 1167
283800, 1167
81666, 1166
179829, 1166
30193, 1165
37113, 1165
47270, 1165
133948, 1165
214048, 1165
244630, 1165
254048, 1165
268327, 1165
279439, 1165
280203, 1165
285916, 1165
387, 1164
21441, 1164
26875, 1164
44836, 1164
71184, 1164
88225, 1164
142188, 1164
293034, 1164
13711, 1163
31992, 1163
52330, 1163
69921, 1163
104835, 1163
105731, 1163
124219, 1163
124836, 1163
129807, 1163
132939, 1163
157003, 1163
187832, 1163
196735, 1163
205904, 1163
206876, 1163
219783, 1163
220739, 1163
226191, 1163
231465, 1163
236620, 1163
244356, 1163
261337, 1163
268774, 1163
272334, 1163
22112, 1162
52605, 1162
98800, 1162
104000, 1162
133696, 1162
24156, 1161
33441, 1161
57920, 1161
77887, 1161
195157, 1161
271135, 1161
87604, 1160
173980, 1160
35401, 1159
89404, 1159
100996, 1159
122014, 1159
141845, 1159
202462, 1159
270057, 1159
276102, 1159
4565, 1158
13573, 1158
38985, 1158
72910, 1158
89835, 1158
93951, 1158
133512, 1158
229209, 1158
247534, 1158
277529, 1158
280296, 1158
44779, 1157
47036, 1157
81706, 1157
133192, 1157
153981, 1157
265518, 1157
277318, 1157
45383, 1155
65571, 1155
67232, 1155
72460, 1155
94467, 1155
101939, 1155
138211, 1155
145521, 1155
210119, 1155
214146, 1155
10994, 1154
13524, 1154
28080, 1154
30584, 1154
55099, 1154
77584, 1154
80379, 1154
116846, 1154
119861, 1154
161397, 1154
163061, 1154
249575, 1154
4468, 1153
17800, 1152
35206, 1152
104785, 1152
133566, 1152
202794, 1152
294359, 1152
55439, 1151
59652, 1151
65576, 1151
161233, 1151
170639, 1151
15023, 1150
22928, 1150
25785, 1150
43862, 1150
45492, 1150
49810, 1150
53175, 1150
66946, 1150
70415, 1150
74624, 1150
75643, 1150
76916, 1150
78276, 1150
93534, 1150
108549, 1150
111956, 1150
122643, 1150
130930, 1150
145985, 1150
147324, 1150
149063, 1150
177894, 1150
181641, 1150
194074, 1150
230012, 1150
234002, 1150
249188, 1150
264911, 1150
284095, 1150
5932, 1149
18887, 1149
47502, 1149
57367, 1149
108356, 1149
135425, 1149
233608, 1149
268245, 1149
285791, 1149
0, 1148
2860, 1148
49172, 1148
100117, 1148
135320, 1148
243984, 1148
275575, 1148
8575, 1147
9133, 1147
56637, 1147
94446, 1147
138625, 1147
179932, 1147
255098, 1147
256366, 1147
276403, 1147
17233, 1146
25415, 1146
31054, 1146
31193, 1146
94970, 1146
124837, 1146
138364, 1146
140673, 1146
147485, 1146
176516, 1146
214229, 1146
243056, 1146
254703, 1146
265065, 1146
274374, 1146
48396, 1145
60532, 1145
63807, 1145
143539, 1145
204118, 1145
260771, 1145
269798, 1145
277060, 1145
32496, 1144
40054, 1144
48594, 1144
61886, 1144
70990, 1144
83237, 1144
164826, 1144
197245, 1144
205229, 1144
224342, 1144
230713, 1144
243728, 1144
263583, 1144
270885, 1144
275993, 1144
276715, 1144
282754, 1144
292657, 1144
119007, 1143
218252, 1143
225563, 1143
226983, 1143
227259, 1143
248862, 1143
254007, 1143
269043, 1143
164532, 1142
174652, 1142
175005, 1142
183619, 1142
184283, 1142
223851, 1142
249160, 1142
81082, 1141
100374, 1141
101978, 1141
190707, 1141
280065, 1141
114175, 1140
120601, 1140
2750, 1139
18756, 1139
41132, 1139
79195, 1139
120143, 1139
148807, 1139
267671, 1139
277470, 1139
26198, 1138
99640, 1138
101398, 1138
122477, 1138
149587, 1138
173550, 1138
191812, 1138
266812, 1138
278573, 1138
26731, 1137
48985, 1137
99768, 1137
203773, 1137
240628, 1137
19983, 1136
28250, 1136
87561, 1136
103934, 1136
115048, 1136
119600, 1136
149252, 1136
158727, 1136
161569, 1136
173528, 1136
177793, 1136
224320, 1136
257017, 1136
269121, 1136
286182, 1136
244969, 1135
5936, 1134
41128, 1134
67676, 1134
73974, 1134
77598, 1134
101256, 1134
120954, 1134
126077, 1134
146247, 1134
167441, 1134
175208, 1134
185481, 1134
245457, 1134
255164, 1134
22015, 1133
52199, 1133
109706, 1133
118529, 1133
293566, 1133
67154, 1132
126353, 1132
149354, 1132
199086, 1132
278207, 1132
27718, 1131
75987, 1131
208313, 1131
269156, 1131
28310, 1130
31369, 1130
31677, 1130
66298, 1130
86133, 1130
89262, 1130
89986, 1130
123383, 1130
230712, 1130
244703, 1130
10129, 1129
19152, 1129
31150, 1129
42188, 1129
49078, 1129
66997, 1129
72632, 1129
76018, 1129
84172, 1129
84650, 1129
90159, 1129
140094, 1129
179640, 1129
192744, 1129
217951, 1129
228765, 1129
253132, 1129
3223, 1128
36312, 1128
61962, 1128
80161, 1128
91673, 1128
117762, 1128
125929, 1128
133293, 1128
137272, 1128
169128, 1128
206037, 1128
292464, 1128
12362, 1127
18640, 1127
65206, 1127
72714, 1127
202555, 1127
235508, 1127
261089, 1127
285979, 1127
78809, 1126
103369, 1126
128594, 1126
215304, 1126
270401, 1126
281449, 1126
31058, 1125
34927, 1125
71143, 1125
88185, 1125
105237, 1125
141330, 1125
148364, 1125
207276, 1125
13371, 1124
61003, 1124
71945, 1124
75738, 1124
80458, 1124
87716, 1124
91308, 1124
100821, 1124
104892, 1124
141037, 1124
154628, 1124
177883, 1124
200941, 1124
235498, 1124
47809, 1123
84190, 1123
108937, 1123
125075, 1123
137082, 1123
180850, 1123
284775, 1123
66291, 1122
274323, 1122
71142, 1121
147846, 1121
152232, 1121
173153, 1121
186820, 1121
188325, 1121
235573, 1121
285466, 1121
30928, 1120
34680, 1120
75519, 1120
83942, 1120
105287, 1120
126424, 1120
157298, 1120
173232, 1120
213964, 1120
251827, 1120
13925, 1119
17617, 1119
22391, 1119
48971, 1119
75716, 1119
134615, 1119
151253, 1119
164838, 1119
269531, 1119
6560, 1118
31348, 1118
168066, 1118
241379, 1118
256883, 1118
270876, 1118
286246, 1118
4737, 1117
15491, 1117
69214, 1117
74830, 1117
188018, 1117
195103, 1117
262444, 1117
41889, 1116
95591, 1116
120684, 1116
248316, 1116
292915, 1116
22042, 1115
93243, 1115
165009, 1115
242719, 1115
291587, 1115
107004, 1114
115218, 1114
119185, 1114
137667, 1114
159926, 1114
167244, 1114
192840, 1114
194699, 1114
220386, 1114
280776, 1114
94782, 1113
106275, 1113
41268, 1112
83186, 1112
115988, 1112
130284, 1112
148128, 1112
157476, 1112
178763, 1112
193503, 1112
195350, 1112
201643, 1112
203962, 1112
251068, 1112
279492, 1112
288231, 1112
4912, 1111
10335, 1111
17760, 1111
29885, 1111
53811, 1111
72262, 1111
74470, 1111
86197, 1111
96172, 1111
98679, 1111
136569, 1111
247663, 1111
263073, 1111
7441, 1110
15962, 1110
18206, 1110
20863, 1110
27802, 1110
53366, 1110
78588, 1110
146371, 1110
195000, 1110
277022, 1110
16556, 1109
17044, 1109
26222, 1109
49149, 1109
92435, 1109
125427, 1109
141709, 1109
201523, 1109
226273, 1109
236678, 1109
17369, 1108
28379, 1108
57783, 1108
107448, 1108
139756, 1108
152791, 1108
154995, 1108
163993, 1108
178631, 1108
228336, 1108
240056, 1108
4267, 1107
5705, 1107
9149, 1107
19546, 1107
21043, 1107
28436, 1107
29008, 1107
61077, 1107
64766, 1107
76882, 1107
77769, 1107
98936, 1107
121618, 1107
122891, 1107
123607, 1107
130927, 1107
149096, 1107
158516, 1107
246397, 1107
260595, 1107
263551, 1107
46397, 1106
63407, 1106
80569, 1106
207050, 1106
266284, 1105
18735, 1104
29780, 1104
31663, 1104
537, 1103
57600, 1103
88955, 1103
93728, 1103
13051, 1102
58378, 1102
91457, 1102
119176, 1102
146375, 1102
202175, 1102
217986, 1102
12807, 1101
15221, 1101
39738, 1101
78907, 1101
129559, 1101
152311, 1101
156008, 1101
157895, 1101
160396, 1101
167607, 1101
189994, 1101
210260, 1101
228680, 1101
238815, 1101
247889, 1101
255401, 1101
260863, 1101
34727, 1100
39958, 1100
42657, 1100
45859, 1100
56503, 1100
74129, 1100
80217, 1100
82395, 1100
86068, 1100
121664, 1100
128223, 1100
137036, 1100
146989, 1100
153247, 1100
256089, 1100
258407, 1100
285592, 1100
2443, 1099
8415, 1099
10077, 1099
10561, 1099
15442, 1099
36646, 1099
41306, 1099
49747, 1099
65864, 1099
116433, 1099
119056, 1099
176545, 1099
241511, 1099
266494, 1099
292786, 1099
20671, 1098
168394, 1098
222724, 1098
46237, 1097
113503, 1097
168981, 1097
237814, 1097
61152, 1096
205248, 1096
906, 1095
13224, 1095
31063, 1095
72985, 1095
81398, 1095
94473, 1095
117724, 1095
98710, 1094
182230, 1094
223316, 1094
256837, 1094
24216, 1093
38706, 1093
46665, 1093
73509, 1093
253243, 1093
258793, 1093
6935, 1092
9768, 1092
11831, 1092
21017, 1092
35068, 1092
66821, 1092
70270, 1092
71058, 1092
71409, 1092
76967, 1092
108456, 1092
123857, 1092
137647, 1092
176646, 1092
198485, 1092
244287, 1092
263352, 1092
20301, 1091
33469, 1091
50901, 1091
67075, 1091
69158, 1091
129946, 1091
148080, 1091
157467, 1091
168505, 1091
193747, 1091
207853, 1091
215334, 1091
216845, 1091
243831, 1091
91181, 1090
110129, 1090
294809, 1090
3472, 1089
16909, 1089
28599, 1089
66326, 1089
118406, 1089
123916, 1089
139055, 1089
157878, 1089
167724, 1089
178425, 1089
207818, 1089
217601, 1089
221126, 1089
296294, 1089
25027, 1088
25187, 1088
26356, 1088
66486, 1088
81354, 1088
114966, 1088
129473, 1088
208584, 1088
19295, 1087
49904, 1087
68212, 1087
135908, 1086
151325, 1086
199303, 1086
200400, 1086
6979, 1085
38102, 1085
76599, 1085
149321, 1085
155636, 1085
199524, 1085
225382, 1085
7389, 1084
28326, 1084
46747, 1084
68534, 1084
97535, 1084
101204, 1084
142572, 1084
166485, 1084
168697, 1084
175200, 1084
193320, 1084
198556, 1084
212357, 1084
242621, 1084
254615, 1084
295738, 1084
6948, 1083
25613, 1083
67143, 1083
80523, 1083
109047, 1083
270610, 1083
4, 1082
23170, 1082
31936, 1082
41562, 1082
51435, 1082
117408, 1082
119594, 1082
149024, 1082
176486, 1082
226714, 1082
277367, 1082
4462, 1081
12391, 1081
31546, 1081
108725, 1081
116065, 1081
292517, 1081
58949, 1080
59186, 1080
245506, 1080
10255, 1079
16271, 1079
108448, 1079
113781, 1079
182439, 1079
188203, 1079
189894, 1079
200387, 1079
220193, 1079
238915, 1079
266861, 1079
289809, 1079
296476, 1079
9953, 1078
12628, 1078
18213, 1078
31292, 1078
35892, 1078
107118, 1078
125715, 1078
184056, 1078
192669, 1078
226136, 1078
258192, 1078
262287, 1078
262792, 1078
1760, 1077
9113, 1077
21139, 1077
32894, 1077
35552, 1077
51068, 1077
92536, 1077
96376, 1077
136843, 1077
154765, 1077
203622, 1077
230822, 1077
252463, 1077
293644, 1077
7706, 1076
91355, 1076
118186, 1076
242616, 1076
24418, 1075
29522, 1075
63704, 1075
66682, 1075
83963, 1075
109733, 1075
118421, 1075
135331, 1075
146353, 1075
158653, 1075
160704, 1075
182272, 1075
1508, 1074
81849, 1074
84923, 1074
131396, 1074
162366, 1074
216435, 1074
291083, 1074
5699, 1073
67960, 1073
68745, 1073
152092, 1073
152915, 1073
220109, 1073
234264, 1073
249352, 1073
249737, 1073
264805, 1073
271622, 1073
9727, 1072
12816, 1072
21965, 1072
23923, 1072
37251, 1072
64791, 1072
76576, 1072
178592, 1072
4031, 1071
23267, 1071
35297, 1071
50630, 1071
85097, 1071
87352, 1071
96204, 1071
107168, 1071
133957, 1071
152425, 1071
154561, 1071
186473, 1071
208792, 1071
272441, 1071
6259, 1069
12605, 1069
19079, 1069
93743, 1069
153598, 1069
162894, 1069
171319, 1069
197793, 1069
212094, 1069
232709, 1069
277410, 1069
568, 1068
161844, 1068
236739, 1068
62900, 1067
124779, 1067
186276, 1067
211255, 1067
28312, 1066
90389, 1066
115989, 1066
131714, 1066
170777, 1066
214364, 1066
223572, 1066
236490, 1066
278134, 1066
285992, 1066
7848, 1065
39995, 1065
56755, 1065
63050, 1065
70953, 1065
85186, 1065
290119, 1065
17856, 1064
186414, 1064
212054, 1064
231180, 1064
22038, 1063
182962, 1063
212700, 1063
235426, 1063
267267, 1063
36367, 1062
41975, 1062
51598, 1062
53775, 1062
54179, 1062
55987, 1062
58155, 1062
65586, 1062
66756, 1062
72173, 1062
72527, 1062
77716, 1062
78395, 1062
86780, 1062
98902, 1062
105534, 1062
120691, 1062
140711, 1062
145143, 1062
152017, 1062
152096, 1062
162352, 1062
163606, 1062
170183, 1062
200384, 1062
205814, 1062
217736, 1062
251886, 1062
36681, 1061
63890, 1061
70293, 1061
83818, 1061
141412, 1061
146951, 1061
222778, 1061
279461, 1061
3062, 1060
4137, 1060
5683, 1060
7702, 1060
9216, 1060
11452, 1060
15414, 1060
16014, 1060
19020, 1060
23121, 1060
24907, 1060
36240, 1060
47795, 1060
49475, 1060
55720, 1060
73375, 1060
88015, 1060
98064, 1060
99988, 1060
100813, 1060
107516, 1060
273234, 1060
12417, 1059
24274, 1059
46684, 1059
61855, 1059
94167, 1059
47377, 1058
73748, 1058
78234, 1058
106400, 1058
117061, 1058
119741, 1058
145887, 1058
177536, 1058
215809, 1058
216315, 1058
226535, 1058
229013, 1058
241628, 1058
247049, 1058
256574, 1058
262174, 1058
272551, 1058
281124, 1058
288224, 1058
289028, 1058
1711, 1057
2187, 1057
2556, 1057
3735, 1057
43248, 1057
49667, 1057
100039, 1057
121133, 1057
135039, 1057
144946, 1057
100266, 1056
227097, 1056
2048, 1055
19224, 1055
19431, 1055
46285, 1055
98041, 1055
117893, 1055
157959, 1055
173582, 1055
231438, 1055
252510, 1055
260626, 1055
280610, 1055
290983, 1055
590, 1054
10382, 1054
16698, 1054
43529, 1054
51533, 1054
118937, 1054
163142, 1054
203677, 1054
217652, 1054
223009, 1054
264015, 1054
277861, 1054
10984, 1053
20525, 1053
21862, 1053
22932, 1053
32622, 1053
67845, 1053
79311, 1053
81985, 1053
222769, 1053
63148, 1052
70435, 1052
159072, 1052
182854, 1052
14244, 1051
42323, 1051
166544, 1051
176748, 1051
7183, 1050
28978, 1050
32009, 1050
36773, 1050
40619, 1050
69849, 1050
83556, 1050
115631, 1050
262301, 1050
286160, 1050
1541, 1049
8245, 1049
18978, 1049
36532, 1049
65507, 1049
77858, 1049
77940, 1049
79376, 1049
86498, 1049
89538, 1049
106986, 1049
123475, 1049
135641, 1049
139765, 1049
160498, 1049
179420, 1049
181781, 1049
185953, 1049
186334, 1049
226070, 1049
252472, 1049
254825, 1049
275245, 1049
286039, 1049
117720, 1048
152289, 1048
170525, 1048
186866, 1048
208196, 1048
21648, 1047
34144, 1047
63614, 1047
72915, 1047
135681, 1047
156524, 1047
276835, 1047
12638, 1046
13586, 1046
17420, 1046
19993, 1046
21455, 1046
22258, 1046
22290, 1046
32063, 1046
62591, 1046
77890, 1046
96904, 1046
111277, 1046
141784, 1046
176238, 1046
243148, 1046
287534, 1046
815, 1045
2414, 1045
12082, 1045
12684, 1045
13052, 1045
14577, 1045
36513, 1045
65340, 1045
141308, 1045
149006, 1045
156272, 1045
206287, 1045
218224, 1045
269316, 1045
13400, 1044
59480, 1044
75632, 1044
84007, 1044
111691, 1044
134363, 1044
136832, 1044
170145, 1044
179476, 1044
189045, 1044
268120, 1044
286551, 1044
24392, 1043
33382, 1043
33448, 1043
227952, 1043
2957, 1042
5202, 1042
5661, 1042
9625, 1042
13355, 1042
18054, 1042
18972, 1042
19288, 1042
20353, 1042
21466, 1042
24318, 1042
37833, 1042
37969, 1042
161884, 1042
175389, 1042
5931, 1041
90885, 1041
105769, 1041
242517, 1041
256976, 1041
258436, 1041
269868, 1041
37178, 1040
47383, 1040
67700, 1040
179234, 1040
205373, 1040
220063, 1040
19529, 1039
36711, 1039
41082, 1039
85880, 1039
110597, 1039
123329, 1039
201608, 1039
238927, 1039
15570, 1038
47737, 1038
52288, 1038
57663, 1038
64054, 1038
80863, 1038
93988, 1038
168289, 1038
187260, 1038
188174, 1038
195322, 1038
234275, 1038
249363, 1038
276490, 1038
294852, 1038
2129, 1037
6283, 1037
14151, 1037
16611, 1037
34435, 1037
54238, 1037
57442, 1037
73679, 1037
84154, 1037
113037, 1037
132688, 1037
138304, 1037
162878, 1037
167839, 1037
201349, 1037
220825, 1037
242239, 1037
253057, 1037
264006, 1037
286050, 1037
76341, 1036
87532, 1036
97277, 1036
111758, 1036
163893, 1036
167528, 1036
181686, 1036
181909, 1036
208488, 1036
241570, 1036
282170, 1036
36920, 1035
88158, 1035
99836, 1035
113282, 1035
113586, 1035
144283, 1035
151113, 1035
166194, 1035
207899, 1035
210343, 1035
223923, 1035
277202, 1035
755, 1034
31362, 1034
33498, 1034
77106, 1034
122534, 1034
177868, 1034
185880, 1034
188862, 1034
215710, 1034
241513, 1034
241855, 1034
4348, 1033
43338, 1033
68252, 1033
72408, 1033
89474, 1033
97285, 1033
99457, 1033
129276, 1033
158658, 1033
281249, 1033
10450, 1032
14922, 1032
40828, 1032
61552, 1032
118174, 1032
135769, 1032
135982, 1032
178532, 1032
179298, 1032
221740, 1032
278172, 1032
13377, 1031
57240, 1030
59624, 1030
89461, 1030
110400, 1030
177244, 1030
183074, 1030
264652, 1030
2634, 1029
21884, 1029
26322, 1029
28034, 1029
46614, 1029
55014, 1029
55169, 1029
65109, 1029
68874, 1029
102325, 1029
241943, 1029
279335, 1029
296236, 1029
35630, 1028
53231, 1028
72217, 1028
96318, 1028
171675, 1028
174020, 1028
180948, 1028
184512, 1028
185178, 1028
208906, 1028
19481, 1027
37110, 1027
46909, 1027
74427, 1027
75859, 1027
107183, 1027
109586, 1027
129085, 1027
134383, 1027
146800, 1027
166537, 1027
200610, 1027
206737, 1027
276818, 1027
14201, 1026
15121, 1026
52242, 1026
88114, 1026
249394, 1026
264797, 1026
265002, 1026
11167, 1025
23662, 1025
58954, 1025
89546, 1025
93146, 1025
110239, 1025
119454, 1025
176615, 1025
191364, 1025
272222, 1025
57998, 1024
68541, 1024
103808, 1024
154505, 1024
168087, 1024
190069, 1024
251126, 1024
23805, 1023
60259, 1023
89007, 1023
111821, 1023
159693, 1023
66047, 1022
155711, 1022
7144, 1021
92436, 1021
129846, 1021
212345, 1021
51307, 1020
61426, 1020
65316, 1020
127705, 1020
171344, 1020
233752, 1020
268844, 1020
4825, 1019
43258, 1019
47635, 1019
52206, 1019
57201, 1019
62634, 1019
69920, 1019
73525, 1019
84907, 1019
104798, 1019
114406, 1019
177106, 1019
188067, 1019
206282, 1019
210957, 1019
222803, 1019
265368, 1019
268707, 1019
269048, 1019
284777, 1019
3102, 1018
4974, 1018
29515, 1018
35446, 1018
165653, 1018
228405, 1018
234941, 1018
26130, 1017
44618, 1017
57670, 1017
83633, 1017
94513, 1017
127466, 1017
132395, 1017
134307, 1017
147923, 1017
150159, 1017
152054, 1017
179105, 1017
193805, 1017
224147, 1017
242864, 1017
21912, 1016
93152, 1016
111020, 1016
148161, 1016
163679, 1016
216432, 1016
237844, 1016
275135, 1016
3637, 1015
5677, 1015
14346, 1015
15702, 1015
67127, 1015
68623, 1015
82026, 1015
90554, 1015
101674, 1015
124493, 1015
134638, 1015
143277, 1015
149765, 1015
170254, 1015
188930, 1015
197771, 1015
212843, 1015
234748, 1015
239551, 1015
240116, 1015
252929, 1015
263120, 1015
6686, 1014
34015, 1014
106543, 1014
218302, 1014
3079, 1013
14376, 1013
36665, 1013
140312, 1013
197520, 1013
230187, 1013
245126, 1013
253112, 1013
260483, 1013
272461, 1013
49158, 1012
89177, 1012
129519, 1012
220734, 1012
232070, 1012
239528, 1012
251810, 1012
252897, 1012
259695, 1012
278113, 1012
278970, 1012
282293, 1012
10214, 1011
14516, 1011
22533, 1011
35323, 1011
53029, 1011
57060, 1011
60537, 1011
70981, 1011
85032, 1011
85344, 1011
88661, 1011
97557, 1011
109866, 1011
124856, 1011
238365, 1011
240041, 1011
274548, 1011
126813, 1010
44602, 1009
45409, 1009
93591, 1009
145751, 1009
172187, 1009
175749, 1009
186243, 1009
196561, 1009
206901, 1009
14826, 1008
26815, 1008
28406, 1008
41725, 1008
46763, 1008
51404, 1008
157649, 1008
205880, 1008
22064, 1007
32380, 1007
58945, 1007
114965, 1007
121408, 1007
132210, 1007
152236, 1007
216650, 1007
280143, 1007
10071, 1006
18290, 1006
53764, 1006
66590, 1006
101710, 1006
132709, 1006
150015, 1006
159251, 1006
195875, 1006
198430, 1006
205605, 1006
214114, 1006
252679, 1006
259299, 1006
291405, 1006
9094, 1005
30831, 1005
30951, 1005
32107, 1005
35812, 1005
48196, 1005
87661, 1005
107483, 1005
194124, 1005
206319, 1005
237138, 1005
273803, 1005
12941, 1004
19930, 1004
29189, 1004
96990, 1004
174778, 1004
175526, 1004
186566, 1004
187522, 1004
256874, 1004
268345, 1004
296179, 1004
6853, 1003
11357, 1003
41484, 1003
90953, 1003
125437, 1003
222952, 1003
20169, 1002
51983, 1002
132850, 1002
224709, 1002
237191, 1002
238734, 1002
281375, 1002
286971, 1002
288648, 1002
294128, 1002
5017, 1001
55769, 1001
90931, 1001
97004, 1001
117517, 1001
133125, 1001
133643, 1001
141778, 1001
154267, 1001
163515, 1001
166973, 1001
209383, 1001
220738, 1001
241416, 1001
247470, 1001
253178, 1001
270185, 1001
40232, 1000
55069, 1000
89817, 1000
119404, 1000
119530, 1000
