13824, 112013
14425, 112013
14440, 112013
15088, 112013
15193, 112013
15534, 112013
15860, 112013
15870, 112013
15888, 112013
15947, 112013
16200, 112013
16202, 112013
16229, 112013
16275, 112013
16303, 112013
16403, 112013
16564, 112013
16606, 112013
16679, 112013
16790, 112013
17062, 112013
17073, 112013
17096, 112013
17223, 112013
17224, 112013
17227, 112013
17333, 112013
17489, 112013
17673, 112013
17761, 112013
17796, 112013
17852, 112013
17860, 112013
18217, 112013
18306, 112013
18319, 112013
18702, 112013
18723, 112013
152568, 112013
40437, 6378
56643, 6378
57978, 6378
78871, 6378
74457, 6303
76537, 6303
81563, 6303
95725, 6303
96656, 6303
97375, 6303
102670, 6303
103514, 6303
11325, 6255
51039, 6190
58596, 6190
59578, 6190
64703, 6190
68346, 6190
69652, 6190
70399, 6190
71836, 6190
72059, 6190
75427, 6190
75996, 6190
76185, 6190
76501, 6190
77109, 6190
82064, 6190
82813, 6190
92826, 6190
114724, 6190
150814, 6133
165555, 6133
101761, 6088
144656, 6088
105098, 6007
110995, 6007
119970, 6007
130259, 6007
130273, 6007
134376, 6007
135959, 6007
140157, 6007
140371, 6007
140621, 6007
140850, 6007
141500, 6007
143177, 6007
147361, 6007
147387, 6007
152698, 6007
158225, 6007
173318, 6007
182385, 6007
183981, 6007
184697, 6007
188197, 6007
188580, 6007
189438, 6007
197217, 6007
204441, 6007
208440, 6007
211705, 6007
216962, 6007
224578, 6007
236839, 6007
237403, 6007
244206, 6007
247557, 6007
253381, 6007
262718, 6007
263417, 6007
271283, 6007
271562, 6007
276422, 6007
282158, 6007
75410, 5986
109961, 5986
146702, 5986
154786, 5986
12098, 5968
12489, 5968
15451, 5968
15876, 5968
18886, 5968
19382, 5968
19907, 5968
21738, 5968
23297, 5968
24461, 5968
26016, 5968
28236, 5968
28279, 5968
29027, 5968
29414, 5968
29625, 5968
30146, 5968
30792, 5968
33579, 5968
34825, 5968
35872, 5968
38164, 5968
38821, 5968
39682, 5968
42252, 5968
44321, 5968
44805, 5968
45175, 5968
45217, 5968
48618, 5968
54503, 5968
56084, 5968
59374, 5968
62068, 5968
62158, 5968
74429, 5968
120887, 5920
95298, 5906
7926, 5889
9513, 5889
10403, 5889
12848, 5889
14733, 5889
18374, 5889
23629, 5889
30781, 5889
38117, 5889
67965, 5889
160182, 5889
195866, 5889
295066, 5889
91214, 5575
159838, 5575
101262, 5571
109913, 5571
110096, 5571
114250, 5571
124857, 5571
127179, 5571
130169, 5571
138776, 5571
142278, 5571
153623, 5571
159934, 5571
164732, 5571
170005, 5571
170226, 5571
180872, 5571
189566, 5571
191815, 5571
199138, 5571
211922, 5571
217194, 5571
219550, 5571
220379, 5571
220707, 5571
220893, 5571
223885, 5571
227372, 5571
238886, 5571
247141, 5571
259100, 5571
263260, 5571
265025, 5571
279931, 5571
290510, 5571
2065, 5552
2214, 5552
3216, 5552
3231, 5552
3916, 5552
4145, 5552
4693, 5552
4732, 5552
5752, 5552
6652, 5552
57722, 5552
61730, 5552
107144, 5552
194472, 5552
213990, 5552
249378, 5552
255595, 5552
265928, 5552
36771, 5547
41692, 5547
44791, 5547
49626, 5547
51244, 5547
52759, 5547
64433, 5547
74453, 5547
74762, 5547
75481, 5547
89411, 5547
90343, 5547
104370, 5547
108177, 5547
114208, 5547
119499, 5547
124287, 5547
70294, 5544
130608, 5544
279863, 5544
532, 5533
536, 5533
98590, 5531
100331, 5531
3112, 5496
246, 5470
872, 5462
1885, 5462
2709, 5462
11070, 5462
136573, 5462
214366, 5462
231554, 5462
267664, 5462
277685, 5462
462, 5450
9257, 5450
122291, 5440
138257, 5440
143085, 5440
168599, 5440
169337, 5440
240782, 5440
247627, 5440
260015, 5440
1, 5417
5, 5417
65, 5417
87940, 5390
3652, 5385
3955, 5385
163238, 5385
18, 5373
164, 5373
89388, 5340
99659, 5340
102305, 5340
103312, 5340
107604, 5340
119045, 5340
255765, 5324
283784, 5324
294534, 5324
158110, 5128
116, 5090
63461, 4981
73910, 4981
83016, 4981
87515, 4981
89157, 4981
89581, 4981
97323, 4981
110504, 4981
128284, 4981
132491, 4981
143425, 4981
181476, 4981
86900, 4978
89039, 4978
117240, 4978
117485, 4978
118498, 4978
119209, 4978
127441, 4978
129065, 4978
132702, 4978
135610, 4978
136672, 4978
137291, 4978
161092, 4978
163209, 4978
165123, 4978
166110, 4978
166981, 4978
167047, 4978
168296, 4978
173633, 4978
173806, 4978
175073, 4978
179796, 4978
182753, 4978
189926, 4978
191969, 4978
192661, 4978
192806, 4978
193469, 4978
193874, 4978
197440, 4978
206832, 4978
217897, 4978
222024, 4978
225772, 4978
245147, 4978
245570, 4978
265717, 4969
40687, 4881
47153, 4881
51571, 4878
56230, 4878
68482, 4878
242295, 4862
45676, 4839
58392, 4839
58843, 4839
59038, 4839
69586, 4839
97055, 4839
42325, 4833
86594, 4833
239276, 4833
162106, 4804
219335, 4767
32008, 4739
32853, 4739
39588, 4739
43713, 4739
158770, 4739
282185, 4739
36342, 4694
53527, 4694
28378, 4242
37766, 4242
49019, 4242
98903, 4205
214178, 4200
49461, 4190
144030, 4091
30679, 4014
28805, 3958
278093, 3958
283322, 3846
22686, 3814
240569, 3767
26654, 3753
16483, 3711
24510, 3691
248526, 3691
53620, 3623
158513, 3611
172724, 3611
211209, 3611
215834, 3611
249404, 3611
31362, 3591
77106, 3591
177868, 3591
185880, 3591
215710, 3591
235546, 3591
241855, 3591
212843, 3523
263120, 3523
19733, 3511
79239, 3511
213364, 3511
18228, 3493
111020, 3493
216432, 3493
237844, 3493
275135, 3493
132395, 3492
45436, 3490
137841, 3490
158464, 3490
208476, 3490
44711, 3480
51555, 3480
61835, 3480
63889, 3480
67266, 3480
70789, 3480
85786, 3480
87853, 3480
90831, 3480
91360, 3480
97029, 3480
99910, 3480
100351, 3480
102932, 3480
105619, 3480
111558, 3480
114939, 3480
117085, 3480
129006, 3480
132187, 3480
132309, 3480
134387, 3480
135162, 3480
138763, 3480
139718, 3480
144748, 3480
149127, 3480
149283, 3480
152303, 3480
158105, 3480
158899, 3480
161976, 3480
163281, 3480
164083, 3480
165717, 3480
184042, 3480
186056, 3480
194200, 3480
201500, 3480
205418, 3480
209565, 3480
210014, 3480
210761, 3480
211745, 3480
212715, 3480
221682, 3480
222411, 3480
226451, 3480
232837, 3480
236215, 3480
246704, 3480
249789, 3480
257806, 3480
272106, 3480
273725, 3480
290848, 3480
68594, 3475
125522, 3475
148104, 3475
222273, 3463
295778, 3453
55323, 3443
246169, 3434
271333, 3434
276472, 3434
275499, 3421
8808, 3376
61411, 3313
66494, 3313
216346, 3278
80826, 3277
238456, 3269
48819, 3268
23265, 3201
23722, 3201
32539, 3198
32647, 3198
35584, 3198
37297, 3198
37988, 3198
59723, 3198
63643, 3198
287812, 3198
25767, 3194
37899, 3194
47655, 3194
148774, 3185
21303, 3153
17135, 3094
283922, 3065
31144, 3026
81374, 3007
125024, 3007
149222, 3007
219934, 3007
236263, 3007
87799, 2988
29131, 2945
69016, 2945
85841, 2945
19478, 2912
198689, 2912
51607, 2904
277617, 2838
20166, 2812
32116, 2781
37912, 2781
65207, 2781
66135, 2781
77377, 2781
80822, 2781
87080, 2781
189010, 2715
224242, 2699
839, 2694
108947, 2688
112208, 2656
96561, 2652
71716, 2633
102115, 2565
87352, 2435
133957, 2435
113621, 2415
45785, 2397
62756, 2397
77940, 2397
135641, 2397
139765, 2397
175389, 2395
34435, 2386
57442, 2386
132845, 2385
68551, 2384
74604, 2375
294527, 2365
130772, 2291
30493, 2287
177240, 2272
207547, 2270
131139, 2268
140710, 2253
70094, 2181
12108, 2163
52867, 2163
5093, 2159
12694, 2140
64829, 2140
29606, 2137
41077, 2137
211255, 2133
22429, 2117
217314, 2089
221705, 2089
15866, 2088
168042, 2088
33215, 2087
11199, 2086
58132, 2081
252812, 2068
9747, 2067
10030, 2067
12137, 2067
19676, 2067
22289, 2067
71559, 2067
113466, 2067
156583, 2067
258749, 2067
40282, 2056
40298, 2055
30586, 2037
104241, 2037
269502, 2030
10241, 2015
17342, 2015
36642, 2015
45376, 2015
204280, 2015
243387, 2015
255737, 2015
152405, 2011
25744, 2008
120828, 2008
201014, 2004
76930, 1990
161737, 1987
20960, 1984
75738, 1983
91308, 1983
104892, 1983
118984, 1980
47502, 1966
135425, 1966
233608, 1966
268245, 1966
30625, 1963
36851, 1963
37169, 1963
55136, 1963
55877, 1963
126661, 1954
70990, 1948
205229, 1948
263583, 1948
161804, 1940
171557, 1937
7387, 1935
7878, 1935
14013, 1935
58592, 1935
79414, 1935
84205, 1935
125642, 1935
175991, 1935
57920, 1931
77887, 1931
195157, 1931
113, 1906
5474, 1906
5556, 1906
5806, 1906
13509, 1904
68833, 1904
147543, 1904
276601, 1902
43101, 1900
76599, 1883
170632, 1879
291495, 1879
121861, 1876
54678, 1875
122959, 1873
141629, 1864
146371, 1859
195000, 1859
64301, 1858
177536, 1856
28406, 1842
157649, 1842
8943, 1834
177092, 1834
79745, 1830
152791, 1829
163993, 1829
160099, 1826
249994, 1826
229510, 1820
288648, 1799
4230, 1796
12774, 1795
205614, 1779
243193, 1779
30608, 1773
38046, 1771
738, 1763
17593, 1755
72365, 1755
81981, 1755
193320, 1747
1099, 1739
1201, 1739
114161, 1728
247425, 1722
61195, 1715
110882, 1715
119773, 1715
130067, 1715
137557, 1715
138113, 1715
169277, 1715
176619, 1715
255599, 1715
282402, 1715
101204, 1712
212357, 1712
254615, 1712
1995, 1709
204356, 1708
227573, 1708
150795, 1706
243568, 1702
67358, 1699
135039, 1697
183054, 1693
178117, 1692
259363, 1692
249352, 1688
249737, 1688
271622, 1688
105832, 1681
173445, 1670
169408, 1669
215376, 1665
284001, 1665
20172, 1664
22108, 1664
84878, 1662
148161, 1659
54720, 1656
10123, 1654
20657, 1654
177230, 1652
191190, 1652
271324, 1652
65507, 1648
185953, 1648
186334, 1648
226070, 1648
252472, 1648
286039, 1648
77305, 1646
211884, 1637
2358, 1635
84003, 1630
239373, 1630
253378, 1629
117516, 1626
275073, 1622
202916, 1621
101534, 1619
2436, 1611
3111, 1611
237559, 1609
43318, 1608
133543, 1608
90667, 1589
196881, 1589
130744, 1583
246782, 1583
277468, 1583
39828, 1573
157476, 1569
193503, 1569
251068, 1569
174185, 1560
13146, 1550
99640, 1548
101398, 1548
122477, 1548
149587, 1548
173550, 1548
191812, 1548
266812, 1548
278573, 1548
103774, 1538
94466, 1533
39388, 1530
45896, 1530
48105, 1530
48197, 1530
48947, 1530
52103, 1530
54970, 1530
62952, 1530
72320, 1530
75384, 1530
83247, 1530
88681, 1530
119007, 1530
188148, 1530
218252, 1530
225563, 1530
226983, 1530
276170, 1530
294891, 1530
139055, 1526
167724, 1526
178425, 1526
11280, 1512
25044, 1512
10893, 1508
196330, 1507
10895, 1505
16016, 1505
93400, 1505
64766, 1504
77769, 1504
130927, 1504
158516, 1504
7132, 1503
30879, 1503
147350, 1503
273560, 1503
96318, 1492
180948, 1492
53231, 1489
171675, 1489
184512, 1489
38521, 1487
205384, 1485
244888, 1484
250442, 1484
91457, 1482
146375, 1482
214114, 1482
217986, 1482
77962, 1480
130284, 1478
195350, 1478
279492, 1478
288231, 1478
174510, 1476
287522, 1476
2048, 1475
157959, 1475
173582, 1475
231438, 1475
252510, 1475
260626, 1475
280610, 1475
5456, 1469
33685, 1469
66788, 1468
9037, 1466
124074, 1466
20239, 1463
71410, 1463
76542, 1463
94132, 1463
228244, 1463
251810, 1461
264805, 1461
282293, 1461
46909, 1459
109586, 1459
146800, 1459
152142, 1459
166537, 1459
227839, 1459
34590, 1455
172530, 1455
231929, 1455
198819, 1450
55398, 1449
61552, 1447
167521, 1447
247401, 1447
278172, 1447
1095, 1444
193410, 1442
40828, 1441
118174, 1441
135982, 1441
179298, 1441
221740, 1441
43150, 1439
79997, 1439
239782, 1439
55410, 1437
286650, 1435
47383, 1434
205373, 1434
243588, 1434
29684, 1433
130738, 1431
177623, 1431
194769, 1431
216559, 1431
259709, 1431
264932, 1431
101674, 1430
134638, 1430
140312, 1430
188930, 1430
197520, 1430
230187, 1430
239551, 1430
245126, 1430
252929, 1430
290119, 1430
235914, 1428
99767, 1426
291016, 1426
2598, 1420
19525, 1420
27773, 1420
36250, 1420
67884, 1420
34567, 1419
264797, 1416
265002, 1416
221115, 1415
226574, 1415
9704, 1413
265913, 1413
55769, 1410
220738, 1410
247470, 1410
176004, 1409
180330, 1409
190815, 1409
207501, 1407
275811, 1407
92010, 1406
120662, 1406
150937, 1402
241943, 1401
279335, 1401
32107, 1398
273803, 1398
31513, 1396
87974, 1391
251266, 1391
273116, 1391
157468, 1387
90106, 1384
223085, 1384
281998, 1384
66729, 1381
256777, 1381
10659, 1380
12627, 1380
17179, 1380
18692, 1380
23177, 1380
27631, 1380
31055, 1380
60889, 1380
78695, 1380
113221, 1380
163732, 1380
212208, 1380
284303, 1380
292656, 1380
296545, 1380
131966, 1378
97596, 1377
118634, 1377
128305, 1377
241403, 1377
248358, 1377
250532, 1377
265548, 1377
277125, 1377
281952, 1377
284497, 1377
125699, 1375
150340, 1375
201265, 1375
69887, 1374
270670, 1374
81191, 1371
74406, 1370
241359, 1370
271293, 1370
217993, 1368
205154, 1367
6915, 1365
173296, 1365
260701, 1365
1350, 1364
1855, 1364
1955, 1364
2078, 1364
2512, 1364
2618, 1364
2982, 1364
15936, 1364
25380, 1364
37774, 1364
162370, 1364
167678, 1364
185465, 1364
195597, 1364
216781, 1364
218035, 1364
226638, 1364
244568, 1364
227892, 1361
234970, 1360
2901, 1358
90931, 1358
133125, 1358
154552, 1358
163515, 1358
166973, 1358
238024, 1358
241416, 1358
245656, 1358
251734, 1358
270185, 1358
61514, 1357
72364, 1357
91916, 1357
219322, 1357
247515, 1357
255495, 1357
258385, 1357
266890, 1357
2914, 1356
260338, 1355
2890, 1353
2925, 1353
2991, 1353
3090, 1353
3106, 1353
6581, 1353
96204, 1353
154561, 1353
208792, 1353
89359, 1350
166236, 1350
212007, 1350
223113, 1350
248402, 1350
254688, 1350
262758, 1350
280638, 1350
292913, 1350
20378, 1349
72521, 1348
81245, 1348
275290, 1348
286660, 1348
17689, 1346
248305, 1346
280429, 1346
74562, 1343
99525, 1343
105070, 1343
117990, 1343
154835, 1343
173340, 1343
193821, 1343
195273, 1343
211564, 1343
225258, 1343
264255, 1343
270856, 1343
291390, 1343
37788, 1342
78828, 1342
136181, 1342
208006, 1342
259083, 1342
289223, 1342
95570, 1340
172187, 1340
265277, 1339
141828, 1337
259612, 1337
50451, 1336
141116, 1336
216857, 1336
97846, 1335
252220, 1335
288296, 1335
257160, 1334
30433, 1330
57891, 1329
159739, 1329
228803, 1329
38618, 1328
237191, 1328
238734, 1328
281375, 1328
286971, 1328
1396, 1326
2178, 1326
5313, 1326
39280, 1326
67279, 1326
83956, 1326
111962, 1326
119101, 1326
130005, 1326
143768, 1326
154974, 1326
170150, 1326
180075, 1326
199850, 1326
215257, 1326
251556, 1326
271058, 1326
292406, 1326
34586, 1322
41005, 1322
46364, 1322
111682, 1322
115362, 1322
166410, 1322
226821, 1322
230970, 1322
246474, 1322
252605, 1322
280465, 1322
140351, 1320
207573, 1320
295092, 1320
130595, 1319
211073, 1319
220726, 1319
246136, 1319
266511, 1319
289926, 1319
296145, 1319
116312, 1318
134649, 1318
140541, 1318
220860, 1317
233362, 1316
295646, 1316
241270, 1313
132927, 1312
150971, 1312
155863, 1312
181678, 1312
258751, 1312
97548, 1309
140510, 1309
195131, 1309
221016, 1309
31193, 1308
53845, 1302
103880, 1302
112126, 1302
150634, 1302
247953, 1302
273730, 1302
31586, 1301
180331, 1301
201979, 1301
28160, 1296
30387, 1296
34866, 1296
54046, 1296
237520, 1296
12207, 1293
126227, 1293
183578, 1293
292845, 1293
237753, 1292
4180, 1285
53245, 1285
55797, 1285
183111, 1280
14757, 1277
57932, 1277
119883, 1277
170407, 1277
227262, 1277
25719, 1276
180257, 1275
288735, 1275
155636, 1274
119690, 1273
18495, 1271
19620, 1271
134846, 1271
172669, 1271
221893, 1271
267517, 1271
280041, 1271
295589, 1271
161561, 1269
60173, 1265
151816, 1265
93641, 1264
2593, 1263
6497, 1263
24171, 1263
44283, 1263
58702, 1263
238223, 1263
92520, 1261
117456, 1260
190770, 1259
262448, 1259
47133, 1258
141986, 1258
162167, 1258
279961, 1253
65739, 1249
65922, 1249
143679, 1249
282640, 1247
275548, 1246
66230, 1242
152235, 1242
196706, 1242
236750, 1242
237932, 1242
267952, 1242
269233, 1242
275662, 1242
283466, 1242
213410, 1238
255036, 1238
3890, 1228
142485, 1228
165364, 1227
24592, 1226
28083, 1226
32521, 1226
37135, 1226
40932, 1226
45351, 1226
211135, 1226
146180, 1222
246356, 1222
246423, 1222
65835, 1221
3468, 1220
159524, 1219
177055, 1219
59427, 1218
109704, 1216
114515, 1216
117665, 1216
174415, 1216
189198, 1216
198572, 1216
226605, 1216
230311, 1216
243842, 1216
274371, 1216
282167, 1216
56091, 1210
77123, 1210
193090, 1210
197939, 1210
244876, 1210
246231, 1210
246890, 1210
164579, 1206
66819, 1204
200849, 1204
4367, 1203
7215, 1203
23889, 1203
69930, 1203
83569, 1203
157079, 1203
188500, 1203
200438, 1203
254692, 1203
57115, 1200
122280, 1200
143529, 1200
171640, 1200
179062, 1200
62739, 1199
224446, 1199
238120, 1199
168859, 1198
243123, 1198
18279, 1196
24112, 1196
26286, 1196
71307, 1196
77481, 1196
82045, 1196
130697, 1196
161332, 1196
180748, 1196
183488, 1196
187211, 1196
206323, 1196
222797, 1196
231105, 1196
259661, 1196
67058, 1194
146523, 1194
171769, 1194
3866, 1193
54376, 1193
65450, 1193
70362, 1193
71039, 1193
80729, 1193
82583, 1193
180141, 1193
187146, 1193
196897, 1193
240751, 1193
258570, 1193
262419, 1193
262803, 1193
276616, 1193
280602, 1193
294301, 1193
1446, 1192
1755, 1192
2457, 1192
4537, 1192
5453, 1192
7875, 1192
8288, 1192
13923, 1192
17469, 1192
20617, 1192
22338, 1192
25957, 1192
37392, 1192
49211, 1192
68620, 1192
72081, 1192
80665, 1192
83059, 1192
84372, 1192
84944, 1192
111074, 1192
117541, 1192
136829, 1192
211852, 1192
233678, 1192
247989, 1192
287139, 1192
124889, 1191
170259, 1191
107388, 1187
125413, 1187
80888, 1186
148451, 1186
181351, 1186
183896, 1186
288990, 1185
29985, 1183
164366, 1183
204406, 1183
207724, 1183
210975, 1183
229226, 1183
233286, 1183
243889, 1183
248868, 1183
5611, 1177
30085, 1177
72288, 1177
228582, 1177
256215, 1177
71296, 1176
16851, 1174
40671, 1174
76974, 1174
106278, 1174
144612, 1174
256736, 1174
277688, 1174
14555, 1171
85319, 1169
101955, 1169
102586, 1169
104832, 1169
147110, 1169
182068, 1169
184184, 1169
190189, 1169
205604, 1169
245363, 1169
293281, 1169
63280, 1168
10113, 1164
27348, 1164
74184, 1164
140742, 1163
188751, 1163
222667, 1163
259727, 1163
145784, 1162
160554, 1158
25394, 1157
39546, 1157
51065, 1157
206912, 1154
40401, 1153
89377, 1153
136255, 1153
226838, 1153
238027, 1153
22175, 1152
41020, 1151
63224, 1151
154110, 1151
294482, 1150
185716, 1149
268564, 1149
294830, 1149
2357, 1147
3913, 1147
12429, 1147
13446, 1147
17326, 1147
25772, 1147
32585, 1147
39907, 1147
119770, 1147
138772, 1147
148728, 1147
179256, 1147
210598, 1147
263254, 1147
290156, 1147
20096, 1145
237615, 1141
21081, 1140
9367, 1138
16687, 1137
22282, 1137
73683, 1137
86522, 1137
122691, 1137
48631, 1136
137607, 1136
164622, 1136
208553, 1136
252075, 1136
257996, 1136
280453, 1136
125923, 1134
4844, 1131
23585, 1131
40008, 1131
69557, 1131
75459, 1131
105210, 1131
115621, 1131
144557, 1131
184047, 1131
200288, 1131
210946, 1131
217685, 1131
278948, 1131
280562, 1131
53896, 1130
51265, 1126
54113, 1126
58090, 1126
58255, 1126
64153, 1126
64577, 1126
64867, 1126
67709, 1126
79228, 1126
92187, 1126
94659, 1126
96958, 1126
97026, 1126
106591, 1126
106735, 1126
250764, 1126
97022, 1125
1417, 1120
1481, 1120
93295, 1120
113051, 1120
154887, 1120
269002, 1120
116115, 1119
132597, 1119
151732, 1119
152300, 1119
202936, 1119
225236, 1119
166979, 1118
41903, 1117
170745, 1117
224131, 1117
256378, 1117
129513, 1116
148711, 1116
156749, 1116
178959, 1116
209363, 1116
213706, 1116
218140, 1116
245406, 1116
268343, 1116
280257, 1116
290755, 1116
291014, 1116
165508, 1115
59798, 1112
164876, 1112
262395, 1112
174272, 1111
44527, 1110
179774, 1110
224135, 1110
226551, 1110
289108, 1110
132741, 1109
75409, 1108
192307, 1108
207507, 1108
221421, 1108
225562, 1108
292079, 1108
120648, 1105
147287, 1105
282242, 1105
21947, 1104
29616, 1104
277805, 1104
75771, 1103
186822, 1103
249409, 1103
283158, 1103
113076, 1100
189538, 1100
261715, 1100
262836, 1100
3903, 1099
9882, 1099
12573, 1099
21017, 1098
46795, 1098
198485, 1098
234752, 1098
5418, 1095
61007, 1095
230125, 1095
256532, 1095
265800, 1095
275102, 1095
279529, 1095
284887, 1095
124922, 1093
15358, 1091
56115, 1091
57078, 1091
75939, 1091
144472, 1091
170808, 1091
197071, 1091
229016, 1091
242742, 1091
249298, 1091
250238, 1091
258821, 1091
258934, 1091
263771, 1091
209381, 1089
45505, 1086
141099, 1086
266457, 1085
118144, 1084
200050, 1082
210537, 1082
212653, 1082
261317, 1082
99476, 1080
29047, 1078
217729, 1078
48630, 1073
69467, 1073
72753, 1073
83592, 1073
103898, 1073
171276, 1073
40389, 1072
77400, 1068
87098, 1068
142358, 1068
143367, 1068
206073, 1068
207455, 1065
214310, 1065
233397, 1065
255698, 1065
291481, 1065
148904, 1059
48423, 1058
137099, 1057
246245, 1055
16626, 1053
175720, 1053
192608, 1053
79119, 1051
135597, 1051
173192, 1051
192290, 1051
204281, 1051
215076, 1051
229310, 1051
234408, 1051
245298, 1051
254569, 1051
273261, 1051
282692, 1051
11333, 1050
14738, 1050
18059, 1050
18650, 1050
19458, 1050
20131, 1050
20875, 1050
26599, 1050
26768, 1050
28300, 1050
29927, 1050
29974, 1050
37898, 1050
54836, 1050
72911, 1050
93086, 1050
123886, 1050
136600, 1050
169176, 1050
178658, 1050
196683, 1050
253247, 1050
284053, 1050
41484, 1048
78970, 1048
125437, 1048
192738, 1047
200400, 1044
138642, 1043
145172, 1043
178995, 1043
202202, 1043
209188, 1043
214737, 1043
230977, 1043
264351, 1043
265416, 1043
275365, 1043
277342, 1043
278219, 1043
225, 1042
78, 1041
147959, 1039
10439, 1037
83103, 1033
289412, 1032
210135, 1027
3419, 1024
28991, 1024
98371, 1024
201665, 1024
149081, 1022
76922, 1020
77697, 1020
145714, 1020
4785, 1012
159085, 1012
199916, 1011
99266, 1008
100572, 1008
101514, 1008
194168, 1008
199912, 1008
229665, 1008
230717, 1008
240222, 1008
242311, 1008
243009, 1008
245208, 1008
280819, 1008
290190, 1008
157082, 1007
190802, 1007
266965, 1007
68540, 1005
126249, 1005
