25566, 128380
94385, 128380
70120, 123502
167895, 122623
163771, 119223
1657, 117314
9558, 112760
219194, 108377
56886, 99988
88585, 97922
19130, 91823
29984, 91823
228391, 91823
125644, 88343
47992, 86927
137259, 86927
161416, 86927
163264, 86927
182069, 86927
190975, 86927
202820, 86927
213924, 86927
250820, 86927
268040, 86927
60169, 86919
66899, 86919
3, 85918
131616, 85918
159611, 85918
210007, 85918
20986, 84407
27760, 84407
28522, 84407
31851, 84407
37290, 84407
38344, 84407
40383, 84407
42890, 84407
44306, 84407
44563, 84407
48825, 84407
51457, 84407
53246, 84407
59376, 84407
60999, 84407
62534, 84407
67457, 84407
69490, 84407
69873, 84407
72664, 84407
77970, 84407
80285, 84407
81872, 84407
87603, 84407
90236, 84407
91043, 84407
91330, 84407
92944, 84407
93395, 84407
94750, 84407
114735, 84407
116164, 84407
116786, 84407
117265, 84407
127962, 84407
130681, 84407
134787, 84407
138597, 84407
139160, 84407
139448, 84407
143867, 84407
151705, 84407
154125, 84407
157829, 84407
160194, 84407
161941, 84407
193409, 84407
199090, 84407
200601, 84407
208592, 84407
215423, 84407
218619, 84407
243772, 84407
245731, 84407
255292, 84407
263667, 84407
286032, 84407
290111, 84407
45989, 84233
16262, 83707
16277, 83707
18518, 83707
23081, 83707
32908, 83707
94594, 83707
194408, 83025
7098, 82944
24965, 82944
51887, 82944
119304, 82944
31909, 82453
149387, 82453
25476, 82182
93343, 81241
141965, 81241
5271, 80570
151492, 80570
156987, 80570
180305, 80570
211859, 80570
255082, 80570
21674, 80329
89931, 79648
281974, 79648
125060, 79225
261739, 79225
4576, 78935
20123, 78935
283165, 78935
4018, 78655
5040, 78655
19950, 78655
20156, 78655
278868, 78655
84984, 78599
216280, 78599
13183, 78402
136577, 75200
197708, 72355
56267, 71648
59814, 69902
68478, 69902
167555, 69902
184228, 69902
17583, 68813
20649, 68813
26348, 68813
85078, 68813
183833, 68813
97015, 66207
118868, 66207
135683, 66207
137985, 66207
173483, 66207
214221, 66207
261064, 66207
262682, 66207
13500, 64929
31533, 64929
43863, 64929
44752, 64929
46871, 64929
55466, 64929
61682, 64929
64521, 64929
76056, 64929
95110, 64929
124595, 64929
128059, 64929
130428, 64929
166977, 64929
172687, 64929
176629, 64929
184225, 64929
184570, 64929
220801, 64929
255717, 64929
258274, 64929
282310, 64929
244620, 64757
19036, 55220
25644, 55220
91093, 55220
98225, 55220
226182, 55220
29025, 55013
31032, 55013
38470, 55013
46572, 55013
56132, 55013
65573, 55013
85406, 55013
85653, 55013
86923, 55013
104144, 55013
120818, 55013
122067, 55013
130977, 55013
134377, 55013
137253, 55013
139156, 55013
141489, 55013
155348, 55013
155518, 55013
177452, 55013
188849, 55013
210125, 55013
218907, 55013
220223, 55013
246654, 55013
288226, 55013
559, 52560
13217, 52442
49407, 52442
81525, 52442
196423, 52442
122816, 51684
20407, 50496
26797, 50496
30068, 50496
39076, 50496
41897, 50496
66040, 50496
69232, 50496
88168, 50496
118832, 50496
124273, 50496
165916, 50496
166749, 50496
167574, 50496
168526, 50496
185085, 50496
193531, 50496
219427, 50496
245710, 50496
82021, 50336
148661, 50336
178127, 50336
209824, 50336
230299, 50336
251819, 50336
276413, 50336
292003, 50336
106512, 50335
138510, 50335
144221, 50335
146208, 50335
174831, 50335
197801, 50335
209797, 50335
216424, 50335
112165, 49921
63337, 49689
627, 49531
101550, 49531
122427, 49531
129759, 49531
134289, 49531
134767, 49531
168868, 49531
169733, 49531
174807, 49531
219767, 49531
223563, 49531
229785, 49531
256964, 49531
287879, 49531
36975, 49391
63689, 49391
94764, 49391
42690, 49298
56204, 49298
141797, 49198
15458, 49170
23627, 49170
82760, 49170
16138, 49112
27798, 49112
60093, 49112
82528, 49112
150997, 49112
158150, 48871
63387, 48817
15063, 48730
18033, 48730
19009, 48730
24224, 48730
30685, 48730
34559, 48730
44877, 48730
50104, 48730
56117, 48730
56489, 48730
65306, 48730
71072, 48730
77901, 48730
81451, 48730
100943, 48730
111282, 48730
140316, 48730
141742, 48730
144769, 48730
150106, 48730
154113, 48730
194937, 48730
201555, 48730
203543, 48730
205219, 48730
241186, 48730
251075, 48730
254280, 48730
264179, 48730
293246, 48730
20275, 48725
288378, 48624
39492, 48081
45058, 48081
46316, 48081
73975, 48081
101390, 48081
107749, 48081
166277, 48081
289826, 48081
204263, 47961
231435, 47961
14643, 47931
52339, 47909
118723, 47909
129439, 47909
266699, 47909
268299, 47909
54233, 47849
91370, 47848
27278, 47202
28328, 47202
36676, 47202
66169, 47202
69592, 47202
71825, 47202
78782, 47202
89210, 47202
96930, 47202
111380, 47202
115057, 47202
121760, 47202
138782, 47202
148519, 47202
148970, 47202
153644, 47202
155088, 47202
158797, 47202
164498, 47202
173312, 47202
174216, 47202
204164, 47202
204210, 47202
213532, 47202
237994, 47202
247802, 47202
255533, 47202
265220, 47202
279525, 47202
281081, 47202
293396, 47202
16327, 47175
210145, 47175
279729, 47175
294, 47025
36840, 46766
40525, 46766
42980, 46766
43708, 46766
92393, 46766
96270, 46766
120724, 46766
12730, 46689
59461, 46689
184609, 46689
41551, 46609
107467, 46609
128380, 46609
200585, 46609
215185, 46609
251, 46496
279990, 46459
2038, 45561
60933, 44947
127475, 44908
262170, 44822
280554, 40504
211696, 40247
83769, 39862
990, 39196
19481, 26514
37110, 26514
74427, 26514
75859, 26514
129085, 26514
81985, 26448
9216, 25528
11452, 25528
24907, 25528
47795, 25528
49475, 25528
55720, 25528
88015, 25528
24152, 25515
30326, 25515
32662, 25515
52499, 25515
96130, 25515
209738, 25515
33520, 25380
39037, 25380
39327, 25380
43039, 25380
48343, 25380
55304, 25380
67355, 25380
68628, 25380
88602, 25380
97137, 25380
98360, 25380
98522, 25380
166546, 25380
257268, 25380
82880, 25253
87095, 25253
23923, 25202
27576, 24706
28494, 24706
65431, 24621
8189, 24450
56185, 24450
59955, 24450
64810, 24450
68689, 24450
22213, 24325
26954, 24325
29470, 24325
113037, 24314
162878, 24314
286050, 24314
12638, 24180
13586, 24180
17420, 24180
19993, 24180
21455, 24180
22258, 24180
22290, 24180
62591, 24180
77890, 24180
79204, 24065
287888, 24065
51307, 24061
61426, 24061
65316, 24061
127705, 24061
7389, 24035
122428, 24015
136949, 24015
140665, 24015
149381, 24015
162010, 24015
166233, 24015
178837, 24015
182746, 24015
285898, 24015
277349, 23920
295572, 23920
184727, 23900
253784, 23900
292393, 23900
293076, 23900
293539, 23900
93702, 23616
107609, 23616
107829, 23616
116160, 23616
139030, 23616
232741, 23616
272838, 23616
275530, 23616
285562, 23616
287838, 23616
287854, 23616
292769, 23616
33379, 23482
77163, 23482
88833, 23482
126942, 23482
219695, 23482
265446, 23482
266004, 23482
149636, 23408
150150, 23408
151808, 23408
195798, 23408
199641, 23408
211582, 23408
220886, 23408
82718, 23373
33614, 23369
36496, 23369
39500, 23369
40433, 23369
42063, 23369
42566, 23369
43818, 23369
55270, 23369
62084, 23369
68941, 23369
69910, 23369
70310, 23369
82217, 23369
83773, 23369
115648, 23369
159213, 23369
87290, 23352
108198, 23352
128733, 23352
144409, 23352
31387, 23211
79224, 23211
82028, 23211
115253, 23211
144162, 23211
154138, 23211
160056, 23211
125163, 23193
192698, 23193
202147, 23193
216201, 23193
217705, 23193
135681, 23172
15414, 23145
73375, 23145
44068, 23088
73562, 23088
85202, 23088
96004, 23088
103564, 23088
107870, 23088
112152, 23088
125570, 23088
127568, 23088
132204, 23088
143603, 23088
146451, 23088
150291, 23088
154677, 23088
154734, 23088
156380, 23088
159239, 23088
162862, 23088
166567, 23088
169223, 23088
171652, 23088
172388, 23088
174358, 23088
178841, 23088
181017, 23088
183918, 23088
185407, 23088
185904, 23088
189624, 23088
189830, 23088
189974, 23088
190207, 23088
192923, 23088
194577, 23088
195657, 23088
195742, 23088
197416, 23088
203207, 23088
203991, 23088
214085, 23088
214979, 23088
215837, 23088
219506, 23088
221095, 23088
223587, 23088
224023, 23088
225959, 23088
231057, 23088
232521, 23088
233930, 23088
237171, 23088
238409, 23088
239444, 23088
243240, 23088
244312, 23088
246994, 23088
249214, 23088
252106, 23088
254328, 23088
255034, 23088
255485, 23088
256952, 23088
258554, 23088
266918, 23088
267958, 23088
268953, 23088
269563, 23088
270038, 23088
272991, 23088
274038, 23088
277619, 23088
279272, 23088
280065, 23088
284327, 23088
286803, 23088
287882, 23088
289370, 23088
289631, 23088
289778, 23088
290406, 23088
290854, 23088
291146, 23088
291468, 23088
76066, 23017
9133, 22994
90934, 22967
110686, 22967
145903, 22967
147969, 22967
161131, 22967
163460, 22967
171522, 22967
173017, 22967
181921, 22967
184148, 22967
188947, 22967
189409, 22967
189839, 22967
198448, 22967
200146, 22967
211500, 22967
227318, 22967
228149, 22967
229907, 22967
231508, 22967
232994, 22967
242128, 22967
243407, 22967
244288, 22967
254884, 22967
263361, 22967
264968, 22967
281341, 22967
284187, 22967
284605, 22967
85072, 22880
100686, 22880
110884, 22880
150008, 22880
183813, 22880
192358, 22880
206701, 22880
210680, 22880
245697, 22880
248421, 22880
266966, 22880
276777, 22880
287063, 22880
15491, 22874
3062, 22706
16014, 22706
19020, 22706
23121, 22706
120049, 22673
129297, 22673
139696, 22673
140735, 22673
144086, 22673
148546, 22673
152809, 22673
157609, 22673
167449, 22673
171573, 22673
176250, 22673
190629, 22673
201138, 22673
219031, 22673
220375, 22673
225669, 22673
236604, 22673
113301, 22582
119999, 22582
130593, 22582
166574, 22582
215579, 22582
269988, 22582
186783, 22551
274326, 22551
77059, 22527
187040, 22463
202835, 22463
212551, 22463
226332, 22463
228000, 22463
236611, 22463
240825, 22463
247180, 22463
249911, 22463
254392, 22463
261902, 22463
263438, 22463
265309, 22463
266848, 22463
270054, 22463
270364, 22463
273646, 22463
276066, 22463
278262, 22463
282378, 22463
292971, 22463
293573, 22463
295844, 22463
115404, 22387
133786, 22387
144011, 22387
150709, 22387
215763, 22387
221137, 22387
226121, 22387
241758, 22387
257453, 22387
276535, 22387
291374, 22387
13987, 22272
20616, 22272
22341, 22272
57445, 22272
138364, 22258
78588, 22252
130516, 22248
170013, 22043
95788, 21942
129458, 21942
137969, 21942
150387, 21942
156406, 21942
160437, 21942
163415, 21942
185292, 21942
224618, 21942
274871, 21942
276918, 21942
296445, 21942
81082, 21833
101978, 21833
190707, 21833
252897, 21797
161244, 21767
202171, 21726
213312, 21726
119617, 21707
198556, 21674
189894, 21664
15121, 21597
116979, 21558
234312, 21558
243682, 21558
248543, 21558
249718, 21558
256102, 21558
259604, 21558
262732, 21558
267771, 21558
271480, 21558
273651, 21558
277141, 21558
285549, 21558
287707, 21558
102974, 21556
114869, 21556
145819, 21556
171949, 21556
182997, 21556
191566, 21556
230545, 21556
251526, 21556
275584, 21556
61784, 21541
100939, 21541
103703, 21541
181271, 21541
217668, 21541
223408, 21541
86423, 21522
92920, 21522
147867, 21522
148809, 21522
159791, 21522
285841, 21522
90389, 21504
170777, 21504
223572, 21504
236490, 21504
105978, 21490
196437, 21490
202353, 21490
204179, 21490
216184, 21490
217133, 21490
222951, 21490
228372, 21490
233828, 21490
236584, 21490
246702, 21490
249140, 21490
267026, 21490
278778, 21490
280658, 21490
47686, 21444
68395, 21444
67394, 21416
132884, 21412
115733, 21391
116187, 21391
122680, 21391
267634, 21391
70953, 21344
85186, 21344
189998, 21319
246614, 21296
256670, 21296
292520, 21296
6259, 21280
34008, 21279
65710, 21230
73420, 21230
75853, 21230
77928, 21230
166135, 21168
32387, 21132
78193, 21132
88715, 21132
136982, 21132
150306, 21132
182333, 21132
182965, 21132
195374, 21132
197334, 21132
218372, 21132
256700, 21132
272538, 21132
282262, 21132
156282, 21090
185067, 21090
210613, 21090
215188, 21090
223351, 21090
255234, 21090
255992, 21090
272003, 21090
277798, 21090
279430, 21090
285745, 21090
45492, 20995
49810, 20995
53175, 20995
66946, 20995
74624, 20995
75643, 20995
76916, 20995
78276, 20995
108549, 20995
122643, 20995
130930, 20995
145985, 20995
147324, 20995
149063, 20995
177894, 20995
181641, 20995
194074, 20995
230012, 20995
249188, 20995
284095, 20995
163277, 20932
201404, 20932
238834, 20932
269781, 20932
103712, 20813
7706, 20693
91355, 20693
204860, 20531
53366, 20502
36367, 20204
41975, 20204
58155, 20204
66756, 20204
72527, 20204
77716, 20204
78395, 20204
86780, 20204
105534, 20204
120691, 20204
140711, 20204
145143, 20204
152096, 20204
162352, 20204
163606, 20204
205814, 20204
217736, 20204
251886, 20204
5566, 20190
15490, 20190
55219, 20173
126385, 19946
3472, 19933
16909, 19933
226714, 19782
218012, 19705
234748, 19704
69537, 19397
88136, 19397
112982, 19397
198713, 19336
68769, 19254
78185, 19254
82971, 19254
89481, 19254
90837, 19254
199233, 19254
37598, 19153
256706, 18803
9965, 18799
137459, 18647
53029, 18609
85032, 18609
188105, 18540
249354, 18540
52919, 18319
66120, 18319
148075, 18319
150187, 18319
160565, 18319
179110, 18319
258833, 18319
242265, 18270
83633, 18269
2957, 18229
5202, 18229
5661, 18229
9625, 18229
18054, 18229
18972, 18229
19288, 18229
20353, 18229
21466, 18229
24318, 18229
37969, 18229
161884, 18229
58528, 18138
21978, 18017
34107, 18016
78228, 18016
36061, 17938
46899, 17904
120059, 17877
15369, 17876
1711, 17851
2187, 17851
2556, 17851
3735, 17851
280203, 17666
1174, 17614
72061, 17614
194087, 17614
129378, 17592
249653, 17471
195209, 17352
122705, 17351
136537, 17344
170971, 17344
217323, 17344
268157, 17344
85937, 17084
87402, 17084
117449, 17084
146057, 17084
170326, 17084
247328, 17084
283699, 17084
285046, 17084
190642, 16816
57962, 16785
5934, 16777
76548, 16777
35443, 16773
7113, 16706
5214, 16665
288085, 16648
247637, 16612
64837, 16587
125910, 16571
22551, 16233
5967, 15882
292222, 15807
140380, 15799
192507, 15726
290207, 15714
259793, 15295
235355, 15293
110908, 15156
78137, 14942
257915, 14015
219126, 13931
283141, 13208
2082, 13196
166051, 13138
95779, 12879
212812, 12639
17377, 12491
167626, 12207
10175, 11571
280477, 11149
510, 10963
148742, 10524
133302, 9988
199080, 9728
237814, 9681
192464, 9516
33444, 9434
50250, 9237
18458, 9041
12774, 8974
178117, 8922
259363, 8922
10123, 8755
20657, 8755
228835, 8731
215376, 8681
284001, 8681
52, 8593
20172, 8587
22108, 8587
205384, 8283
273901, 8279
13146, 8273
49588, 8106
100405, 8106
223631, 8106
193410, 7988
10659, 7986
12627, 7986
17179, 7986
18692, 7986
23177, 7986
27631, 7986
31055, 7986
152142, 7876
227839, 7876
275073, 7798
1099, 7790
1201, 7790
1995, 7759
25744, 7683
76930, 7648
11199, 7592
2358, 7573
20348, 7510
67804, 7510
109542, 7510
178144, 7510
40298, 7489
33215, 7453
12694, 7358
64829, 7358
235914, 7329
164579, 7297
5418, 7265
22282, 7222
73683, 7222
2436, 7182
3111, 7182
217314, 7150
221705, 7150
58132, 7118
177623, 7097
118984, 7088
30586, 7059
104241, 7059
15866, 7005
168042, 7005
40282, 7001
13509, 6970
68833, 6970
147543, 6970
3903, 6940
9882, 6940
12573, 6940
9367, 6925
113, 6887
5474, 6887
5556, 6887
5806, 6887
20960, 6857
30625, 6848
36851, 6848
37169, 6848
55136, 6848
55877, 6848
2598, 6741
7387, 6731
7878, 6731
14013, 6731
58592, 6731
79414, 6731
84205, 6731
125642, 6731
175991, 6731
213410, 6665
255036, 6665
117516, 6663
152405, 6588
8943, 6572
177092, 6572
2901, 6542
4367, 6474
7215, 6474
69930, 6474
83569, 6474
188500, 6474
20378, 6360
29684, 6358
248358, 6346
2914, 6340
10895, 6334
16016, 6334
247425, 6316
9747, 6314
10030, 6314
12137, 6314
19676, 6314
22289, 6314
71559, 6314
113466, 6314
156583, 6314
258749, 6314
10241, 6312
17342, 6312
36642, 6312
45376, 6312
204280, 6312
243387, 6312
255737, 6312
35, 6292
205, 6292
562, 6292
1181, 6292
1823, 6292
2282, 6292
3091, 6292
3381, 6292
7007, 6292
25719, 6291
179256, 6286
263254, 6286
294482, 6270
31513, 6169
162167, 6168
1350, 6089
1855, 6089
1955, 6089
2078, 6089
2512, 6089
2618, 6089
2982, 6089
15936, 6089
25380, 6089
37774, 6089
185465, 6089
226638, 6089
170150, 6019
1446, 5986
1755, 5986
2457, 5986
4537, 5986
5453, 5986
7875, 5986
8288, 5986
13923, 5986
17469, 5986
20617, 5986
22338, 5986
25957, 5986
37392, 5986
49211, 5986
68620, 5986
72081, 5986
80665, 5986
83059, 5986
84372, 5986
84944, 5986
111074, 5986
117541, 5986
136829, 5986
211852, 5986
233678, 5986
247989, 5986
287139, 5986
20096, 5966
61195, 5953
110882, 5953
119773, 5953
130067, 5953
137557, 5953
138113, 5953
169277, 5953
176619, 5953
255599, 5953
282402, 5953
3890, 5910
142485, 5910
2890, 5861
2925, 5861
2991, 5861
3090, 5861
3106, 5861
6581, 5861
66788, 5844
24592, 5843
28083, 5843
32521, 5843
37135, 5843
40932, 5843
45351, 5843
211135, 5843
50451, 5824
141116, 5824
19525, 5800
27773, 5800
36250, 5800
67884, 5800
179602, 5760
125233, 5759
153197, 5759
159738, 5759
248321, 5759
3866, 5683
54376, 5683
16687, 5671
86522, 5671
122691, 5671
30433, 5670
183488, 5667
39388, 5659
45896, 5659
48105, 5659
48197, 5659
48947, 5659
52103, 5659
54970, 5659
62952, 5659
72320, 5659
75384, 5659
83247, 5659
88681, 5659
276170, 5659
294891, 5659
17689, 5653
66230, 5646
66729, 5641
3468, 5623
2357, 5614
2593, 5614
3913, 5614
6497, 5614
12429, 5614
13446, 5614
17326, 5614
24171, 5614
25772, 5614
32585, 5614
39907, 5614
44283, 5614
58702, 5614
119770, 5614
138772, 5614
148728, 5614
210598, 5614
238223, 5614
290156, 5614
55398, 5579
126661, 5569
79745, 5552
43300, 5551
173200, 5541
175928, 5541
180968, 5541
207042, 5541
230409, 5541
230422, 5541
246656, 5541
270600, 5541
271821, 5541
275026, 5541
288104, 5541
290886, 5541
294215, 5541
160, 5539
1025, 5539
281723, 5539
1417, 5520
1481, 5520
93295, 5520
113051, 5520
154887, 5520
269002, 5520
16851, 5512
40671, 5512
76974, 5512
106278, 5512
144612, 5512
256736, 5512
277688, 5512
61007, 5489
230125, 5489
256532, 5489
36471, 5450
224446, 5441
238120, 5441
5611, 5432
30085, 5432
72288, 5432
41020, 5424
63224, 5424
154110, 5424
11280, 5423
25044, 5423
11333, 5405
14738, 5405
18059, 5405
18650, 5405
19458, 5405
20131, 5405
20875, 5405
26599, 5405
26768, 5405
28300, 5405
29927, 5405
29974, 5405
37898, 5405
45135, 5405
72911, 5405
93086, 5405
123886, 5405
169176, 5405
178658, 5405
196683, 5405
253247, 5405
266912, 5405
284053, 5405
288881, 5405
291957, 5405
294790, 5405
136255, 5392
181680, 5369
3419, 5344
28991, 5344
98371, 5344
256938, 5314
103774, 5301
4785, 5279
159085, 5279
248788, 5170
80888, 5145
17535, 5138
18566, 5138
20108, 5138
32335, 5138
68448, 5138
70886, 5138
72099, 5138
90185, 5138
225, 5134
192307, 5131
84407, 5072
88896, 5072
91126, 5072
101871, 5072
103478, 5072
114493, 5072
129104, 5072
133482, 5072
138886, 5072
153634, 5072
7132, 5067
30879, 5067
147350, 5067
273560, 5067
246245, 4923
78, 4878
58288, 4826
102114, 4826
194925, 4826
198507, 4826
29399, 4790
69268, 4790
123467, 4790
202762, 4752
13858, 4728
65058, 4728
93701, 4728
121, 4696
262951, 4696
284698, 4696
285933, 4696
44897, 4629
49644, 4629
221613, 4601
51265, 4576
54113, 4576
58090, 4576
58255, 4576
64153, 4576
64577, 4576
64867, 4576
67709, 4576
79228, 4576
92187, 4576
94659, 4576
96958, 4576
97026, 4576
106591, 4576
106735, 4576
250764, 4576
205996, 4543
262261, 4450
187207, 4425
210762, 4425
261568, 4425
283439, 4425
294381, 4425
34567, 4416
200024, 4332
23211, 4318
218931, 4309
244643, 4309
246925, 4309
252410, 4309
256098, 4309
258763, 4309
274458, 4309
275856, 4309
283202, 4309
285579, 4309
288811, 4309
289937, 4309
293900, 4309
295240, 4309
253128, 4265
264397, 4265
89525, 4264
107018, 4264
227170, 4264
255591, 4264
256881, 4264
109722, 4256
288928, 4256
35267, 4253
267704, 4237
140183, 4236
240976, 4236
97022, 4227
17432, 4223
21423, 4223
73800, 4223
75433, 4223
107598, 4223
108421, 4223
112729, 4223
115149, 4223
116857, 4223
118673, 4223
119386, 4223
122621, 4223
123651, 4223
126220, 4223
126536, 4223
127047, 4223
128424, 4223
129931, 4223
131526, 4223
135731, 4223
147502, 4223
147640, 4223
162578, 4223
170402, 4223
171181, 4223
176189, 4223
178915, 4223
180823, 4223
181236, 4223
215560, 4223
227891, 4223
238731, 4223
15974, 4215
60925, 4215
69073, 4215
105173, 4215
147422, 4215
59111, 4214
46391, 4205
228874, 4205
255632, 4205
121147, 4154
9901, 4153
151537, 4064
211599, 4064
254816, 4058
40401, 4054
89377, 4054
10854, 4044
66880, 4044
202224, 4044
183507, 4039
196828, 4039
203459, 4039
204207, 4039
207823, 4039
219024, 4039
219615, 4039
227754, 4039
244623, 4039
247411, 4039
248959, 4039
250642, 4039
251161, 4039
253639, 4039
253778, 4039
261161, 4039
263129, 4039
263357, 4039
270088, 4039
280004, 4039
281694, 4039
285448, 4039
291845, 4039
291921, 4039
292607, 4039
293613, 4039
307, 4007
23213, 4007
41900, 4007
47497, 4007
52070, 4007
94860, 4007
146123, 4007
219846, 4007
124922, 4005
884, 4001
3195, 4001
5171, 4001
40156, 4001
68763, 4001
155495, 4001
154230, 3991
174636, 3991
238313, 3991
105573, 3988
226581, 3988
140011, 3985
93435, 3954
246015, 3954
31992, 3951
69921, 3951
104835, 3951
105731, 3951
124219, 3951
124836, 3951
129807, 3951
132939, 3951
196735, 3951
205904, 3951
206876, 3951
219783, 3951
226191, 3951
231465, 3951
236620, 3951
244356, 3951
268774, 3951
272334, 3951
192091, 3941
234775, 3941
107685, 3940
129141, 3940
167436, 3940
184146, 3940
185893, 3940
188337, 3940
192906, 3940
209080, 3940
213181, 3940
225411, 3940
225937, 3940
230343, 3940
231663, 3940
245550, 3940
247578, 3940
247871, 3940
247996, 3940
249858, 3940
254582, 3940
260497, 3940
260756, 3940
263160, 3940
263330, 3940
264412, 3940
273484, 3940
280506, 3940
287125, 3940
293313, 3940
172364, 3922
134913, 3917
182804, 3917
193568, 3917
196931, 3917
258583, 3917
268821, 3917
277194, 3917
283817, 3917
290550, 3917
81666, 3897
242515, 3889
278316, 3889
68347, 3882
179970, 3882
38, 3870
6177, 3870
108036, 3870
113827, 3870
208025, 3870
35441, 3850
225329, 3850
8482, 3840
12058, 3840
15190, 3840
16207, 3840
17346, 3840
19902, 3840
21094, 3840
25748, 3840
4565, 3834
133512, 3834
229, 3833
30724, 3831
70649, 3831
153315, 3831
181651, 3831
182679, 3831
184613, 3831
189518, 3831
194945, 3831
204650, 3831
208041, 3831
218385, 3831
218665, 3831
225590, 3831
230575, 3831
239853, 3831
244768, 3831
287739, 3831
17340, 3814
78684, 3814
87303, 3814
273124, 3814
190802, 3799
266965, 3799
108915, 3793
267857, 3793
34927, 3767
88185, 3767
105237, 3767
176565, 3758
1899, 3748
3751, 3748
12912, 3748
12969, 3748
14810, 3748
32904, 3748
62857, 3748
82025, 3748
117995, 3748
122141, 3748
129574, 3748
134112, 3748
189968, 3748
192623, 3748
201841, 3748
202264, 3748
216703, 3748
257971, 3748
258370, 3748
290349, 3748
201735, 3739
294795, 3739
158782, 3725
68948, 3724
176516, 3723
214229, 3723
766, 3719
1562, 3719
3487, 3719
3685, 3719
5236, 3719
7062, 3719
12301, 3719
17284, 3719
19755, 3719
26351, 3719
38418, 3719
40284, 3719
56340, 3719
68970, 3719
84384, 3719
86366, 3719
135894, 3719
146330, 3719
224343, 3719
237641, 3719
275669, 3719
91673, 3706
2550, 3695
2945, 3695
7118, 3695
30186, 3695
56315, 3695
148364, 3692
64016, 3675
199427, 3671
66680, 3648
94110, 3648
133138, 3648
158944, 3648
203809, 3648
211120, 3648
231424, 3648
231426, 3648
235653, 3648
274310, 3648
29867, 3640
215383, 3640
217751, 3640
39958, 3610
42657, 3610
56503, 3610
80217, 3610
82395, 3610
86068, 3610
121664, 3610
182895, 3594
210198, 3594
233051, 3594
134323, 3588
145775, 3588
160173, 3588
160322, 3588
183639, 3588
192331, 3588
193277, 3588
193300, 3588
224405, 3588
226167, 3588
226274, 3588
227843, 3588
229458, 3588
232223, 3588
248179, 3588
256651, 3588
269181, 3588
274489, 3588
281078, 3588
288993, 3588
123192, 3585
125526, 3585
131465, 3585
157612, 3585
163358, 3585
177203, 3585
181245, 3585
184586, 3585
197989, 3585
208794, 3585
220954, 3585
234887, 3585
238290, 3585
251103, 3585
261036, 3585
279628, 3585
119124, 3577
196492, 3574
259842, 3574
261973, 3574
264592, 3574
286589, 3574
168841, 3538
242182, 3538
177122, 3532
71180, 3522
182300, 3522
189813, 3522
190262, 3522
260522, 3522
278169, 3498
162528, 3496
184116, 3496
236906, 3494
19295, 3459
29995, 3458
123848, 3458
93310, 3454
193127, 3454
38349, 3438
62817, 3438
214038, 3438
254587, 3428
293116, 3399
1972, 3398
19840, 3398
121279, 3398
167188, 3398
187132, 3398
239416, 3398
80448, 3391
185324, 3391
201035, 3391
6692, 3385
254147, 3380
270007, 3380
96413, 3373
111512, 3373
136996, 3373
141179, 3373
141858, 3373
149054, 3373
160191, 3373
161589, 3373
168601, 3373
169551, 3373
183692, 3373
189007, 3373
197154, 3373
203771, 3373
211985, 3373
218234, 3373
226342, 3373
234315, 3373
240036, 3373
242171, 3373
248745, 3373
251031, 3373
251529, 3373
252255, 3373
256430, 3373
265216, 3373
270244, 3373
285074, 3373
288248, 3373
201665, 3362
46141, 3359
219344, 3359
41838, 3352
50453, 3352
138498, 3348
173381, 3348
131428, 3346
138270, 3346
160533, 3346
161644, 3346
204354, 3346
212961, 3346
215128, 3346
223081, 3346
233250, 3346
258481, 3346
259527, 3346
267364, 3346
269482, 3346
273986, 3346
285226, 3346
295462, 3346
179151, 3329
130113, 3309
85815, 3308
92298, 3308
102525, 3308
145763, 3308
135908, 3305
199303, 3305
245506, 3292
81849, 3286
163, 3280
104029, 3280
238916, 3267
162642, 3265
193508, 3265
249638, 3261
17871, 3233
197176, 3233
272590, 3233
241133, 3214
10324, 3195
18218, 3195
35518, 3195
28471, 3160
165102, 3148
209783, 3146
223411, 3146
235142, 3146
166509, 3117
191275, 3117
208097, 3117
237752, 3117
236173, 3112
219777, 3110
247240, 3110
284578, 3110
57619, 3095
153042, 3095
183682, 3095
292101, 3095
81343, 3090
265697, 3065
87940, 3039
26919, 3027
147519, 3011
156532, 3011
174851, 3011
177064, 3011
195372, 3011
204185, 3011
216819, 3011
221658, 3011
234325, 3011
254128, 3011
265977, 3011
274620, 3011
278373, 3011
175318, 3008
189634, 3000
132474, 2995
241854, 2995
100988, 2991
120431, 2991
201791, 2991
110786, 2990
6632, 2989
104240, 2989
106540, 2989
118787, 2989
126904, 2989
135580, 2989
155011, 2989
158573, 2989
167619, 2989
168015, 2989
173480, 2989
174528, 2989
185120, 2989
205003, 2989
208333, 2989
214303, 2989
222296, 2989
222414, 2989
229983, 2989
238346, 2989
240013, 2989
240057, 2989
245639, 2989
250777, 2989
258662, 2989
274922, 2989
235028, 2952
285285, 2952
20732, 2948
131510, 2948
12333, 2944
145534, 2944
95458, 2932
168236, 2916
126000, 2907
140080, 2907
146791, 2907
153710, 2907
154496, 2907
163548, 2907
169530, 2907
185981, 2907
202796, 2907
229303, 2907
231309, 2907
253872, 2907
263123, 2907
264677, 2907
11771, 2893
255674, 2873
175184, 2868
282593, 2862
190916, 2853
213730, 2853
179678, 2848
87221, 2846
239743, 2846
138909, 2844
219700, 2825
260541, 2822
284724, 2822
45008, 2803
99038, 2803
178620, 2803
279038, 2795
284498, 2795
144775, 2788
116096, 2766
245980, 2741
106240, 2730
75410, 2722
109961, 2722
146702, 2722
154786, 2722
243628, 2717
262065, 2717
145981, 2713
166124, 2713
247648, 2713
90602, 2707
200168, 2707
75378, 2706
120887, 2701
105098, 2698
110995, 2698
119970, 2698
130259, 2698
130273, 2698
134376, 2698
135959, 2698
140157, 2698
140371, 2698
140621, 2698
140850, 2698
141500, 2698
143177, 2698
147361, 2698
147387, 2698
152698, 2698
158225, 2698
173318, 2698
182385, 2698
183981, 2698
184697, 2698
188197, 2698
188580, 2698
189438, 2698
197217, 2698
204441, 2698
208440, 2698
211705, 2698
216962, 2698
224578, 2698
236839, 2698
237403, 2698
244206, 2698
247557, 2698
253381, 2698
262718, 2698
263417, 2698
271283, 2698
271562, 2698
276422, 2698
282158, 2698
171614, 2689
267683, 2689
145774, 2688
136894, 2679
222486, 2679
94719, 2654
143339, 2654
271871, 2654
286305, 2654
31228, 2652
203191, 2652
191889, 2648
203104, 2648
237598, 2648
267676, 2648
279754, 2648
292261, 2648
95298, 2644
101761, 2644
144656, 2644
42025, 2639
150814, 2634
165555, 2634
195840, 2626
266085, 2626
4717, 2618
68142, 2611
156712, 2601
248180, 2599
77941, 2586
91214, 2568
159838, 2568
10722, 2563
226156, 2561
109980, 2559
153719, 2559
225295, 2559
48404, 2558
184622, 2558
239201, 2556
239546, 2556
210018, 2548
249802, 2548
113935, 2538
139490, 2536
235246, 2536
9135, 2524
36771, 2523
37560, 2523
41692, 2523
44791, 2523
49626, 2523
51244, 2523
52759, 2523
64433, 2523
74453, 2523
74762, 2523
75481, 2523
89411, 2523
90343, 2523
104370, 2523
108177, 2523
114208, 2523
119499, 2523
124136, 2523
124287, 2523
128876, 2518
132525, 2518
144311, 2518
146584, 2518
151561, 2518
158659, 2518
249359, 2518
270387, 2518
272958, 2518
286690, 2518
293693, 2518
80404, 2513
34073, 2507
99782, 2485
109634, 2485
171085, 2485
186010, 2485
197465, 2485
212369, 2485
220220, 2485
237731, 2478
272914, 2468
85591, 2455
171073, 2455
174252, 2455
261726, 2455
85875, 2438
158298, 2438
172084, 2438
203378, 2438
220489, 2438
229472, 2438
229758, 2438
231573, 2438
252592, 2438
63600, 2430
95944, 2430
102935, 2430
121439, 2430
159428, 2430
202694, 2430
216306, 2430
122291, 2422
138257, 2422
143085, 2422
168599, 2422
169337, 2422
240782, 2422
247627, 2422
260015, 2422
218054, 2417
250956, 2417
260494, 2417
281562, 2417
98590, 2401
100331, 2401
12088, 2399
32958, 2399
213831, 2399
216115, 2399
235409, 2399
263912, 2399
17945, 2395
113182, 2395
178005, 2395
250165, 2395
101262, 2389
109913, 2389
110096, 2389
114250, 2389
124857, 2389
127179, 2389
130169, 2389
138776, 2389
142278, 2389
153623, 2389
159934, 2389
164732, 2389
170005, 2389
170226, 2389
180872, 2389
189566, 2389
191815, 2389
199138, 2389
211922, 2389
217194, 2389
219550, 2389
220379, 2389
220707, 2389
220893, 2389
223885, 2389
227372, 2389
238886, 2389
247141, 2389
259100, 2389
263260, 2389
265025, 2389
279931, 2389
290510, 2389
255765, 2382
283784, 2382
294534, 2382
118346, 2381
158110, 2357
2, 2355
98425, 2355
138524, 2355
151141, 2355
256358, 2355
141459, 2353
287040, 2353
150598, 2348
165754, 2344
208340, 2344
187558, 2314
39218, 2305
56901, 2305
73036, 2305
89388, 2305
97049, 2305
99659, 2305
102305, 2305
103312, 2305
107604, 2305
111054, 2305
119045, 2305
154483, 2305
237212, 2305
258371, 2305
280448, 2305
295377, 2305
106642, 2304
170751, 2298
252669, 2298
253918, 2298
142281, 2297
48157, 2292
55050, 2292
199337, 2292
27245, 2285
228557, 2285
251750, 2285
278176, 2285
282028, 2285
133584, 2277
78240, 2270
271903, 2270
138542, 2264
166209, 2264
176086, 2264
186207, 2264
240539, 2264
280675, 2264
63340, 2257
78820, 2255
113129, 2255
134410, 2255
154515, 2255
250965, 2255
272901, 2255
198539, 2252
82776, 2238
267136, 2238
287031, 2238
128221, 2232
208189, 2232
51454, 2230
80326, 2229
198546, 2226
111239, 2223
111705, 2223
113507, 2223
146237, 2223
192621, 2223
226679, 2223
274650, 2223
295142, 2223
25846, 2219
249734, 2219
270167, 2219
276872, 2219
51789, 2210
133157, 2210
134354, 2210
270825, 2210
70309, 2204
213168, 2204
224176, 2204
80096, 2196
89194, 2196
166361, 2196
182843, 2196
217478, 2196
234375, 2196
95436, 2188
245159, 2188
75586, 2187
92700, 2187
112651, 2187
116896, 2187
215066, 2187
249439, 2187
280578, 2187
43541, 2172
88267, 2172
113329, 2172
192842, 2166
35133, 2165
251912, 2164
22060, 2158
40346, 2158
49221, 2158
50708, 2158
82690, 2158
91412, 2158
112511, 2158
114524, 2158
116091, 2158
135653, 2158
146030, 2158
162356, 2158
180606, 2158
210192, 2158
211482, 2158
274368, 2158
279126, 2158
123554, 2157
135443, 2151
140505, 2151
240838, 2151
262114, 2151
168644, 2148
223050, 2148
24943, 2146
185820, 2146
189488, 2146
191702, 2146
277761, 2146
208272, 2145
213319, 2145
235822, 2145
85402, 2143
143286, 2143
252470, 2143
42981, 2130
61469, 2130
156503, 2130
182607, 2130
206863, 2130
225160, 2130
289450, 2130
18035, 2128
127375, 2127
207261, 2127
212014, 2127
290972, 2127
2045, 2119
11478, 2119
14146, 2119
18257, 2119
38653, 2119
38876, 2119
74080, 2119
76520, 2119
82634, 2119
95344, 2119
101849, 2119
115546, 2119
146484, 2119
166528, 2119
166686, 2119
191219, 2119
288924, 2118
38090, 2111
53288, 2111
136359, 2111
140015, 2111
161497, 2111
175072, 2111
182134, 2111
230996, 2111
243547, 2111
244611, 2111
36342, 2110
53527, 2110
933, 2108
36104, 2107
94652, 2107
134442, 2107
290034, 2106
274674, 2094
111435, 2093
179517, 2093
237896, 2091
287141, 2091
22555, 2088
32446, 2084
274403, 2082
95272, 2071
115950, 2068
166489, 2068
170322, 2068
180544, 2068
255615, 2068
216575, 2062
258222, 2061
39023, 2058
178795, 2058
9314, 2054
171129, 2054
281503, 2054
14982, 2053
42227, 2053
43110, 2053
43767, 2053
61075, 2053
100710, 2053
113751, 2053
190093, 2053
212229, 2053
244421, 2053
248048, 2053
256275, 2053
261484, 2053
22657, 2047
41844, 2047
70639, 2047
76871, 2047
98013, 2047
113712, 2047
120071, 2047
156463, 2047
171202, 2047
209385, 2047
228751, 2047
286228, 2047
95210, 2045
106658, 2045
130657, 2045
136675, 2045
146054, 2045
158365, 2045
161651, 2045
188953, 2045
204448, 2045
223229, 2045
262537, 2045
275745, 2045
195421, 2044
22010, 2033
250161, 2030
46785, 2026
65344, 2026
120650, 2026
196684, 2026
28415, 2023
37713, 2023
92870, 2023
133264, 2023
135770, 2023
180729, 2023
232785, 2023
256854, 2023
285295, 2023
90991, 2022
92143, 2022
146847, 2022
164510, 2022
178164, 2022
286648, 2022
86991, 2015
234033, 2014
39302, 2006
204471, 2006
239338, 2006
82521, 2004
256789, 2004
58704, 1999
53264, 1990
127417, 1990
143344, 1988
150304, 1988
216021, 1988
240033, 1988
254669, 1988
123389, 1985
260332, 1985
290223, 1985
49504, 1982
74910, 1982
79755, 1982
92911, 1982
127245, 1982
127760, 1982
130287, 1982
168507, 1982
170969, 1982
177170, 1982
186624, 1982
221003, 1982
270295, 1982
272569, 1982
288571, 1982
294356, 1982
170873, 1978
186848, 1978
142255, 1975
283267, 1975
290225, 1973
23998, 1966
36453, 1966
38134, 1966
41714, 1966
55404, 1966
62298, 1966
84403, 1966
92906, 1966
100654, 1966
101911, 1966
103696, 1966
154860, 1966
162531, 1966
163279, 1966
185312, 1966
275188, 1964
134775, 1962
152816, 1962
48300, 1957
116295, 1957
129496, 1957
146149, 1957
179257, 1957
236226, 1957
277132, 1957
47927, 1949
133410, 1949
50486, 1947
279829, 1947
86584, 1946
112131, 1946
133018, 1946
219335, 1936
261575, 1928
136752, 1927
48730, 1916
221750, 1916
132407, 1915
154932, 1915
217053, 1905
129643, 1904
100996, 1895
141845, 1895
272657, 1887
50186, 1886
70894, 1886
180639, 1886
229455, 1886
197160, 1884
51525, 1879
72908, 1879
26926, 1874
87021, 1873
104705, 1873
147248, 1873
80414, 1872
141166, 1871
165281, 1871
225652, 1871
280098, 1869
105076, 1866
128825, 1866
139521, 1866
146977, 1866
205889, 1866
264027, 1866
278668, 1866
283965, 1866
84482, 1860
108278, 1860
242990, 1859
52599, 1856
210654, 1856
232036, 1856
265597, 1856
283827, 1856
53481, 1855
65957, 1855
182585, 1855
204218, 1855
228227, 1855
234871, 1855
287175, 1855
32496, 1854
40054, 1854
48594, 1854
138750, 1854
276715, 1854
32505, 1852
37305, 1852
38367, 1852
84329, 1852
104165, 1852
123905, 1852
157458, 1852
192292, 1852
139119, 1849
143933, 1849
148141, 1849
186261, 1849
224741, 1849
250662, 1849
63604, 1847
126607, 1847
133077, 1847
172053, 1847
170257, 1845
267616, 1845
38983, 1843
25664, 1838
290744, 1838
246556, 1837
264721, 1837
38159, 1834
218272, 1831
81539, 1829
289281, 1825
174048, 1823
128536, 1819
42818, 1810
167078, 1808
237428, 1806
290432, 1806
198104, 1803
104646, 1802
82547, 1801
89451, 1801
168091, 1801
173366, 1801
198917, 1801
198957, 1801
130132, 1798
131522, 1798
32242, 1797
108476, 1794
176253, 1789
64828, 1787
100273, 1787
23985, 1786
54134, 1781
174342, 1779
139088, 1764
163461, 1763
250279, 1763
291110, 1763
7190, 1762
290168, 1755
95707, 1753
128924, 1753
143561, 1751
259073, 1751
207502, 1746
226270, 1746
227316, 1746
57361, 1745
76279, 1745
76495, 1745
91303, 1745
101355, 1745
109910, 1745
120470, 1745
126092, 1745
187142, 1745
191755, 1745
241194, 1745
246440, 1745
258335, 1745
175273, 1743
61741, 1737
165423, 1737
212426, 1737
240672, 1737
80011, 1730
201087, 1730
216418, 1730
228059, 1730
286872, 1730
296118, 1730
215566, 1724
73748, 1723
78234, 1723
101502, 1723
111527, 1723
119741, 1723
145887, 1723
215809, 1723
229013, 1723
230024, 1723
241628, 1723
253147, 1723
256574, 1723
262174, 1723
272551, 1723
281124, 1723
76818, 1716
290742, 1712
78805, 1706
120770, 1706
209642, 1706
218762, 1706
69795, 1702
105443, 1702
173380, 1702
175099, 1702
176144, 1702
199328, 1702
166991, 1701
164244, 1699
294787, 1699
267138, 1690
53503, 1685
70179, 1684
164207, 1684
206995, 1684
230729, 1684
240469, 1684
109336, 1683
229919, 1683
206506, 1678
120973, 1677
170541, 1672
274281, 1666
240256, 1664
247767, 1660
3622, 1657
27063, 1656
232791, 1650
269160, 1650
116899, 1646
209233, 1646
230140, 1646
287669, 1646
128448, 1645
176588, 1645
172791, 1640
221360, 1640
247383, 1640
203540, 1638
251314, 1638
253801, 1638
217530, 1635
94348, 1633
164484, 1633
210830, 1633
213667, 1633
174686, 1630
170033, 1627
272007, 1627
232253, 1626
41556, 1625
74189, 1625
111246, 1625
120130, 1625
150002, 1625
174383, 1625
186317, 1625
192219, 1625
216573, 1625
273387, 1625
266023, 1624
30089, 1623
270887, 1623
130665, 1619
261378, 1619
58274, 1614
96505, 1614
103969, 1614
139327, 1614
165645, 1614
181076, 1614
249756, 1614
44777, 1611
78767, 1609
197858, 1609
65582, 1602
80440, 1602
216234, 1602
131814, 1601
238574, 1601
290590, 1601
177793, 1600
224320, 1600
15185, 1598
63522, 1598
72265, 1598
78492, 1598
236566, 1598
54922, 1594
263366, 1593
255118, 1592
293368, 1591
12249, 1589
19409, 1588
36850, 1588
45334, 1588
112771, 1588
117330, 1588
152084, 1588
191609, 1588
19462, 1584
154411, 1583
272237, 1582
64030, 1577
93380, 1577
103095, 1577
105176, 1577
135149, 1577
141092, 1577
150708, 1577
153199, 1577
233563, 1577
285934, 1577
208168, 1575
177338, 1570
181428, 1570
14851, 1569
24002, 1569
46413, 1567
57867, 1567
61597, 1567
70993, 1567
75166, 1567
95319, 1567
138062, 1567
146834, 1567
161022, 1567
171757, 1567
188991, 1567
231951, 1564
95027, 1563
38511, 1559
72542, 1556
125505, 1556
128282, 1556
190269, 1556
195539, 1556
226471, 1556
287438, 1556
1391, 1555
243434, 1552
64374, 1549
190409, 1548
34386, 1547
103582, 1547
230933, 1547
14744, 1546
41771, 1546
123388, 1546
164870, 1546
237686, 1546
253530, 1546
274406, 1546
266602, 1545
122161, 1541
151612, 1541
173703, 1540
51193, 1533
197810, 1533
224878, 1533
246769, 1533
258051, 1533
286629, 1533
74261, 1531
268183, 1529
221610, 1528
290591, 1528
73285, 1526
176414, 1526
122516, 1519
254696, 1518
82451, 1517
136132, 1517
292404, 1517
164067, 1516
12066, 1515
62641, 1510
135534, 1510
247066, 1510
287635, 1510
250559, 1509
138214, 1506
209376, 1506
265984, 1506
115998, 1496
186680, 1496
243496, 1496
26229, 1495
41114, 1495
44647, 1495
17221, 1494
85258, 1494
117128, 1494
125718, 1494
142455, 1494
273368, 1493
85975, 1491
77214, 1490
37591, 1488
228748, 1481
119757, 1480
91551, 1476
148401, 1476
116421, 1474
98122, 1473
187443, 1471
47341, 1470
112217, 1470
40477, 1469
132122, 1469
145711, 1469
175175, 1469
179588, 1469
188448, 1469
83197, 1468
62580, 1467
97236, 1467
101246, 1467
104226, 1467
125250, 1467
145871, 1467
160460, 1467
165548, 1467
172675, 1467
194651, 1467
198883, 1467
211487, 1467
215827, 1467
225147, 1467
236336, 1467
237709, 1467
239669, 1467
240120, 1467
244384, 1467
254082, 1467
263283, 1467
269539, 1467
295242, 1467
13144, 1466
90801, 1466
104724, 1466
164474, 1466
176656, 1466
28985, 1462
211795, 1462
68583, 1461
146599, 1459
18826, 1455
43959, 1454
44224, 1454
59365, 1454
77085, 1454
80220, 1454
102972, 1454
105515, 1454
132545, 1454
178159, 1454
243408, 1454
281006, 1454
294880, 1454
148361, 1453
164417, 1453
200824, 1453
295272, 1445
41591, 1443
43809, 1443
71065, 1443
140318, 1443
140963, 1443
269066, 1443
274537, 1442
154913, 1441
191750, 1440
51709, 1439
81320, 1439
160334, 1438
183950, 1438
229313, 1438
12831, 1434
133294, 1431
163538, 1430
214980, 1430
114621, 1429
183765, 1429
138670, 1424
159877, 1424
45064, 1420
53167, 1420
59695, 1420
121525, 1420
129219, 1420
247660, 1420
124942, 1419
94747, 1416
120053, 1416
240853, 1416
273118, 1416
110165, 1415
255374, 1415
50047, 1414
196681, 1414
229525, 1413
225496, 1410
9104, 1409
42040, 1409
167229, 1409
190767, 1409
226353, 1409
234769, 1409
212136, 1408
285566, 1408
82041, 1406
134692, 1406
187901, 1406
38441, 1405
48767, 1405
85075, 1405
86679, 1405
88257, 1402
140081, 1401
252161, 1401
123855, 1398
271404, 1398
288583, 1398
46072, 1397
114950, 1397
199987, 1397
200693, 1397
107345, 1396
145014, 1395
10541, 1392
15275, 1392
194247, 1392
285706, 1387
61301, 1386
4477, 1383
30591, 1383
2327, 1377
55318, 1377
96718, 1377
140593, 1377
201152, 1377
28107, 1366
154283, 1365
31765, 1364
16803, 1363
84927, 1362
25915, 1355
122590, 1355
27558, 1352
201424, 1349
257487, 1349
235262, 1348
104209, 1347
219921, 1344
217250, 1343
22686, 1339
213703, 1339
221852, 1339
90894, 1336
220799, 1336
41491, 1333
236386, 1333
108668, 1332
37825, 1331
52526, 1331
54936, 1327
119122, 1327
242719, 1325
178116, 1324
94296, 1323
288713, 1323
15246, 1322
24853, 1322
77208, 1322
256560, 1322
285608, 1321
1758, 1320
68751, 1315
293865, 1315
3170, 1313
9357, 1313
29183, 1312
46410, 1311
47264, 1311
47663, 1311
47738, 1311
48698, 1311
48700, 1311
48770, 1311
49180, 1311
49250, 1311
50331, 1311
50379, 1311
50449, 1311
50545, 1311
51318, 1311
51449, 1311
51526, 1311
51757, 1311
51800, 1311
52460, 1311
52763, 1311
53294, 1311
54015, 1311
54651, 1311
54666, 1311
54700, 1311
54898, 1311
55454, 1311
56127, 1311
56272, 1311
56286, 1311
56352, 1311
56782, 1311
57183, 1311
57475, 1311
58499, 1311
58864, 1311
61213, 1311
62592, 1311
62993, 1311
65995, 1311
105424, 1308
168459, 1308
123644, 1307
255866, 1304
155228, 1301
187298, 1301
225835, 1301
118437, 1300
120338, 1300
170267, 1300
174153, 1300
208383, 1300
231181, 1300
290104, 1300
50480, 1297
158933, 1297
149082, 1296
32422, 1293
61810, 1293
108501, 1293
114448, 1293
150289, 1293
165504, 1293
213981, 1293
276914, 1293
121711, 1291
152024, 1290
139042, 1289
106402, 1288
206843, 1288
34205, 1284
196128, 1284
23053, 1283
38529, 1283
39681, 1283
41514, 1283
58319, 1283
64151, 1283
78635, 1283
82509, 1283
83081, 1283
88104, 1283
90061, 1283
92155, 1283
103126, 1283
106802, 1283
110016, 1283
132522, 1283
134145, 1283
136866, 1283
141925, 1283
153449, 1283
153796, 1283
170827, 1283
200447, 1283
216662, 1283
216744, 1283
233858, 1283
256981, 1283
258951, 1283
268884, 1283
273211, 1283
286066, 1283
193077, 1280
28188, 1279
192406, 1279
71259, 1278
283829, 1278
32156, 1277
125923, 1277
100128, 1273
769, 1272
46003, 1272
144568, 1272
170725, 1272
205361, 1272
273253, 1272
36525, 1271
99896, 1271
24923, 1268
142922, 1268
293786, 1264
49653, 1263
24714, 1259
32059, 1259
61161, 1259
62903, 1259
63593, 1259
78376, 1259
88852, 1259
152714, 1259
154840, 1259
160690, 1259
178992, 1259
180697, 1259
182434, 1259
183629, 1259
198327, 1259
199094, 1259
202136, 1259
226207, 1259
230344, 1259
251304, 1259
252882, 1259
276570, 1259
69914, 1257
62931, 1255
225587, 1255
263785, 1254
6572, 1253
31166, 1252
48965, 1252
56262, 1252
120261, 1252
124279, 1252
161756, 1252
96849, 1250
147883, 1245
156285, 1244
156908, 1242
189972, 1242
283226, 1242
1398, 1241
100961, 1241
181659, 1241
229666, 1241
20585, 1240
62199, 1240
85659, 1240
102895, 1240
126532, 1240
173985, 1240
277124, 1240
110624, 1239
170884, 1239
99923, 1238
110828, 1237
133357, 1236
86019, 1235
239732, 1235
248042, 1235
152175, 1232
105430, 1230
175047, 1230
203514, 1229
85397, 1227
3383, 1221
217985, 1221
7218, 1220
63777, 1220
70638, 1220
165926, 1219
263284, 1216
151658, 1214
279809, 1214
63269, 1213
164798, 1213
21457, 1212
22828, 1212
58322, 1212
67905, 1212
245615, 1212
173790, 1211
2075, 1210
124256, 1210
136614, 1210
181705, 1210
214299, 1210
31099, 1208
99216, 1208
291580, 1208
99374, 1207
197134, 1207
23021, 1204
9720, 1202
14428, 1202
34393, 1202
60487, 1202
99530, 1202
202369, 1202
209846, 1202
80468, 1201
101030, 1201
120617, 1201
121165, 1201
153704, 1201
165879, 1201
203172, 1201
229255, 1201
44291, 1199
47460, 1199
130914, 1199
269156, 1199
43082, 1198
6433, 1197
25577, 1197
28129, 1197
45912, 1197
84993, 1197
112452, 1197
200664, 1197
267122, 1196
221310, 1195
221429, 1195
234192, 1195
249956, 1195
289429, 1195
292267, 1195
75834, 1193
167899, 1193
74184, 1188
56604, 1184
104261, 1184
141467, 1184
233720, 1183
39191, 1181
83363, 1181
279682, 1181
270057, 1180
169014, 1179
283415, 1179
118144, 1178
178519, 1178
34420, 1177
70726, 1177
104152, 1177
115286, 1177
159185, 1177
195063, 1177
219710, 1177
225302, 1177
268194, 1177
289506, 1177
283718, 1176
151517, 1175
10439, 1174
86484, 1172
236952, 1172
150686, 1170
226976, 1170
41364, 1169
152406, 1169
231197, 1169
293860, 1169
191958, 1168
4610, 1167
50006, 1167
113269, 1167
245507, 1167
132979, 1166
188963, 1166
22253, 1164
23169, 1164
24057, 1164
31770, 1164
107287, 1164
176575, 1164
286353, 1162
211845, 1161
262086, 1160
197612, 1159
23575, 1158
27217, 1158
42286, 1158
43134, 1158
44508, 1158
48474, 1158
61829, 1158
64034, 1158
106379, 1158
114483, 1158
141328, 1158
144122, 1158
148846, 1158
168057, 1158
168652, 1158
191139, 1158
216380, 1158
234826, 1158
247187, 1158
249917, 1158
253367, 1158
282732, 1158
287727, 1158
143236, 1155
232792, 1155
42062, 1152
92641, 1152
108630, 1152
123247, 1152
151417, 1152
98658, 1150
245189, 1150
287784, 1150
168850, 1149
136645, 1148
63027, 1147
110009, 1147
151903, 1147
204101, 1139
188561, 1137
226590, 1137
201535, 1136
20752, 1135
90421, 1135
99859, 1134
1354, 1133
78626, 1132
259166, 1132
122769, 1131
37819, 1130
85161, 1130
205526, 1129
92473, 1128
98125, 1127
11938, 1126
23577, 1126
6280, 1125
68281, 1123
122482, 1120
165401, 1117
219051, 1116
12640, 1115
22069, 1115
92373, 1115
225339, 1115
119031, 1114
271545, 1114
157082, 1112
290488, 1112
66380, 1111
184378, 1111
244443, 1111
210412, 1110
105214, 1109
85092, 1108
162561, 1108
249392, 1108
93937, 1107
114949, 1107
163049, 1107
90043, 1105
114032, 1105
125136, 1105
187513, 1105
98845, 1103
247832, 1103
166961, 1101
56830, 1100
167075, 1099
254916, 1099
281466, 1099
28207, 1098
248331, 1098
251592, 1098
99928, 1096
107652, 1096
130792, 1096
178811, 1096
216746, 1096
233115, 1096
258817, 1096
24788, 1093
53313, 1093
191488, 1093
216259, 1090
127769, 1089
137454, 1089
215261, 1089
242266, 1088
10951, 1087
15046, 1087
93356, 1086
114579, 1086
224251, 1086
236080, 1086
33693, 1083
131211, 1081
137571, 1080
158857, 1080
2642, 1079
275364, 1077
291521, 1076
39414, 1075
35044, 1072
107143, 1071
116748, 1071
126098, 1071
139431, 1071
191925, 1071
240429, 1071
68826, 1068
101307, 1068
115282, 1068
137295, 1068
138712, 1068
264189, 1068
145460, 1067
279517, 1066
136271, 1062
169965, 1061
117768, 1060
240081, 1060
123825, 1059
27313, 1058
104117, 1058
49759, 1056
104816, 1056
110572, 1054
107515, 1053
134283, 1053
147722, 1053
181247, 1053
183237, 1053
211062, 1053
258889, 1053
267163, 1053
273041, 1053
78651, 1052
81142, 1052
27181, 1049
80516, 1049
89063, 1049
145824, 1049
171824, 1049
138331, 1045
145640, 1044
159866, 1044
19072, 1043
50700, 1043
73116, 1043
101173, 1043
153455, 1043
180460, 1043
213357, 1043
266462, 1043
271396, 1043
284566, 1043
213572, 1040
237270, 1040
170546, 1038
177856, 1038
187412, 1038
197547, 1038
212521, 1038
236188, 1038
252645, 1038
266576, 1038
289431, 1038
82475, 1037
86599, 1037
188413, 1036
198742, 1036
277957, 1036
253985, 1035
291382, 1035
27685, 1032
48371, 1032
190332, 1032
196425, 1032
233080, 1032
276158, 1031
120553, 1030
60532, 1029
119275, 1029
260771, 1029
223138, 1028
35088, 1026
122777, 1026
154659, 1026
195545, 1026
217559, 1026
225142, 1026
254697, 1026
114015, 1024
186189, 1024
206534, 1023
36364, 1021
54334, 1021
59016, 1021
65356, 1021
65816, 1021
67590, 1021
70592, 1021
71673, 1021
83806, 1021
102565, 1021
111248, 1021
112429, 1021
114143, 1021
121250, 1021
136186, 1021
153722, 1021
154426, 1021
160095, 1021
178281, 1021
188376, 1021
191926, 1021
196779, 1021
209395, 1021
227495, 1021
229471, 1021
229965, 1021
231511, 1021
245282, 1021
246284, 1021
246796, 1021
247768, 1021
262871, 1021
280366, 1021
283334, 1021
157949, 1020
163773, 1020
274070, 1020
295016, 1020
58912, 1018
74883, 1018
93447, 1018
101038, 1018
113872, 1018
129392, 1018
149065, 1018
157399, 1018
169464, 1018
178585, 1018
182103, 1018
198125, 1018
219900, 1018
230118, 1018
234991, 1018
252157, 1018
256184, 1018
262562, 1018
828, 1017
286962, 1017
56085, 1015
200197, 1013
77817, 1011
197312, 1011
211807, 1011
75109, 1008
198018, 1008
245453, 1008
216706, 1007
39056, 1006
58579, 1006
89259, 1006
90206, 1006
99253, 1006
111349, 1006
135907, 1006
171562, 1006
172295, 1006
189728, 1006
242174, 1006
276429, 1006
277917, 1006
52778, 1005
54509, 1005
84188, 1005
135644, 1005
141208, 1005
215721, 1005
90561, 1002
162811, 1002
186155, 1002
249913, 1002
82340, 1000
89003, 1000
152120, 1000
153986, 1000
265393, 1000
