16789, 128437
13271, 124266
13985, 124266
14137, 124266
14969, 124266
15805, 124266
15502, 123596
16935, 123596
16948, 123596
16533, 122801
16996, 122801
18287, 122801
19279, 122801
20171, 122801
20998, 122801
21086, 122801
22839, 122801
12190, 121667
14571, 121667
15366, 121667
15804, 121667
15980, 121667
16492, 121667
16516, 121667
16553, 121667
16906, 121667
17156, 121667
17177, 121667
19217, 121667
20696, 121667
20249, 121315
8670, 120533
13803, 120533
13939, 120533
14230, 120533
14289, 120533
14557, 120533
14590, 120533
14667, 120533
15126, 120533
15444, 120533
15446, 120533
15580, 120533
15774, 120533
15872, 120533
15885, 120533
16066, 120533
16259, 120533
16276, 120533
16343, 120533
16589, 120533
16656, 120533
16758, 120533
17043, 120533
11269, 117970
11579, 117970
11746, 117970
11897, 117970
12042, 117970
12427, 117970
12569, 117970
12785, 117970
12829, 117970
12946, 117970
12975, 117970
13057, 117970
13278, 117970
13419, 117970
13558, 117970
13743, 117970
14018, 117970
14020, 117970
14282, 117970
14421, 117970
15662, 117970
10762, 112344
13141, 112344
14191, 112344
14459, 112344
14621, 112344
15040, 112344
16053, 111086
17170, 111086
17589, 111086
18567, 111086
18577, 111086
18583, 111086
18666, 111086
18698, 111086
18710, 111086
18786, 111086
19061, 111086
19690, 111086
19748, 111086
20014, 111086
20282, 111086
20382, 111086
20434, 111086
20662, 111086
21226, 111086
22053, 111086
10643, 110314
11807, 110314
13409, 110314
7949, 107903
9292, 107903
9982, 107903
11322, 107903
15656, 107776
15161, 97277
17309, 97277
18552, 97277
19247, 97277
20256, 97277
20482, 97277
20964, 97277
21104, 97277
21190, 97277
21585, 97277
21657, 97277
21782, 97277
21816, 97277
21986, 97277
22618, 97277
22807, 97277
22821, 97277
22907, 97277
22914, 97277
22982, 97277
23035, 97277
23130, 97277
23598, 97277
23852, 97277
24451, 97277
24538, 97277
24610, 97277
26190, 97277
26501, 97277
26639, 97277
32821, 97277
53475, 97277
10782, 87506
10978, 87506
11332, 87506
11675, 87506
12130, 87506
13011, 87506
7919, 86420
8091, 86420
8584, 86420
8751, 86420
8843, 86420
9750, 86420
9950, 86420
10074, 86420
10090, 86420
10257, 86420
10261, 86420
10342, 86420
10633, 86420
10704, 86420
10727, 86420
13489, 86420
8273, 83073
8931, 83073
9377, 83073
11782, 83073
7988, 78190
5544, 77913
2056, 73072
19077, 72115
22079, 72115
23079, 72115
24444, 72115
25057, 72115
25612, 72115
44171, 71304
45560, 71304
48077, 71304
48472, 71304
52122, 71304
47907, 71026
67440, 71026
68869, 71026
70334, 71026
138618, 71026
260159, 71026
114657, 70614
196799, 70614
217270, 70614
292191, 70614
22636, 70478
24419, 70478
35569, 69633
38609, 69633
40218, 69633
41326, 69633
41508, 69633
41858, 69633
43018, 69633
43276, 69633
43703, 69633
45412, 69633
46724, 69633
47498, 69633
48836, 69633
50037, 69633
50378, 69633
134860, 69614
15262, 69563
34733, 69563
36684, 69563
37401, 69563
37539, 69563
38060, 69563
39735, 69563
40071, 69563
40633, 69563
40649, 69563
40763, 69563
40880, 69563
41274, 69563
41432, 69563
41462, 69563
41716, 69563
41906, 69563
42781, 69563
43160, 69563
43772, 69563
44370, 69563
44773, 69563
45033, 69563
45865, 69563
46179, 69563
46482, 69563
46613, 69563
47013, 69563
47307, 69563
47524, 69563
47910, 69563
48153, 69563
48353, 69563
48489, 69563
48614, 69563
48996, 69563
49088, 69563
49107, 69563
49392, 69563
49394, 69563
49616, 69563
49839, 69563
49897, 69563
49947, 69563
50176, 69563
50387, 69563
50559, 69563
51087, 69563
51091, 69563
51347, 69563
52067, 69563
52995, 69563
53001, 69563
53120, 69563
53177, 69563
53868, 69563
55005, 69563
55532, 69563
55844, 69563
56008, 69563
56222, 69563
57707, 69563
58230, 69563
58289, 69563
58834, 69563
48988, 69540
265761, 69441
24696, 69322
40546, 69322
45840, 69322
147133, 69233
99016, 68461
123867, 68461
139743, 68461
150466, 68461
200694, 68461
10383, 68233
1156, 68186
290836, 67898
3599, 67822
42968, 67626
44184, 67626
44381, 67626
46502, 67626
49922, 67626
51281, 67626
53579, 67626
54869, 67626
55201, 67626
5917, 67572
7004, 67572
7908, 67572
8182, 67572
8296, 67572
9354, 67572
10043, 67572
5183, 67533
4830, 67234
36470, 67097
37529, 67097
38307, 67097
40553, 67097
43415, 67097
43707, 67097
45141, 67097
45459, 67097
45746, 67097
47078, 67097
47729, 67097
47888, 67097
48313, 67097
49175, 67097
49686, 67097
51081, 67097
51376, 67097
53445, 67097
58399, 67097
32718, 66981
34834, 66981
45296, 66981
52134, 66981
54150, 66981
37163, 66915
14386, 66569
5429, 65801
5970, 65801
6059, 65801
6246, 65801
42300, 65448
50289, 65448
54800, 65448
55506, 65448
69256, 65448
100297, 65448
101099, 65448
105778, 65448
108820, 65448
116095, 65448
120350, 65448
127816, 65448
132335, 65448
132473, 65448
145184, 65448
153556, 65448
168074, 65448
171107, 65448
175120, 65448
185872, 65448
192856, 65448
200796, 65448
205410, 65448
225422, 65448
225606, 65448
227349, 65448
235861, 65448
246576, 65448
268958, 65448
282976, 65448
283051, 65448
289827, 65448
295047, 65448
120139, 65273
175168, 65273
223188, 65273
266392, 65273
5909, 65103
12616, 64933
16337, 64933
18973, 64933
21191, 64933
21601, 64933
21726, 64933
21758, 64933
22808, 64933
36144, 64888
39862, 64888
43622, 64888
43891, 64888
47443, 64888
47832, 64888
47949, 64888
49484, 64888
49536, 64888
49602, 64888
49617, 64888
50401, 64888
52320, 64888
52585, 64888
52993, 64888
55764, 64888
15384, 64831
21319, 64686
22126, 64686
26452, 64686
28914, 64686
31834, 64686
32478, 64686
33971, 64686
37405, 64686
40000, 64686
40819, 64686
41695, 64686
42046, 64686
42638, 64686
42928, 64686
43449, 64686
43736, 64686
43757, 64686
44192, 64686
44690, 64686
44933, 64686
45530, 64686
45632, 64686
47419, 64686
48272, 64686
48465, 64686
49098, 64686
49177, 64686
49888, 64686
50845, 64686
50995, 64686
51851, 64686
52381, 64686
52384, 64686
52877, 64686
53241, 64686
54035, 64686
55233, 64686
55591, 64686
55675, 64686
281534, 64686
45265, 64553
3466, 64298
31907, 64144
14040, 64123
15461, 64123
41943, 64090
45592, 64090
45948, 64090
46895, 64090
48336, 64090
52049, 64090
40414, 64080
42421, 64080
44708, 64080
45769, 64080
46416, 64080
47284, 64080
48295, 64080
48304, 64080
48753, 64080
49744, 64080
49984, 64080
50988, 64080
51264, 64080
53011, 64080
38101, 64061
44822, 64061
47819, 64061
34353, 64040
39431, 64040
41465, 64040
41535, 64040
42443, 64040
42722, 64040
42911, 64040
43062, 64040
43658, 64040
44143, 64040
44338, 64040
44643, 64040
45076, 64040
45385, 64040
45471, 64040
45543, 64040
46086, 64040
46287, 64040
47446, 64040
48556, 64040
48663, 64040
48822, 64040
49245, 64040
49813, 64040
50045, 64040
50482, 64040
53585, 64040
54048, 64040
30063, 63853
28260, 63762
34871, 63762
14316, 63591
16194, 63591
17055, 63591
18470, 63591
18511, 63591
19867, 63591
20436, 63591
20530, 63591
20745, 63591
20860, 63591
21066, 63591
21431, 63591
22012, 63591
22098, 63591
22183, 63591
23641, 63591
23732, 63591
24008, 63591
24120, 63591
24741, 63591
24922, 63591
25243, 63591
25460, 63591
25508, 63591
25604, 63591
26468, 63591
27509, 63591
27611, 63591
27999, 63591
28193, 63591
29080, 63591
34268, 63591
14307, 63476
23109, 63476
23861, 63476
24862, 63476
25200, 63476
25760, 63476
26368, 63476
26651, 63476
26901, 63476
26913, 63476
27193, 63476
27340, 63476
28018, 63476
28909, 63476
28958, 63476
28975, 63476
29004, 63476
29007, 63476
29065, 63476
30959, 63476
31264, 63476
21460, 63420
22880, 63420
23775, 63420
24193, 63420
24655, 63420
24740, 63420
25480, 63420
25593, 63420
26549, 63420
26708, 63420
27120, 63420
27142, 63420
27342, 63420
28060, 63420
28349, 63420
29375, 63420
30073, 63420
31374, 63420
32511, 63420
40978, 63384
40241, 63364
46324, 63324
47413, 63324
3517, 63226
33726, 62773
34044, 62637
11366, 62144
11403, 62144
29494, 61991
31777, 61991
32196, 61991
32623, 61991
37426, 61991
39831, 61991
42089, 61991
42642, 61991
43439, 61991
44703, 61991
45418, 61991
45587, 61991
45709, 61991
46496, 61991
46788, 61991
47681, 61991
48724, 61991
49528, 61991
50561, 61991
52237, 61991
32420, 61833
36764, 61833
37645, 61833
38242, 61833
38854, 61833
39141, 61833
40166, 61833
41493, 61833
42523, 61833
43867, 61833
43898, 61833
43964, 61833
44177, 61833
46066, 61833
46363, 61833
48311, 61833
48696, 61833
49406, 61833
49987, 61833
50153, 61833
50428, 61833
50813, 61833
2596, 61763
41355, 61755
16993, 61673
19257, 61673
23721, 61673
24507, 61673
24702, 61673
25054, 61673
26403, 61673
26497, 61673
26666, 61673
27807, 61673
27913, 61673
28447, 61673
28495, 61673
28680, 61673
29714, 61673
30086, 61673
30115, 61673
30237, 61673
30582, 61673
31025, 61673
31214, 61673
31322, 61673
31836, 61673
20487, 61614
32612, 61528
33343, 61528
33347, 61528
33762, 61528
34972, 61528
35092, 61528
35425, 61528
39731, 61528
40120, 61528
40455, 61528
41344, 61528
43432, 61528
197936, 61471
39533, 61415
37232, 61391
37847, 61391
38962, 61391
39509, 61391
39981, 61391
40966, 61391
30338, 61373
34129, 61373
37723, 61373
40202, 61373
34822, 61154
7631, 60903
38080, 60815
39788, 60815
30356, 60711
42081, 60711
49767, 60711
18322, 60682
19792, 60682
20119, 60682
20717, 60682
23738, 60682
25015, 60682
25638, 60682
26877, 60682
27876, 60682
25290, 60513
25486, 60513
29359, 60513
31365, 60513
31423, 60513
32699, 60513
34468, 60513
34582, 60513
36758, 60513
36806, 60513
37897, 60513
38070, 60513
38292, 60513
38469, 60513
38544, 60513
39715, 60513
39784, 60513
39885, 60513
39939, 60513
40641, 60513
41567, 60513
41896, 60513
42417, 60513
42760, 60513
42802, 60513
43630, 60513
43763, 60513
43768, 60513
43853, 60513
44052, 60513
44123, 60513
44199, 60513
44455, 60513
44628, 60513
44893, 60513
45853, 60513
45919, 60513
46371, 60513
46399, 60513
47485, 60513
48071, 60513
48104, 60513
48750, 60513
50333, 60513
50563, 60513
50676, 60513
39635, 60512
41033, 60512
33575, 60389
37806, 60389
39185, 60389
41657, 60389
26762, 60262
6423, 60163
25936, 60160
26395, 60160
28050, 60160
29653, 60160
29876, 60160
30280, 60160
33160, 60160
33390, 60160
34998, 60160
36167, 59761
18229, 59634
19450, 59634
257358, 59634
14686, 59563
15145, 59563
23179, 59522
33122, 59522
24073, 59435
24225, 59435
25976, 59435
27079, 59435
27092, 59435
29312, 59435
29600, 59435
29643, 59435
29743, 59435
30018, 59435
30214, 59435
30297, 59435
30466, 59435
30581, 59435
30704, 59435
31159, 59435
31191, 59435
31257, 59435
31469, 59435
31774, 59435
32022, 59435
32068, 59435
32139, 59435
32455, 59435
32493, 59435
33591, 59435
34019, 59435
34153, 59435
34171, 59435
34230, 59435
34233, 59435
34523, 59435
34540, 59435
35046, 59435
35095, 59435
35135, 59435
35285, 59435
35547, 59435
35656, 59435
36009, 59435
36091, 59435
36124, 59435
37383, 59435
37975, 59435
38043, 59435
38446, 59435
37901, 59428
41631, 59428
28681, 59354
30110, 59223
33494, 59223
35328, 59223
35816, 59223
36325, 59223
37457, 59223
37596, 59223
37876, 59223
43978, 59223
44920, 59223
33955, 59213
22806, 59071
36359, 58782
28558, 58769
29150, 58769
32475, 58769
37577, 58769
25453, 58765
27115, 58765
29896, 58765
30347, 58765
30392, 58765
30635, 58765
30898, 58765
31286, 58765
31474, 58765
32626, 58765
33341, 58765
33466, 58765
35450, 58765
46041, 58727
143517, 58727
207149, 58727
259155, 58727
29954, 58680
34447, 58680
33629, 58666
33639, 58666
34202, 58666
34406, 58666
35058, 58666
35278, 58666
37081, 58666
37103, 58666
37532, 58666
37681, 58666
37740, 58666
38321, 58666
38656, 58666
39450, 58666
39859, 58666
40707, 58666
40779, 58666
40833, 58666
41044, 58666
41437, 58666
41613, 58666
43092, 58666
43594, 58666
44083, 58666
44888, 58666
45942, 58666
46375, 58666
38692, 58566
30867, 58532
35256, 58532
1518, 58423
2170, 58413
208589, 58404
9102, 58347
26739, 58339
29139, 58339
29443, 58339
29555, 58339
32015, 58339
32159, 58339
33359, 58339
34217, 58339
35972, 58339
36434, 58339
36444, 58339
36554, 58339
37780, 58339
37918, 58339
38454, 58339
47295, 58339
48115, 58339
14023, 58175
15318, 58139
18950, 58139
19713, 58139
32793, 58015
31825, 57982
24946, 57869
32183, 57869
34281, 57833
40187, 57833
41017, 57833
41428, 57833
42311, 57833
17145, 57782
17807, 57782
39959, 57762
46299, 57084
22471, 56790
24144, 55419
33144, 55224
31827, 54876
9854, 54066
8932, 52671
19374, 52479
21130, 52479
22262, 52479
11899, 52104
18357, 50726
21068, 50726
27966, 50600
30289, 50600
13770, 49423
24657, 42512
26353, 42512
27197, 42512
27609, 42512
32161, 42512
262845, 39818
12544, 39779
249162, 39504
251911, 39451
227566, 39144
24852, 38940
32382, 38940
81813, 38940
151326, 38940
179959, 38940
187813, 38940
196677, 38940
204884, 38940
207998, 38940
208011, 38940
219929, 38940
223388, 38940
229014, 38940
235679, 38940
240091, 38940
248924, 38940
251779, 38940
260568, 38940
292037, 38940
296057, 38940
13094, 38776
216397, 38161
261340, 38161
283797, 38161
84562, 38156
6189, 38017
7638, 38017
10013, 38017
15354, 38017
16804, 38017
22515, 38017
23697, 38017
24526, 38017
26196, 38017
37729, 38017
37944, 38017
41860, 38017
47265, 38017
48228, 38017
49601, 38017
50562, 38017
52025, 38017
52592, 38017
54003, 38017
54229, 38017
60445, 38017
62871, 38017
64055, 38017
64681, 38017
70201, 38017
70328, 38017
79651, 38017
84053, 38017
92280, 38017
95524, 38017
99941, 38017
103220, 38017
104399, 38017
107978, 38017
109071, 38017
110022, 38017
110954, 38017
114404, 38017
114536, 38017
116587, 38017
117636, 38017
119700, 38017
119811, 38017
121204, 38017
121530, 38017
124234, 38017
124963, 38017
126896, 38017
129040, 38017
129251, 38017
129560, 38017
135019, 38017
138429, 38017
138577, 38017
142354, 38017
144263, 38017
144534, 38017
147839, 38017
148462, 38017
152756, 38017
153284, 38017
154367, 38017
155329, 38017
159307, 38017
160566, 38017
160874, 38017
163986, 38017
165147, 38017
166058, 38017
166321, 38017
169947, 38017
177607, 38017
184952, 38017
184969, 38017
189705, 38017
194615, 38017
196160, 38017
200022, 38017
202892, 38017
208143, 38017
208654, 38017
208959, 38017
211415, 38017
212416, 38017
212995, 38017
213377, 38017
214404, 38017
216539, 38017
218293, 38017
225388, 38017
228223, 38017
236378, 38017
236398, 38017
237000, 38017
238350, 38017
240362, 38017
240918, 38017
243336, 38017
243767, 38017
243820, 38017
245603, 38017
248213, 38017
248894, 38017
255463, 38017
255593, 38017
256954, 38017
261696, 38017
263266, 38017
264026, 38017
266246, 38017
267497, 38017
268124, 38017
269617, 38017
270151, 38017
272045, 38017
272187, 38017
273892, 38017
274461, 38017
280022, 38017
281539, 38017
286895, 38017
287446, 38017
287798, 38017
287940, 38017
287964, 38017
289604, 38017
290789, 38017
3402, 37972
6218, 37972
9046, 37972
16802, 37972
23043, 37972
33232, 37972
36818, 37972
41652, 37972
47915, 37972
51549, 37972
66478, 37972
66634, 37972
69801, 37972
78648, 37972
83798, 37972
90833, 37972
98692, 37972
102094, 37972
105309, 37972
113453, 37972
118348, 37972
118533, 37972
119075, 37972
127903, 37972
127960, 37972
128615, 37972
149885, 37972
150110, 37972
152477, 37972
177182, 37972
185471, 37972
196653, 37972
200062, 37972
202972, 37972
212565, 37972
212627, 37972
239245, 37972
252603, 37972
254786, 37972
259311, 37972
267421, 37972
269136, 37972
269144, 37972
269392, 37972
272850, 37972
274778, 37972
280573, 37972
985, 37890
1376, 37890
1717, 37890
1827, 37890
2050, 37890
2442, 37890
2451, 37890
2630, 37890
2874, 37890
2910, 37890
3097, 37890
3107, 37890
3171, 37890
3288, 37890
3295, 37890
3439, 37890
3508, 37890
3540, 37890
3565, 37890
3738, 37890
3749, 37890
3783, 37890
3872, 37890
3935, 37890
3959, 37890
4059, 37890
4158, 37890
4233, 37890
4260, 37890
4317, 37890
4345, 37890
4353, 37890
4436, 37890
4522, 37890
4556, 37890
4557, 37890
4562, 37890
4611, 37890
4614, 37890
4636, 37890
4639, 37890
4654, 37890
4706, 37890
4736, 37890
4771, 37890
4865, 37890
4914, 37890
4922, 37890
4932, 37890
4980, 37890
5042, 37890
5089, 37890
5114, 37890
5132, 37890
5135, 37890
5212, 37890
5240, 37890
9843, 37656
12469, 37656
115817, 37656
123913, 37656
136515, 37656
144992, 37656
153738, 37656
178199, 37656
212197, 37656
238091, 37656
272753, 37656
276055, 37656
178558, 37526
184202, 37526
20243, 37356
25988, 37356
27901, 37356
28169, 37356
28338, 37356
28428, 37356
74656, 36963
269998, 36963
4305, 36744
6431, 36744
10646, 36744
37097, 36744
46847, 36744
47458, 36744
54057, 36744
55425, 36744
58163, 36744
65472, 36744
99508, 36744
110863, 36744
112802, 36744
10829, 36665
46740, 36551
48697, 36551
68295, 36551
78200, 36551
92518, 36551
92793, 36551
93907, 36551
95112, 36551
113598, 36551
113887, 36551
158261, 36551
62461, 36458
97897, 36458
2718, 36352
2840, 36352
4411, 36352
49108, 35918
130430, 35918
4587, 35771
11218, 35771
13172, 35771
17251, 35771
25671, 35771
47517, 35771
49856, 35771
53558, 35771
55117, 35771
72056, 35771
74875, 35771
79602, 35771
86969, 35771
87269, 35771
89117, 35771
90742, 35771
92844, 35771
95040, 35771
95231, 35771
96475, 35771
99769, 35771
105842, 35771
106501, 35771
112534, 35771
115924, 35771
122411, 35771
123275, 35771
124551, 35771
126898, 35771
127136, 35771
127771, 35771
129166, 35771
129331, 35771
140052, 35771
140551, 35771
144005, 35771
144239, 35771
154905, 35771
158822, 35771
159365, 35771
167731, 35771
168512, 35771
170740, 35771
173761, 35771
177651, 35771
180992, 35771
183648, 35771
185805, 35771
188019, 35771
188311, 35771
188391, 35771
190957, 35771
193741, 35771
194044, 35771
195288, 35771
198514, 35771
204659, 35771
205371, 35771
207800, 35771
209708, 35771
212840, 35771
213020, 35771
218275, 35771
221018, 35771
232020, 35771
238848, 35771
250901, 35771
261334, 35771
262691, 35771
264088, 35771
268978, 35771
269007, 35771
271926, 35771
277896, 35771
294086, 35771
197131, 35628
237227, 35628
240175, 35628
824, 35530
1793, 35530
1820, 35530
2426, 35530
6083, 35423
8264, 35213
20829, 35213
30203, 35213
51361, 35213
54844, 35213
55033, 35213
63233, 35213
70773, 35213
72296, 35213
74861, 35213
85463, 35213
92130, 35213
112138, 35213
126005, 35213
134477, 35213
136796, 35213
138213, 35213
151330, 35213
155191, 35213
180274, 35213
211954, 35213
213913, 35213
221021, 35213
236529, 35213
1690, 35165
17637, 35146
21559, 35146
22723, 35146
24283, 35146
27067, 35146
69708, 35146
204167, 35146
222194, 35146
230022, 35146
262615, 35146
15188, 35136
20124, 35136
22778, 35107
23215, 35107
23413, 35107
28068, 35107
30764, 35107
31629, 35107
35491, 35107
37308, 35107
39879, 35107
41085, 35107
44064, 35107
47454, 35107
51397, 35107
56939, 35107
59583, 35107
181798, 35107
71568, 35030
170483, 34924
1779, 34846
2655, 34591
261313, 34590
5298, 34092
6226, 34092
21806, 34092
33657, 34092
42444, 34092
48590, 34092
66736, 34092
69300, 34092
71383, 34092
73431, 34092
78125, 34092
82417, 34092
99464, 34092
122496, 34092
123057, 34032
272723, 33954
31400, 33664
104372, 33664
197422, 33664
198762, 33664
278931, 33664
10786, 33627
2893, 33572
127158, 33572
204968, 33572
113605, 33393
151439, 33393
182528, 33393
252973, 33362
137315, 33296
152999, 33296
185964, 33296
211143, 33296
231327, 33296
284616, 33296
37640, 33231
82136, 33231
170237, 33231
173843, 33231
257759, 33231
273854, 33231
288981, 33231
293041, 33231
8133, 32964
7698, 32869
8095, 32842
14185, 32842
18996, 32842
43045, 32842
43807, 32842
44997, 32842
48154, 32842
54282, 32842
66097, 32842
69739, 32842
78258, 32842
88294, 32842
93018, 32842
103935, 32842
106840, 32842
112522, 32842
115046, 32842
117464, 32842
119976, 32842
137441, 32842
150829, 32842
182155, 32842
193473, 32842
200393, 32842
221139, 32842
226647, 32842
249099, 32842
259951, 32842
22372, 32818
31148, 32818
63974, 32818
188141, 32818
197180, 32818
221998, 32818
231342, 32818
246924, 32818
171595, 32724
232823, 32724
123463, 32705
154358, 32705
203890, 32705
15852, 32536
33636, 32536
43339, 32536
76077, 32536
66696, 32428
681, 32299
1294, 32299
81481, 32051
70191, 31676
124996, 31676
247681, 31676
193104, 31605
200162, 31605
222326, 31605
223791, 31605
245258, 31605
277142, 31605
285144, 31605
90519, 31531
8012, 31528
12746, 31528
12809, 31528
13021, 31528
13168, 31528
18630, 31528
47693, 31528
60436, 31528
102509, 31528
123559, 31528
127130, 31528
152546, 31528
155209, 31528
160658, 31528
163303, 31528
166335, 31528
187601, 31528
194962, 31528
196055, 31528
203949, 31528
212298, 31528
250590, 31528
253375, 31528
2081, 30945
72163, 30933
20827, 30707
35289, 30707
181089, 30707
127650, 30639
252569, 30637
172865, 30585
212, 30574
15204, 30574
119527, 30574
243751, 30574
2773, 30513
138921, 30513
173094, 30513
196648, 30513
278577, 30513
26948, 30485
28840, 30485
98591, 30485
103997, 30485
113483, 30485
161459, 30485
134906, 30470
155621, 30470
260815, 30470
14892, 29802
101216, 29802
24473, 29702
8836, 29653
12092, 29653
43368, 29653
46458, 29653
49234, 29653
86815, 29653
88509, 29653
91276, 29653
92270, 29653
98132, 29653
116595, 29653
119081, 29653
121299, 29653
127761, 29653
128831, 29653
139341, 29653
160303, 29653
166742, 29653
194432, 29653
198022, 29653
208907, 29653
237190, 29653
14567, 29592
14755, 29592
15367, 29592
20040, 29592
30617, 29592
50862, 29592
295772, 29576
27432, 29548
27975, 29548
31035, 29548
38268, 29548
40790, 29548
43579, 29548
44938, 29548
47676, 29548
49542, 29548
54984, 29548
59261, 29548
62272, 29548
63948, 29548
68593, 29548
108718, 29548
3927, 29490
4026, 29490
4409, 29490
6169, 29490
3010, 29464
14234, 29464
47323, 29463
796, 29437
6840, 29427
148819, 29418
107545, 29413
34580, 29400
83278, 29400
105397, 29400
24434, 29392
28627, 29392
39990, 29392
64457, 29392
64962, 29392
65082, 29392
86199, 29392
104958, 29392
193407, 29309
211186, 29177
158748, 29157
5804, 29147
12318, 29147
16129, 29147
57015, 29147
75076, 29147
81358, 29147
84408, 29147
91232, 29147
111763, 29147
112949, 29147
117274, 29147
163720, 29147
184185, 29147
236169, 29147
58243, 29108
112079, 29108
141143, 29108
199404, 29108
271756, 29108
221585, 29081
267246, 29048
8045, 28979
12067, 28978
23319, 28978
23897, 28978
28831, 28978
63836, 28978
66535, 28978
85523, 28978
98473, 28978
109122, 28978
146325, 28978
148818, 28978
167781, 28978
215930, 28883
2500, 28802
343, 28572
8765, 28491
18671, 28491
164851, 28491
165291, 28491
4513, 28296
197117, 27959
65096, 27954
80819, 27954
64524, 27934
54310, 27911
39778, 27887
50087, 27887
52106, 27887
55739, 27887
62538, 27887
66401, 27887
75998, 27887
85615, 27887
92698, 27887
95064, 27887
132161, 27887
138149, 27887
256425, 27887
49907, 27874
50116, 27874
54286, 27849
126351, 27849
276679, 27747
269582, 27737
280505, 27737
235844, 27593
150861, 27583
224190, 27583
188186, 27470
206357, 27387
67354, 27362
16184, 27257
23000, 27257
23058, 27257
23854, 27257
24380, 27257
19709, 27242
4738, 27200
86451, 26982
138060, 26744
245989, 26602
285505, 26571
137457, 26331
97032, 26261
273150, 25354
194310, 25346
283655, 25346
197030, 25220
247091, 25089
130107, 25012
141953, 24872
160179, 24872
161903, 24872
163090, 24872
177144, 24872
197770, 24872
235962, 24872
253135, 24872
256456, 24872
266207, 24872
280136, 24872
135097, 24780
144049, 24780
164234, 24780
197572, 24780
206368, 24780
208375, 24780
220060, 24780
230117, 24780
233157, 24780
130552, 24759
136313, 24759
139618, 24759
142793, 24759
146711, 24759
147057, 24759
150643, 24759
166531, 24759
169644, 24759
177149, 24759
186522, 24759
210538, 24759
215294, 24759
226115, 24759
226460, 24759
228340, 24759
236212, 24759
245300, 24759
253314, 24759
255641, 24759
261237, 24759
263135, 24759
290299, 24759
295636, 24759
81306, 24745
136373, 24745
222272, 24745
287978, 24745
146694, 24655
169699, 24655
182638, 24655
194308, 24655
202283, 24655
202625, 24655
219014, 24655
223527, 24655
230083, 24655
238497, 24655
254824, 24655
261558, 24655
264583, 24655
279325, 24655
96716, 24654
105224, 24654
116887, 24654
122958, 24654
125300, 24654
125744, 24654
126365, 24654
126888, 24654
127271, 24654
128155, 24654
130100, 24654
130292, 24654
130645, 24654
133459, 24654
133627, 24654
133810, 24654
134737, 24654
135313, 24654
135729, 24654
136254, 24654
136367, 24654
138271, 24654
139089, 24654
139112, 24654
140570, 24654
141358, 24654
141837, 24654
142731, 24654
143417, 24654
144369, 24654
145502, 24654
145634, 24654
145937, 24654
146328, 24654
146846, 24654
147429, 24654
147898, 24654
148210, 24654
148847, 24654
149635, 24654
149711, 24654
150033, 24654
150224, 24654
150452, 24654
151277, 24654
152407, 24654
152554, 24654
154040, 24654
154199, 24654
154894, 24654
155695, 24654
157222, 24654
158099, 24654
159490, 24654
159493, 24654
159668, 24654
159874, 24654
160353, 24654
160693, 24654
160939, 24654
163018, 24654
163335, 24654
164789, 24654
165383, 24654
165449, 24654
166642, 24654
168065, 24654
168765, 24654
169973, 24654
170243, 24654
170875, 24654
172667, 24654
173379, 24654
174057, 24654
174300, 24654
174979, 24654
176171, 24654
177290, 24654
177319, 24654
178106, 24654
179332, 24654
179416, 24654
180685, 24654
183225, 24654
183304, 24654
184089, 24654
185946, 24654
186573, 24654
187422, 24654
187614, 24654
188056, 24654
189424, 24654
191078, 24654
191230, 24654
192161, 24654
192275, 24654
192514, 24654
193558, 24654
193782, 24654
193842, 24654
193917, 24654
195643, 24654
202755, 24654
204123, 24654
206147, 24654
209301, 24654
211504, 24654
211597, 24654
211920, 24654
214377, 24654
216542, 24654
216776, 24654
217868, 24654
218135, 24654
219148, 24654
221349, 24654
221482, 24654
222648, 24654
233796, 24654
234313, 24654
236670, 24654
237149, 24654
238030, 24654
238879, 24654
239862, 24654
240742, 24654
242111, 24654
242578, 24654
243266, 24654
243818, 24654
244261, 24654
246421, 24654
247759, 24654
247886, 24654
248433, 24654
249415, 24654
249577, 24654
252303, 24654
252797, 24654
253194, 24654
253458, 24654
254118, 24654
256022, 24654
256169, 24654
258585, 24654
259316, 24654
260056, 24654
267717, 24654
268678, 24654
269845, 24654
272262, 24654
276611, 24654
277524, 24654
279013, 24654
279583, 24654
279859, 24654
281020, 24654
284683, 24654
284954, 24654
286791, 24654
292978, 24654
144139, 24647
151769, 24647
172914, 24647
181207, 24647
200990, 24647
211548, 24647
252635, 24647
254216, 24627
99106, 24610
150633, 24552
249736, 24201
287751, 24187
294812, 24007
177037, 23993
246518, 23935
93515, 23560
206675, 23506
79894, 23421
97140, 23421
103017, 23421
106026, 23421
109792, 23421
115672, 23421
119086, 23421
124629, 23421
127237, 23421
130387, 23421
132340, 23421
135269, 23421
136163, 23421
136907, 23421
140504, 23421
140937, 23421
142384, 23421
145980, 23421
146076, 23421
146713, 23421
146998, 23421
150409, 23421
150785, 23421
150898, 23421
151408, 23421
152384, 23421
156575, 23421
156678, 23421
157062, 23421
158349, 23421
160977, 23421
162065, 23421
165471, 23421
166905, 23421
168261, 23421
169003, 23421
173829, 23421
175386, 23421
177309, 23421
179405, 23421
179671, 23421
180149, 23421
181135, 23421
182008, 23421
183212, 23421
183988, 23421
186016, 23421
186345, 23421
186587, 23421
187138, 23421
188261, 23421
188485, 23421
188850, 23421
188926, 23421
189623, 23421
190872, 23421
191147, 23421
191306, 23421
191635, 23421
192412, 23421
194838, 23421
194974, 23421
195294, 23421
195423, 23421
195856, 23421
197430, 23421
198129, 23421
198578, 23421
198585, 23421
198645, 23421
199386, 23421
199600, 23421
202730, 23421
203045, 23421
203610, 23421
205215, 23421
206634, 23421
206773, 23421
206798, 23421
207086, 23421
207194, 23421
207737, 23421
208948, 23421
209158, 23421
209184, 23421
209866, 23421
210290, 23421
213716, 23421
213911, 23421
214751, 23421
215497, 23421
216040, 23421
217419, 23421
218173, 23421
219641, 23421
220155, 23421
221609, 23421
223512, 23421
223624, 23421
224848, 23421
226755, 23421
227712, 23421
227762, 23421
227795, 23421
229311, 23421
230348, 23421
230470, 23421
231837, 23421
232366, 23421
238536, 23421
238717, 23421
239065, 23421
240097, 23421
240206, 23421
240814, 23421
241980, 23421
242291, 23421
242342, 23421
243162, 23421
243168, 23421
243170, 23421
243262, 23421
246087, 23421
246189, 23421
247690, 23421
248872, 23421
250139, 23421
253121, 23421
255016, 23421
255478, 23421
256016, 23421
256167, 23421
256583, 23421
256818, 23421
257724, 23421
257733, 23421
258130, 23421
258691, 23421
259040, 23421
259061, 23421
260368, 23421
260633, 23421
260708, 23421
261393, 23421
261473, 23421
261496, 23421
262879, 23421
263236, 23421
263238, 23421
264692, 23421
264714, 23421
265481, 23421
266635, 23421
267983, 23421
269614, 23421
270366, 23421
270615, 23421
271498, 23421
272121, 23421
272271, 23421
272456, 23421
273844, 23421
274211, 23421
274376, 23421
275470, 23421
277203, 23421
277303, 23421
278490, 23421
278689, 23421
278833, 23421
279122, 23421
282168, 23421
282890, 23421
283370, 23421
283691, 23421
284449, 23421
285191, 23421
285500, 23421
285886, 23421
286083, 23421
287759, 23421
288374, 23421
288704, 23421
288917, 23421
289801, 23421
289949, 23421
290179, 23421
290607, 23421
290717, 23421
292106, 23421
293371, 23421
293513, 23421
294120, 23421
294901, 23421
296587, 23421
124782, 23386
167355, 23386
134208, 23371
151690, 23371
194531, 23371
219996, 23352
144045, 23346
146673, 23346
186055, 23346
208550, 23346
215701, 23346
219312, 23346
243917, 23346
247480, 23346
255875, 23346
280176, 23346
288150, 23346
293557, 23346
2713, 23310
111889, 23310
114423, 23310
114434, 23310
118071, 23310
118315, 23310
118877, 23310
118949, 23310
120679, 23310
121102, 23310
122447, 23310
125021, 23310
128303, 23310
129861, 23310
130698, 23310
131461, 23310
131497, 23310
133203, 23310
133447, 23310
134998, 23310
135155, 23310
135777, 23310
136241, 23310
136720, 23310
137624, 23310
137805, 23310
138153, 23310
140134, 23310
140214, 23310
141159, 23310
141753, 23310
141817, 23310
141960, 23310
142084, 23310
143080, 23310
143107, 23310
143678, 23310
143876, 23310
144210, 23310
144618, 23310
145686, 23310
145734, 23310
145973, 23310
146670, 23310
147678, 23310
147879, 23310
147987, 23310
148007, 23310
148012, 23310
148627, 23310
149603, 23310
149946, 23310
150081, 23310
150183, 23310
150266, 23310
150608, 23310
150717, 23310
151949, 23310
151966, 23310
152975, 23310
153227, 23310
153593, 23310
153611, 23310
153638, 23310
153929, 23310
154053, 23310
154308, 23310
154755, 23310
154810, 23310
154844, 23310
155246, 23310
155665, 23310
155827, 23310
156677, 23310
156703, 23310
156861, 23310
157249, 23310
157451, 23310
157553, 23310
157591, 23310
157694, 23310
157866, 23310
158414, 23310
159075, 23310
160492, 23310
160742, 23310
161139, 23310
162166, 23310
162360, 23310
162591, 23310
162631, 23310
163330, 23310
163591, 23310
164659, 23310
164837, 23310
165520, 23310
165902, 23310
165965, 23310
166182, 23310
166722, 23310
167120, 23310
167599, 23310
167958, 23310
168096, 23310
168348, 23310
169976, 23310
170009, 23310
170011, 23310
170193, 23310
170235, 23310
171266, 23310
172057, 23310
172305, 23310
172500, 23310
173260, 23310
173572, 23310
173621, 23310
173774, 23310
174121, 23310
174186, 23310
175014, 23310
175430, 23310
175896, 23310
176782, 23310
177155, 23310
177257, 23310
178330, 23310
178659, 23310
179057, 23310
179143, 23310
179227, 23310
179305, 23310
180083, 23310
180219, 23310
180449, 23310
180589, 23310
181159, 23310
181272, 23310
181867, 23310
183489, 23310
183607, 23310
183637, 23310
183696, 23310
184967, 23310
185552, 23310
185917, 23310
186162, 23310
186571, 23310
186628, 23310
187353, 23310
187655, 23310
188463, 23310
188574, 23310
188686, 23310
189464, 23310
189872, 23310
190473, 23310
190479, 23310
191522, 23310
191625, 23310
192051, 23310
192286, 23310
192484, 23310
192519, 23310
192718, 23310
192809, 23310
193089, 23310
193649, 23310
193913, 23310
194297, 23310
194417, 23310
194627, 23310
194774, 23310
194817, 23310
194904, 23310
196026, 23310
196258, 23310
196294, 23310
197342, 23310
199072, 23310
199364, 23310
199607, 23310
200488, 23310
200995, 23310
201239, 23310
201880, 23310
203266, 23310
204251, 23310
204597, 23310
205499, 23310
205842, 23310
205909, 23310
206981, 23310
207444, 23310
207561, 23310
207838, 23310
207984, 23310
208058, 23310
208336, 23310
208607, 23310
208692, 23310
210292, 23310
210393, 23310
210817, 23310
210939, 23310
210944, 23310
211497, 23310
211661, 23310
211883, 23310
212334, 23310
212494, 23310
212560, 23310
212599, 23310
212603, 23310
212713, 23310
213814, 23310
213899, 23310
213925, 23310
214057, 23310
214680, 23310
214759, 23310
215675, 23310
215914, 23310
216593, 23310
216774, 23310
217345, 23310
217976, 23310
218270, 23310
218323, 23310
218820, 23310
219558, 23310
219561, 23310
220159, 23310
220347, 23310
220382, 23310
222070, 23310
222404, 23310
222509, 23310
222602, 23310
222662, 23310
222901, 23310
223217, 23310
223249, 23310
223954, 23310
224270, 23310
224359, 23310
224820, 23310
225080, 23310
225230, 23310
225377, 23310
225431, 23310
225675, 23310
225972, 23310
226057, 23310
226149, 23310
226287, 23310
226422, 23310
226438, 23310
226682, 23310
226784, 23310
226859, 23310
227575, 23310
227917, 23310
228786, 23310
229344, 23310
229836, 23310
229976, 23310
230020, 23310
230159, 23310
230285, 23310
230596, 23310
230804, 23310
231076, 23310
231088, 23310
231119, 23310
231158, 23310
231416, 23310
231460, 23310
231482, 23310
231708, 23310
232100, 23310
232175, 23310
232516, 23310
232774, 23310
233323, 23310
233456, 23310
233651, 23310
233887, 23310
234152, 23310
234156, 23310
234714, 23310
235170, 23310
237424, 23310
238123, 23310
238323, 23310
239118, 23310
239119, 23310
239490, 23310
240416, 23310
240439, 23310
240505, 23310
240580, 23310
240652, 23310
240761, 23310
241076, 23310
241899, 23310
242244, 23310
242383, 23310
242468, 23310
242717, 23310
243072, 23310
243205, 23310
243219, 23310
243583, 23310
243930, 23310
244608, 23310
244650, 23310
244957, 23310
245929, 23310
246969, 23310
246996, 23310
247076, 23310
247215, 23310
247334, 23310
247346, 23310
248056, 23310
248691, 23310
248740, 23310
249371, 23310
249669, 23310
249931, 23310
250003, 23310
250197, 23310
250861, 23310
251044, 23310
251442, 23310
251620, 23310
251640, 23310
251894, 23310
251995, 23310
252466, 23310
253542, 23310
254050, 23310
254168, 23310
254325, 23310
254462, 23310
254573, 23310
254643, 23310
254821, 23310
255253, 23310
255605, 23310
256032, 23310
256052, 23310
256092, 23310
256687, 23310
256766, 23310
256807, 23310
256858, 23310
256915, 23310
257042, 23310
257103, 23310
257252, 23310
257266, 23310
257448, 23310
258058, 23310
258210, 23310
258431, 23310
258690, 23310
259379, 23310
260401, 23310
260780, 23310
260792, 23310
261649, 23310
261909, 23310
261931, 23310
261933, 23310
261946, 23310
262011, 23310
263842, 23310
264177, 23310
265161, 23310
265478, 23310
265627, 23310
265724, 23310
266519, 23310
266775, 23310
266876, 23310
267134, 23310
267510, 23310
267743, 23310
267780, 23310
268056, 23310
269014, 23310
269030, 23310
269102, 23310
269743, 23310
269807, 23310
270733, 23310
270839, 23310
271075, 23310
271191, 23310
271239, 23310
271687, 23310
271882, 23310
272157, 23310
273151, 23310
273193, 23310
273322, 23310
273755, 23310
274249, 23310
274277, 23310
275011, 23310
275436, 23310
275923, 23310
276390, 23310
276637, 23310
276792, 23310
276910, 23310
277069, 23310
277539, 23310
277987, 23310
278493, 23310
278553, 23310
278608, 23310
278615, 23310
279289, 23310
280077, 23310
281022, 23310
281031, 23310
281477, 23310
281968, 23310
282022, 23310
282522, 23310
282675, 23310
283240, 23310
283432, 23310
283672, 23310
284018, 23310
284024, 23310
284046, 23310
284197, 23310
284488, 23310
284930, 23310
285035, 23310
285212, 23310
285504, 23310
285513, 23310
285679, 23310
286220, 23310
286814, 23310
286974, 23310
287352, 23310
287450, 23310
287835, 23310
288222, 23310
288457, 23310
289288, 23310
289405, 23310
289487, 23310
290116, 23310
290198, 23310
291384, 23310
291401, 23310
291796, 23310
291890, 23310
291983, 23310
291996, 23310
292205, 23310
293162, 23310
293559, 23310
293626, 23310
293684, 23310
293831, 23310
293874, 23310
293880, 23310
294098, 23310
294541, 23310
294946, 23310
295295, 23310
295367, 23310
295806, 23310
91648, 23247
101219, 23247
108939, 23247
110511, 23247
110530, 23247
114228, 23247
114294, 23247
116600, 23247
120113, 23247
135364, 23247
138318, 23247
139005, 23247
139532, 23247
147171, 23247
148952, 23247
149267, 23247
149931, 23247
150368, 23247
150740, 23247
152845, 23247
157505, 23247
159721, 23247
160816, 23247
161930, 23247
166786, 23247
166993, 23247
168416, 23247
169483, 23247
170686, 23247
177461, 23247
178649, 23247
180703, 23247
183033, 23247
184152, 23247
185795, 23247
189181, 23247
198341, 23247
200359, 23247
202686, 23247
202852, 23247
203089, 23247
208805, 23247
220684, 23247
222021, 23247
224728, 23247
227245, 23247
227492, 23247
229124, 23247
234329, 23247
237985, 23247
242525, 23247
243898, 23247
244454, 23247
250357, 23247
250612, 23247
252875, 23247
253912, 23247
254302, 23247
254941, 23247
257704, 23247
259637, 23247
262035, 23247
262365, 23247
264103, 23247
265829, 23247
266370, 23247
267710, 23247
278336, 23247
279897, 23247
280863, 23247
281312, 23247
282021, 23247
284176, 23247
288035, 23247
290793, 23247
291072, 23247
294421, 23247
295524, 23247
142301, 23244
154004, 23244
199439, 23244
153899, 23212
160313, 23212
177311, 23212
200947, 23212
221401, 23212
250265, 23212
278596, 23212
280050, 23212
288324, 23212
292922, 23212
289714, 23194
118547, 23187
120043, 23187
120146, 23187
136621, 23187
141663, 23187
142169, 23187
149105, 23187
153361, 23187
161972, 23187
178512, 23187
202637, 23187
202638, 23187
203751, 23187
206241, 23187
249347, 23187
273315, 23187
94687, 23186
112016, 23186
112037, 23186
113154, 23186
114449, 23186
115531, 23186
120517, 23186
124130, 23186
135270, 23186
136638, 23186
141126, 23186
144940, 23186
147825, 23186
160506, 23186
163445, 23186
164727, 23186
165569, 23186
169485, 23186
169690, 23186
181140, 23186
182851, 23186
186047, 23186
187955, 23186
198185, 23186
198918, 23186
199390, 23186
200028, 23186
200569, 23186
200722, 23186
201251, 23186
202010, 23186
204523, 23186
209468, 23186
214957, 23186
216856, 23186
220784, 23186
220896, 23186
222378, 23186
231198, 23186
232320, 23186
233368, 23186
233748, 23186
234331, 23186
236734, 23186
243830, 23186
244667, 23186
256337, 23186
268659, 23186
271334, 23186
272737, 23186
282542, 23186
285095, 23186
285182, 23186
290796, 23186
291515, 23186
182081, 23089
225887, 23089
272202, 23089
264446, 23065
152818, 22888
131255, 22798
156671, 22798
162179, 22798
168290, 22798
163081, 22675
118207, 22620
135163, 22620
175637, 22620
221574, 22620
235670, 22620
288835, 22620
280856, 22448
121970, 22441
148412, 22441
152204, 22441
162358, 22441
179280, 22441
235784, 22441
246226, 22441
276358, 22441
290288, 22441
294876, 22441
96084, 22399
166984, 22399
174729, 22399
196044, 22399
200412, 22399
201736, 22399
231503, 22399
255816, 22399
292893, 22399
95404, 22387
96495, 22387
99129, 22387
105871, 22387
118806, 22387
134870, 22387
142419, 22387
150564, 22387
152705, 22387
172311, 22387
173868, 22387
201763, 22387
206606, 22387
208741, 22387
211006, 22387
222788, 22387
228653, 22387
229636, 22387
232405, 22387
233462, 22387
248785, 22387
249539, 22387
253800, 22387
255331, 22387
259245, 22387
268007, 22387
268400, 22387
269228, 22387
275371, 22387
276996, 22387
279646, 22387
282796, 22387
283346, 22387
284563, 22387
288337, 22387
290745, 22387
113482, 22337
114108, 22337
133734, 22337
141930, 22337
150063, 22337
164301, 22337
170123, 22337
188904, 22337
201907, 22337
216255, 22337
243909, 22337
244332, 22337
250699, 22337
255105, 22337
267472, 22337
269491, 22337
283698, 22337
285845, 22337
296019, 22337
126917, 22315
133092, 22315
142661, 22315
156569, 22315
160859, 22315
162508, 22315
164514, 22315
176249, 22315
178996, 22315
183417, 22315
191916, 22315
211297, 22315
229731, 22315
231613, 22315
252827, 22315
254710, 22315
258267, 22315
281275, 22315
288705, 22315
293833, 22315
131960, 22286
136417, 22286
159274, 22286
208681, 22286
228063, 22286
228507, 22286
242698, 22286
261777, 22286
166456, 22282
252489, 22282
106966, 22246
114852, 22246
114876, 22246
116867, 22246
142020, 22246
143544, 22246
148332, 22246
154598, 22246
165001, 22246
168142, 22246
171761, 22246
174109, 22246
174535, 22246
174539, 22246
174558, 22246
176855, 22246
181661, 22246
182285, 22246
182388, 22246
190388, 22246
190922, 22246
193216, 22246
193948, 22246
196530, 22246
199773, 22246
200939, 22246
201191, 22246
202815, 22246
203515, 22246
210139, 22246
215757, 22246
220156, 22246
239085, 22246
242370, 22246
244651, 22246
252468, 22246
252498, 22246
255803, 22246
260117, 22246
264955, 22246
276412, 22246
277396, 22246
214430, 22224
179632, 22210
188623, 22210
200179, 22172
206087, 22061
198354, 22030
152882, 22020
206511, 22020
208184, 22020
286881, 22020
125915, 21924
274361, 21909
16944, 21769
1400, 21735
136877, 21735
150014, 21735
238971, 21735
247278, 21735
198600, 21719
205978, 21719
252295, 21719
256611, 21719
89706, 21680
97678, 21672
203010, 21672
122550, 21651
132962, 21651
141213, 21651
147892, 21651
167963, 21651
195505, 21651
228849, 21618
123048, 21465
210484, 21465
132501, 21403
252962, 21403
140961, 21366
149445, 21366
181012, 21366
206098, 21366
215532, 21366
244882, 21366
256259, 21366
143126, 21362
89137, 21354
228105, 21354
87580, 21322
227784, 21322
246821, 21322
254315, 21322
128392, 21306
183370, 21306
205771, 21306
211822, 21306
279428, 21306
281156, 21306
293794, 21306
86895, 21295
91170, 21295
247029, 21271
249746, 21271
230191, 21270
253385, 21270
100944, 21261
121622, 21261
122953, 21261
125722, 21261
126070, 21261
128967, 21261
130661, 21261
133119, 21261
138969, 21261
216498, 21261
219151, 21261
266406, 21261
286375, 21261
184543, 21258
222590, 21258
223245, 21237
91504, 21188
111028, 21188
252686, 21188
270361, 21188
284394, 21188
285432, 21188
89221, 21092
223151, 21031
235683, 21031
252415, 21031
159722, 20928
250245, 20816
143188, 20767
172762, 20767
209483, 20767
215894, 20767
266833, 20767
233817, 20689
43474, 19674
95876, 19674
228854, 18976
141651, 18956
207103, 18956
270833, 18956
252553, 18767
284795, 18545
222395, 18543
100378, 18355
163997, 18304
167933, 18304
125822, 18038
144927, 18038
159418, 18038
171785, 18038
174788, 18038
207661, 18038
242974, 18038
94137, 17821
183452, 17821
230198, 17821
294310, 17821
137703, 17656
81151, 17561
130376, 17561
233522, 17561
268279, 17287
268780, 17287
3790, 17166
10660, 16833
204882, 16121
213492, 15555
282800, 15451
250859, 15159
166874, 15154
250100, 14967
26752, 14242
145681, 14017
266931, 12612
196618, 12554
13378, 12077
35240, 11397
31402, 11391
114832, 11285
162163, 11285
168312, 11285
194476, 11285
202687, 11285
221176, 11285
240978, 11285
271964, 11285
196483, 10185
250350, 10185
91467, 10144
27957, 9850
29547, 9850
30718, 9850
17977, 8974
142560, 7969
200319, 7969
126900, 7683
23509, 7642
28573, 7642
29160, 7642
29178, 7642
29480, 7642
31331, 7642
31357, 7642
33231, 7087
210952, 5257
97487, 5143
240729, 4766
108082, 4741
255801, 4414
230812, 4405
245677, 4405
256144, 4405
261717, 4405
277059, 4405
222266, 4371
119789, 4185
288820, 4185
119572, 4138
640, 4134
3265, 4093
122922, 4093
273152, 4093
105601, 3990
150502, 3990
46207, 3945
57368, 3945
59745, 3945
60534, 3945
70928, 3945
189205, 3944
197251, 3944
228058, 3907
47179, 3860
73281, 3860
285, 3841
659, 3841
714, 3841
991, 3841
2269, 3841
2594, 3841
10192, 3841
52454, 3841
52554, 3841
52679, 3841
54331, 3841
61708, 3841
65648, 3841
73602, 3841
78081, 3841
79592, 3841
88131, 3841
90141, 3841
90664, 3841
94685, 3841
99742, 3841
99895, 3841
99909, 3841
100222, 3841
100871, 3841
106467, 3841
107250, 3841
112498, 3841
115137, 3841
116090, 3841
116549, 3841
124757, 3841
129820, 3841
130139, 3841
135158, 3841
137743, 3841
138639, 3841
139058, 3841
140255, 3841
142056, 3841
142387, 3841
143756, 3841
145495, 3841
147768, 3841
150385, 3841
151726, 3841
152900, 3841
158737, 3841
160660, 3841
161309, 3841
161452, 3841
161474, 3841
163475, 3841
165165, 3841
169029, 3841
170248, 3841
171418, 3841
172977, 3841
173656, 3841
174981, 3841
178197, 3841
179236, 3841
185695, 3841
186937, 3841
189483, 3841
189775, 3841
190135, 3841
190159, 3841
193245, 3841
194871, 3841
194906, 3841
196220, 3841
198858, 3841
199922, 3841
200783, 3841
201794, 3841
202589, 3841
205484, 3841
205810, 3841
206307, 3841
208109, 3841
208967, 3841
210688, 3841
211507, 3841
212473, 3841
212878, 3841
213756, 3841
215307, 3841
217417, 3841
217501, 3841
220598, 3841
220736, 3841
220806, 3841
221906, 3841
222029, 3841
222939, 3841
223374, 3841
224479, 3841
225383, 3841
226880, 3841
229252, 3841
229467, 3841
234319, 3841
236719, 3841
237154, 3841
237557, 3841
237637, 3841
238721, 3841
238920, 3841
239441, 3841
244265, 3841
244445, 3841
247897, 3841
251714, 3841
256317, 3841
258921, 3841
262434, 3841
265440, 3841
273728, 3841
273734, 3841
279182, 3841
279819, 3841
280318, 3841
283228, 3841
286516, 3841
291220, 3841
292242, 3841
296366, 3841
45489, 3839
48135, 3839
48560, 3839
50489, 3839
51176, 3839
51219, 3839
51486, 3839
51842, 3839
52104, 3839
55546, 3839
56087, 3839
56236, 3839
57202, 3839
57217, 3839
59618, 3839
60026, 3839
60680, 3839
61122, 3839
62139, 3839
62193, 3839
62300, 3839
62338, 3839
62507, 3839
63133, 3839
63504, 3839
63985, 3839
65339, 3839
66267, 3839
66378, 3839
66487, 3839
67040, 3839
67948, 3839
68913, 3839
68952, 3839
69278, 3839
69839, 3839
70045, 3839
70349, 3839
72838, 3839
72977, 3839
73322, 3839
73829, 3839
74252, 3839
74834, 3839
75370, 3839
82240, 3839
84980, 3812
194797, 3812
257814, 3812
83279, 3796
198107, 3784
216279, 3784
206910, 3773
214629, 3773
218952, 3773
255258, 3773
269660, 3773
23691, 3758
51923, 3758
62644, 3758
240156, 3756
71088, 3742
102890, 3731
53408, 3723
112437, 3723
148381, 3723
227613, 3723
48035, 3719
52212, 3719
57567, 3719
59795, 3719
61943, 3719
116677, 3691
154741, 3691
62246, 3671
64263, 3671
139494, 3671
261278, 3671
61187, 3668
43488, 3666
46423, 3666
49084, 3666
51499, 3666
54343, 3666
54568, 3666
56738, 3666
57385, 3666
58489, 3666
58826, 3666
59926, 3666
60370, 3666
63525, 3666
64267, 3666
64657, 3666
64861, 3666
64892, 3666
65174, 3666
65577, 3666
66864, 3666
71686, 3666
81290, 3666
32479, 3626
39298, 3626
49908, 3626
52692, 3626
55289, 3626
55753, 3626
56561, 3626
58886, 3626
63449, 3626
67544, 3626
71461, 3626
42237, 3600
39250, 3566
47210, 3481
93322, 3465
25563, 3435
33358, 3435
35116, 3435
35384, 3435
36872, 3435
36994, 3435
38513, 3428
39143, 3428
38228, 3382
38818, 3382
41960, 3382
43254, 3382
43872, 3382
44293, 3382
45072, 3382
45251, 3382
46054, 3382
47306, 3382
47462, 3382
47866, 3382
47914, 3382
48120, 3382
48580, 3382
49707, 3382
50591, 3382
50976, 3382
51414, 3382
51941, 3382
52376, 3382
52913, 3382
53252, 3382
54588, 3382
54599, 3382
56746, 3382
56888, 3382
58343, 3382
58409, 3382
60339, 3382
60824, 3382
62646, 3382
62727, 3382
63372, 3382
64985, 3382
66111, 3382
33136, 3345
28877, 3340
29322, 3340
33127, 3340
28799, 3335
30007, 3335
39317, 3323
40831, 3323
44215, 3323
47067, 3323
49295, 3323
49950, 3323
53534, 3323
54071, 3323
54095, 3323
54563, 3323
55438, 3323
60907, 3323
45938, 3314
46902, 3314
47828, 3314
54554, 3314
55402, 3314
20777, 3260
25494, 3260
25934, 3260
26820, 3260
26905, 3260
27319, 3260
28155, 3260
28422, 3260
28762, 3260
28882, 3260
28979, 3260
32030, 3260
51198, 3213
16614, 3165
18701, 3165
19283, 3165
19558, 3165
20950, 3165
21091, 3165
21362, 3165
21789, 3165
22822, 3165
22883, 3165
23067, 3165
23645, 3165
24542, 3165
23887, 3162
23958, 3162
25802, 3162
27919, 3162
29251, 3162
122115, 3157
210733, 3157
278406, 3157
25851, 3155
35228, 3155
38075, 3155
38471, 3155
38525, 3155
39300, 3155
40918, 3155
41425, 3155
41825, 3155
16236, 3143
16727, 3143
18436, 3143
19064, 3143
19197, 3143
20634, 3143
21774, 3143
21876, 3143
23152, 3143
32551, 3141
36375, 3141
37698, 3141
38830, 3141
34077, 3134
36634, 3134
37667, 3134
39877, 3134
42948, 3134
43673, 3134
43806, 3134
44309, 3134
46280, 3134
48706, 3134
49076, 3134
50166, 3134
51172, 3134
51342, 3134
52571, 3134
54422, 3134
55623, 3134
60867, 3134
37319, 3131
37644, 3131
37950, 3131
39107, 3131
30676, 3113
33692, 3113
34774, 3113
34779, 3113
35688, 3113
35912, 3113
36763, 3113
36927, 3113
37437, 3113
37972, 3113
38193, 3113
39776, 3113
82820, 3109
134715, 3109
159593, 3109
162674, 3109
203707, 3109
221645, 3109
230947, 3109
265566, 3109
282290, 3109
289737, 3109
17747, 3099
18491, 3099
19086, 3099
20416, 3099
20607, 3099
20932, 3099
21013, 3099
21835, 3099
21853, 3099
21926, 3099
22650, 3099
19410, 3095
20834, 3095
20899, 3095
22174, 3095
294214, 3095
31026, 3093
38502, 3093
39182, 3093
40551, 3085
44884, 3085
51951, 3085
65077, 3073
145411, 3073
259321, 3073
289456, 3073
39985, 3072
47367, 3072
47425, 3072
47547, 3072
47798, 3072
55264, 3072
55396, 3062
71655, 3062
214748, 3062
233722, 3062
249308, 3062
263799, 3062
278884, 3062
29828, 3047
31927, 3047
33559, 3047
34441, 3047
35652, 3047
36550, 3047
37472, 3047
185224, 3011
278498, 3011
32246, 2998
33176, 2998
36123, 2998
37131, 2998
39796, 2998
39858, 2998
40130, 2998
41060, 2998
41414, 2998
42910, 2998
43395, 2998
44439, 2998
45013, 2998
45906, 2998
46718, 2998
34111, 2984
40234, 2984
40515, 2984
41792, 2984
42035, 2984
42772, 2984
225463, 2983
20310, 2969
23047, 2969
36345, 2967
39234, 2967
40349, 2967
39793, 2965
41955, 2965
42422, 2965
42998, 2965
45256, 2965
33860, 2964
42388, 2964
30934, 2956
34211, 2956
43822, 2956
18897, 2948
32158, 2945
34053, 2945
35381, 2945
38246, 2945
38490, 2945
40042, 2945
15477, 2944
22503, 2944
22620, 2944
24984, 2944
27645, 2944
37533, 2944
38835, 2944
39258, 2944
41138, 2944
163292, 2944
33910, 2914
34786, 2914
35349, 2914
35875, 2914
35932, 2914
36562, 2914
36729, 2914
37642, 2914
37809, 2914
38717, 2914
38934, 2914
38984, 2914
39925, 2914
40434, 2914
40694, 2914
40732, 2914
40884, 2914
41127, 2914
41840, 2914
42292, 2914
48791, 2914
278120, 2912
225693, 2898
28619, 2895
39824, 2895
40266, 2895
41474, 2895
43036, 2895
15668, 2894
16975, 2894
17256, 2894
20221, 2894
20431, 2894
21394, 2894
22587, 2894
24246, 2894
26290, 2894
31768, 2889
34256, 2889
38902, 2889
41224, 2889
42731, 2889
44636, 2889
45535, 2889
45991, 2889
46302, 2889
46387, 2889
46943, 2889
50394, 2889
30793, 2888
38216, 2886
36791, 2867
39657, 2867
39913, 2867
41201, 2867
44018, 2867
46001, 2867
46078, 2867
46850, 2867
37249, 2864
37260, 2864
37387, 2864
37836, 2864
38195, 2864
38742, 2864
38805, 2864
39161, 2864
39341, 2864
39633, 2864
40722, 2864
42600, 2864
47030, 2864
31582, 2801
32752, 2801
34359, 2801
34550, 2801
38882, 2801
39165, 2801
40321, 2801
40510, 2801
41039, 2801
41089, 2801
41448, 2801
41819, 2801
41973, 2801
41979, 2801
42865, 2801
43032, 2801
43686, 2801
44088, 2801
44813, 2801
45036, 2801
45202, 2801
45298, 2801
45303, 2801
46148, 2801
47659, 2801
47938, 2801
48097, 2801
48407, 2801
43986, 2784
34533, 2764
35258, 2764
38143, 2764
38364, 2764
40500, 2764
41588, 2764
290213, 2735
35474, 2719
39325, 2719
40078, 2719
40549, 2719
41151, 2719
41376, 2719
41962, 2719
42013, 2719
42321, 2719
45113, 2719
46632, 2719
48282, 2719
49703, 2719
33439, 2709
36176, 2709
36209, 2709
37053, 2709
37071, 2709
37358, 2709
37796, 2709
37892, 2709
38936, 2709
38995, 2709
40173, 2709
40789, 2709
41311, 2709
41507, 2709
42298, 2709
42943, 2709
43819, 2709
16982, 2702
17576, 2702
18339, 2702
18464, 2702
18704, 2702
19208, 2702
19239, 2702
19505, 2702
20658, 2702
20882, 2702
20962, 2702
27338, 2673
33815, 2648
36128, 2648
42869, 2648
19111, 2647
25000, 2647
25206, 2647
25352, 2647
30205, 2647
23321, 2646
34375, 2637
34473, 2637
39406, 2637
41050, 2637
54735, 2630
18459, 2622
19721, 2618
35065, 2571
35201, 2571
32964, 2570
33209, 2570
37860, 2570
38354, 2570
39797, 2570
34631, 2560
35660, 2560
37171, 2560
41133, 2560
42445, 2560
32398, 2497
38131, 2497
39845, 2497
42194, 2497
42271, 2497
44022, 2497
46913, 2497
31691, 2466
32642, 2466
36205, 2466
40845, 2466
40938, 2466
42529, 2466
42961, 2466
44203, 2466
45574, 2466
46074, 2466
46750, 2466
47149, 2466
69042, 2440
75234, 2440
84263, 2440
84873, 2440
85707, 2440
115466, 2440
115898, 2440
130854, 2440
153812, 2440
136012, 2437
37578, 2435
40765, 2435
42473, 2435
17779, 2434
18344, 2434
19012, 2434
19563, 2434
20143, 2434
20254, 2434
20324, 2434
20539, 2434
20791, 2434
21260, 2434
22249, 2434
22484, 2434
138765, 2415
217377, 2393
126084, 2362
127531, 2362
78222, 2345
81363, 2345
115891, 2345
222909, 2324
289723, 2324
7312, 2301
158190, 2297
11998, 2280
22795, 2280
99309, 2280
211900, 2280
69841, 2279
73296, 2279
74799, 2279
82745, 2279
97479, 2279
116202, 2279
147348, 2279
159564, 2279
163336, 2279
163340, 2279
172003, 2279
185559, 2279
261412, 2279
10848, 2251
14267, 2251
20650, 2251
23247, 2251
40638, 2251
44695, 2251
46006, 2251
59386, 2251
61791, 2251
66417, 2251
70916, 2251
73465, 2251
76528, 2251
80944, 2251
83074, 2251
85654, 2251
86553, 2251
87962, 2251
93244, 2251
95990, 2251
96502, 2251
97713, 2251
107016, 2251
114754, 2251
120204, 2251
132088, 2251
135673, 2251
139599, 2251
151393, 2251
160665, 2251
160691, 2251
160759, 2251
165474, 2251
174289, 2251
208801, 2251
211686, 2251
211793, 2251
227010, 2251
243949, 2251
277399, 2251
81864, 2248
90556, 2248
8326, 2247
21323, 2247
24992, 2247
25278, 2247
38634, 2247
38851, 2247
110281, 2247
18533, 2245
18758, 2245
87684, 2245
128171, 2245
130649, 2245
134629, 2245
141730, 2245
142052, 2245
147108, 2245
83147, 2236
28477, 2211
53873, 2211
54192, 2211
64128, 2211
73797, 2211
79607, 2211
105437, 2197
121251, 2197
140654, 2197
176675, 2197
179447, 2197
180601, 2197
183589, 2197
184314, 2197
200388, 2197
204506, 2197
204603, 2197
205356, 2197
214097, 2197
225246, 2197
229903, 2197
230235, 2197
234111, 2197
238403, 2197
244596, 2197
259928, 2197
260677, 2197
264405, 2197
276249, 2197
285394, 2197
35024, 2196
44397, 2196
163690, 2195
126129, 2184
203681, 2184
209144, 2184
42620, 2182
101587, 2182
118237, 2182
125855, 2182
131148, 2182
137398, 2182
142952, 2182
145586, 2182
148582, 2182
176428, 2182
177031, 2182
190335, 2182
205306, 2182
147521, 2180
153957, 2175
154934, 2175
158603, 2175
158900, 2175
176224, 2175
179014, 2175
185215, 2175
188696, 2175
193229, 2175
194820, 2175
197367, 2175
220419, 2175
231155, 2175
243711, 2175
248983, 2175
249379, 2175
255262, 2175
255497, 2175
260085, 2175
260391, 2175
267129, 2175
271213, 2175
271377, 2175
271661, 2175
273654, 2175
274657, 2175
280141, 2175
280703, 2175
286437, 2175
292410, 2175
292752, 2175
295824, 2175
103223, 2173
125950, 2173
172249, 2173
177713, 2173
189366, 2173
192364, 2173
193261, 2173
196968, 2173
207358, 2173
208072, 2173
208795, 2173
215010, 2173
216081, 2173
217534, 2173
227852, 2173
229713, 2173
231269, 2173
231332, 2173
237618, 2173
238299, 2173
238877, 2173
238973, 2173
250096, 2173
251188, 2173
253018, 2173
253267, 2173
254119, 2173
256581, 2173
261713, 2173
262414, 2173
263582, 2173
263967, 2173
264666, 2173
264926, 2173
266627, 2173
266798, 2173
267502, 2173
268217, 2173
270720, 2173
276605, 2173
279189, 2173
279353, 2173
280726, 2173
284217, 2173
287712, 2173
292363, 2173
184372, 2165
202833, 2165
212271, 2165
219688, 2165
227448, 2165
250372, 2165
275278, 2165
282211, 2165
285692, 2165
287552, 2165
23827, 2159
117588, 2157
256108, 2157
118158, 2146
124485, 2146
158695, 2146
110261, 2134
158066, 2130
239624, 2124
229373, 2120
90693, 2112
124778, 2112
2882, 2107
149411, 2106
170782, 2106
193464, 2106
209039, 2106
218831, 2106
220641, 2106
226002, 2106
235430, 2106
239737, 2106
242282, 2106
253507, 2106
259186, 2106
263954, 2106
274780, 2106
275385, 2106
180520, 2104
148026, 2089
260883, 2089
262243, 2089
274611, 2089
288400, 2089
289934, 2089
290633, 2089
74885, 2086
111430, 2086
197272, 2071
126318, 2062
202671, 2062
233346, 2062
245903, 2062
20631, 2049
24443, 2049
25302, 2049
26278, 2049
30257, 2049
34142, 2049
36987, 2049
37838, 2049
44322, 2049
52829, 2049
56074, 2049
59706, 2049
60876, 2049
71605, 2049
78919, 2049
94278, 2049
99124, 2049
108458, 2049
119015, 2049
126621, 2049
127898, 2049
137346, 2049
138843, 2049
156913, 2049
169681, 2049
185707, 2049
202787, 2049
203044, 2049
221637, 2049
224789, 2049
232487, 2049
237983, 2049
246137, 2049
219091, 2033
5186, 2026
13227, 2011
31530, 2011
46915, 2011
51889, 2011
56470, 2011
86853, 2011
101949, 2011
200130, 2011
6075, 1961
24278, 1961
72277, 1947
75465, 1947
105740, 1947
109042, 1947
122614, 1947
139573, 1947
177613, 1947
205471, 1947
275601, 1947
64935, 1933
6887, 1927
55885, 1906
148470, 1906
252974, 1906
263500, 1906
266974, 1906
246494, 1902
146857, 1810
232519, 1810
58202, 1804
132890, 1804
154244, 1804
166604, 1804
175182, 1804
178571, 1804
187894, 1804
191948, 1804
202811, 1804
206444, 1804
246450, 1804
249856, 1804
268333, 1804
268815, 1804
272186, 1804
277322, 1804
278701, 1804
38021, 1767
70016, 1760
266258, 1760
92088, 1717
164351, 1707
175086, 1707
177752, 1707
198649, 1707
209265, 1707
217887, 1707
250860, 1707
253524, 1707
273361, 1707
103482, 1697
146684, 1697
160578, 1697
161830, 1697
165397, 1697
201330, 1697
245283, 1697
266145, 1697
169569, 1682
178679, 1681
230015, 1681
83003, 1663
211376, 1663
214231, 1663
218515, 1663
235121, 1663
239884, 1663
246952, 1663
248962, 1663
271046, 1663
292962, 1663
124875, 1544
277400, 1466
234712, 1457
236686, 1457
145581, 1445
258367, 1445
264974, 1445
270283, 1445
278166, 1445
284652, 1445
288954, 1445
124033, 1359
131741, 1359
183678, 1359
179967, 1295
252499, 1259
33141, 1241
45005, 1241
