1609, 129000
1729, 129000
1803, 129000
1821, 129000
1835, 129000
1867, 129000
1907, 129000
1910, 129000
1937, 129000
1938, 129000
2010, 129000
2042, 129000
174329, 129000
1621, 125050
1686, 125050
1642, 124088
1964, 124088
278680, 124088
2019, 119004
1759, 114958
1920, 107836
1551, 107510
1706, 107510
1733, 107510
2027, 107510
2034, 107510
100603, 81010
121580, 81010
127229, 81010
127272, 81010
129252, 81010
138477, 81010
140289, 81010
140820, 81010
141857, 81010
143158, 81010
150603, 81010
161665, 81010
164767, 81010
217935, 81010
222154, 81010
255722, 81010
277652, 81010
279707, 81010
283982, 81010
104599, 78167
108472, 78167
113600, 78167
126673, 78167
134508, 78167
141579, 78167
153793, 78167
177104, 78167
221083, 78167
228957, 78167
270466, 78167
283760, 78167
295794, 78167
2365, 77695
128785, 77286
217057, 77286
222960, 77286
232691, 77286
236666, 77286
243647, 77286
221990, 76694
98834, 76252
100921, 76252
113573, 76252
117172, 76252
130958, 76252
107766, 75646
141620, 75646
156947, 75646
161369, 75646
163011, 75646
164342, 75646
167179, 75646
171425, 75646
171543, 75646
171811, 75646
172008, 75646
173791, 75646
174836, 75646
178141, 75646
178283, 75646
178495, 75646
194294, 75646
201866, 75646
204747, 75646
225447, 75646
231219, 75646
232139, 75646
232420, 75646
233459, 75646
239809, 75358
104556, 72796
154625, 72473
196178, 72473
201241, 72473
207434, 72473
242644, 72473
103566, 72097
136107, 72097
95332, 70213
99096, 70213
102880, 70213
103536, 70213
104522, 70213
105908, 70213
107881, 70213
107920, 70213
112693, 70213
119567, 70213
124457, 70213
142009, 70213
155600, 70213
234549, 70213
259648, 70213
267304, 70213
275682, 70213
286251, 70213
103452, 69114
114210, 69114
176517, 69114
222169, 69114
236845, 69114
238761, 69114
257661, 69114
278900, 69114
287010, 69114
1778, 68760
1949, 68760
2162, 68760
83189, 68002
85548, 68002
87714, 68002
95172, 68002
100212, 68002
101596, 68002
109403, 68002
114552, 68002
121753, 68002
122853, 68002
123481, 68002
123972, 68002
125308, 68002
127146, 68002
129336, 68002
130514, 68002
133609, 68002
134928, 68002
135657, 68002
140816, 68002
141415, 68002
142306, 68002
146869, 68002
146985, 68002
151346, 68002
161276, 68002
199760, 68002
201792, 68002
207123, 68002
224450, 68002
224941, 68002
225785, 68002
226476, 68002
242575, 68002
251221, 68002
257851, 68002
258027, 68002
260719, 68002
264618, 68002
274427, 68002
2020, 67473
2155, 67473
2201, 67473
2402, 67473
2435, 67473
173399, 66819
201635, 66819
210293, 66819
214402, 66819
222530, 66819
223096, 66819
226788, 66819
229355, 66819
254337, 66819
259714, 66819
261784, 66819
264843, 66819
265165, 66819
268956, 66819
269402, 66819
274561, 66819
275109, 66819
275259, 66819
277336, 66819
277372, 66819
279104, 66819
283135, 66819
292403, 66819
152474, 65143
241122, 63912
252485, 63912
262346, 63912
269061, 63912
271080, 63912
271418, 63912
273963, 63912
274244, 63912
275529, 63912
277675, 63912
290990, 63912
291429, 63912
291526, 63912
293346, 63912
294224, 63912
294338, 63912
242422, 63857
2342, 63637
2479, 63637
2560, 63637
85325, 62514
94449, 62514
2099, 57931
2532, 57931
2545, 57931
77964, 57553
3055, 55667
3177, 55667
3183, 55667
3248, 55667
3298, 55667
3307, 55667
3327, 55667
3455, 55667
3519, 55667
3525, 55667
3579, 55667
3593, 55667
3676, 55667
3684, 55667
3706, 55667
3745, 55667
3752, 55667
3768, 55667
3835, 55667
3840, 55667
3941, 55667
36146, 55667
85106, 55667
95302, 55667
105869, 55667
115489, 55667
141032, 55667
146544, 55667
175463, 55667
214330, 55667
215603, 55667
232056, 55667
234373, 55667
235132, 55667
242199, 55667
248985, 55667
255236, 55667
258527, 55667
296252, 55667
2730, 54679
2803, 54679
2947, 54679
2887, 52819
127722, 52819
154092, 52819
259701, 52819
2912, 52125
3028, 52125
2801, 50478
3047, 50478
3064, 50478
3068, 50478
3125, 50478
31694, 50478
3115, 48817
3167, 48817
3179, 48817
3238, 48817
3312, 48817
3758, 48817
31249, 48817
40356, 48817
40420, 48817
109690, 48817
121933, 48817
3669, 48364
32020, 48364
38662, 48364
89631, 48364
37525, 47732
124838, 47732
244610, 43336
40348, 41845
41185, 38672
118387, 8294
174934, 8294
179622, 8294
187163, 8294
256794, 8294
258188, 8294
152193, 8211
154445, 8211
218600, 8211
153054, 8154
263786, 8154
66897, 8129
123276, 8129
133145, 8129
156242, 8129
263873, 8129
152239, 8103
179053, 8103
220013, 8103
224022, 8103
285123, 8103
295593, 8103
177745, 8068
117912, 8057
191684, 8057
293302, 8057
254445, 7980
292030, 7980
162097, 7929
247427, 7645
256352, 7645
214804, 7539
250551, 7539
289346, 7539
121315, 7443
200407, 7443
227102, 7443
245896, 7443
261611, 7443
80581, 7438
95750, 7438
103352, 7438
126114, 7438
126222, 7438
159861, 7438
197100, 7438
212159, 7438
214472, 7438
221632, 7438
229023, 7438
229884, 7438
237172, 7438
240830, 7438
242922, 7438
253134, 7438
255057, 7438
259178, 7438
259282, 7438
263386, 7438
274815, 7438
282753, 7438
293025, 7438
293106, 7438
130510, 7417
132296, 7417
142979, 7417
159447, 7417
167061, 7417
185923, 7417
210710, 7417
214782, 7417
249627, 7417
251506, 7417
256440, 7417
277026, 7417
284316, 7417
294063, 7417
176871, 7416
72689, 7351
120128, 7351
130170, 7351
172697, 7351
179325, 7351
233180, 7351
240112, 7351
259326, 7351
66102, 7344
101736, 7344
124847, 7344
101210, 7302
143348, 7302
170142, 7302
217112, 7302
254080, 7302
73809, 7300
85734, 7300
173780, 7300
248669, 7300
278643, 7300
292044, 7300
125231, 7299
193341, 7299
230180, 7299
232577, 7299
248675, 7299
259998, 7299
102595, 7228
52644, 7213
148377, 7213
219439, 7213
241579, 7213
252781, 7213
258423, 7213
82582, 7208
161821, 7194
214516, 7194
220070, 7161
73875, 7150
99226, 7150
106922, 7150
153170, 7150
165792, 7150
196192, 7150
244817, 7150
275892, 7150
281672, 7150
114549, 7108
129182, 7108
146094, 7108
179835, 7108
184084, 7108
194847, 7108
200072, 7108
220572, 7108
226998, 7108
233125, 7108
233211, 7108
245420, 7108
253904, 7108
258714, 7108
296465, 7108
57466, 7099
135824, 7099
157853, 7099
163000, 7099
163804, 7099
165428, 7099
201573, 7099
211692, 7099
215839, 7099
221996, 7099
228560, 7099
232607, 7099
236168, 7099
221167, 7091
241134, 7091
256175, 7091
163352, 7060
228046, 7060
252879, 7060
128259, 6902
135888, 6902
188417, 6902
207527, 6902
226822, 6902
228837, 6902
266787, 6902
89188, 6884
292568, 6884
60524, 6855
75647, 6855
98253, 6855
229694, 6855
248972, 6855
40924, 6796
41797, 6796
54827, 6796
62527, 6796
65981, 6796
80786, 6796
82890, 6796
92043, 6796
114166, 6796
115849, 6796
119477, 6796
129860, 6796
140391, 6796
141324, 6796
142240, 6796
147187, 6796
159914, 6796
171754, 6796
173750, 6796
194792, 6796
222051, 6796
226362, 6796
232701, 6796
233626, 6796
242416, 6796
245968, 6796
251803, 6796
279951, 6796
10194, 6715
99602, 6715
139047, 6715
139381, 6715
151241, 6715
160060, 6715
189792, 6715
198729, 6715
201145, 6715
202788, 6715
215145, 6715
245582, 6715
249556, 6715
259552, 6715
264569, 6715
272734, 6715
292872, 6715
163802, 6706
171265, 6706
16571, 6680
141657, 6680
278440, 6680
56093, 6659
84581, 6659
109673, 6659
114872, 6659
118033, 6659
130890, 6659
132008, 6659
134095, 6659
138363, 6659
138525, 6659
149189, 6659
150614, 6659
156299, 6659
168444, 6659
169742, 6659
174771, 6659
178614, 6659
193136, 6659
195142, 6659
197933, 6659
197952, 6659
198076, 6659
230753, 6659
241189, 6659
250257, 6659
252506, 6659
256094, 6659
276721, 6659
281057, 6659
291642, 6659
34218, 6626
58328, 6626
125889, 6626
160794, 6626
180393, 6626
106099, 6598
123964, 6598
137088, 6598
157094, 6598
172107, 6598
190699, 6598
206815, 6598
209705, 6598
232760, 6598
264170, 6598
266993, 6598
191645, 6582
171634, 6579
210390, 6579
251937, 6579
86152, 6563
115565, 6563
117940, 6563
188687, 6563
197313, 6563
228868, 6563
235858, 6563
250809, 6563
262848, 6563
263033, 6563
271717, 6563
273945, 6563
274365, 6563
292868, 6563
281251, 6532
63630, 6521
71283, 6521
91040, 6521
126468, 6521
128152, 6521
140092, 6521
160262, 6521
161118, 6521
163912, 6521
195436, 6521
227950, 6521
229875, 6521
230975, 6521
250654, 6521
295345, 6521
78397, 6514
104622, 6514
124354, 6514
136740, 6514
155878, 6514
206607, 6514
210149, 6514
242166, 6514
265294, 6514
268346, 6514
294913, 6514
163110, 6468
204698, 6468
40393, 6424
90050, 6424
94006, 6424
116547, 6424
117580, 6424
121656, 6424
129689, 6424
157424, 6424
159109, 6424
171855, 6424
172236, 6424
175900, 6424
179046, 6424
188493, 6424
201405, 6424
207047, 6424
210239, 6424
211345, 6424
213130, 6424
215499, 6424
220982, 6424
246050, 6424
248212, 6424
249185, 6424
271248, 6424
278611, 6424
283611, 6424
285088, 6424
285255, 6424
285439, 6424
286086, 6424
286693, 6424
296394, 6424
102644, 6351
140109, 6351
166663, 6351
231493, 6351
253296, 6320
22210, 6317
111847, 6317
123364, 6317
131206, 6317
163056, 6317
177097, 6317
177731, 6317
183600, 6317
194386, 6317
197292, 6317
205807, 6317
213687, 6317
258009, 6317
273001, 6317
275782, 6317
281450, 6317
296383, 6317
70129, 6315
112813, 6315
147325, 6315
170061, 6315
189447, 6315
120654, 6203
193121, 6203
194355, 6203
201167, 6203
281805, 6203
294664, 6203
50022, 6109
103203, 6109
246867, 6109
141220, 6100
78423, 6083
99369, 6083
101729, 6083
102351, 6083
120260, 6083
146832, 6083
151197, 6083
153988, 6083
172303, 6083
190602, 6083
209502, 6083
242973, 6083
287362, 6083
128405, 6038
202872, 6038
239345, 6038
246408, 6038
55759, 6015
81094, 6015
64305, 6011
87803, 6011
163539, 6011
197072, 6011
238100, 6011
278275, 6011
165300, 5977
259854, 5897
25376, 5869
27445, 5869
44023, 5869
52362, 5869
53699, 5869
55705, 5869
60165, 5869
62662, 5869
73512, 5869
75961, 5869
79818, 5869
83143, 5869
95568, 5869
100274, 5869
103137, 5869
126221, 5869
151902, 5869
153241, 5869
163883, 5869
173473, 5869
178317, 5869
179824, 5869
193120, 5869
196375, 5869
219468, 5869
256983, 5869
271082, 5869
279219, 5869
284802, 5869
292778, 5869
294538, 5869
139824, 5862
204269, 5862
215960, 5862
239703, 5862
241967, 5862
248110, 5862
257174, 5862
270207, 5862
273516, 5862
278349, 5862
289428, 5815
234877, 5813
240308, 5813
259429, 5813
62759, 5673
84638, 5673
92569, 5673
113498, 5673
130624, 5673
135767, 5673
137570, 5673
146448, 5673
156360, 5673
171214, 5673
183835, 5673
194273, 5673
195876, 5673
205802, 5673
253686, 5673
272641, 5673
280125, 5673
286608, 5673
288183, 5673
291954, 5673
295216, 5673
295762, 5673
170492, 5669
176279, 5624
288030, 5624
50769, 5612
291929, 5612
58871, 5609
131235, 5609
134466, 5609
178567, 5609
196832, 5609
214650, 5609
229615, 5609
255286, 5609
264847, 5609
37902, 5542
98017, 5542
176690, 5542
269694, 5542
275957, 5542
226948, 5522
106002, 5408
108176, 5408
232873, 5408
241744, 5408
244996, 5408
277121, 5408
73949, 5381
171541, 5380
184806, 5380
219146, 5380
221234, 5380
257642, 5380
277461, 5380
238522, 5373
257593, 5373
258910, 5373
264647, 5373
129607, 5366
146456, 5366
225862, 5329
195144, 5298
221069, 5298
28697, 5248
33661, 5248
45248, 5248
47770, 5248
47969, 5248
48467, 5248
60715, 5248
71450, 5248
71936, 5248
77254, 5248
93186, 5248
105863, 5248
116219, 5248
117573, 5248
118913, 5248
121044, 5248
124068, 5248
124286, 5248
126278, 5248
131308, 5248
144783, 5248
148724, 5248
151230, 5248
151900, 5248
153688, 5248
163899, 5248
167337, 5248
167642, 5248
172972, 5248
176621, 5248
178498, 5248
182463, 5248
189363, 5248
193839, 5248
199411, 5248
202296, 5248
214571, 5248
214688, 5248
217090, 5248
219315, 5248
232272, 5248
248865, 5248
252003, 5248
252504, 5248
260317, 5248
262044, 5248
277018, 5248
283500, 5248
295683, 5248
259383, 5227
285297, 5227
288316, 5227
35921, 5218
113687, 5218
187728, 5218
228483, 5218
231583, 5218
242403, 5218
73883, 5088
172521, 5088
196777, 5088
235789, 5026
223992, 5024
273990, 5024
227401, 5013
216411, 4955
222925, 4935
17671, 4913
19218, 4913
83834, 4899
208837, 4886
274990, 4870
143438, 4868
37754, 4862
20769, 4854
247620, 4825
149725, 4823
219136, 4800
221174, 4800
25861, 4795
10297, 4793
83453, 4793
91177, 4793
21181, 4791
40448, 4787
101014, 4787
126864, 4787
138482, 4787
130960, 4772
137421, 4759
207189, 4759
272333, 4759
88031, 4756
231096, 4756
241058, 4756
260970, 4756
14123, 4750
145889, 4750
154865, 4750
195749, 4750
277876, 4750
164566, 4706
219332, 4706
115635, 4702
184220, 4702
171561, 4700
264591, 4696
295058, 4685
92623, 4678
124574, 4669
209440, 4669
269805, 4669
80187, 4658
144027, 4658
150433, 4658
172433, 4658
183848, 4658
212604, 4658
232672, 4658
262699, 4658
267525, 4658
96225, 4657
218039, 4626
170851, 4625
237956, 4625
263996, 4623
17118, 4599
144627, 4599
158449, 4599
158867, 4599
247384, 4599
256433, 4599
257466, 4599
12574, 4588
193513, 4583
87633, 4571
233338, 4571
283627, 4566
232005, 4565
289915, 4564
157119, 4560
238084, 4560
264176, 4560
166650, 4539
196393, 4539
204825, 4539
234583, 4539
243237, 4539
255684, 4539
265655, 4539
247015, 4505
135124, 4500
272091, 4499
238317, 4496
37511, 4490
83794, 4484
114594, 4484
161355, 4484
180409, 4484
239443, 4484
85187, 4448
43706, 4445
51218, 4445
55127, 4445
225754, 4445
21300, 4442
121247, 4437
220378, 4437
24927, 4430
30285, 4430
76912, 4403
137031, 4403
151377, 4388
85458, 4374
283964, 4374
261105, 4359
163308, 4349
255434, 4349
152935, 4347
197214, 4347
214109, 4347
238617, 4347
105549, 4341
122826, 4339
23190, 4331
23398, 4331
33969, 4331
70813, 4331
275847, 4331
287732, 4331
134171, 4311
54982, 4275
91587, 4275
220952, 4210
146686, 4206
200944, 4206
278715, 4206
288469, 4206
103510, 4187
234624, 4187
269558, 4187
57274, 4182
219784, 4181
10748, 4154
16820, 4154
57773, 4154
63113, 4154
183466, 4154
10360, 4107
15575, 4107
22250, 4107
157495, 4073
226138, 4044
143967, 4034
246145, 4034
294373, 4034
170174, 4014
21716, 3997
16103, 3988
53403, 3988
64651, 3988
220807, 3982
242017, 3982
34364, 3942
46352, 3942
75467, 3942
7102, 3918
131405, 3918
91664, 3909
274822, 3909
282959, 3899
124427, 3895
54629, 3891
229369, 3891
61954, 3875
104104, 3875
108657, 3875
133851, 3875
203739, 3862
2420, 3856
5489, 3856
5643, 3847
239841, 3828
220631, 3824
227367, 3824
8749, 3796
26129, 3796
32396, 3796
33473, 3796
64399, 3796
71425, 3796
100610, 3796
213353, 3796
15908, 3792
101579, 3784
202627, 3783
275180, 3777
288551, 3777
69631, 3767
83308, 3767
33131, 3761
107935, 3761
288977, 3761
159662, 3745
162525, 3745
257595, 3745
113711, 3743
205297, 3743
89302, 3740
105765, 3740
268638, 3733
50889, 3721
8563, 3705
18359, 3705
56235, 3705
69219, 3705
69496, 3705
70441, 3705
88977, 3705
144909, 3705
188545, 3701
179679, 3693
60758, 3682
120450, 3682
199682, 3679
210948, 3672
80158, 3671
267889, 3671
35804, 3663
145406, 3663
96751, 3640
34345, 3612
150768, 3612
227840, 3612
57172, 3602
176369, 3595
52901, 3583
288872, 3576
22251, 3514
33611, 3514
18097, 3496
19253, 3496
24254, 3496
26960, 3496
34782, 3496
41517, 3496
45931, 3496
48366, 3496
75920, 3496
242410, 3496
84798, 3492
168129, 3492
229372, 3492
272921, 3492
150498, 3490
209994, 3489
136745, 3476
260240, 3448
25416, 3444
35308, 3444
55614, 3444
66666, 3413
186744, 3400
190488, 3400
256208, 3400
82462, 3399
198353, 3363
56032, 3337
32376, 3300
32913, 3300
85791, 3300
277422, 3300
30962, 3267
116590, 3267
204456, 3248
169405, 3243
248710, 3243
275183, 3243
141006, 3232
56829, 3212
19687, 3205
184765, 3205
6933, 3187
10790, 3184
11533, 3184
17554, 3184
21141, 3184
33046, 3184
36618, 3184
37699, 3184
48317, 3184
50979, 3184
52303, 3184
52540, 3184
61109, 3184
71071, 3184
96209, 3184
132133, 3184
136406, 3184
144652, 3184
154966, 3184
165574, 3184
157877, 3183
24817, 3169
62118, 3169
101922, 3169
162255, 3162
169351, 3153
8131, 3129
10273, 3129
26952, 3129
37580, 3129
47657, 3129
49830, 3129
56928, 3129
63812, 3129
68033, 3129
122653, 3129
139325, 3129
259194, 3116
160357, 3110
180200, 3110
187755, 3110
235717, 3110
255250, 3110
265049, 3110
288836, 3110
211499, 3106
148923, 3100
77702, 3083
50055, 3058
159132, 3058
287008, 3058
219001, 3054
236985, 3037
23239, 3021
103769, 3021
224883, 3021
295638, 3017
258885, 3003
249988, 3001
284375, 2996
165718, 2995
42356, 2959
42612, 2959
54395, 2959
121870, 2959
33535, 2941
70982, 2941
71666, 2941
138430, 2941
83466, 2878
217391, 2863
255956, 2853
208956, 2846
272494, 2843
275335, 2842
166214, 2830
213733, 2818
171800, 2816
187135, 2816
241988, 2816
79846, 2789
260806, 2789
19912, 2784
20024, 2784
21501, 2784
21958, 2784
24886, 2784
24963, 2784
25367, 2784
25996, 2784
27425, 2784
27903, 2784
36082, 2784
39767, 2784
40247, 2784
46947, 2784
54390, 2784
60227, 2784
73985, 2784
83424, 2784
91353, 2784
95683, 2784
123062, 2784
137373, 2784
141191, 2784
141435, 2784
142397, 2784
147775, 2784
156874, 2784
157980, 2784
162939, 2784
164523, 2784
180724, 2784
182635, 2784
195074, 2784
196233, 2784
197203, 2784
204756, 2784
204932, 2784
246121, 2784
277418, 2784
278745, 2784
285482, 2784
219539, 2775
251088, 2775
279501, 2775
170944, 2760
211774, 2760
17431, 2750
17886, 2750
19742, 2750
21854, 2750
31745, 2750
32141, 2750
44726, 2750
54335, 2750
85501, 2750
88513, 2750
89694, 2750
95775, 2750
117810, 2750
124717, 2750
134239, 2750
142054, 2750
182251, 2750
189383, 2750
199406, 2750
212649, 2750
226152, 2750
240349, 2750
263768, 2750
265882, 2750
266530, 2750
276879, 2750
281383, 2750
105097, 2742
28319, 2727
30742, 2727
34427, 2727
47023, 2727
53999, 2727
125703, 2727
160366, 2727
163221, 2727
199794, 2727
210240, 2727
211660, 2727
217927, 2727
217983, 2727
226231, 2727
229685, 2727
248665, 2727
264228, 2727
268834, 2727
275994, 2727
141079, 2719
200499, 2719
216493, 2719
22916, 2718
32447, 2718
56729, 2718
94119, 2718
97344, 2718
186583, 2718
226618, 2718
233280, 2718
262596, 2718
82452, 2715
94001, 2711
143885, 2711
167036, 2711
260678, 2711
284106, 2696
34001, 2689
68703, 2689
122250, 2689
206883, 2689
291619, 2689
3687, 2666
46616, 2666
137640, 2666
158122, 2666
236836, 2666
144696, 2655
199124, 2655
231694, 2655
273874, 2655
131129, 2651
208859, 2649
10147, 2648
18025, 2648
27164, 2648
27199, 2648
50032, 2648
52567, 2648
53624, 2648
76525, 2648
145478, 2648
147107, 2648
248463, 2648
292874, 2643
85926, 2638
99066, 2638
236650, 2638
267868, 2638
26818, 2607
81342, 2603
26422, 2598
108655, 2598
33421, 2597
36114, 2597
36197, 2597
38925, 2597
58262, 2597
63820, 2597
70423, 2597
83895, 2597
86395, 2597
113481, 2597
119281, 2597
131207, 2597
136598, 2597
185056, 2597
188753, 2597
188988, 2597
214174, 2597
216894, 2597
229882, 2597
239519, 2597
250126, 2597
272118, 2597
287859, 2597
288393, 2597
292456, 2597
14496, 2591
14580, 2591
22035, 2591
30479, 2591
57623, 2591
62441, 2591
71217, 2591
72739, 2591
73187, 2591
101726, 2591
110286, 2591
112840, 2591
151057, 2591
153380, 2591
165998, 2591
167829, 2591
212596, 2591
220154, 2591
231127, 2591
258925, 2591
259808, 2591
265650, 2591
288673, 2591
291265, 2591
152501, 2555
267105, 2555
258331, 2546
212430, 2545
53009, 2539
91851, 2539
114169, 2537
146286, 2537
162879, 2537
32321, 2514
58957, 2493
79298, 2493
25884, 2491
27325, 2491
63098, 2491
85146, 2491
103560, 2491
180480, 2491
212697, 2491
2686, 2489
181400, 2487
118907, 2484
167330, 2484
195330, 2484
294097, 2484
145501, 2482
287431, 2475
20228, 2467
102321, 2456
131354, 2454
226280, 2454
231645, 2454
19065, 2447
22428, 2447
25724, 2447
27879, 2447
68892, 2447
13140, 2437
84018, 2437
133841, 2434
119301, 2432
124388, 2432
166042, 2432
182209, 2432
235219, 2432
246791, 2432
22993, 2431
27478, 2431
80864, 2431
163379, 2431
191752, 2431
199218, 2431
225813, 2431
225864, 2431
232304, 2431
246726, 2431
252013, 2431
280569, 2431
68687, 2429
72652, 2429
240301, 2429
5033, 2425
63918, 2425
167982, 2403
243690, 2397
14814, 2391
19621, 2388
28588, 2388
69258, 2388
287137, 2388
291000, 2388
28523, 2360
184371, 2360
185567, 2360
229129, 2360
231437, 2360
256513, 2360
279244, 2360
296338, 2360
76189, 2351
277999, 2332
274895, 2327
11739, 2315
101022, 2315
156887, 2315
216739, 2315
106688, 2303
257257, 2302
126012, 2296
3621, 2275
11178, 2275
18944, 2270
104959, 2270
110416, 2270
287021, 2269
109118, 2256
199152, 2250
94304, 2246
86356, 2242
118030, 2242
138423, 2242
214238, 2242
214977, 2242
228263, 2242
220772, 2239
27360, 2235
64390, 2234
118328, 2234
175107, 2234
207979, 2234
252829, 2234
294018, 2225
1644, 2223
227759, 2222
254298, 2222
21372, 2220
58521, 2220
64541, 2220
123037, 2220
144443, 2220
162466, 2220
164855, 2220
166391, 2220
214320, 2220
237441, 2220
248384, 2220
259324, 2220
22707, 2211
115463, 2211
237393, 2204
275724, 2202
249433, 2200
147456, 2192
214940, 2192
106579, 2185
126108, 2185
129216, 2185
164437, 2185
239598, 2185
264895, 2185
238726, 2179
196859, 2171
250122, 2171
57165, 2170
58581, 2170
63823, 2170
64600, 2170
70618, 2170
72707, 2170
72887, 2170
77593, 2170
79911, 2170
80869, 2170
84400, 2170
97335, 2170
101936, 2170
102806, 2170
103679, 2170
109468, 2170
109642, 2170
109956, 2170
112204, 2170
149522, 2170
154362, 2170
174128, 2170
231279, 2170
284611, 2170
284905, 2170
136154, 2167
152990, 2167
168145, 2167
267873, 2167
271940, 2167
234364, 2154
218053, 2152
100643, 2145
103315, 2145
84605, 2144
70319, 2139
283641, 2139
284400, 2139
105226, 2135
247997, 2135
245671, 2134
174715, 2126
104112, 2124
23312, 2112
113641, 2111
213292, 2111
219466, 2111
193769, 2108
230685, 2108
236966, 2108
271201, 2108
64953, 2107
98760, 2107
132506, 2107
150711, 2107
152677, 2107
165045, 2107
172811, 2107
187975, 2107
190430, 2107
209986, 2107
269546, 2107
132085, 2105
143335, 2105
175284, 2105
185466, 2105
242147, 2105
254501, 2105
185756, 2104
294003, 2103
80201, 2101
124539, 2101
165198, 2098
295360, 2098
193976, 2080
106248, 2077
204423, 2076
19127, 2074
66866, 2074
190011, 2073
200916, 2073
221210, 2073
269344, 2073
166395, 2070
82553, 2068
83643, 2068
291242, 2068
154399, 2061
192893, 2061
14706, 2059
147563, 2059
210590, 2059
222613, 2059
241998, 2059
253969, 2059
288028, 2059
129122, 2058
238757, 2056
35138, 2049
69503, 2049
188044, 2049
209272, 2049
242832, 2049
259132, 2049
54607, 2047
193142, 2047
199598, 2047
289471, 2047
267404, 2043
172067, 2041
84153, 2040
98527, 2034
137375, 2032
198733, 2032
211832, 2032
248692, 2032
249330, 2032
259394, 2032
171040, 2031
199401, 2031
259472, 2031
150060, 2028
75383, 2023
150887, 2023
192201, 2023
20767, 2014
149677, 2012
248477, 2012
233350, 2007
20055, 2006
51564, 2006
59988, 2006
217879, 2006
11930, 2005
92629, 2005
126980, 2001
141268, 2001
174633, 2001
206990, 2001
233939, 2001
235225, 2001
51487, 1993
31351, 1992
180105, 1991
198756, 1991
215709, 1990
237285, 1990
59173, 1987
18806, 1984
64724, 1984
200337, 1984
43361, 1983
43679, 1983
96556, 1983
185128, 1983
65326, 1974
103676, 1974
122840, 1974
130392, 1974
142284, 1974
273720, 1974
287303, 1974
35168, 1970
167968, 1967
75256, 1964
79133, 1964
104545, 1961
66077, 1960
48309, 1958
60179, 1958
90055, 1958
134982, 1958
162568, 1958
112659, 1957
258834, 1957
113136, 1956
122882, 1956
138444, 1956
155674, 1956
158753, 1956
206410, 1956
267507, 1956
286498, 1956
152019, 1944
16493, 1942
27809, 1942
39542, 1942
40075, 1942
50305, 1942
51305, 1942
72204, 1942
82403, 1942
83305, 1942
92562, 1942
108072, 1942
123603, 1942
127481, 1942
133326, 1942
149281, 1942
105085, 1938
109060, 1938
148419, 1938
160847, 1938
208495, 1938
197635, 1935
261430, 1935
295094, 1935
99532, 1934
240909, 1934
243745, 1934
281182, 1934
51593, 1932
196017, 1932
236185, 1930
205980, 1928
47609, 1922
109748, 1922
247850, 1922
236112, 1916
64595, 1913
174589, 1911
163871, 1908
74070, 1907
79461, 1906
157983, 1906
182653, 1906
215890, 1906
234043, 1906
268216, 1906
103639, 1905
143028, 1905
189996, 1905
216238, 1905
16133, 1903
241566, 1900
61113, 1897
76368, 1897
135316, 1897
141993, 1897
160061, 1897
189350, 1897
219080, 1897
285181, 1897
150893, 1894
222838, 1894
23485, 1889
87680, 1889
189801, 1889
260123, 1889
263138, 1888
198925, 1886
30559, 1880
266065, 1879
38361, 1878
78541, 1878
106772, 1878
115585, 1878
237541, 1878
23334, 1875
118617, 1875
188120, 1875
124910, 1874
239813, 1874
128953, 1873
231018, 1873
242947, 1873
272610, 1873
279782, 1873
281520, 1873
295658, 1873
22633, 1871
99041, 1864
124775, 1864
208295, 1864
236565, 1864
130799, 1863
171318, 1861
146138, 1860
234252, 1854
94788, 1849
103132, 1849
146949, 1849
172656, 1849
175704, 1849
191634, 1849
196337, 1849
210081, 1849
219380, 1849
241678, 1849
250903, 1849
255363, 1849
281469, 1849
47867, 1847
90737, 1846
23506, 1844
111112, 1844
184992, 1844
274469, 1844
77526, 1842
109522, 1842
117925, 1842
163667, 1834
137618, 1832
171018, 1832
264112, 1832
282745, 1832
240342, 1829
105949, 1822
110981, 1818
186557, 1818
217136, 1818
181180, 1817
98486, 1816
116438, 1816
216524, 1816
286185, 1816
92452, 1815
169634, 1815
198715, 1815
205324, 1815
289112, 1815
109916, 1814
83884, 1812
91162, 1812
166560, 1812
179250, 1812
289730, 1812
45457, 1806
229760, 1806
18330, 1804
93047, 1804
98049, 1804
130028, 1804
132637, 1804
137364, 1804
142307, 1804
146008, 1804
178604, 1804
185546, 1804
205453, 1804
212265, 1804
221230, 1804
230288, 1804
263158, 1804
264423, 1804
267308, 1804
268905, 1804
273188, 1804
55762, 1801
205898, 1799
188524, 1798
125361, 1796
65812, 1792
70698, 1792
116401, 1792
165900, 1792
178430, 1792
203240, 1792
205047, 1792
224225, 1792
229077, 1792
229770, 1792
230418, 1792
131146, 1788
234285, 1788
246462, 1788
125909, 1785
253592, 1785
51450, 1780
110407, 1778
190961, 1778
220295, 1778
233299, 1777
772, 1773
76124, 1773
99443, 1773
164577, 1773
213940, 1773
77050, 1771
98774, 1771
83492, 1770
86050, 1770
110053, 1770
154051, 1770
207486, 1770
230475, 1769
72004, 1768
110484, 1768
170270, 1768
172559, 1768
197799, 1768
210074, 1768
244456, 1768
57254, 1765
76166, 1765
188372, 1761
291266, 1755
132809, 1754
132816, 1754
214486, 1754
115255, 1751
241697, 1749
151309, 1748
244812, 1748
20190, 1746
238969, 1745
175331, 1742
239891, 1742
264859, 1742
52251, 1739
249271, 1738
158051, 1736
221366, 1736
257792, 1736
283659, 1729
10827, 1727
31163, 1727
31675, 1727
73706, 1727
83023, 1727
112044, 1727
113917, 1727
143963, 1727
170170, 1727
183318, 1727
205021, 1727
244402, 1727
254877, 1727
283957, 1727
290855, 1727
291512, 1727
30263, 1725
14767, 1716
169704, 1712
244133, 1712
272208, 1712
30985, 1709
69181, 1709
88045, 1709
116663, 1709
184708, 1709
232596, 1709
131043, 1706
254538, 1706
21215, 1702
260893, 1702
293473, 1702
49837, 1693
90559, 1693
97590, 1693
116737, 1693
136581, 1693
280259, 1693
283235, 1693
112207, 1692
213083, 1692
61000, 1687
70246, 1687
287309, 1687
111733, 1683
144082, 1683
149990, 1683
201890, 1683
116884, 1681
167680, 1681
197918, 1681
236925, 1681
263612, 1681
71356, 1679
218784, 1679
259348, 1679
111338, 1675
86921, 1670
143167, 1670
273749, 1670
71481, 1669
286247, 1669
33808, 1667
151198, 1666
165400, 1666
171902, 1666
180004, 1666
236556, 1666
261206, 1666
86135, 1665
188192, 1665
280271, 1663
272418, 1659
24985, 1656
126286, 1656
248052, 1654
116045, 1652
189386, 1652
236926, 1649
264406, 1649
29504, 1646
143453, 1646
54802, 1645
55525, 1645
66366, 1645
96925, 1645
101954, 1645
130040, 1645
238437, 1645
26823, 1644
260982, 1644
230429, 1640
245609, 1638
133162, 1637
151866, 1637
250968, 1637
84619, 1636
105189, 1636
173544, 1636
64936, 1635
152872, 1635
63475, 1634
49993, 1632
54481, 1632
57572, 1632
139819, 1632
159632, 1632
229459, 1632
241964, 1629
137911, 1628
205134, 1628
26164, 1624
43700, 1624
80923, 1624
150629, 1624
69611, 1623
164970, 1622
269451, 1619
61059, 1616
144365, 1616
173206, 1615
77886, 1611
44146, 1608
71518, 1608
79655, 1608
119223, 1608
93283, 1599
30736, 1590
60881, 1590
77474, 1590
102131, 1590
140796, 1587
184075, 1587
189661, 1587
279786, 1585
70667, 1584
97455, 1581
112824, 1581
140766, 1581
103399, 1580
124224, 1580
190000, 1580
235509, 1573
68356, 1571
283857, 1569
283935, 1569
257710, 1568
118350, 1567
16773, 1566
73561, 1566
13772, 1563
14605, 1563
23237, 1563
33961, 1563
64910, 1563
68441, 1563
84690, 1563
86778, 1563
126248, 1563
164393, 1563
188583, 1563
211177, 1563
100964, 1562
294673, 1562
147957, 1560
189724, 1560
203736, 1560
250550, 1560
256368, 1560
268255, 1560
99482, 1557
73134, 1555
149136, 1555
281686, 1555
292268, 1555
30283, 1554
58623, 1554
114566, 1554
119975, 1554
242857, 1554
49834, 1553
181061, 1553
281356, 1553
54787, 1552
184750, 1551
35742, 1550
259853, 1550
183061, 1543
189597, 1543
264263, 1540
143504, 1538
218421, 1535
288781, 1535
262837, 1534
276712, 1534
157532, 1530
20942, 1528
266337, 1528
124964, 1527
36572, 1523
89184, 1523
147084, 1523
236730, 1523
177357, 1520
74940, 1519
87598, 1519
135626, 1519
139126, 1519
149291, 1519
162922, 1519
209009, 1519
261731, 1519
274426, 1519
280196, 1519
283736, 1519
14227, 1516
206791, 1512
171935, 1511
194353, 1511
204796, 1511
221271, 1511
250558, 1511
251724, 1511
254466, 1511
275403, 1511
284290, 1511
45154, 1507
81777, 1506
123658, 1506
43523, 1502
86084, 1502
293392, 1497
142160, 1496
222991, 1496
138330, 1494
231008, 1494
292834, 1494
133063, 1490
144613, 1490
245879, 1490
663, 1487
37329, 1485
153801, 1485
205646, 1485
211189, 1485
62086, 1483
30049, 1482
102731, 1482
142735, 1482
177710, 1482
183524, 1482
110080, 1479
287603, 1478
103215, 1477
211951, 1477
82427, 1476
119229, 1476
198898, 1475
226439, 1475
55080, 1474
70036, 1474
82545, 1474
179875, 1474
201128, 1474
230666, 1474
189095, 1473
194163, 1473
226791, 1473
140544, 1472
192939, 1469
136421, 1467
282381, 1467
139912, 1466
99969, 1465
161513, 1463
215082, 1463
222854, 1462
97722, 1460
42296, 1459
98352, 1459
112759, 1459
256928, 1459
106173, 1458
271382, 1457
86788, 1447
149030, 1445
184386, 1445
209954, 1442
228661, 1440
147212, 1438
41048, 1437
274280, 1437
63782, 1435
155592, 1427
80418, 1426
112105, 1426
179548, 1426
269178, 1426
87751, 1425
102984, 1425
226022, 1423
241830, 1423
252571, 1422
222090, 1421
242582, 1419
279744, 1413
204748, 1411
267000, 1411
97306, 1409
100058, 1409
259020, 1409
254144, 1408
188406, 1407
277829, 1407
212461, 1404
258340, 1403
132389, 1402
29350, 1401
87502, 1401
126587, 1401
29372, 1399
203816, 1397
153983, 1394
183236, 1394
171114, 1391
229046, 1383
162776, 1382
266633, 1380
55124, 1378
183910, 1378
93711, 1377
232659, 1375
293622, 1374
281684, 1373
285017, 1372
153670, 1367
174848, 1367
238852, 1367
265598, 1367
97085, 1366
170244, 1366
87341, 1365
13534, 1364
21826, 1364
45128, 1364
75884, 1364
100245, 1364
128813, 1364
256809, 1364
265930, 1364
274480, 1364
151102, 1363
69856, 1361
205033, 1360
217564, 1357
22614, 1354
95481, 1354
199349, 1354
281872, 1350
73640, 1349
245991, 1344
101250, 1341
290154, 1340
151246, 1336
215865, 1335
222970, 1335
125564, 1332
189510, 1332
288066, 1331
194262, 1329
117712, 1328
191819, 1327
238642, 1325
21304, 1324
155001, 1324
227200, 1324
98343, 1320
140180, 1317
210525, 1315
270435, 1315
60385, 1314
212758, 1310
160181, 1308
210669, 1308
274802, 1304
169108, 1302
133284, 1298
234506, 1298
239073, 1298
290650, 1298
131087, 1297
67059, 1295
71832, 1295
103920, 1295
189630, 1295
105377, 1294
114729, 1294
222684, 1294
21890, 1293
76511, 1285
85197, 1285
121107, 1285
240196, 1285
288435, 1285
64176, 1284
209105, 1281
151778, 1280
229584, 1280
253854, 1280
280338, 1280
73060, 1279
90352, 1279
191991, 1279
248659, 1279
276079, 1279
24653, 1278
232499, 1278
52391, 1277
203166, 1275
276532, 1273
232652, 1271
97357, 1269
213227, 1269
177248, 1268
214824, 1258
124009, 1257
137534, 1257
296513, 1257
239434, 1255
146828, 1253
154915, 1253
5265, 1252
116744, 1252
119621, 1252
128845, 1252
147669, 1252
150209, 1252
189425, 1252
216694, 1252
225539, 1252
229399, 1252
232105, 1252
239240, 1252
244951, 1252
261245, 1252
292006, 1252
295899, 1252
217640, 1251
272139, 1251
294023, 1250
295191, 1250
57127, 1249
128458, 1249
130167, 1249
175973, 1249
227585, 1249
283230, 1242
213892, 1237
255805, 1237
5487, 1233
119553, 1233
121152, 1233
204489, 1231
289229, 1230
201021, 1228
82635, 1226
181491, 1226
27561, 1223
28209, 1223
57470, 1220
84089, 1220
101928, 1220
106217, 1220
107606, 1220
107774, 1220
115506, 1220
115960, 1220
129221, 1220
134017, 1220
137823, 1220
151849, 1220
152233, 1220
160973, 1220
164699, 1220
173210, 1220
179005, 1220
193086, 1220
198017, 1220
226035, 1220
238860, 1220
240819, 1220
242102, 1220
275833, 1220
277959, 1220
284543, 1220
158327, 1218
290922, 1218
83681, 1215
107917, 1215
118056, 1215
121980, 1215
130713, 1215
145188, 1215
150322, 1215
158136, 1215
160301, 1215
161010, 1215
186232, 1215
190218, 1215
196824, 1215
203260, 1215
210288, 1215
224312, 1215
226123, 1215
233134, 1215
273782, 1215
277209, 1215
281306, 1215
128212, 1214
138208, 1214
171298, 1214
173989, 1213
242916, 1213
108249, 1207
60995, 1204
84976, 1204
107241, 1204
124859, 1204
171121, 1204
173842, 1204
178948, 1204
204203, 1204
207709, 1204
208343, 1204
208384, 1204
210564, 1204
218240, 1204
219400, 1204
278914, 1204
287233, 1204
243503, 1203
49534, 1202
65322, 1202
71940, 1202
73692, 1202
79246, 1202
81603, 1202
99086, 1202
104906, 1202
108400, 1202
111022, 1202
113484, 1202
116335, 1202
118629, 1202
122255, 1202
122768, 1202
125125, 1202
126143, 1202
130819, 1202
136555, 1202
141602, 1202
150189, 1202
154346, 1202
156158, 1202
162964, 1202
163050, 1202
166429, 1202
185477, 1202
193712, 1202
199928, 1202
212163, 1202
219792, 1202
224978, 1202
237156, 1202
241259, 1202
254784, 1202
259935, 1202
261659, 1202
267213, 1202
269398, 1202
273937, 1202
280898, 1202
288587, 1202
293756, 1202
134462, 1198
166715, 1198
118459, 1197
208769, 1196
87624, 1195
119667, 1195
250229, 1195
270240, 1195
232278, 1188
202578, 1187
237221, 1185
275223, 1185
289407, 1185
34342, 1184
266613, 1173
67825, 1167
223981, 1163
105391, 1161
133167, 1160
153041, 1160
261728, 1160
114117, 1159
125399, 1156
75694, 1153
214131, 1153
289493, 1153
187881, 1152
37150, 1151
37485, 1151
54053, 1151
55688, 1151
69359, 1151
73708, 1151
78923, 1151
79433, 1151
83970, 1151
84001, 1151
113149, 1151
116992, 1151
118761, 1151
141535, 1151
147121, 1151
149537, 1151
150950, 1151
164790, 1151
170733, 1151
178379, 1151
191800, 1151
193147, 1151
197506, 1151
207564, 1151
219663, 1151
226979, 1151
262275, 1151
273571, 1151
287186, 1151
35537, 1150
37561, 1150
164994, 1150
264171, 1150
288320, 1150
284471, 1149
41399, 1148
279236, 1148
56925, 1147
82921, 1147
119869, 1147
207073, 1147
251025, 1147
253696, 1147
277283, 1147
90387, 1143
47610, 1141
48111, 1141
221423, 1137
104385, 1136
226148, 1135
46727, 1133
46893, 1133
112913, 1133
145617, 1133
191736, 1133
196512, 1133
228718, 1133
287565, 1133
228407, 1127
281335, 1126
229876, 1125
235552, 1125
284190, 1125
295901, 1125
34354, 1124
168151, 1123
182978, 1123
292130, 1123
34124, 1119
136918, 1117
183419, 1117
61912, 1115
66639, 1115
74159, 1115
96998, 1115
205515, 1115
241150, 1115
251152, 1115
291389, 1112
292693, 1112
288039, 1110
66539, 1103
137768, 1102
97774, 1101
157366, 1101
187055, 1100
224047, 1100
228567, 1100
200909, 1097
206302, 1097
273764, 1095
44491, 1092
195211, 1091
28576, 1090
146811, 1090
81280, 1089
163947, 1089
181160, 1089
257828, 1089
275375, 1089
288888, 1089
55227, 1088
87155, 1088
139263, 1088
201713, 1088
127455, 1086
158131, 1086
167736, 1086
732, 1080
10804, 1078
52691, 1077
158694, 1077
205282, 1075
148771, 1074
102038, 1072
122588, 1072
160628, 1072
171337, 1072
171734, 1072
188481, 1072
252200, 1072
97366, 1071
119108, 1071
288717, 1071
87100, 1069
139240, 1069
199851, 1069
57005, 1068
13624, 1067
156817, 1067
198537, 1067
231115, 1067
287111, 1067
243373, 1065
122818, 1063
137114, 1061
259076, 1061
193102, 1053
80239, 1051
90201, 1051
55749, 1049
157045, 1047
179199, 1047
183656, 1047
211400, 1047
214358, 1047
217816, 1047
289384, 1047
231112, 1045
229658, 1042
94861, 1041
20307, 1039
133234, 1038
164148, 1038
225945, 1038
28868, 1036
52132, 1035
70940, 1035
86028, 1035
93847, 1035
105728, 1035
146534, 1035
166522, 1035
170482, 1035
170513, 1035
177758, 1035
182879, 1035
185930, 1035
188243, 1035
204474, 1035
213808, 1035
217497, 1035
229533, 1035
231194, 1035
237623, 1035
263097, 1035
271967, 1035
272349, 1035
288438, 1035
55037, 1034
96623, 1034
98378, 1034
119867, 1034
138146, 1034
149501, 1034
160052, 1034
161247, 1034
201235, 1034
96669, 1031
121219, 1031
163918, 1031
276178, 1031
206689, 1030
83968, 1028
270277, 1028
32683, 1025
82024, 1025
92651, 1022
51197, 1021
160989, 1020
210837, 1020
156341, 1019
71000, 1018
141398, 1018
161399, 1018
161742, 1018
163048, 1018
174869, 1018
191722, 1018
195195, 1018
196956, 1018
231758, 1018
233998, 1018
245447, 1018
254450, 1018
266325, 1018
269833, 1018
276386, 1018
278835, 1018
279124, 1018
285949, 1018
288202, 1018
294878, 1018
296305, 1018
282054, 1017
248125, 1010
30401, 1009
250424, 1009
6099, 1008
25581, 1008
45259, 1008
50235, 1008
50614, 1008
54962, 1008
62134, 1008
76420, 1008
109452, 1008
154843, 1008
188620, 1008
232614, 1008
261920, 1008
265927, 1007
34775, 1006
86296, 1006
97418, 1006
104693, 1006
107153, 1006
119762, 1006
142936, 1006
175939, 1006
230435, 1006
33886, 1004
74646, 1003
78349, 1001
129961, 1001
137568, 1001
199759, 1001
65471, 1000
