5418, 121092
1099, 120702
1201, 120702
13858, 118977
65058, 118977
93701, 118977
3468, 117930
2, 116536
163, 114968
104029, 114968
23211, 114006
36471, 113976
116096, 112577
22282, 108436
73683, 108436
29399, 106685
69268, 106685
123467, 106685
41838, 103036
50453, 103036
35, 98458
205, 98458
562, 98458
1181, 98458
1823, 98458
2282, 98458
3091, 98458
3381, 98458
7007, 98458
884, 96866
3195, 96866
5171, 96866
68763, 96866
155495, 96866
10123, 93205
20657, 93205
122769, 87298
10659, 84926
12627, 84926
17179, 84926
18692, 84926
23177, 84926
27631, 84926
31055, 84926
113, 80322
5474, 80322
5556, 80322
5806, 80322
3903, 76422
9882, 76422
12573, 76422
181680, 74140
20172, 73534
22108, 73534
29684, 73281
55398, 72134
2598, 71532
31513, 70517
66729, 70168
19525, 70162
27773, 70162
36250, 70162
67884, 70162
17689, 70153
217314, 70039
221705, 70039
2890, 69002
2925, 69002
2991, 69002
3090, 69002
3106, 69002
6581, 69002
30433, 68769
1350, 68497
1855, 68497
1955, 68497
2078, 68497
2512, 68497
2618, 68497
2982, 68497
15936, 68497
25380, 68497
37774, 68497
185465, 68497
226638, 68497
247425, 68391
215376, 67773
284001, 67773
25744, 67150
44897, 67129
49644, 67129
40298, 66963
76930, 65955
12774, 65928
2436, 65856
3111, 65856
178117, 65784
259363, 65784
11199, 65736
58132, 65670
2901, 65326
235914, 64358
15866, 64157
168042, 64157
205384, 63647
66230, 63347
33215, 63239
164579, 63065
248358, 62900
2914, 62158
177623, 61712
12694, 61508
64829, 61508
162167, 61111
40282, 61096
30586, 61002
104241, 61002
3890, 60586
142485, 60586
13146, 60410
61195, 59723
110882, 59723
119773, 59723
130067, 59723
137557, 59723
138113, 59723
169277, 59723
176619, 59723
255599, 59723
282402, 59723
118984, 59628
20378, 59026
193410, 58997
213410, 58961
255036, 58961
8482, 58936
12058, 58936
15190, 58936
16207, 58936
17346, 58936
19902, 58936
21094, 58936
25748, 58936
10895, 58790
16016, 58790
179602, 58428
11280, 58403
25044, 58403
13509, 57773
68833, 57773
147543, 57773
8943, 57618
177092, 57618
30625, 57067
36851, 57067
37169, 57067
55136, 57067
55877, 57067
24592, 56693
28083, 56693
32521, 56693
37135, 56693
40932, 56693
45351, 56693
211135, 56693
170150, 56255
2357, 55980
3913, 55980
12429, 55980
13446, 55980
17326, 55980
25772, 55980
32585, 55980
39907, 55980
119770, 55980
138772, 55980
148728, 55980
210598, 55980
290156, 55980
9367, 55974
50451, 55849
141116, 55849
1446, 55825
1755, 55825
2457, 55825
4537, 55825
5453, 55825
7875, 55825
8288, 55825
13923, 55825
17469, 55825
20617, 55825
22338, 55825
25957, 55825
37392, 55825
49211, 55825
68620, 55825
72081, 55825
80665, 55825
83059, 55825
84372, 55825
84944, 55825
111074, 55825
117541, 55825
136829, 55825
211852, 55825
233678, 55825
247989, 55825
287139, 55825
25719, 55810
152405, 55655
7387, 55244
7878, 55244
14013, 55244
58592, 55244
79414, 55244
84205, 55244
125642, 55244
175991, 55244
275073, 55232
10241, 55224
17342, 55224
36642, 55224
45376, 55224
204280, 55224
243387, 55224
255737, 55224
20960, 55193
179256, 55174
263254, 55174
117516, 55088
9747, 55074
10030, 55074
12137, 55074
19676, 55074
22289, 55074
71559, 55074
113466, 55074
156583, 55074
258749, 55074
3419, 54875
28991, 54875
98371, 54875
152142, 54860
227839, 54860
4367, 54767
7215, 54767
69930, 54767
83569, 54767
188500, 54767
136255, 54695
2358, 53686
16687, 53640
86522, 53640
122691, 53640
126661, 53202
1417, 52830
1481, 52830
93295, 52830
113051, 52830
154887, 52830
269002, 52830
3866, 52685
54376, 52685
2593, 52274
6497, 52274
24171, 52274
44283, 52274
58702, 52274
238223, 52274
5611, 52165
30085, 52165
72288, 52165
183488, 51575
41020, 50977
63224, 50977
154110, 50977
79745, 50459
16851, 49936
40671, 49936
76974, 49936
106278, 49936
144612, 49936
256736, 49936
277688, 49936
103774, 49885
294482, 49789
66788, 49448
7132, 49346
30879, 49346
147350, 49346
273560, 49346
224446, 49264
238120, 49264
4785, 49028
159085, 49028
11333, 47986
14738, 47986
18059, 47986
18650, 47986
19458, 47986
20131, 47986
20875, 47986
26599, 47986
26768, 47986
28300, 47986
29927, 47986
29974, 47986
37898, 47986
72911, 47986
93086, 47986
123886, 47986
169176, 47986
178658, 47986
196683, 47986
253247, 47986
284053, 47986
20096, 47917
221613, 47827
1995, 47173
225, 47015
40401, 46544
89377, 46544
61007, 46402
230125, 46402
256532, 46402
39388, 46390
45896, 46390
48105, 46390
48197, 46390
48947, 46390
52103, 46390
54970, 46390
62952, 46390
72320, 46390
75384, 46390
83247, 46390
88681, 46390
276170, 46390
294891, 46390
124922, 46093
58288, 46029
102114, 46029
194925, 46029
198507, 46029
17535, 45841
18566, 45841
20108, 45841
32335, 45841
68448, 45841
70886, 45841
72099, 45841
90185, 45841
192307, 43726
246245, 42869
192091, 42698
234775, 42698
34567, 42493
78, 42472
242515, 42419
278316, 42419
201735, 41170
294795, 41170
80888, 38608
51265, 36568
54113, 36568
58090, 36568
58255, 36568
64153, 36568
64577, 36568
64867, 36568
67709, 36568
79228, 36568
92187, 36568
94659, 36568
96958, 36568
97026, 36568
106591, 36568
106735, 36568
250764, 36568
190802, 35852
266965, 35852
97022, 35467
201665, 33758
10324, 32436
18218, 32436
35518, 32436
34073, 30141
35267, 28247
20732, 26453
139490, 24636
235246, 24636
63340, 23033
279517, 18700
47992, 9861
137259, 9861
161416, 9861
163264, 9861
182069, 9861
190975, 9861
202820, 9861
213924, 9861
250820, 9861
268040, 9861
3, 9777
131616, 9777
159611, 9777
210007, 9777
13217, 9765
49407, 9765
81525, 9765
196423, 9765
204263, 9642
231435, 9642
60169, 9639
66899, 9639
141797, 9560
84984, 9536
216280, 9536
63337, 9502
54233, 9482
20986, 9457
27760, 9457
28522, 9457
31851, 9457
37290, 9457
38344, 9457
40383, 9457
42890, 9457
44306, 9457
44563, 9457
48825, 9457
51457, 9457
53246, 9457
59376, 9457
60999, 9457
62534, 9457
67457, 9457
69490, 9457
69873, 9457
72664, 9457
77970, 9457
80285, 9457
81872, 9457
87603, 9457
90236, 9457
91043, 9457
91330, 9457
92944, 9457
93395, 9457
94750, 9457
114735, 9457
116164, 9457
116786, 9457
117265, 9457
127962, 9457
130681, 9457
134787, 9457
138597, 9457
139160, 9457
139448, 9457
143867, 9457
151705, 9457
154125, 9457
157829, 9457
160194, 9457
161941, 9457
193409, 9457
199090, 9457
200601, 9457
208592, 9457
215423, 9457
218619, 9457
243772, 9457
245731, 9457
255292, 9457
263667, 9457
286032, 9457
290111, 9457
15458, 9314
23627, 9314
82760, 9314
197708, 9313
59814, 9284
68478, 9284
167555, 9284
184228, 9284
63387, 9268
194408, 9208
4018, 9187
5040, 9187
19950, 9187
20156, 9187
278868, 9187
29025, 9167
31032, 9167
38470, 9167
46572, 9167
56132, 9167
65573, 9167
85406, 9167
85653, 9167
86923, 9167
104144, 9167
120818, 9167
122067, 9167
130977, 9167
134377, 9167
137253, 9167
139156, 9167
141489, 9167
155348, 9167
155518, 9167
177452, 9167
188849, 9167
210125, 9167
218907, 9167
220223, 9167
246654, 9167
288226, 9167
125060, 9117
261739, 9117
17583, 9087
20649, 9087
26348, 9087
85078, 9087
183833, 9087
31909, 9078
149387, 9078
219194, 9046
16262, 9042
16277, 9042
18518, 9042
23081, 9042
32908, 9042
94594, 9042
20275, 8788
45989, 8617
13500, 8601
31533, 8601
43863, 8601
44752, 8601
46871, 8601
55466, 8601
61682, 8601
64521, 8601
76056, 8601
95110, 8601
124595, 8601
128059, 8601
130428, 8601
166977, 8601
172687, 8601
176629, 8601
184225, 8601
184570, 8601
220801, 8601
255717, 8601
258274, 8601
282310, 8601
125644, 8569
5271, 8477
151492, 8477
156987, 8477
180305, 8477
211859, 8477
255082, 8477
294, 8454
7098, 8432
24965, 8432
51887, 8432
119304, 8432
93343, 8407
141965, 8407
20407, 8370
26797, 8370
30068, 8370
39076, 8370
41897, 8370
66040, 8370
69232, 8370
88168, 8370
118832, 8370
124273, 8370
165916, 8370
166749, 8370
167574, 8370
168526, 8370
185085, 8370
193531, 8370
219427, 8370
245710, 8370
251, 8358
19036, 8248
25644, 8248
91093, 8248
98225, 8248
226182, 8248
19130, 8209
29984, 8209
228391, 8209
97015, 8199
118868, 8199
135683, 8199
137985, 8199
173483, 8199
214221, 8199
261064, 8199
262682, 8199
25476, 8173
21674, 8155
89931, 8081
281974, 8081
13183, 8071
12730, 8036
59461, 8036
184609, 8036
82021, 8035
148661, 8035
178127, 8035
209824, 8035
230299, 8035
251819, 8035
276413, 8035
292003, 8035
4576, 7985
20123, 7985
283165, 7985
158150, 7768
56886, 7581
70120, 7579
280554, 7507
112165, 7496
288378, 7468
56267, 7373
41551, 7365
107467, 7365
128380, 7365
200585, 7365
215185, 7365
42690, 7175
56204, 7175
244620, 7165
136577, 7056
127475, 6970
6632, 6867
104240, 6867
126904, 6867
135580, 6867
155011, 6867
158573, 6867
167619, 6867
168015, 6867
173480, 6867
174528, 6867
185120, 6867
205003, 6867
208333, 6867
214303, 6867
222414, 6867
229983, 6867
240013, 6867
240057, 6867
245639, 6867
283874, 6771
296080, 6771
39492, 6741
45058, 6741
46316, 6741
73975, 6741
101390, 6741
107749, 6741
166277, 6741
289826, 6741
91370, 6693
17871, 6687
197176, 6687
272590, 6687
559, 6637
167895, 6574
83769, 6555
68005, 6519
75645, 6519
122816, 6511
151981, 6479
170815, 6479
178538, 6479
234297, 6479
251210, 6479
280311, 6479
106512, 6455
138510, 6455
144221, 6455
146208, 6455
174831, 6455
197801, 6455
209797, 6455
216424, 6455
160, 6368
1025, 6368
281723, 6368
33044, 6348
58715, 6348
60549, 6348
114122, 6348
222366, 6348
245980, 6303
114393, 6298
217424, 6298
55234, 6294
126912, 6266
253636, 6266
140183, 6244
240976, 6244
17432, 6238
21423, 6238
73800, 6238
75433, 6238
107598, 6238
108421, 6238
112729, 6238
115149, 6238
116857, 6238
118673, 6238
119386, 6238
122621, 6238
123651, 6238
126220, 6238
126536, 6238
127047, 6238
128424, 6238
129931, 6238
131526, 6238
135731, 6238
147502, 6238
147640, 6238
162578, 6238
170402, 6238
171181, 6238
176189, 6238
178915, 6238
180823, 6238
181236, 6238
215560, 6238
238731, 6238
185655, 6182
213904, 6182
220190, 6182
9901, 6139
138403, 6109
122079, 6058
293116, 6036
7712, 5884
29965, 5884
33818, 5884
47727, 5884
54339, 5884
56048, 5884
57486, 5884
45135, 5744
266912, 5744
288881, 5744
291957, 5744
294790, 5744
121, 5720
262951, 5720
284698, 5720
285933, 5720
285205, 5711
990, 5696
67380, 5584
52339, 5571
118723, 5571
129439, 5571
266699, 5571
268299, 5571
202762, 5569
2862, 5560
7508, 5560
11181, 5560
18526, 5560
22257, 5560
26614, 5560
33387, 5560
42949, 5560
58476, 5560
73478, 5560
77141, 5560
115507, 5560
135138, 5560
184200, 5560
228891, 5560
282934, 5514
61399, 5510
224590, 5510
256938, 5421
36975, 5352
63689, 5352
94764, 5352
248788, 5335
218931, 5320
244643, 5320
246925, 5320
252410, 5320
256098, 5320
258763, 5320
274458, 5320
275856, 5320
283202, 5320
285579, 5320
288811, 5320
289937, 5320
293900, 5320
295240, 5320
163771, 5290
13992, 5289
84407, 5281
88896, 5281
91126, 5281
101871, 5281
103478, 5281
114493, 5281
129104, 5281
133482, 5281
138886, 5281
153634, 5281
600, 5062
15974, 4995
60925, 4995
69073, 4995
105173, 4995
147422, 4995
139517, 4970
627, 4799
101550, 4799
122427, 4799
129759, 4799
134289, 4799
134767, 4799
168868, 4799
169733, 4799
174807, 4799
219767, 4799
223563, 4799
229785, 4799
256964, 4799
287879, 4799
2038, 4759
15063, 4757
16138, 4757
18033, 4757
19009, 4757
24224, 4757
27798, 4757
30685, 4757
34559, 4757
44877, 4757
50104, 4757
56117, 4757
56489, 4757
60093, 4757
65306, 4757
71072, 4757
77901, 4757
81451, 4757
82528, 4757
100943, 4757
111282, 4757
140316, 4757
141742, 4757
144769, 4757
150106, 4757
150997, 4757
154113, 4757
194937, 4757
201555, 4757
203543, 4757
205219, 4757
241186, 4757
251075, 4757
254280, 4757
264179, 4757
293246, 4757
27278, 4679
28328, 4679
36676, 4679
66169, 4679
69592, 4679
71825, 4679
78782, 4679
89210, 4679
96930, 4679
111380, 4679
115057, 4679
121760, 4679
138782, 4679
148519, 4679
148970, 4679
153644, 4679
155088, 4679
158797, 4679
164498, 4679
173312, 4679
174216, 4679
204164, 4679
204210, 4679
213532, 4679
237994, 4679
247802, 4679
255533, 4679
265220, 4679
279525, 4679
281081, 4679
293396, 4679
14643, 4671
30724, 4669
70649, 4669
153315, 4669
181651, 4669
182679, 4669
184613, 4669
189518, 4669
194945, 4669
204650, 4669
208041, 4669
218385, 4669
218665, 4669
225590, 4669
230575, 4669
239853, 4669
244768, 4669
287739, 4669
14831, 4635
16327, 4615
210145, 4615
279729, 4615
36840, 4612
40525, 4612
42980, 4612
43708, 4612
92393, 4612
96270, 4612
120724, 4612
262170, 4612
279990, 4494
133422, 4445
60933, 4345
25624, 4161
42284, 4161
52926, 4161
25566, 4080
94385, 4080
211696, 3869
129129, 3858
170724, 3735
251830, 3688
100128, 3678
43202, 3651
56570, 3651
272401, 3651
229105, 3634
64933, 3613
133025, 3613
175858, 3607
38486, 3570
58788, 3546
108731, 3541
224036, 3541
262432, 3530
267826, 3528
30453, 3499
123425, 3499
169949, 3499
186508, 3499
217584, 3499
268575, 3499
273405, 3499
110905, 3492
115437, 3492
51958, 3486
55632, 3486
143268, 3486
181066, 3486
215016, 3486
280414, 3486
284872, 3478
151294, 3477
176192, 3477
266690, 3477
278980, 3477
169055, 3476
285685, 3476
769, 3467
205361, 3467
273253, 3467
68215, 3464
85741, 3464
89475, 3464
177848, 3464
177948, 3464
201797, 3464
210320, 3464
248893, 3464
258555, 3464
48255, 3458
62741, 3458
141799, 3456
156525, 3456
162120, 3456
172330, 3456
255486, 3456
90099, 3446
117009, 3446
134689, 3446
166159, 3446
258233, 3446
20585, 3443
62199, 3443
85659, 3443
126532, 3443
173985, 3443
234251, 3443
277124, 3443
221080, 3435
15778, 3426
39191, 3423
83363, 3423
279682, 3423
128203, 3411
163730, 3410
31270, 3407
192428, 3407
157403, 3405
21353, 3403
94867, 3403
101203, 3403
182580, 3403
208147, 3403
234398, 3403
283711, 3403
147561, 3387
48496, 3382
67668, 3382
152824, 3382
196370, 3382
279808, 3382
195132, 3381
272472, 3381
119692, 3376
244221, 3374
58777, 3367
96022, 3367
202069, 3367
265964, 3367
3383, 3366
51166, 3366
53541, 3366
54226, 3366
70689, 3366
74362, 3366
76114, 3366
97068, 3366
131916, 3366
147431, 3366
157174, 3366
162223, 3366
166261, 3366
171814, 3366
200528, 3366
205228, 3366
206731, 3366
247235, 3366
288753, 3366
76086, 3365
183729, 3365
71773, 3364
69322, 3359
107288, 3359
107659, 3359
269486, 3359
7719, 3343
73959, 3341
169592, 3341
116200, 3338
210973, 3335
165335, 3329
186093, 3327
8972, 3323
218282, 3323
32391, 3322
51571, 3317
56230, 3317
68482, 3317
278282, 3315
13513, 3313
22096, 3313
34244, 3313
108285, 3313
122443, 3313
141008, 3313
176863, 3313
216289, 3313
251002, 3313
125233, 3312
153197, 3312
159738, 3312
248321, 3312
156856, 3310
246167, 3310
249489, 3310
279903, 3310
115566, 3309
147449, 3309
228116, 3309
28805, 3305
278093, 3305
294106, 3304
54958, 3303
240835, 3303
198475, 3297
136395, 3295
105431, 3292
80680, 3289
229380, 3289
8060, 3288
56466, 3288
117451, 3288
163337, 3288
38530, 3283
72965, 3283
45676, 3267
58392, 3267
58843, 3267
59038, 3267
69586, 3267
97055, 3267
30679, 3259
9697, 3258
64447, 3258
40687, 3251
47153, 3251
32008, 3250
32853, 3250
39588, 3250
43713, 3250
158770, 3250
282185, 3250
43300, 3240
167086, 3238
258694, 3238
295582, 3238
9314, 3230
171129, 3230
281503, 3230
204533, 3219
52840, 3215
86964, 3215
178634, 3215
23998, 3212
36453, 3212
38134, 3212
41714, 3212
55404, 3212
62298, 3212
84403, 3212
92906, 3212
100654, 3212
101911, 3212
103696, 3212
154860, 3212
162531, 3212
163279, 3212
185312, 3212
243594, 3207
30741, 3202
68305, 3202
70933, 3202
245730, 3200
18438, 3188
173200, 3183
175928, 3183
180968, 3183
207042, 3183
230409, 3183
230422, 3183
246656, 3183
270600, 3183
271821, 3183
275026, 3183
288104, 3183
290886, 3183
294215, 3183
42325, 3182
86594, 3182
239276, 3182
39121, 3175
221578, 3168
281434, 3157
77510, 3154
70032, 3153
104416, 3146
36104, 3142
94652, 3142
134442, 3142
9684, 3137
160733, 3137
32422, 3128
61810, 3128
108501, 3128
150289, 3128
213981, 3128
276914, 3128
25023, 3125
35862, 3125
133130, 3125
38159, 3114
177455, 3104
172452, 3103
22555, 3094
38090, 3079
209538, 3075
211412, 3075
250161, 3069
253729, 3060
126847, 3043
136781, 3038
246130, 3038
2045, 3032
11478, 3032
14146, 3032
18257, 3032
38653, 3032
38876, 3032
74080, 3032
76520, 3032
82634, 3032
95344, 3032
101849, 3032
115546, 3032
146484, 3032
166528, 3032
166686, 3032
191219, 3032
69218, 3010
108473, 3010
73526, 2994
100675, 2994
211023, 2978
208168, 2966
39158, 2958
253107, 2879
193436, 2875
136288, 2864
183183, 2851
264608, 2844
26926, 2819
190221, 2788
247285, 2776
70063, 2775
31092, 2774
24510, 2753
248526, 2753
93862, 2745
18228, 2740
19733, 2740
79239, 2740
213364, 2740
4344, 2732
61411, 2711
66494, 2711
32539, 2697
32647, 2697
35584, 2697
37297, 2697
37988, 2697
59723, 2697
63643, 2697
287812, 2697
25767, 2693
37899, 2693
47655, 2693
264462, 2673
98055, 2653
36823, 2645
91818, 2617
45436, 2605
137841, 2605
158464, 2605
208476, 2605
86900, 2598
89039, 2598
117240, 2598
117485, 2598
118498, 2598
119209, 2598
127441, 2598
129065, 2598
132702, 2598
135610, 2598
136672, 2598
137291, 2598
161092, 2598
163209, 2598
165123, 2598
166110, 2598
166981, 2598
167047, 2598
168296, 2598
173633, 2598
173806, 2598
175073, 2598
179796, 2598
182753, 2598
189926, 2598
191969, 2598
192661, 2598
192806, 2598
193469, 2598
193874, 2598
197440, 2598
206832, 2598
217897, 2598
222024, 2598
225772, 2598
245147, 2598
245570, 2598
16483, 2581
63461, 2560
73910, 2560
83016, 2560
87515, 2560
89157, 2560
89581, 2560
97323, 2560
110504, 2560
128284, 2560
132491, 2560
143425, 2560
181476, 2560
53620, 2559
105568, 2554
29131, 2553
69016, 2553
85841, 2553
265717, 2546
32116, 2542
37912, 2542
65207, 2542
66135, 2542
77377, 2542
80822, 2542
87080, 2542
111193, 2538
257111, 2535
66392, 2503
259837, 2503
247265, 2485
62156, 2469
74956, 2453
77635, 2453
112793, 2453
123513, 2453
135577, 2453
167210, 2440
9691, 2439
105528, 2433
104023, 2420
264831, 2420
33585, 2406
57693, 2406
86519, 2406
156115, 2406
3189, 2387
147075, 2377
147137, 2377
238249, 2377
244600, 2377
247469, 2377
250673, 2377
259149, 2377
280371, 2377
281725, 2377
266071, 2350
148774, 2343
105884, 2335
139150, 2335
206859, 2335
207485, 2335
22170, 2315
72729, 2315
80389, 2315
197581, 2315
74184, 2309
84680, 2295
48819, 2292
4180, 2286
238456, 2283
23265, 2281
23722, 2281
283322, 2281
125923, 2278
105098, 2274
110995, 2274
119970, 2274
130259, 2274
130273, 2274
134376, 2274
135959, 2274
140157, 2274
140371, 2274
140621, 2274
140850, 2274
141500, 2274
143177, 2274
147361, 2274
147387, 2274
152698, 2274
158225, 2274
173318, 2274
182385, 2274
183981, 2274
184697, 2274
188197, 2274
188580, 2274
189438, 2274
197217, 2274
204441, 2274
208440, 2274
211705, 2274
216962, 2274
224578, 2274
236839, 2274
237403, 2274
244206, 2274
247557, 2274
253381, 2274
262718, 2274
263417, 2274
271283, 2274
271562, 2274
276422, 2274
282158, 2274
92035, 2246
21303, 2241
262086, 2237
209489, 2235
276779, 2235
150814, 2220
165555, 2220
120887, 2204
15724, 2203
100140, 2202
66137, 2199
118144, 2193
232932, 2171
101761, 2163
144656, 2163
87799, 2140
197590, 2129
122291, 2123
138257, 2123
143085, 2123
162425, 2123
168599, 2123
169337, 2123
240782, 2123
247627, 2123
260015, 2123
7963, 2119
75410, 2105
109961, 2105
146702, 2105
154786, 2105
26654, 2099
240569, 2098
101262, 2084
109913, 2084
110096, 2084
114250, 2084
124857, 2084
127179, 2084
130169, 2084
138776, 2084
142278, 2084
153623, 2084
159934, 2084
164732, 2084
170005, 2084
170226, 2084
180872, 2084
189566, 2084
191815, 2084
199138, 2084
211922, 2084
217194, 2084
219550, 2084
220379, 2084
220707, 2084
220893, 2084
223885, 2084
227372, 2084
238886, 2084
247141, 2084
259100, 2084
263260, 2084
265025, 2084
279931, 2084
290510, 2084
33546, 2079
256620, 2078
157802, 2073
31144, 2071
9133, 2066
81985, 2065
82880, 2065
87095, 2065
24152, 2064
30326, 2064
32662, 2064
52499, 2064
96130, 2064
209738, 2064
39679, 2063
58528, 2063
2957, 2058
5202, 2058
5661, 2058
9625, 2058
18054, 2058
18972, 2058
19288, 2058
20353, 2058
21466, 2058
24318, 2058
37969, 2058
161884, 2058
283922, 2052
9965, 2048
4766, 2039
91214, 2037
159838, 2037
211941, 2036
19481, 2030
37110, 2030
74427, 2030
75859, 2030
129085, 2030
98590, 2029
100331, 2029
255779, 2029
33520, 2027
39037, 2027
39327, 2027
43039, 2027
48343, 2027
55304, 2027
67355, 2027
68628, 2027
88602, 2027
97137, 2027
98360, 2027
98522, 2027
166546, 2027
257268, 2027
95298, 2026
256706, 2025
51607, 2022
77962, 2022
9216, 2021
11452, 2021
24907, 2021
47795, 2021
49475, 2021
55720, 2021
88015, 2021
266363, 2016
141910, 2009
99746, 2007
17135, 2002
23923, 2001
45209, 2001
78588, 2000
45492, 1998
49810, 1998
53175, 1998
66946, 1998
74624, 1998
75643, 1998
76916, 1998
78276, 1998
108549, 1998
122643, 1998
130930, 1998
145985, 1998
147324, 1998
149063, 1998
177894, 1998
181641, 1998
194074, 1998
230012, 1998
249188, 1998
284095, 1998
10439, 1992
7389, 1989
89388, 1989
99659, 1989
102305, 1989
103312, 1989
107604, 1989
119045, 1989
122428, 1989
136949, 1989
140665, 1989
149381, 1989
162010, 1989
166233, 1989
178837, 1989
182746, 1989
285898, 1989
277349, 1985
295572, 1985
247637, 1982
257509, 1982
85072, 1981
100686, 1981
110884, 1981
138364, 1981
150008, 1981
183813, 1981
192358, 1981
206701, 1981
210680, 1981
245697, 1981
248421, 1981
266966, 1981
276777, 1981
287063, 1981
8189, 1974
36771, 1974
41692, 1974
44791, 1974
49626, 1974
51244, 1974
52759, 1974
56185, 1974
59955, 1974
64433, 1974
64810, 1974
68689, 1974
74453, 1974
74762, 1974
75481, 1974
79204, 1974
89411, 1974
90343, 1974
104370, 1974
108177, 1974
114208, 1974
115733, 1974
116187, 1974
119499, 1974
122680, 1974
124287, 1974
267634, 1974
287888, 1974
46899, 1970
87290, 1970
108198, 1970
128733, 1970
144409, 1970
1711, 1968
2187, 1968
2556, 1968
3735, 1968
19478, 1964
22213, 1964
26954, 1964
29470, 1964
198689, 1964
27576, 1961
28494, 1961
149636, 1959
150150, 1959
151808, 1959
195798, 1959
199641, 1959
211582, 1959
220886, 1959
12638, 1955
13586, 1955
17420, 1955
19993, 1955
21455, 1955
22258, 1955
22290, 1955
62591, 1955
77890, 1955
76066, 1954
113037, 1954
162878, 1954
286050, 1954
81082, 1952
101978, 1952
190707, 1952
51307, 1947
61426, 1947
65316, 1947
103712, 1947
127705, 1947
130516, 1947
15414, 1941
73375, 1941
135681, 1939
244455, 1937
44068, 1936
73562, 1936
85202, 1936
96004, 1936
103564, 1936
107870, 1936
112152, 1936
125570, 1936
127568, 1936
132204, 1936
143603, 1936
146451, 1936
150291, 1936
154677, 1936
154734, 1936
156380, 1936
159239, 1936
162862, 1936
166567, 1936
169223, 1936
171652, 1936
172388, 1936
174358, 1936
178841, 1936
181017, 1936
183918, 1936
185407, 1936
185904, 1936
189624, 1936
189830, 1936
189974, 1936
190207, 1936
192923, 1936
194577, 1936
195657, 1936
195742, 1936
197416, 1936
203207, 1936
203991, 1936
214085, 1936
214979, 1936
215837, 1936
219506, 1936
221095, 1936
223587, 1936
224023, 1936
225959, 1936
231057, 1936
232521, 1936
233930, 1936
237171, 1936
238409, 1936
239444, 1936
243240, 1936
244312, 1936
246994, 1936
249214, 1936
252106, 1936
254328, 1936
255034, 1936
255485, 1936
256952, 1936
258554, 1936
266918, 1936
267958, 1936
268953, 1936
269563, 1936
270038, 1936
272991, 1936
274038, 1936
277619, 1936
279272, 1936
284327, 1936
286803, 1936
287882, 1936
289370, 1936
289631, 1936
289778, 1936
290406, 1936
290854, 1936
291146, 1936
291468, 1936
119617, 1933
96841, 1932
97346, 1932
129873, 1932
184881, 1932
255765, 1930
283784, 1930
294534, 1930
93702, 1929
107609, 1929
107829, 1929
116160, 1929
139030, 1929
232741, 1929
272838, 1929
275530, 1929
285562, 1929
287838, 1929
287854, 1929
292769, 1929
65431, 1928
208197, 1928
87940, 1926
253265, 1923
280065, 1923
147271, 1917
212035, 1917
170013, 1916
53366, 1909
158110, 1908
157655, 1906
3062, 1905
16014, 1905
19020, 1905
23121, 1905
184727, 1905
253784, 1905
292393, 1905
293076, 1905
293539, 1905
226714, 1903
90934, 1898
110686, 1898
145903, 1898
147969, 1898
161131, 1898
163460, 1898
171522, 1898
173017, 1898
181921, 1898
184148, 1898
188947, 1898
189409, 1898
189839, 1898
198448, 1898
200146, 1898
211500, 1898
227318, 1898
228149, 1898
229907, 1898
231508, 1898
232994, 1898
242128, 1898
243407, 1898
244288, 1898
254884, 1898
263361, 1898
264968, 1898
281341, 1898
284187, 1898
284605, 1898
77059, 1895
15491, 1888
3472, 1879
16909, 1879
62922, 1878
244871, 1878
120049, 1876
129297, 1876
139696, 1876
140735, 1876
144086, 1876
148546, 1876
152809, 1876
157609, 1876
167449, 1876
171573, 1876
176250, 1876
190629, 1876
201138, 1876
219031, 1876
220375, 1876
225669, 1876
236604, 1876
190642, 1873
125163, 1871
192698, 1871
202147, 1871
216201, 1871
217705, 1871
237814, 1865
115404, 1862
133786, 1862
144011, 1862
150709, 1862
215763, 1862
221137, 1862
226121, 1862
241758, 1862
257453, 1862
276535, 1862
291374, 1862
82718, 1859
294361, 1857
33379, 1856
77163, 1856
88833, 1856
126942, 1856
219695, 1856
265446, 1856
266004, 1856
198556, 1854
166135, 1852
187040, 1851
202835, 1851
212551, 1851
226332, 1851
228000, 1851
236611, 1851
240825, 1851
247180, 1851
249911, 1851
254392, 1851
261902, 1851
263438, 1851
265309, 1851
266848, 1851
270054, 1851
270364, 1851
273646, 1851
276066, 1851
278262, 1851
282378, 1851
292971, 1851
293573, 1851
295844, 1851
61784, 1848
100939, 1848
103703, 1848
181271, 1848
217668, 1848
223408, 1848
113301, 1845
119999, 1845
130593, 1845
166574, 1845
215579, 1845
269988, 1845
31387, 1844
79224, 1844
82028, 1844
115253, 1844
144162, 1844
154138, 1844
160056, 1844
56683, 1843
105978, 1843
196437, 1843
202353, 1843
204179, 1843
216184, 1843
217133, 1843
222951, 1843
228372, 1843
233828, 1843
236584, 1843
246702, 1843
249140, 1843
267026, 1843
278778, 1843
280658, 1843
95788, 1841
129458, 1841
137969, 1841
150387, 1841
156406, 1841
160437, 1841
163415, 1841
185292, 1841
224618, 1841
274871, 1841
276918, 1841
296445, 1841
5214, 1835
255943, 1835
33614, 1833
36496, 1833
39500, 1833
40433, 1833
42063, 1833
42566, 1833
43818, 1833
55270, 1833
62084, 1833
68941, 1833
69910, 1833
70310, 1833
82217, 1833
83773, 1833
115648, 1833
159213, 1833
67394, 1831
174265, 1827
186783, 1826
274326, 1826
22551, 1824
64837, 1824
157082, 1823
137099, 1822
65710, 1821
73420, 1821
75853, 1821
77928, 1821
90389, 1821
170777, 1821
223572, 1821
236490, 1821
161244, 1817
36342, 1816
53527, 1816
246614, 1814
256670, 1814
292520, 1814
1657, 1809
202171, 1808
213312, 1808
42994, 1804
7706, 1801
87220, 1801
91355, 1801
84199, 1799
267061, 1798
86423, 1797
92920, 1797
147867, 1797
148809, 1797
159791, 1797
285841, 1797
32387, 1796
78193, 1796
88715, 1796
136982, 1796
150306, 1796
182333, 1796
182965, 1796
195374, 1796
197334, 1796
218372, 1796
256700, 1796
272538, 1796
282262, 1796
123239, 1795
36367, 1791
41975, 1791
58155, 1791
66756, 1791
72527, 1791
77716, 1791
78395, 1791
86780, 1791
105534, 1791
120691, 1791
140711, 1791
145143, 1791
152096, 1791
162352, 1791
163606, 1791
205814, 1791
217736, 1791
251886, 1791
5934, 1790
76548, 1790
125910, 1790
137459, 1785
132884, 1784
156282, 1784
185067, 1784
210613, 1784
215188, 1784
223351, 1784
255234, 1784
255992, 1784
272003, 1784
277798, 1784
279430, 1784
285745, 1784
252897, 1781
102974, 1778
114869, 1778
145819, 1778
171949, 1778
182997, 1778
191566, 1778
230545, 1778
251526, 1778
275584, 1778
287577, 1771
5967, 1769
234748, 1769
116979, 1764
234312, 1764
243682, 1764
248543, 1764
249718, 1764
256102, 1764
259604, 1764
262732, 1764
267771, 1764
271480, 1764
273651, 1764
277141, 1764
285549, 1764
287707, 1764
189894, 1762
15121, 1759
32663, 1759
43387, 1759
122167, 1759
13987, 1757
20616, 1757
22341, 1757
57445, 1757
190402, 1749
242241, 1749
188105, 1748
249354, 1748
34008, 1747
70953, 1743
85186, 1743
127769, 1743
137454, 1743
215261, 1743
219335, 1742
71360, 1736
96133, 1736
52919, 1734
66120, 1734
148075, 1734
150187, 1734
160565, 1734
179110, 1734
258833, 1734
31267, 1731
181828, 1728
6259, 1722
776, 1721
2924, 1721
11794, 1721
192153, 1721
207018, 1721
222606, 1721
223162, 1721
227640, 1721
243080, 1721
262423, 1721
285445, 1721
68769, 1718
78185, 1718
82971, 1718
89481, 1718
90837, 1718
199233, 1718
203627, 1716
53029, 1714
85032, 1714
55219, 1713
218012, 1713
163277, 1709
201404, 1709
238834, 1709
269781, 1709
10541, 1707
15275, 1707
101307, 1706
115282, 1706
137295, 1706
198713, 1706
75205, 1703
91731, 1703
98947, 1703
121741, 1703
167451, 1703
57434, 1700
272439, 1699
205861, 1698
224410, 1696
68959, 1690
189998, 1679
91345, 1670
245554, 1670
36061, 1668
62796, 1661
91439, 1661
150227, 1661
155604, 1661
171139, 1661
184922, 1661
8718, 1658
9283, 1658
12823, 1658
13850, 1658
19118, 1658
86731, 1658
295590, 1658
217902, 1657
66682, 1649
168230, 1648
69537, 1646
88136, 1646
112982, 1646
204139, 1643
51934, 1632
77648, 1631
144138, 1631
151240, 1631
16946, 1630
150062, 1627
218603, 1627
1174, 1624
72061, 1624
194087, 1624
102398, 1623
268356, 1621
88885, 1619
104277, 1618
140468, 1617
57962, 1616
224968, 1615
5566, 1614
15490, 1614
29491, 1609
204860, 1609
47686, 1606
68395, 1606
83633, 1606
204372, 1604
22631, 1603
21978, 1602
149398, 1602
216107, 1602
249827, 1602
288590, 1602
163773, 1601
7882, 1597
16986, 1597
36746, 1597
249653, 1595
259695, 1592
278113, 1592
278970, 1592
163223, 1591
64713, 1586
241545, 1586
9603, 1581
46085, 1581
37598, 1577
219762, 1575
122224, 1570
211562, 1570
216820, 1570
93645, 1566
111545, 1566
136537, 1561
138293, 1561
143892, 1561
170971, 1561
175780, 1561
217323, 1561
219318, 1561
231738, 1561
268157, 1561
172007, 1556
229213, 1556
286579, 1556
223138, 1555
24354, 1553
44441, 1553
114976, 1553
219076, 1553
20166, 1552
25807, 1552
69877, 1552
82871, 1552
85937, 1552
87402, 1552
117449, 1552
145476, 1552
146057, 1552
170326, 1552
238710, 1552
247328, 1552
249520, 1552
283699, 1552
285046, 1552
94405, 1547
192230, 1547
210657, 1545
95969, 1541
186028, 1541
25452, 1539
150882, 1539
166798, 1539
42950, 1538
110908, 1537
7113, 1535
120059, 1532
233119, 1526
34107, 1524
78228, 1524
15369, 1523
237205, 1523
146571, 1520
147652, 1520
126385, 1518
292222, 1518
138696, 1516
277617, 1515
257106, 1512
151345, 1510
176687, 1508
184506, 1508
37230, 1507
129310, 1507
18939, 1506
53685, 1506
124582, 1506
167300, 1506
187524, 1506
264754, 1506
276659, 1506
280689, 1506
257915, 1501
290207, 1499
92015, 1498
226778, 1489
275714, 1488
38183, 1487
49016, 1487
142627, 1487
170754, 1487
235355, 1487
210740, 1486
248997, 1486
254993, 1486
202831, 1483
195209, 1482
232302, 1482
33448, 1481
184594, 1481
35443, 1480
189459, 1480
213950, 1479
241357, 1478
109151, 1477
201548, 1477
237258, 1477
97256, 1475
131302, 1475
236752, 1475
263043, 1475
285290, 1475
220289, 1473
63681, 1470
150021, 1468
140380, 1466
1555, 1465
25673, 1465
25882, 1465
38420, 1465
89948, 1465
180440, 1465
196903, 1465
207649, 1465
216205, 1465
218138, 1465
234362, 1465
237947, 1465
241244, 1465
257143, 1465
259793, 1465
266188, 1465
282032, 1465
288696, 1465
280203, 1464
263668, 1457
122705, 1456
159151, 1456
96746, 1454
110623, 1454
151034, 1454
26848, 1453
28605, 1453
72779, 1453
115808, 1453
155371, 1453
173811, 1453
217653, 1453
220680, 1453
11547, 1451
191341, 1451
244081, 1451
192807, 1450
273579, 1448
28851, 1447
44304, 1444
242265, 1443
184388, 1442
207100, 1442
288255, 1442
53853, 1440
94029, 1440
169703, 1440
214344, 1440
234214, 1440
283884, 1440
92905, 1433
64670, 1432
195468, 1431
192507, 1429
100117, 1427
174695, 1426
263437, 1426
17956, 1425
42412, 1425
71255, 1425
86897, 1422
71436, 1421
58011, 1419
128578, 1419
203054, 1419
206700, 1419
253027, 1419
245152, 1416
63908, 1415
5456, 1414
87952, 1414
288085, 1414
61866, 1412
62241, 1408
220194, 1408
122409, 1407
127321, 1407
107534, 1403
249103, 1403
264395, 1403
270904, 1403
117954, 1402
8317, 1401
39882, 1401
289170, 1401
22686, 1394
244900, 1394
80576, 1393
80645, 1392
98936, 1392
121618, 1392
153383, 1392
164667, 1392
204000, 1392
244360, 1392
229810, 1389
116844, 1387
145178, 1387
288408, 1387
167755, 1386
275725, 1386
282837, 1386
86372, 1385
78137, 1384
63202, 1383
217596, 1383
63226, 1382
87498, 1382
220128, 1382
233287, 1382
275678, 1382
138334, 1380
190120, 1380
263441, 1380
267276, 1380
136492, 1376
186584, 1376
248678, 1376
160549, 1375
18735, 1374
192019, 1372
234507, 1370
288142, 1370
3950, 1369
91870, 1369
98281, 1369
192680, 1368
281582, 1368
45404, 1367
135714, 1367
173677, 1367
282299, 1367
61716, 1366
209505, 1366
291870, 1366
219126, 1365
28092, 1363
192988, 1362
146301, 1361
257260, 1361
282528, 1361
288792, 1361
8810, 1359
41694, 1359
46065, 1359
48125, 1359
76832, 1359
84706, 1359
119481, 1359
207675, 1359
13591, 1357
17550, 1357
75750, 1357
138567, 1357
208490, 1357
242202, 1357
285026, 1357
77245, 1354
174257, 1353
200741, 1352
19198, 1349
252523, 1349
282823, 1349
284051, 1349
59189, 1346
61753, 1346
72442, 1346
97779, 1346
107837, 1346
141287, 1346
159852, 1346
168297, 1346
229224, 1346
289475, 1346
189326, 1345
28990, 1344
99899, 1344
49999, 1343
242737, 1342
61170, 1341
173514, 1341
260957, 1341
29473, 1340
32671, 1340
38184, 1340
101218, 1340
198928, 1340
69216, 1339
244045, 1339
123118, 1337
46818, 1336
78681, 1336
144806, 1336
252893, 1336
50376, 1334
163841, 1334
276222, 1332
114599, 1330
283141, 1329
117890, 1326
236873, 1326
187131, 1325
223878, 1325
98044, 1323
68847, 1319
147499, 1319
236180, 1319
32385, 1318
55795, 1318
66322, 1318
87649, 1318
107078, 1318
117426, 1318
119290, 1318
142448, 1318
177513, 1318
178684, 1318
201547, 1318
289319, 1318
293847, 1318
283865, 1316
112489, 1314
49279, 1313
140465, 1313
77810, 1311
99828, 1311
104260, 1311
211689, 1311
98545, 1310
182439, 1309
29197, 1308
242730, 1307
127270, 1305
166116, 1305
171711, 1305
191629, 1305
215700, 1305
254566, 1305
145210, 1304
280273, 1304
43942, 1303
106140, 1303
185680, 1303
284819, 1303
290066, 1303
100882, 1302
142517, 1302
290716, 1302
22122, 1300
63359, 1300
259529, 1300
6560, 1299
38780, 1299
108137, 1299
114175, 1299
119659, 1299
23452, 1295
67064, 1295
68265, 1295
136488, 1295
49628, 1294
191992, 1294
107382, 1290
95779, 1289
2043, 1288
75244, 1285
162432, 1285
237365, 1285
839, 1284
37272, 1283
84312, 1283
168099, 1283
201469, 1283
91202, 1282
86118, 1281
196442, 1281
217051, 1280
218398, 1280
161530, 1279
104108, 1275
116285, 1275
117778, 1275
211424, 1275
246445, 1275
61017, 1274
142046, 1274
175177, 1273
64744, 1272
84783, 1272
75589, 1271
140325, 1271
23439, 1270
72935, 1270
201947, 1270
180934, 1269
184547, 1269
197998, 1269
129378, 1268
108440, 1266
131096, 1266
133733, 1266
101211, 1265
108662, 1265
133613, 1265
157026, 1265
233277, 1265
18431, 1263
63209, 1263
116585, 1263
128422, 1263
168720, 1263
192706, 1263
67676, 1262
86659, 1262
125715, 1262
133070, 1262
146247, 1262
167441, 1262
175208, 1262
190731, 1262
255164, 1262
33685, 1261
17488, 1260
64552, 1260
166256, 1260
221857, 1260
252352, 1260
254317, 1260
23142, 1259
128626, 1259
291138, 1259
122895, 1258
254451, 1257
282531, 1257
25125, 1255
28897, 1255
131991, 1255
156743, 1255
270985, 1255
280888, 1255
48345, 1253
52394, 1253
131982, 1253
132845, 1253
148282, 1253
164532, 1253
190143, 1253
223851, 1253
147274, 1251
179834, 1251
293747, 1251
140268, 1250
19060, 1249
49302, 1249
289802, 1249
88813, 1247
174684, 1247
261691, 1246
47080, 1245
98882, 1245
118672, 1245
166171, 1245
195435, 1245
205525, 1245
29679, 1244
45748, 1244
66902, 1244
101120, 1244
50429, 1243
62830, 1243
74333, 1243
261773, 1243
94690, 1242
103174, 1240
174578, 1240
6129, 1239
14017, 1238
57106, 1238
39603, 1237
80336, 1237
14614, 1236
31428, 1236
38722, 1236
172854, 1236
175940, 1236
291372, 1236
56378, 1235
123699, 1234
141971, 1234
10401, 1233
120601, 1233
130278, 1233
230492, 1233
286294, 1232
274588, 1230
243911, 1229
9006, 1228
151325, 1226
283978, 1226
97574, 1225
137348, 1225
251699, 1225
60883, 1224
162129, 1224
84930, 1222
87037, 1222
115441, 1222
117928, 1222
126392, 1222
132499, 1222
154554, 1222
164028, 1222
167577, 1222
174834, 1222
180041, 1222
181792, 1222
184772, 1222
186050, 1222
189537, 1222
193242, 1222
196197, 1222
196927, 1222
211303, 1222
218396, 1222
238572, 1222
239209, 1222
247512, 1222
253823, 1222
259091, 1222
272714, 1222
273410, 1222
284998, 1222
285170, 1222
288277, 1222
77805, 1221
96299, 1221
97725, 1221
119082, 1221
145271, 1221
185395, 1221
193611, 1221
210405, 1221
225748, 1221
58900, 1220
73331, 1220
75687, 1220
122704, 1220
146877, 1220
202157, 1220
257789, 1220
258177, 1220
269888, 1220
274401, 1220
282767, 1220
253024, 1219
263404, 1219
216381, 1218
159056, 1217
294505, 1216
32868, 1214
121676, 1214
82802, 1213
118111, 1213
124948, 1213
136370, 1213
162869, 1213
207525, 1213
270056, 1213
280776, 1212
23345, 1211
24545, 1211
27856, 1209
114044, 1209
8125, 1208
68232, 1208
125363, 1208
181612, 1208
4902, 1206
41703, 1206
55224, 1206
151967, 1206
168926, 1206
290511, 1206
132484, 1205
211909, 1205
34251, 1204
100693, 1204
179396, 1204
184777, 1204
189790, 1204
249503, 1204
24974, 1203
56691, 1203
283272, 1203
9185, 1201
106739, 1201
167681, 1201
247041, 1201
264652, 1201
50297, 1200
56862, 1200
98663, 1200
155940, 1200
162406, 1200
201183, 1200
252160, 1200
292400, 1200
280477, 1199
16271, 1198
217652, 1198
220193, 1198
223009, 1198
289809, 1198
230397, 1196
16046, 1195
76327, 1195
124759, 1194
126749, 1194
155805, 1194
14399, 1193
15377, 1193
34784, 1193
38314, 1193
98612, 1193
247903, 1193
87561, 1192
110055, 1192
257017, 1192
269121, 1192
280076, 1192
182491, 1191
289806, 1191
91229, 1190
98691, 1190
112984, 1190
282334, 1190
137194, 1189
210039, 1189
255339, 1189
18608, 1187
167405, 1187
220557, 1187
82735, 1185
109488, 1185
126806, 1185
44994, 1184
163893, 1184
181686, 1184
50580, 1183
156327, 1183
189163, 1183
222661, 1183
234066, 1183
277807, 1183
292721, 1183
84166, 1182
113245, 1182
94434, 1181
211612, 1181
129055, 1180
143664, 1180
156008, 1180
189994, 1180
222989, 1180
247889, 1180
255401, 1180
30435, 1179
152014, 1179
169579, 1179
223066, 1179
250022, 1179
272892, 1179
291877, 1179
215502, 1177
44999, 1176
54713, 1176
240821, 1176
53518, 1175
177186, 1175
178016, 1175
182666, 1175
229530, 1175
232960, 1175
243119, 1175
253690, 1175
269335, 1175
42907, 1174
104629, 1174
111179, 1174
140942, 1174
199946, 1174
54991, 1172
56601, 1172
79668, 1172
219533, 1172
265271, 1172
265891, 1172
267883, 1172
276681, 1172
277862, 1172
8929, 1171
100562, 1171
175807, 1171
235756, 1171
249795, 1171
259403, 1171
278142, 1171
85201, 1170
141617, 1170
143591, 1170
144536, 1170
153541, 1170
154546, 1170
183757, 1170
188062, 1170
193528, 1170
195568, 1170
201133, 1170
207545, 1170
232208, 1170
252085, 1170
259028, 1170
264095, 1170
269341, 1170
280512, 1170
282746, 1170
282984, 1170
287181, 1170
292777, 1170
13386, 1169
34015, 1169
88063, 1169
106543, 1169
111676, 1169
185139, 1169
250328, 1169
288139, 1169
288278, 1169
18215, 1167
22315, 1167
92272, 1167
171382, 1167
219060, 1167
7617, 1166
51569, 1166
60989, 1166
67886, 1166
70573, 1166
70734, 1166
98848, 1166
129515, 1166
162725, 1166
221276, 1166
284353, 1166
30531, 1165
251532, 1165
284539, 1165
19419, 1164
19999, 1164
23816, 1164
54856, 1164
73460, 1164
110224, 1164
171606, 1164
176929, 1164
193440, 1164
207181, 1164
209521, 1164
222488, 1164
286363, 1164
295027, 1164
146127, 1163
45068, 1162
47816, 1162
50295, 1162
54298, 1162
58416, 1162
71404, 1162
74690, 1162
75348, 1162
84877, 1162
90995, 1162
101717, 1162
101995, 1162
112080, 1162
118682, 1162
128145, 1162
133840, 1162
136906, 1162
139976, 1162
141345, 1162
142037, 1162
146315, 1162
146909, 1162
151539, 1162
151587, 1162
157236, 1162
164751, 1162
168718, 1162
183955, 1162
184065, 1162
193854, 1162
197287, 1162
209608, 1162
216116, 1162
218987, 1162
220227, 1162
230366, 1162
240446, 1162
265104, 1162
280490, 1162
283848, 1162
291032, 1162
294887, 1162
8686, 1161
15480, 1161
74158, 1161
247744, 1161
17717, 1160
76347, 1160
165678, 1160
151742, 1159
284678, 1159
82464, 1158
96064, 1158
104051, 1158
129021, 1158
65571, 1157
72460, 1157
138211, 1157
210224, 1156
217719, 1155
249033, 1155
291993, 1155
156370, 1152
179640, 1152
192744, 1152
228765, 1152
253132, 1152
148127, 1147
155258, 1147
71752, 1146
152002, 1146
157722, 1146
294198, 1146
9098, 1145
17377, 1144
26731, 1144
48985, 1144
99768, 1144
8895, 1143
13671, 1143
16937, 1143
43122, 1143
50659, 1143
97507, 1143
143631, 1143
146622, 1143
178858, 1143
195152, 1143
230231, 1143
287457, 1143
50210, 1141
224302, 1141
256452, 1141
48606, 1140
99081, 1140
207554, 1140
21973, 1139
36194, 1139
42639, 1139
47830, 1139
87683, 1139
106753, 1139
134949, 1139
136022, 1139
155850, 1139
189167, 1139
189448, 1139
247676, 1139
270877, 1139
273139, 1139
65283, 1138
110124, 1138
140720, 1138
6660, 1137
131080, 1137
181336, 1137
231419, 1137
193339, 1136
200163, 1136
243532, 1136
247570, 1136
275780, 1136
286422, 1136
185201, 1135
187829, 1135
209349, 1135
245402, 1135
245953, 1135
254872, 1135
266472, 1135
83353, 1134
60991, 1132
122628, 1131
161289, 1131
226666, 1131
267850, 1131
288419, 1131
59480, 1130
90554, 1130
136832, 1130
181413, 1130
197771, 1130
107356, 1128
156029, 1128
167788, 1128
266311, 1128
18756, 1127
79195, 1127
76054, 1126
173006, 1126
25764, 1125
232724, 1125
250639, 1125
261833, 1125
275016, 1125
2082, 1124
295389, 1124
58849, 1123
115487, 1123
175131, 1123
59005, 1122
102857, 1122
187347, 1122
200557, 1122
31844, 1121
57171, 1121
87806, 1121
136129, 1121
199086, 1121
209696, 1121
282355, 1121
22011, 1120
215973, 1120
288597, 1120
19610, 1119
76469, 1119
81735, 1119
90708, 1119
111711, 1119
112486, 1119
116198, 1119
124169, 1119
256220, 1119
271503, 1119
212812, 1118
151838, 1116
157490, 1116
184023, 1116
239655, 1116
165465, 1115
170019, 1115
202361, 1115
212578, 1115
3223, 1114
72051, 1114
92435, 1114
137272, 1114
201523, 1114
202721, 1114
242944, 1113
47617, 1111
71129, 1111
98619, 1111
128423, 1111
139557, 1111
35546, 1110
191400, 1110
254399, 1110
68003, 1109
188959, 1109
248794, 1109
250870, 1109
275658, 1109
51803, 1108
58708, 1108
115632, 1108
164838, 1108
281828, 1108
65015, 1107
100779, 1107
156225, 1107
236183, 1107
276977, 1107
8941, 1106
91215, 1106
272841, 1105
181873, 1103
112640, 1102
231333, 1102
189602, 1101
236661, 1101
281734, 1099
194299, 1098
235845, 1098
37551, 1096
81284, 1096
85806, 1096
190849, 1096
220827, 1096
10984, 1095
50389, 1095
111883, 1095
167626, 1095
222769, 1095
12373, 1094
25555, 1094
223905, 1094
10263, 1093
42621, 1093
76010, 1093
96796, 1093
247876, 1093
233843, 1092
242209, 1092
272966, 1092
279387, 1092
6055, 1091
39347, 1091
137372, 1091
187287, 1091
197279, 1091
204954, 1091
210233, 1091
214645, 1091
219782, 1091
229306, 1091
266955, 1091
277626, 1091
289541, 1091
290441, 1091
93405, 1089
117683, 1089
165849, 1089
209017, 1089
97919, 1087
83694, 1086
85661, 1086
231915, 1086
47398, 1085
63333, 1085
89104, 1085
201160, 1085
293314, 1083
173528, 1082
140201, 1081
152825, 1078
200124, 1078
278951, 1078
40619, 1077
68343, 1077
115631, 1077
159935, 1077
261465, 1077
286160, 1077
51971, 1076
114841, 1076
203998, 1076
226461, 1076
291413, 1076
42323, 1074
130251, 1074
295049, 1074
12248, 1073
23904, 1073
35134, 1073
151973, 1073
157884, 1073
166372, 1073
192977, 1073
19431, 1072
46285, 1072
93442, 1072
117893, 1072
6481, 1071
282845, 1071
22388, 1069
80069, 1069
135769, 1069
140958, 1069
148624, 1069
202826, 1069
237872, 1069
245086, 1069
277467, 1069
44506, 1068
63797, 1068
75527, 1068
85141, 1068
98874, 1068
110521, 1068
178482, 1068
180963, 1068
189010, 1068
261651, 1068
274271, 1068
287876, 1068
108947, 1067
132965, 1067
40327, 1065
107116, 1065
125082, 1065
132721, 1065
135672, 1065
257352, 1065
41268, 1064
159926, 1064
201643, 1064
43717, 1063
193109, 1063
230009, 1063
276015, 1062
35028, 1061
52159, 1061
193088, 1061
199815, 1061
220742, 1061
270580, 1061
20504, 1060
23096, 1060
129908, 1060
227129, 1060
22286, 1058
96347, 1058
124779, 1058
146353, 1058
159537, 1058
160704, 1058
167199, 1058
186276, 1058
187546, 1058
228948, 1058
261089, 1058
284943, 1058
285979, 1058
47994, 1057
50137, 1057
96561, 1057
152728, 1057
221486, 1057
288200, 1057
87273, 1056
167729, 1056
129276, 1055
28855, 1054
145068, 1054
287620, 1054
14885, 1053
168087, 1053
110616, 1052
169656, 1052
275989, 1052
26342, 1051
275803, 1051
24337, 1050
64006, 1050
124769, 1050
208836, 1050
247260, 1050
51252, 1049
205244, 1049
269668, 1049
76607, 1048
88279, 1048
97198, 1048
127286, 1048
172026, 1048
219601, 1048
230699, 1048
281845, 1048
16332, 1046
34412, 1046
50197, 1046
63048, 1046
67398, 1046
80535, 1046
81189, 1046
86736, 1046
97935, 1046
127893, 1046
156352, 1046
167166, 1046
173159, 1046
233018, 1046
245776, 1046
268651, 1046
274171, 1046
148557, 1044
251357, 1044
21545, 1042
471, 1041
76651, 1041
260685, 1040
275490, 1040
40684, 1039
68530, 1039
216346, 1039
248227, 1039
10509, 1038
124360, 1038
140776, 1038
151559, 1038
189449, 1038
295701, 1038
122509, 1037
207643, 1037
229091, 1037
260301, 1037
270854, 1037
282821, 1037
126107, 1036
137357, 1036
168767, 1036
182095, 1036
26588, 1035
30877, 1035
97817, 1035
117470, 1035
127152, 1035
155278, 1035
172737, 1035
204466, 1035
240239, 1035
257988, 1035
285082, 1035
2285, 1033
110831, 1033
193001, 1033
21022, 1032
38417, 1032
45557, 1032
48072, 1032
60550, 1032
69187, 1032
92308, 1032
94264, 1032
97102, 1032
143957, 1032
149590, 1032
155361, 1032
160344, 1032
168723, 1032
169154, 1032
184263, 1032
192055, 1032
192822, 1032
237614, 1032
246046, 1032
253492, 1032
255109, 1032
265062, 1032
35784, 1031
84510, 1031
168393, 1031
172919, 1031
186113, 1031
200363, 1031
205590, 1031
213629, 1031
272913, 1031
287775, 1031
192464, 1030
204478, 1030
224242, 1030
35182, 1029
237787, 1028
245753, 1028
41082, 1026
70968, 1026
78366, 1025
80523, 1025
290133, 1025
180827, 1024
260152, 1024
15673, 1023
132693, 1022
144069, 1022
176296, 1022
176979, 1022
209548, 1022
221855, 1022
269799, 1022
280628, 1022
84050, 1021
98472, 1021
112208, 1021
5052, 1020
40384, 1020
89126, 1020
128147, 1020
28938, 1019
59658, 1019
83709, 1019
174135, 1019
190885, 1019
206988, 1019
238077, 1019
75519, 1018
205741, 1017
35396, 1016
230211, 1016
130550, 1015
185100, 1015
245011, 1015
38930, 1014
153516, 1014
155757, 1014
245142, 1014
46213, 1013
251710, 1013
265966, 1013
75987, 1011
108660, 1011
208313, 1011
46684, 1009
65066, 1009
142882, 1009
170522, 1009
264038, 1009
71716, 1008
181608, 1008
13218, 1007
18606, 1007
24455, 1007
26314, 1007
43862, 1007
93534, 1007
261947, 1007
265115, 1007
106400, 1003
35996, 1002
235106, 1002
244967, 1000
256696, 1000
268765, 1000
