26762, 150943
33726, 148032
20487, 147187
38080, 145268
39788, 145268
34044, 143407
30356, 140449
42081, 140449
49767, 140449
39959, 139925
22471, 139133
39635, 137268
41033, 137268
34281, 136678
40187, 136678
41017, 136678
41428, 136678
42311, 136678
24657, 135645
26353, 135645
27197, 135645
27609, 135645
32161, 135645
27966, 133866
30289, 133866
20243, 128532
25988, 128532
27901, 128532
28169, 128532
28338, 128532
28428, 128532
32612, 127212
33343, 127212
33347, 127212
33762, 127212
34972, 127212
35092, 127212
35425, 127212
39731, 127212
40120, 127212
40455, 127212
41344, 127212
43432, 127212
40978, 126429
30110, 124688
33494, 124688
35328, 124688
35816, 124688
36325, 124688
37457, 124688
37596, 124688
37876, 124688
43978, 124688
44920, 124688
30338, 124352
34129, 124352
37723, 124352
40202, 124352
19709, 120228
19374, 120220
21130, 120220
22262, 120220
16184, 117170
23000, 117170
23058, 117170
23854, 117170
24380, 117170
37901, 112039
41631, 112039
46299, 111067
27957, 108811
29547, 108811
30718, 108811
36359, 107507
35240, 106194
31402, 105025
17977, 103559
33629, 103550
33639, 103550
34202, 103550
34406, 103550
35058, 103550
35278, 103550
37081, 103550
37103, 103550
37532, 103550
37681, 103550
37740, 103550
38321, 103550
38656, 103550
39450, 103550
39859, 103550
40707, 103550
40779, 103550
40833, 103550
41044, 103550
41437, 103550
41613, 103550
43092, 103550
43594, 103550
44083, 103550
44888, 103550
45942, 103550
46375, 103550
31825, 93350
34822, 90710
25290, 89427
25486, 89427
29359, 89427
31365, 89427
31423, 89427
32699, 89427
34468, 89427
34582, 89427
36758, 89427
36806, 89427
37897, 89427
38070, 89427
38292, 89427
38469, 89427
38544, 89427
39715, 89427
39784, 89427
39885, 89427
39939, 89427
40641, 89427
41567, 89427
41896, 89427
42417, 89427
42760, 89427
42802, 89427
43630, 89427
43763, 89427
43768, 89427
43853, 89427
44052, 89427
44123, 89427
44199, 89427
44455, 89427
44628, 89427
44893, 89427
45853, 89427
45919, 89427
46371, 89427
46399, 89427
47485, 89427
48071, 89427
48104, 89427
48750, 89427
50333, 89427
50563, 89427
50676, 89427
33575, 88543
37806, 88543
39185, 88543
41657, 88543
30867, 88442
35256, 88442
26752, 88268
36470, 85935
37529, 85935
38307, 85935
40553, 85935
43415, 85935
43707, 85935
45141, 85935
45459, 85935
45746, 85935
47078, 85935
47729, 85935
47888, 85935
48313, 85935
49175, 85935
49686, 85935
51081, 85935
51376, 85935
53445, 85935
58399, 85935
37163, 85747
32718, 84215
34834, 84215
45296, 84215
52134, 84215
54150, 84215
42968, 83891
44184, 83891
44381, 83891
46502, 83891
49922, 83891
51281, 83891
53579, 83891
54869, 83891
55201, 83891
40414, 81514
42421, 81514
44708, 81514
45769, 81514
46416, 81514
47284, 81514
48295, 81514
48304, 81514
48753, 81514
49744, 81514
49984, 81514
50988, 81514
51264, 81514
53011, 81514
35569, 81473
38609, 81473
40218, 81473
41326, 81473
41508, 81473
41858, 81473
43018, 81473
43276, 81473
43703, 81473
45412, 81473
46724, 81473
47498, 81473
48836, 81473
50037, 81473
50378, 81473
41943, 80055
45592, 80055
45948, 80055
46895, 80055
48336, 80055
52049, 80055
44171, 80031
45560, 80031
48077, 80031
48472, 80031
52122, 80031
15262, 79767
34733, 79767
36684, 79767
37401, 79767
37539, 79767
38060, 79767
39735, 79767
40071, 79767
40633, 79767
40649, 79767
40763, 79767
40880, 79767
41274, 79767
41432, 79767
41462, 79767
41716, 79767
41906, 79767
42781, 79767
43160, 79767
43772, 79767
44370, 79767
44773, 79767
45033, 79767
45865, 79767
46179, 79767
46482, 79767
46613, 79767
47013, 79767
47307, 79767
47524, 79767
47910, 79767
48153, 79767
48353, 79767
48489, 79767
48614, 79767
48996, 79767
49088, 79767
49107, 79767
49392, 79767
49394, 79767
49616, 79767
49839, 79767
49897, 79767
49947, 79767
50176, 79767
50387, 79767
50559, 79767
51087, 79767
51091, 79767
51347, 79767
52067, 79767
52995, 79767
53001, 79767
53120, 79767
53177, 79767
53868, 79767
55005, 79767
55532, 79767
55844, 79767
56008, 79767
56222, 79767
57707, 79767
58230, 79767
58289, 79767
58834, 79767
48988, 79699
24696, 79573
40546, 79573
45840, 79573
38101, 79515
44822, 79515
47819, 79515
34353, 78858
39431, 78858
41465, 78858
41535, 78858
42443, 78858
42722, 78858
42911, 78858
43062, 78858
43658, 78858
44143, 78858
44338, 78858
44643, 78858
45076, 78858
45385, 78858
45471, 78858
45543, 78858
46086, 78858
46287, 78858
47446, 78858
48556, 78858
48663, 78858
48822, 78858
49245, 78858
49813, 78858
50045, 78858
50482, 78858
53585, 78858
54048, 78858
46324, 77492
47413, 77492
37232, 76544
37847, 76544
38962, 76544
39509, 76544
39981, 76544
40966, 76544
28260, 76289
34871, 76289
10643, 76169
11807, 76169
13409, 76169
26739, 75935
29139, 75935
29443, 75935
29555, 75935
32015, 75935
32159, 75935
33359, 75935
34217, 75935
35972, 75935
36434, 75935
36444, 75935
36554, 75935
37780, 75935
37918, 75935
38454, 75935
47295, 75935
48115, 75935
13271, 75876
13985, 75876
14137, 75876
14969, 75876
15805, 75876
36144, 75858
39862, 75858
43622, 75858
43891, 75858
47443, 75858
47832, 75858
47949, 75858
49484, 75858
49536, 75858
49602, 75858
49617, 75858
50401, 75858
52320, 75858
52585, 75858
52993, 75858
55764, 75858
15502, 75746
16935, 75746
16948, 75746
32420, 75676
36764, 75676
37645, 75676
38242, 75676
38854, 75676
39141, 75676
40166, 75676
41493, 75676
42523, 75676
43867, 75676
43898, 75676
43964, 75676
44177, 75676
46066, 75676
46363, 75676
48311, 75676
48696, 75676
49406, 75676
49987, 75676
50153, 75676
50428, 75676
50813, 75676
114657, 75462
196799, 75462
217270, 75462
292191, 75462
21319, 75428
22126, 75428
26452, 75428
28914, 75428
31834, 75428
32478, 75428
33971, 75428
37405, 75428
40000, 75428
40819, 75428
41695, 75428
42046, 75428
42638, 75428
42928, 75428
43449, 75428
43736, 75428
43757, 75428
44192, 75428
44690, 75428
44933, 75428
45530, 75428
45632, 75428
47419, 75428
48272, 75428
48465, 75428
49098, 75428
49177, 75428
49888, 75428
50845, 75428
50995, 75428
51851, 75428
52381, 75428
52384, 75428
52877, 75428
53241, 75428
54035, 75428
55233, 75428
55591, 75428
55675, 75428
281534, 75428
147133, 75077
7949, 75006
9292, 75006
9982, 75006
11322, 75006
8670, 74706
13803, 74706
13939, 74706
14230, 74706
14289, 74706
14557, 74706
14590, 74706
14667, 74706
15126, 74706
15444, 74706
15446, 74706
15580, 74706
15774, 74706
15872, 74706
15885, 74706
16066, 74706
16259, 74706
16276, 74706
16343, 74706
16589, 74706
16656, 74706
16758, 74706
17043, 74706
29494, 74662
31777, 74662
32196, 74662
32623, 74662
37426, 74662
39831, 74662
42089, 74662
42642, 74662
43439, 74662
44703, 74662
45418, 74662
45587, 74662
45709, 74662
46496, 74662
46788, 74662
47681, 74662
48724, 74662
49528, 74662
50561, 74662
52237, 74662
33955, 74080
41355, 73895
7988, 73766
5544, 73726
8273, 73632
8931, 73632
9377, 73632
11782, 73632
10762, 73534
13141, 73534
14191, 73534
14459, 73534
14621, 73534
15040, 73534
40241, 73102
9102, 72695
11366, 72578
11403, 72578
24144, 72049
14040, 72032
15461, 72032
38692, 71951
12616, 71889
16337, 71889
18973, 71889
21191, 71889
21601, 71889
21726, 71889
21758, 71889
22808, 71889
29954, 71622
34447, 71622
15318, 71425
18950, 71425
19713, 71425
12190, 70970
14571, 70970
15366, 70970
15804, 70970
15980, 70970
16492, 70970
16516, 70970
16553, 70970
16906, 70970
17156, 70970
17177, 70970
19217, 70970
20696, 70970
3517, 70853
18229, 70824
19450, 70824
257358, 70824
20249, 70747
45265, 70704
18322, 70643
19792, 70643
20119, 70643
20717, 70643
23738, 70643
25015, 70643
25638, 70643
26877, 70643
27876, 70643
14316, 70642
16194, 70642
17055, 70642
18470, 70642
18511, 70642
19867, 70642
20436, 70642
20530, 70642
20745, 70642
20860, 70642
21066, 70642
21431, 70642
22012, 70642
22098, 70642
22183, 70642
23641, 70642
23732, 70642
24008, 70642
24120, 70642
24741, 70642
24922, 70642
25243, 70642
25460, 70642
25508, 70642
25604, 70642
26468, 70642
27509, 70642
27611, 70642
27999, 70642
28193, 70642
29080, 70642
34268, 70642
21460, 70476
22880, 70476
23775, 70476
24193, 70476
24655, 70476
24740, 70476
25480, 70476
25593, 70476
26549, 70476
26708, 70476
27120, 70476
27142, 70476
27342, 70476
28060, 70476
28349, 70476
29375, 70476
30073, 70476
31374, 70476
32511, 70476
5429, 70461
5970, 70461
6059, 70461
6246, 70461
14686, 70369
15145, 70369
5183, 70304
17145, 70083
17807, 70083
39533, 70055
14307, 70050
23109, 70050
23861, 70050
24862, 70050
25200, 70050
25760, 70050
26368, 70050
26651, 70050
26901, 70050
26913, 70050
27193, 70050
27340, 70050
28018, 70050
28909, 70050
28958, 70050
28975, 70050
29004, 70050
29007, 70050
29065, 70050
30959, 70050
31264, 70050
15384, 70038
14386, 69997
16993, 69919
19257, 69919
23721, 69919
24507, 69919
24702, 69919
25054, 69919
26403, 69919
26497, 69919
26666, 69919
27807, 69919
27913, 69919
28447, 69919
28495, 69919
28680, 69919
29714, 69919
30086, 69919
30115, 69919
30237, 69919
30582, 69919
31025, 69919
31214, 69919
31322, 69919
31836, 69919
25453, 69809
27115, 69809
29896, 69809
30347, 69809
30392, 69809
30635, 69809
30898, 69809
31286, 69809
31474, 69809
32626, 69809
33341, 69809
33466, 69809
35450, 69809
30063, 69345
2596, 69069
11899, 68978
16789, 68963
15161, 68958
17309, 68958
18552, 68958
19247, 68958
20256, 68958
20482, 68958
20964, 68958
21104, 68958
21190, 68958
21585, 68958
21657, 68958
21782, 68958
21816, 68958
21986, 68958
22618, 68958
22807, 68958
22821, 68958
22907, 68958
22914, 68958
22982, 68958
23035, 68958
23130, 68958
23598, 68958
23852, 68958
24451, 68958
24538, 68958
24610, 68958
26190, 68958
26501, 68958
26639, 68958
32821, 68958
53475, 68958
19077, 68957
22079, 68957
23079, 68957
24444, 68957
25057, 68957
25612, 68957
13770, 68855
11269, 68836
11579, 68836
11746, 68836
11897, 68836
12042, 68836
12427, 68836
12569, 68836
12785, 68836
12829, 68836
12946, 68836
12975, 68836
13057, 68836
13278, 68836
13419, 68836
13558, 68836
13743, 68836
14018, 68836
14020, 68836
14282, 68836
14421, 68836
15662, 68836
32793, 68787
15656, 68742
10782, 68722
10978, 68722
11332, 68722
11675, 68722
12130, 68722
13011, 68722
16053, 68709
17170, 68709
17589, 68709
18567, 68709
18577, 68709
18583, 68709
18666, 68709
18698, 68709
18710, 68709
18786, 68709
19061, 68709
19690, 68709
19748, 68709
20014, 68709
20282, 68709
20382, 68709
20434, 68709
20662, 68709
21226, 68709
22053, 68709
7919, 68644
8091, 68644
8584, 68644
8751, 68644
8843, 68644
9750, 68644
9950, 68644
10074, 68644
10090, 68644
10257, 68644
10261, 68644
10342, 68644
10633, 68644
10704, 68644
10727, 68644
13489, 68644
24946, 68607
32183, 68607
22636, 68436
24419, 68436
16533, 68278
16996, 68278
18287, 68278
19279, 68278
20171, 68278
20998, 68278
21086, 68278
22839, 68278
23179, 68273
33122, 68273
28681, 68224
36167, 67121
47907, 66959
67440, 66959
68869, 66959
70334, 66959
138618, 66959
260159, 66959
31907, 66711
28558, 66522
29150, 66522
32475, 66522
37577, 66522
24073, 66423
24225, 66423
25976, 66423
27079, 66423
27092, 66423
29312, 66423
29600, 66423
29643, 66423
29743, 66423
30018, 66423
30214, 66423
30297, 66423
30466, 66423
30581, 66423
30704, 66423
31159, 66423
31191, 66423
31257, 66423
31469, 66423
31774, 66423
32022, 66423
32068, 66423
32139, 66423
32455, 66423
32493, 66423
33591, 66423
34019, 66423
34153, 66423
34171, 66423
34230, 66423
34233, 66423
34523, 66423
34540, 66423
35046, 66423
35095, 66423
35135, 66423
35285, 66423
35547, 66423
35656, 66423
36009, 66423
36091, 66423
36124, 66423
37383, 66423
37975, 66423
38043, 66423
38446, 66423
14023, 66222
22806, 66141
10383, 66033
5917, 66012
7004, 66012
7908, 66012
8182, 66012
8296, 66012
9354, 66012
10043, 66012
25936, 65904
26395, 65904
28050, 65904
29653, 65904
29876, 65904
30280, 65904
33160, 65904
33390, 65904
34998, 65904
265761, 65714
33144, 65509
99016, 65405
123867, 65405
139743, 65405
150466, 65405
200694, 65405
31827, 65156
134860, 65103
2056, 63526
3466, 63169
7631, 63164
18357, 63149
21068, 63149
42300, 62679
50289, 62679
54800, 62679
55506, 62679
69256, 62679
100297, 62679
101099, 62679
105778, 62679
108820, 62679
116095, 62679
120350, 62679
127816, 62679
132335, 62679
132473, 62679
145184, 62679
153556, 62679
168074, 62679
171107, 62679
175120, 62679
185872, 62679
192856, 62679
200796, 62679
205410, 62679
225422, 62679
225606, 62679
227349, 62679
235861, 62679
246576, 62679
268958, 62679
282976, 62679
283051, 62679
289827, 62679
295047, 62679
290836, 62555
3599, 62461
4830, 62265
1156, 62031
5909, 61959
208589, 61905
120139, 61316
175168, 61316
223188, 61316
266392, 61316
6423, 60377
46041, 58485
143517, 58485
207149, 58485
259155, 58485
197936, 55783
33231, 54724
8932, 54234
2170, 53540
1518, 53536
23509, 52623
28573, 52623
29160, 52623
29178, 52623
29480, 52623
31331, 52623
31357, 52623
9843, 42064
12469, 42064
115817, 42064
123913, 42064
136515, 42064
144992, 42064
153738, 42064
178199, 42064
212197, 42064
238091, 42064
272753, 42064
276055, 42064
178558, 41704
184202, 41704
262845, 41560
9854, 40709
74656, 40511
269998, 40511
198762, 38668
31400, 38429
104372, 38429
197422, 38429
278931, 38429
6189, 37946
7638, 37946
10013, 37946
15354, 37946
16804, 37946
22515, 37946
23697, 37946
24526, 37946
26196, 37946
37729, 37946
37944, 37946
41860, 37946
47265, 37946
48228, 37946
49601, 37946
50562, 37946
52025, 37946
52592, 37946
54003, 37946
54229, 37946
60445, 37946
62871, 37946
64055, 37946
64681, 37946
70201, 37946
70328, 37946
79651, 37946
84053, 37946
92280, 37946
95524, 37946
99941, 37946
103220, 37946
104399, 37946
107978, 37946
109071, 37946
110022, 37946
110954, 37946
114404, 37946
114536, 37946
116587, 37946
117636, 37946
119700, 37946
119811, 37946
121204, 37946
121530, 37946
124234, 37946
124963, 37946
126896, 37946
129040, 37946
129251, 37946
129560, 37946
135019, 37946
138429, 37946
138577, 37946
142354, 37946
144263, 37946
144534, 37946
147839, 37946
148462, 37946
152756, 37946
153284, 37946
154367, 37946
155329, 37946
159307, 37946
160566, 37946
160874, 37946
163986, 37946
165147, 37946
166058, 37946
166321, 37946
169947, 37946
177607, 37946
184952, 37946
184969, 37946
189705, 37946
194615, 37946
196160, 37946
200022, 37946
202892, 37946
208143, 37946
208654, 37946
208959, 37946
211415, 37946
212416, 37946
212995, 37946
213377, 37946
214404, 37946
216539, 37946
218293, 37946
225388, 37946
228223, 37946
236378, 37946
236398, 37946
237000, 37946
238350, 37946
240362, 37946
240918, 37946
243336, 37946
243767, 37946
243820, 37946
245603, 37946
248213, 37946
248894, 37946
255463, 37946
255593, 37946
256954, 37946
261696, 37946
263266, 37946
264026, 37946
266246, 37946
267497, 37946
268124, 37946
269617, 37946
270151, 37946
272045, 37946
272187, 37946
273892, 37946
274461, 37946
280022, 37946
281539, 37946
286895, 37946
287446, 37946
287798, 37946
287940, 37946
287964, 37946
289604, 37946
290789, 37946
3402, 37692
6218, 37692
9046, 37692
16802, 37692
23043, 37692
33232, 37692
36818, 37692
41652, 37692
47915, 37692
51549, 37692
66478, 37692
66634, 37692
69801, 37692
78648, 37692
83798, 37692
90833, 37692
98692, 37692
102094, 37692
105309, 37692
113453, 37692
118348, 37692
118533, 37692
119075, 37692
127903, 37692
127960, 37692
128615, 37692
149885, 37692
150110, 37692
152477, 37692
177182, 37692
185471, 37692
196653, 37692
200062, 37692
202972, 37692
212565, 37692
212627, 37692
239245, 37692
252603, 37692
254786, 37692
259311, 37692
267421, 37692
269136, 37692
269144, 37692
269392, 37692
272850, 37692
274778, 37692
280573, 37692
97032, 37504
12544, 36413
249162, 35738
24852, 35512
32382, 35512
81813, 35512
151326, 35512
179959, 35512
187813, 35512
196677, 35512
204884, 35512
207998, 35512
208011, 35512
219929, 35512
223388, 35512
229014, 35512
235679, 35512
240091, 35512
248924, 35512
251779, 35512
260568, 35512
292037, 35512
296057, 35512
227566, 35340
216397, 35251
261340, 35251
283797, 35251
13094, 35201
10829, 35019
251911, 34733
171595, 34338
232823, 34338
8095, 34306
14185, 34306
18996, 34306
43045, 34306
43807, 34306
44997, 34306
48154, 34306
54282, 34306
66097, 34306
69739, 34306
78258, 34306
88294, 34306
93018, 34306
103935, 34306
106840, 34306
112522, 34306
115046, 34306
117464, 34306
119976, 34306
137441, 34306
150829, 34306
182155, 34306
193473, 34306
200393, 34306
221139, 34306
226647, 34306
249099, 34306
259951, 34306
84562, 33724
4587, 33558
11218, 33558
13172, 33558
17251, 33558
25671, 33558
47517, 33558
49856, 33558
53558, 33558
55117, 33558
72056, 33558
74875, 33558
79602, 33558
86969, 33558
87269, 33558
89117, 33558
90742, 33558
92844, 33558
95040, 33558
95231, 33558
96475, 33558
99769, 33558
105842, 33558
106501, 33558
112534, 33558
115924, 33558
122411, 33558
123275, 33558
124551, 33558
126898, 33558
127136, 33558
127771, 33558
129166, 33558
129331, 33558
140052, 33558
140551, 33558
144005, 33558
144239, 33558
154905, 33558
158822, 33558
159365, 33558
167731, 33558
168512, 33558
170740, 33558
173761, 33558
177651, 33558
180992, 33558
183648, 33558
185805, 33558
188019, 33558
188311, 33558
188391, 33558
190957, 33558
193741, 33558
194044, 33558
195288, 33558
198514, 33558
204659, 33558
205371, 33558
207800, 33558
209708, 33558
212840, 33558
213020, 33558
218275, 33558
221018, 33558
232020, 33558
238848, 33558
250901, 33558
261334, 33558
262691, 33558
264088, 33558
268978, 33558
269007, 33558
271926, 33558
277896, 33558
294086, 33558
46740, 33484
48697, 33484
68295, 33484
78200, 33484
92518, 33484
92793, 33484
93907, 33484
95112, 33484
113598, 33484
113887, 33484
158261, 33484
62461, 33409
97897, 33409
8264, 33311
20829, 33311
30203, 33311
51361, 33311
54844, 33311
55033, 33311
63233, 33311
70773, 33311
72296, 33311
74861, 33311
85463, 33311
92130, 33311
112138, 33311
126005, 33311
134477, 33311
136796, 33311
138213, 33311
151330, 33311
155191, 33311
180274, 33311
211954, 33311
213913, 33311
221021, 33311
236529, 33311
4305, 31636
6431, 31636
10646, 31636
37097, 31636
46847, 31636
47458, 31636
54057, 31636
55425, 31636
58163, 31636
65472, 31636
99508, 31636
110863, 31636
112802, 31636
197131, 31593
237227, 31593
240175, 31593
252973, 31212
5298, 31187
6226, 31187
21806, 31187
33657, 31187
42444, 31187
48590, 31187
66736, 31187
69300, 31187
71383, 31187
73431, 31187
78125, 31187
82417, 31187
99464, 31187
122496, 31187
272723, 31179
10786, 30810
49108, 30704
130430, 30704
8133, 30133
212, 30043
15204, 30043
119527, 30043
243751, 30043
170483, 29903
197117, 29875
6083, 29553
17637, 29155
21559, 29155
22723, 29155
24283, 29155
27067, 29155
69708, 29155
204167, 29155
222194, 29155
230022, 29155
262615, 29155
15188, 29148
20124, 29148
22778, 28997
23215, 28997
23413, 28997
28068, 28997
30764, 28997
31629, 28997
35491, 28997
37308, 28997
39879, 28997
41085, 28997
44064, 28997
47454, 28997
51397, 28997
56939, 28997
59583, 28997
181798, 28997
71568, 28964
2655, 28801
261313, 28746
24473, 28582
7698, 28480
137315, 28431
152999, 28431
185964, 28431
211143, 28431
231327, 28431
284616, 28431
123057, 28251
113605, 27692
151439, 27692
182528, 27692
66696, 27688
22372, 27681
31148, 27681
63974, 27681
188141, 27681
197180, 27681
221998, 27681
231342, 27681
246924, 27681
15852, 27665
33636, 27665
43339, 27665
76077, 27665
2893, 27605
127158, 27605
204968, 27605
123463, 27559
154358, 27559
203890, 27559
81481, 27438
70191, 27426
124996, 27426
247681, 27426
193104, 27300
200162, 27300
222326, 27300
223791, 27300
245258, 27300
277142, 27300
285144, 27300
235844, 27254
8012, 27180
12746, 27180
12809, 27180
13021, 27180
13168, 27180
18630, 27180
47693, 27180
60436, 27180
102509, 27180
123559, 27180
127130, 27180
152546, 27180
155209, 27180
160658, 27180
163303, 27180
166335, 27180
187601, 27180
194962, 27180
196055, 27180
203949, 27180
212298, 27180
250590, 27180
253375, 27180
26948, 26870
28840, 26870
98591, 26870
103997, 26870
113483, 26870
161459, 26870
14567, 26753
14755, 26753
15367, 26753
20040, 26753
30617, 26753
50862, 26753
295772, 26741
37640, 26645
82136, 26645
170237, 26645
173843, 26645
257759, 26645
273854, 26645
288981, 26645
293041, 26645
3010, 26627
14234, 26627
27432, 26626
27975, 26626
31035, 26626
38268, 26626
40790, 26626
43579, 26626
44938, 26626
47676, 26626
49542, 26626
54984, 26626
59261, 26626
62272, 26626
63948, 26626
68593, 26626
108718, 26626
47323, 26611
148819, 26508
2081, 26427
8836, 26310
12092, 26310
43368, 26310
46458, 26310
49234, 26310
86815, 26310
88509, 26310
91276, 26310
92270, 26310
98132, 26310
116595, 26310
119081, 26310
121299, 26310
127761, 26310
128831, 26310
139341, 26310
160303, 26310
166742, 26310
194432, 26310
198022, 26310
208907, 26310
237190, 26310
134906, 26303
155621, 26303
260815, 26303
2773, 26253
138921, 26253
173094, 26253
196648, 26253
278577, 26253
34580, 26126
83278, 26126
105397, 26126
3927, 26124
4026, 26124
4409, 26124
6169, 26124
24434, 26117
28627, 26117
39990, 26117
64457, 26117
64962, 26117
65082, 26117
86199, 26117
104958, 26117
6840, 26083
8765, 26017
18671, 26017
164851, 26017
165291, 26017
90519, 25903
172865, 25883
20827, 25858
35289, 25858
181089, 25858
14892, 25747
101216, 25747
211186, 25706
215930, 25583
54286, 25568
126351, 25568
158748, 25551
65096, 25545
80819, 25545
5804, 25531
12318, 25531
16129, 25531
57015, 25531
75076, 25531
81358, 25531
84408, 25531
91232, 25531
111763, 25531
112949, 25531
117274, 25531
163720, 25531
184185, 25531
236169, 25531
276679, 25527
58243, 25508
112079, 25508
141143, 25508
199404, 25508
271756, 25508
39778, 25426
50087, 25426
52106, 25426
55739, 25426
62538, 25426
66401, 25426
75998, 25426
85615, 25426
92698, 25426
95064, 25426
132161, 25426
138149, 25426
256425, 25426
4738, 25361
8045, 25336
86451, 25323
223245, 25314
252569, 25267
267246, 25187
269582, 25133
280505, 25133
72163, 25089
12067, 25088
23319, 25088
23897, 25088
28831, 25088
63836, 25088
66535, 25088
85523, 25088
98473, 25088
109122, 25088
146325, 25088
148818, 25088
167781, 25088
2718, 25050
2840, 25050
4411, 25050
127650, 24924
4513, 24889
985, 24823
1376, 24823
1717, 24823
1827, 24823
2050, 24823
2442, 24823
2451, 24823
2630, 24823
2874, 24823
2910, 24823
3097, 24823
3107, 24823
3171, 24823
3288, 24823
3295, 24823
3439, 24823
3508, 24823
3540, 24823
3565, 24823
3738, 24823
3749, 24823
3783, 24823
3872, 24823
3935, 24823
3959, 24823
4059, 24823
4158, 24823
4233, 24823
4260, 24823
4317, 24823
4345, 24823
4353, 24823
4436, 24823
4522, 24823
4556, 24823
4557, 24823
4562, 24823
4611, 24823
4614, 24823
4636, 24823
4639, 24823
4654, 24823
4706, 24823
4736, 24823
4771, 24823
4865, 24823
4914, 24823
4922, 24823
4932, 24823
4980, 24823
5042, 24823
5089, 24823
5114, 24823
5132, 24823
5135, 24823
5212, 24823
5240, 24823
49907, 24771
50116, 24771
135097, 24615
144049, 24615
164234, 24615
197572, 24615
206368, 24615
208375, 24615
220060, 24615
230117, 24615
233157, 24615
146694, 24598
169699, 24598
182638, 24598
194308, 24598
202283, 24598
202625, 24598
219014, 24598
223527, 24598
230083, 24598
238497, 24598
254824, 24598
261558, 24598
264583, 24598
279325, 24598
130552, 24566
136313, 24566
139618, 24566
142793, 24566
146711, 24566
147057, 24566
150643, 24566
166531, 24566
169644, 24566
177149, 24566
186522, 24566
210538, 24566
215294, 24566
226115, 24566
226460, 24566
228340, 24566
236212, 24566
245300, 24566
253314, 24566
255641, 24566
261237, 24566
263135, 24566
290299, 24566
295636, 24566
96716, 24550
105224, 24550
116887, 24550
122958, 24550
125300, 24550
125744, 24550
126365, 24550
126888, 24550
127271, 24550
128155, 24550
130100, 24550
130292, 24550
130645, 24550
133459, 24550
133627, 24550
133810, 24550
134737, 24550
135313, 24550
135729, 24550
136254, 24550
136367, 24550
138271, 24550
139089, 24550
139112, 24550
140570, 24550
141358, 24550
141837, 24550
142731, 24550
143417, 24550
144369, 24550
145502, 24550
145634, 24550
145937, 24550
146328, 24550
146846, 24550
147429, 24550
147898, 24550
148210, 24550
148847, 24550
149635, 24550
149711, 24550
150033, 24550
150224, 24550
150452, 24550
151277, 24550
152407, 24550
152554, 24550
154040, 24550
154199, 24550
154894, 24550
155695, 24550
157222, 24550
158099, 24550
159490, 24550
159493, 24550
159668, 24550
159874, 24550
160353, 24550
160693, 24550
160939, 24550
163018, 24550
163335, 24550
164789, 24550
165383, 24550
165449, 24550
166642, 24550
168065, 24550
168765, 24550
169973, 24550
170243, 24550
170875, 24550
172667, 24550
173379, 24550
174057, 24550
174300, 24550
174979, 24550
176171, 24550
177290, 24550
177319, 24550
178106, 24550
179332, 24550
179416, 24550
180685, 24550
183225, 24550
183304, 24550
184089, 24550
185946, 24550
186573, 24550
187422, 24550
187614, 24550
188056, 24550
189424, 24550
191078, 24550
191230, 24550
192161, 24550
192275, 24550
192514, 24550
193558, 24550
193782, 24550
193842, 24550
193917, 24550
195643, 24550
202755, 24550
204123, 24550
206147, 24550
209301, 24550
211504, 24550
211597, 24550
211920, 24550
214377, 24550
216542, 24550
216776, 24550
217868, 24550
218135, 24550
219148, 24550
221349, 24550
221482, 24550
222648, 24550
233796, 24550
234313, 24550
236670, 24550
237149, 24550
238030, 24550
238879, 24550
239862, 24550
240742, 24550
242111, 24550
242578, 24550
243266, 24550
243818, 24550
244261, 24550
246421, 24550
247759, 24550
247886, 24550
248433, 24550
249415, 24550
249577, 24550
252303, 24550
252797, 24550
253194, 24550
253458, 24550
254118, 24550
256022, 24550
256169, 24550
258585, 24550
259316, 24550
260056, 24550
267717, 24550
268678, 24550
269845, 24550
272262, 24550
276611, 24550
277524, 24550
279013, 24550
279583, 24550
279859, 24550
281020, 24550
284683, 24550
284954, 24550
286791, 24550
292978, 24550
2500, 24436
144139, 24434
151769, 24434
172914, 24434
181207, 24434
200990, 24434
211548, 24434
252635, 24434
254216, 24367
824, 24263
1793, 24263
1820, 24263
2426, 24263
1690, 24002
134208, 23974
151690, 23974
194531, 23974
144045, 23950
146673, 23950
186055, 23950
208550, 23950
215701, 23950
219312, 23950
243917, 23950
247480, 23950
255875, 23950
280176, 23950
288150, 23950
293557, 23950
221585, 23889
194310, 23834
283655, 23834
206357, 23811
67354, 23774
197030, 23751
247091, 23609
1779, 23592
219996, 23421
141953, 23414
160179, 23414
161903, 23414
163090, 23414
177144, 23414
197770, 23414
235962, 23414
253135, 23414
256456, 23414
266207, 23414
280136, 23414
81306, 23335
136373, 23335
222272, 23335
287978, 23335
188186, 23296
289714, 23274
294812, 23225
681, 23185
1294, 23185
245989, 23176
150861, 23146
224190, 23146
138060, 23135
79894, 23105
97140, 23105
103017, 23105
106026, 23105
109792, 23105
115672, 23105
119086, 23105
124629, 23105
127237, 23105
130387, 23105
132340, 23105
135269, 23105
136163, 23105
136907, 23105
140504, 23105
140937, 23105
142384, 23105
145980, 23105
146076, 23105
146713, 23105
146998, 23105
150409, 23105
150785, 23105
150898, 23105
151408, 23105
152384, 23105
156575, 23105
156678, 23105
157062, 23105
158349, 23105
160977, 23105
162065, 23105
165471, 23105
166905, 23105
168261, 23105
169003, 23105
173829, 23105
175386, 23105
177309, 23105
179405, 23105
179671, 23105
180149, 23105
181135, 23105
182008, 23105
183212, 23105
183988, 23105
186016, 23105
186345, 23105
186587, 23105
187138, 23105
188261, 23105
188485, 23105
188850, 23105
188926, 23105
189623, 23105
190872, 23105
191147, 23105
191306, 23105
191635, 23105
192412, 23105
194838, 23105
194974, 23105
195294, 23105
195423, 23105
195856, 23105
197430, 23105
198129, 23105
198578, 23105
198585, 23105
198645, 23105
199386, 23105
199600, 23105
202730, 23105
203045, 23105
203610, 23105
205215, 23105
206634, 23105
206773, 23105
206798, 23105
207086, 23105
207194, 23105
207737, 23105
208948, 23105
209158, 23105
209184, 23105
209866, 23105
210290, 23105
213716, 23105
213911, 23105
214751, 23105
215497, 23105
216040, 23105
217419, 23105
218173, 23105
219641, 23105
220155, 23105
221609, 23105
223512, 23105
223624, 23105
224848, 23105
226755, 23105
227712, 23105
227762, 23105
227795, 23105
229311, 23105
230348, 23105
230470, 23105
231837, 23105
232366, 23105
238536, 23105
238717, 23105
239065, 23105
240097, 23105
240206, 23105
240814, 23105
241980, 23105
242291, 23105
242342, 23105
243162, 23105
243168, 23105
243170, 23105
243262, 23105
246087, 23105
246189, 23105
247690, 23105
248872, 23105
250139, 23105
253121, 23105
255016, 23105
255478, 23105
256016, 23105
256167, 23105
256583, 23105
256818, 23105
257724, 23105
257733, 23105
258130, 23105
258691, 23105
259040, 23105
259061, 23105
260368, 23105
260633, 23105
260708, 23105
261393, 23105
261473, 23105
261496, 23105
262879, 23105
263236, 23105
263238, 23105
264692, 23105
264714, 23105
265481, 23105
266635, 23105
267983, 23105
269614, 23105
270366, 23105
270615, 23105
271498, 23105
272121, 23105
272271, 23105
272456, 23105
273844, 23105
274211, 23105
274376, 23105
275470, 23105
277203, 23105
277303, 23105
278490, 23105
278689, 23105
278833, 23105
279122, 23105
282168, 23105
282890, 23105
283370, 23105
283691, 23105
284449, 23105
285191, 23105
285500, 23105
285886, 23105
286083, 23105
287759, 23105
288374, 23105
288704, 23105
288917, 23105
289801, 23105
289949, 23105
290179, 23105
290607, 23105
290717, 23105
292106, 23105
293371, 23105
293513, 23105
294120, 23105
294901, 23105
296587, 23105
2713, 23067
111889, 23067
114423, 23067
114434, 23067
118071, 23067
118315, 23067
118877, 23067
118949, 23067
120679, 23067
121102, 23067
122447, 23067
125021, 23067
128303, 23067
129861, 23067
130698, 23067
131461, 23067
131497, 23067
133203, 23067
133447, 23067
134998, 23067
135155, 23067
135777, 23067
136241, 23067
136720, 23067
137624, 23067
137805, 23067
138153, 23067
140134, 23067
140214, 23067
141159, 23067
141753, 23067
141817, 23067
141960, 23067
142084, 23067
143080, 23067
143107, 23067
143678, 23067
143876, 23067
144210, 23067
144618, 23067
145686, 23067
145734, 23067
145973, 23067
146670, 23067
147678, 23067
147879, 23067
147987, 23067
148007, 23067
148012, 23067
148627, 23067
149603, 23067
149946, 23067
150081, 23067
150183, 23067
150266, 23067
150608, 23067
150717, 23067
151949, 23067
151966, 23067
152975, 23067
153227, 23067
153593, 23067
153611, 23067
153638, 23067
153929, 23067
154053, 23067
154308, 23067
154755, 23067
154810, 23067
154844, 23067
155246, 23067
155665, 23067
155827, 23067
156677, 23067
156703, 23067
156861, 23067
157249, 23067
157451, 23067
157553, 23067
157591, 23067
157694, 23067
157866, 23067
158414, 23067
159075, 23067
160492, 23067
160742, 23067
161139, 23067
162166, 23067
162360, 23067
162591, 23067
162631, 23067
163330, 23067
163591, 23067
164659, 23067
164837, 23067
165520, 23067
165902, 23067
165965, 23067
166182, 23067
166722, 23067
167120, 23067
167599, 23067
167958, 23067
168096, 23067
168348, 23067
169976, 23067
170009, 23067
170011, 23067
170193, 23067
170235, 23067
171266, 23067
172057, 23067
172305, 23067
172500, 23067
173260, 23067
173572, 23067
173621, 23067
173774, 23067
174121, 23067
174186, 23067
175014, 23067
175430, 23067
175896, 23067
176782, 23067
177155, 23067
177257, 23067
178330, 23067
178659, 23067
179057, 23067
179143, 23067
179227, 23067
179305, 23067
180083, 23067
180219, 23067
180449, 23067
180589, 23067
181159, 23067
181272, 23067
181867, 23067
183489, 23067
183607, 23067
183637, 23067
183696, 23067
184967, 23067
185552, 23067
185917, 23067
186162, 23067
186571, 23067
186628, 23067
187353, 23067
187655, 23067
188463, 23067
188574, 23067
188686, 23067
189464, 23067
189872, 23067
190473, 23067
190479, 23067
191522, 23067
191625, 23067
192051, 23067
192286, 23067
192484, 23067
192519, 23067
192718, 23067
192809, 23067
193089, 23067
193649, 23067
193913, 23067
194297, 23067
194417, 23067
194627, 23067
194774, 23067
194817, 23067
194904, 23067
196026, 23067
196258, 23067
196294, 23067
197342, 23067
199072, 23067
199364, 23067
199607, 23067
200488, 23067
200995, 23067
201239, 23067
201880, 23067
203266, 23067
204251, 23067
204597, 23067
205499, 23067
205842, 23067
205909, 23067
206981, 23067
207444, 23067
207561, 23067
207838, 23067
207984, 23067
208058, 23067
208336, 23067
208607, 23067
208692, 23067
210292, 23067
210393, 23067
210817, 23067
210939, 23067
210944, 23067
211497, 23067
211661, 23067
211883, 23067
212334, 23067
212494, 23067
212560, 23067
212599, 23067
212603, 23067
212713, 23067
213814, 23067
213899, 23067
213925, 23067
214057, 23067
214680, 23067
214759, 23067
215675, 23067
215914, 23067
216593, 23067
216774, 23067
217345, 23067
217976, 23067
218270, 23067
218323, 23067
218820, 23067
219558, 23067
219561, 23067
220159, 23067
220347, 23067
220382, 23067
222070, 23067
222404, 23067
222509, 23067
222602, 23067
222662, 23067
222901, 23067
223217, 23067
223249, 23067
223954, 23067
224270, 23067
224359, 23067
224820, 23067
225080, 23067
225230, 23067
225377, 23067
225431, 23067
225675, 23067
225972, 23067
226057, 23067
226149, 23067
226287, 23067
226422, 23067
226438, 23067
226682, 23067
226784, 23067
226859, 23067
227575, 23067
227917, 23067
228786, 23067
229344, 23067
229836, 23067
229976, 23067
230020, 23067
230159, 23067
230285, 23067
230596, 23067
230804, 23067
231076, 23067
231088, 23067
231119, 23067
231158, 23067
231416, 23067
231460, 23067
231482, 23067
231708, 23067
232100, 23067
232175, 23067
232516, 23067
232774, 23067
233323, 23067
233456, 23067
233651, 23067
233887, 23067
234152, 23067
234156, 23067
234714, 23067
235170, 23067
237424, 23067
238123, 23067
238323, 23067
239118, 23067
239119, 23067
239490, 23067
240416, 23067
240439, 23067
240505, 23067
240580, 23067
240652, 23067
240761, 23067
241076, 23067
241899, 23067
242244, 23067
242383, 23067
242468, 23067
242717, 23067
243072, 23067
243205, 23067
243219, 23067
243583, 23067
243930, 23067
244608, 23067
244650, 23067
244957, 23067
245929, 23067
246969, 23067
246996, 23067
247076, 23067
247215, 23067
247334, 23067
247346, 23067
248056, 23067
248691, 23067
248740, 23067
249371, 23067
249669, 23067
249931, 23067
250003, 23067
250197, 23067
250861, 23067
251044, 23067
251442, 23067
251620, 23067
251640, 23067
251894, 23067
251995, 23067
252466, 23067
253542, 23067
254050, 23067
254168, 23067
254325, 23067
254462, 23067
254573, 23067
254643, 23067
254821, 23067
255253, 23067
255605, 23067
256032, 23067
256052, 23067
256092, 23067
256687, 23067
256766, 23067
256807, 23067
256858, 23067
256915, 23067
257042, 23067
257103, 23067
257252, 23067
257266, 23067
257448, 23067
258058, 23067
258210, 23067
258431, 23067
258690, 23067
259379, 23067
260401, 23067
260780, 23067
260792, 23067
261649, 23067
261909, 23067
261931, 23067
261933, 23067
261946, 23067
262011, 23067
263842, 23067
264177, 23067
265161, 23067
265478, 23067
265627, 23067
265724, 23067
266519, 23067
266775, 23067
266876, 23067
267134, 23067
267510, 23067
267743, 23067
267780, 23067
268056, 23067
269014, 23067
269030, 23067
269102, 23067
269743, 23067
269807, 23067
270733, 23067
270839, 23067
271075, 23067
271191, 23067
271239, 23067
271687, 23067
271882, 23067
272157, 23067
273151, 23067
273193, 23067
273322, 23067
273755, 23067
274249, 23067
274277, 23067
275011, 23067
275436, 23067
275923, 23067
276390, 23067
276637, 23067
276792, 23067
276910, 23067
277069, 23067
277539, 23067
277987, 23067
278493, 23067
278553, 23067
278608, 23067
278615, 23067
279289, 23067
280077, 23067
281022, 23067
281031, 23067
281477, 23067
281968, 23067
282022, 23067
282522, 23067
282675, 23067
283240, 23067
283432, 23067
283672, 23067
284018, 23067
284024, 23067
284046, 23067
284197, 23067
284488, 23067
284930, 23067
285035, 23067
285212, 23067
285504, 23067
285513, 23067
285679, 23067
286220, 23067
286814, 23067
286974, 23067
287352, 23067
287450, 23067
287835, 23067
288222, 23067
288457, 23067
289288, 23067
289405, 23067
289487, 23067
290116, 23067
290198, 23067
291384, 23067
291401, 23067
291796, 23067
291890, 23067
291983, 23067
291996, 23067
292205, 23067
293162, 23067
293559, 23067
293626, 23067
293684, 23067
293831, 23067
293874, 23067
293880, 23067
294098, 23067
294541, 23067
294946, 23067
295295, 23067
295367, 23067
295806, 23067
153899, 22978
160313, 22978
177311, 22978
200947, 22978
221401, 22978
250265, 22978
278596, 22978
280050, 22978
288324, 22978
292922, 22978
182081, 22958
225887, 22958
272202, 22958
91648, 22922
101219, 22922
108939, 22922
110511, 22922
110530, 22922
114228, 22922
114294, 22922
116600, 22922
120113, 22922
135364, 22922
138318, 22922
139005, 22922
139532, 22922
147171, 22922
148952, 22922
149267, 22922
149931, 22922
150368, 22922
150740, 22922
152845, 22922
157505, 22922
159721, 22922
160816, 22922
161930, 22922
166786, 22922
166993, 22922
168416, 22922
169483, 22922
170686, 22922
177461, 22922
178649, 22922
180703, 22922
183033, 22922
184152, 22922
185795, 22922
189181, 22922
198341, 22922
200359, 22922
202686, 22922
202852, 22922
203089, 22922
208805, 22922
220684, 22922
222021, 22922
224728, 22922
227245, 22922
227492, 22922
229124, 22922
234329, 22922
237985, 22922
242525, 22922
243898, 22922
244454, 22922
250357, 22922
250612, 22922
252875, 22922
253912, 22922
254302, 22922
254941, 22922
257704, 22922
259637, 22922
262035, 22922
262365, 22922
264103, 22922
265829, 22922
266370, 22922
267710, 22922
278336, 22922
279897, 22922
280863, 22922
281312, 22922
282021, 22922
284176, 22922
288035, 22922
290793, 22922
291072, 22922
294421, 22922
295524, 22922
142301, 22921
154004, 22921
199439, 22921
94687, 22890
112016, 22890
112037, 22890
113154, 22890
114449, 22890
115531, 22890
120517, 22890
124130, 22890
135270, 22890
136638, 22890
141126, 22890
144940, 22890
147825, 22890
160506, 22890
163445, 22890
164727, 22890
165569, 22890
169485, 22890
169690, 22890
181140, 22890
182851, 22890
186047, 22890
187955, 22890
198185, 22890
198918, 22890
199390, 22890
200028, 22890
200569, 22890
200722, 22890
201251, 22890
202010, 22890
204523, 22890
209468, 22890
214957, 22890
216856, 22890
220784, 22890
220896, 22890
222378, 22890
231198, 22890
232320, 22890
233368, 22890
233748, 22890
234331, 22890
236734, 22890
243830, 22890
244667, 22890
256337, 22890
268659, 22890
271334, 22890
272737, 22890
282542, 22890
285095, 22890
285182, 22890
290796, 22890
291515, 22890
152818, 22828
107545, 22823
150633, 22769
64524, 22728
273150, 22728
163081, 22697
54310, 22693
131255, 22687
156671, 22687
162179, 22687
168290, 22687
113482, 22654
114108, 22654
133734, 22654
141930, 22654
150063, 22654
164301, 22654
170123, 22654
188904, 22654
201907, 22654
216255, 22654
243909, 22654
244332, 22654
250699, 22654
255105, 22654
267472, 22654
269491, 22654
283698, 22654
285845, 22654
296019, 22654
95404, 22640
96495, 22640
99129, 22640
105871, 22640
118806, 22640
134870, 22640
142419, 22640
150564, 22640
152705, 22640
172311, 22640
173868, 22640
201763, 22640
206606, 22640
208741, 22640
211006, 22640
222788, 22640
228653, 22640
229636, 22640
232405, 22640
233462, 22640
248785, 22640
249539, 22640
253800, 22640
255331, 22640
259245, 22640
268007, 22640
268400, 22640
269228, 22640
275371, 22640
276996, 22640
279646, 22640
282796, 22640
283346, 22640
284563, 22640
288337, 22640
290745, 22640
96084, 22632
166984, 22632
174729, 22632
196044, 22632
200412, 22632
201736, 22632
231503, 22632
255816, 22632
292893, 22632
121970, 22622
148412, 22622
152204, 22622
162358, 22622
179280, 22622
235784, 22622
246226, 22622
276358, 22622
290288, 22622
294876, 22622
179632, 22602
188623, 22602
126917, 22595
133092, 22595
142661, 22595
156569, 22595
160859, 22595
162508, 22595
164514, 22595
176249, 22595
178996, 22595
183417, 22595
191916, 22595
211297, 22595
229731, 22595
231613, 22595
252827, 22595
254710, 22595
258267, 22595
281275, 22595
288705, 22595
293833, 22595
118547, 22532
120043, 22532
120146, 22532
136621, 22532
141663, 22532
142169, 22532
149105, 22532
153361, 22532
161972, 22532
178512, 22532
202637, 22532
202638, 22532
203751, 22532
206241, 22532
249347, 22532
273315, 22532
177037, 22486
796, 22478
274361, 22403
152882, 22401
206511, 22401
208184, 22401
286881, 22401
264446, 22391
193407, 22327
131960, 22293
136417, 22293
159274, 22293
208681, 22293
228063, 22293
228507, 22293
242698, 22293
261777, 22293
137457, 22289
106966, 22282
114852, 22282
114876, 22282
116867, 22282
142020, 22282
143544, 22282
148332, 22282
154598, 22282
165001, 22282
168142, 22282
171761, 22282
174109, 22282
174535, 22282
174539, 22282
174558, 22282
176855, 22282
181661, 22282
182285, 22282
182388, 22282
190388, 22282
190922, 22282
193216, 22282
193948, 22282
196530, 22282
199773, 22282
200939, 22282
201191, 22282
202815, 22282
203515, 22282
210139, 22282
215757, 22282
220156, 22282
239085, 22282
242370, 22282
244651, 22282
252468, 22282
252498, 22282
255803, 22282
260117, 22282
264955, 22282
276412, 22282
277396, 22282
143126, 22272
247029, 22248
249746, 22248
86895, 22240
91170, 22240
214430, 22143
128392, 22078
183370, 22078
205771, 22078
211822, 22078
279428, 22078
281156, 22078
293794, 22078
159722, 21914
343, 21911
87580, 21872
227784, 21872
246821, 21872
254315, 21872
140961, 21852
149445, 21852
181012, 21852
206098, 21852
215532, 21852
244882, 21852
256259, 21852
230191, 21815
253385, 21815
233817, 21735
89137, 21661
228105, 21661
223151, 21645
235683, 21645
252415, 21645
249736, 21569
287751, 21524
1400, 21444
136877, 21444
150014, 21444
198600, 21444
205978, 21444
238971, 21444
247278, 21444
252295, 21444
256611, 21444
97678, 21419
203010, 21419
89706, 21412
122550, 21401
132962, 21401
141213, 21401
147892, 21401
167963, 21401
195505, 21401
123048, 21365
210484, 21365
228849, 21364
100944, 21353
121622, 21353
122953, 21353
125722, 21353
126070, 21353
128967, 21353
130661, 21353
133119, 21353
138969, 21353
216498, 21353
219151, 21353
266406, 21353
286375, 21353
91504, 21351
111028, 21351
252686, 21351
270361, 21351
284394, 21351
285432, 21351
118207, 21305
135163, 21305
175637, 21305
221574, 21305
235670, 21305
288835, 21305
280856, 21290
132501, 21201
252962, 21201
99106, 21195
143188, 21112
172762, 21112
209483, 21112
215894, 21112
266833, 21112
93515, 21044
198354, 20853
16944, 20837
206087, 20821
285505, 20763
246518, 20659
166456, 20405
252489, 20405
250245, 20319
125915, 20255
206675, 20089
124782, 20051
167355, 20051
130107, 19968
89221, 19655
137703, 19644
184543, 19002
222590, 19002
284795, 18947
222395, 18855
163997, 18654
167933, 18654
141651, 18652
207103, 18652
270833, 18652
228854, 18618
200179, 18543
125822, 18469
144927, 18469
159418, 18469
171785, 18469
174788, 18469
207661, 18469
242974, 18469
252553, 18415
268279, 18392
268780, 18392
204882, 18343
100378, 18059
213492, 17964
94137, 17794
183452, 17794
230198, 17794
294310, 17794
81151, 17567
130376, 17567
233522, 17567
43474, 17553
95876, 17553
282800, 16693
250859, 16086
166874, 16053
250100, 15986
145681, 14919
266931, 13656
196618, 13589
3790, 12200
10660, 11914
114832, 11906
162163, 11906
168312, 11906
194476, 11906
202687, 11906
221176, 11906
240978, 11906
271964, 11906
196483, 10844
250350, 10844
142560, 9599
200319, 9599
91467, 8655
126900, 8171
71088, 7641
43488, 7591
46423, 7591
49084, 7591
51499, 7591
54343, 7591
54568, 7591
56738, 7591
57385, 7591
58489, 7591
58826, 7591
59926, 7591
60370, 7591
63525, 7591
64267, 7591
64657, 7591
64861, 7591
64892, 7591
65174, 7591
65577, 7591
66864, 7591
71686, 7591
81290, 7591
48035, 7552
52212, 7552
57567, 7552
59795, 7552
61943, 7552
42237, 7507
32479, 7506
39298, 7506
49908, 7506
52692, 7506
55289, 7506
55753, 7506
56561, 7506
58886, 7506
63449, 7506
67544, 7506
71461, 7506
38228, 7213
38818, 7213
41960, 7213
43254, 7213
43872, 7213
44293, 7213
45072, 7213
45251, 7213
46054, 7213
47306, 7213
47462, 7213
47866, 7213
47914, 7213
48120, 7213
48580, 7213
49707, 7213
50591, 7213
50976, 7213
51414, 7213
51941, 7213
52376, 7213
52913, 7213
53252, 7213
54588, 7213
54599, 7213
56746, 7213
56888, 7213
58343, 7213
58409, 7213
60339, 7213
60824, 7213
62646, 7213
62727, 7213
63372, 7213
64985, 7213
66111, 7213
39317, 7177
40831, 7177
44215, 7177
47067, 7177
49295, 7177
49950, 7177
53534, 7177
54071, 7177
54095, 7177
54563, 7177
55438, 7177
60907, 7177
45938, 7142
46902, 7142
47828, 7142
54554, 7142
55402, 7142
45489, 6926
48135, 6926
48560, 6926
50489, 6926
51176, 6926
51219, 6926
51486, 6926
51842, 6926
52104, 6926
55546, 6926
56087, 6926
56236, 6926
57202, 6926
57217, 6926
59618, 6926
60026, 6926
60680, 6926
61122, 6926
62139, 6926
62193, 6926
62300, 6926
62338, 6926
62507, 6926
63133, 6926
63504, 6926
63985, 6926
65339, 6926
66267, 6926
66378, 6926
66487, 6926
67040, 6926
67948, 6926
68913, 6926
68952, 6926
69278, 6926
69839, 6926
70045, 6926
70349, 6926
72838, 6926
72977, 6926
73322, 6926
73829, 6926
74252, 6926
74834, 6926
75370, 6926
82240, 6926
23691, 6902
51923, 6902
62644, 6902
51198, 6896
61187, 6662
39985, 6629
47367, 6629
47425, 6629
47547, 6629
47798, 6629
55264, 6629
34077, 6626
36634, 6626
37667, 6626
39877, 6626
42948, 6626
43673, 6626
43806, 6626
44309, 6626
46280, 6626
48706, 6626
49076, 6626
50166, 6626
51172, 6626
51342, 6626
52571, 6626
54422, 6626
55623, 6626
60867, 6626
39250, 6593
210952, 6578
46207, 6262
57368, 6262
59745, 6262
60534, 6262
70928, 6262
40551, 6258
44884, 6258
51951, 6258
47179, 6251
73281, 6251
97487, 6005
222266, 5682
78222, 5475
81363, 5475
115891, 5475
30934, 5361
34211, 5361
43822, 5361
39793, 5350
41955, 5350
42422, 5350
42998, 5350
45256, 5350
54735, 5314
108082, 5226
29828, 5110
31927, 5110
33559, 5110
34441, 5110
35652, 5110
36550, 5110
37472, 5110
30676, 5074
33692, 5074
34774, 5074
34779, 5074
35688, 5074
35912, 5074
36763, 5074
36927, 5074
37437, 5074
37972, 5074
38193, 5074
39776, 5074
136012, 5026
69042, 5024
75234, 5024
84263, 5024
84873, 5024
85707, 5024
115466, 5024
115898, 5024
130854, 5024
153812, 5024
25851, 5023
35228, 5023
38075, 5023
38471, 5023
38525, 5023
39300, 5023
40918, 5023
41425, 5023
41825, 5023
31026, 4993
38502, 4993
39182, 4993
37319, 4974
37644, 4974
37950, 4974
39107, 4974
32551, 4955
36375, 4955
37698, 4955
38830, 4955
255801, 4843
16982, 4760
17576, 4760
18339, 4760
18464, 4760
18704, 4760
19208, 4760
19239, 4760
19505, 4760
20658, 4760
20882, 4760
20962, 4760
36345, 4741
39234, 4741
40349, 4741
34111, 4739
40234, 4739
40515, 4739
41792, 4739
42035, 4739
42772, 4739
27645, 4707
37533, 4707
38835, 4707
39258, 4707
41138, 4707
138765, 4658
35024, 4631
44397, 4631
25563, 4476
33358, 4476
35116, 4476
35384, 4476
36872, 4476
36994, 4476
38513, 4468
39143, 4468
28877, 4459
29322, 4459
33127, 4459
36791, 4447
39657, 4447
39913, 4447
41201, 4447
44018, 4447
46001, 4447
46078, 4447
46850, 4447
28619, 4442
39824, 4442
40266, 4442
41474, 4442
43036, 4442
33136, 4415
43986, 4410
34533, 4406
35258, 4406
38143, 4406
38364, 4406
40500, 4406
41588, 4406
32752, 4403
34359, 4403
34550, 4403
38882, 4403
39165, 4403
40321, 4403
40510, 4403
41039, 4403
41089, 4403
41448, 4403
41819, 4403
41973, 4403
41979, 4403
42865, 4403
43032, 4403
43686, 4403
44088, 4403
44813, 4403
45036, 4403
45202, 4403
45298, 4403
45303, 4403
46148, 4403
47659, 4403
47938, 4403
48097, 4403
48407, 4403
35474, 4387
39325, 4387
40078, 4387
40549, 4387
41151, 4387
41376, 4387
41962, 4387
42013, 4387
42321, 4387
45113, 4387
46632, 4387
48282, 4387
49703, 4387
28799, 4385
30007, 4385
74885, 4378
32964, 4369
33209, 4369
37860, 4369
38354, 4369
39797, 4369
20777, 4357
25494, 4357
25934, 4357
26820, 4357
26905, 4357
27319, 4357
28155, 4357
28422, 4357
28762, 4357
28882, 4357
28979, 4357
32030, 4357
111430, 4339
27338, 4332
33860, 4331
42388, 4331
32158, 4323
34053, 4323
35381, 4323
38246, 4323
38490, 4323
40042, 4323
33910, 4321
34786, 4321
35349, 4321
35875, 4321
35932, 4321
36562, 4321
36729, 4321
37642, 4321
37809, 4321
38717, 4321
38934, 4321
38984, 4321
39925, 4321
40434, 4321
40694, 4321
40732, 4321
40884, 4321
41127, 4321
41840, 4321
42292, 4321
48791, 4321
23887, 4297
23958, 4297
25802, 4297
27919, 4297
29251, 4297
23321, 4285
38216, 4281
126084, 4267
30793, 4260
37249, 4239
37260, 4239
37387, 4239
37836, 4239
38195, 4239
38742, 4239
38805, 4239
39161, 4239
39341, 4239
39633, 4239
40722, 4239
42600, 4239
47030, 4239
19111, 4228
25000, 4228
25206, 4228
25352, 4228
30205, 4228
17747, 4223
18491, 4223
19086, 4223
20416, 4223
20607, 4223
20932, 4223
21013, 4223
21835, 4223
21853, 4223
21926, 4223
22650, 4223
16236, 4213
16727, 4213
21774, 4213
21876, 4213
18436, 4211
19064, 4211
19197, 4211
20634, 4211
23152, 4211
31768, 4209
34256, 4209
38902, 4209
41224, 4209
42731, 4209
44636, 4209
45535, 4209
45991, 4209
46302, 4209
46387, 4209
46943, 4209
50394, 4209
16614, 4193
18701, 4193
19283, 4193
19558, 4193
20950, 4193
21091, 4193
21362, 4193
21789, 4193
22822, 4193
22883, 4193
23067, 4193
23645, 4193
24542, 4193
19721, 4192
31691, 4185
32642, 4185
36205, 4185
40845, 4185
40938, 4185
42529, 4185
42961, 4185
44203, 4185
45574, 4185
46074, 4185
46750, 4185
47149, 4185
15477, 4181
22503, 4181
22620, 4181
24984, 4181
18459, 4179
158190, 4177
20310, 4175
23047, 4175
18897, 4170
16975, 4168
17256, 4168
20221, 4168
20431, 4168
21394, 4168
24246, 4168
15668, 4161
22587, 4161
26290, 4161
37578, 4121
40765, 4121
42473, 4121
240729, 4093
19410, 4088
20834, 4088
20899, 4088
22174, 4088
42620, 4026
125855, 4026
13378, 4021
31582, 4020
126318, 3852
202671, 3852
233346, 3852
245903, 3852
32246, 3808
33176, 3808
36123, 3808
37131, 3808
39796, 3808
39858, 3808
40130, 3808
41060, 3808
41414, 3808
42910, 3808
43395, 3808
44439, 3808
45013, 3808
45906, 3808
46718, 3808
219091, 3759
33815, 3752
36128, 3752
42869, 3752
33439, 3746
36176, 3746
36209, 3746
37053, 3746
37071, 3746
37358, 3746
37796, 3746
37892, 3746
38936, 3746
38995, 3746
40173, 3746
40789, 3746
41311, 3746
41507, 3746
42298, 3746
42943, 3746
43819, 3746
34375, 3737
34473, 3737
39406, 3737
41050, 3737
17779, 3725
18344, 3725
19012, 3725
19563, 3725
20143, 3725
20254, 3725
20324, 3725
20539, 3725
20791, 3725
21260, 3725
22249, 3725
22484, 3725
32398, 3713
38131, 3713
39845, 3713
42194, 3713
42271, 3713
44022, 3713
46913, 3713
55885, 3704
148470, 3704
252974, 3704
263500, 3704
266974, 3704
35065, 3679
35201, 3679
34631, 3672
35660, 3672
37171, 3672
41133, 3672
42445, 3672
58202, 3504
132890, 3504
154244, 3504
166604, 3504
175182, 3504
178571, 3504
187894, 3504
191948, 3504
202811, 3504
206444, 3504
246450, 3504
249856, 3504
268333, 3504
268815, 3504
272186, 3504
277322, 3504
278701, 3504
70016, 3442
266258, 3442
83003, 3297
211376, 3297
214231, 3297
218515, 3297
235121, 3297
239884, 3297
246952, 3297
248962, 3297
271046, 3297
292962, 3297
164351, 3280
175086, 3280
177752, 3280
198649, 3280
209265, 3280
217887, 3280
250860, 3280
253524, 3280
273361, 3280
33141, 3253
45005, 3253
178679, 3247
230015, 3247
103482, 3238
119789, 3238
146684, 3238
160578, 3238
161830, 3238
165397, 3238
201330, 3238
245283, 3238
266145, 3238
288820, 3238
124875, 3094
234712, 2971
236686, 2971
277400, 2927
145581, 2891
258367, 2891
264974, 2891
270283, 2891
278166, 2891
284652, 2891
288954, 2891
124033, 2810
131741, 2810
183678, 2810
240156, 2806
154741, 2792
252499, 2784
169569, 2740
23827, 2676
230812, 2399
245677, 2399
256144, 2399
261717, 2399
277059, 2399
38021, 2344
93322, 2307
640, 2245
285, 2241
659, 2241
714, 2241
991, 2241
2269, 2241
2594, 2241
10192, 2241
52454, 2241
52554, 2241
52679, 2241
54331, 2241
61708, 2241
65648, 2241
73602, 2241
78081, 2241
79592, 2241
88131, 2241
90141, 2241
90664, 2241
94685, 2241
99742, 2241
99895, 2241
99909, 2241
100222, 2241
100871, 2241
106467, 2241
107250, 2241
112498, 2241
115137, 2241
116090, 2241
116549, 2241
124757, 2241
129820, 2241
130139, 2241
135158, 2241
137743, 2241
138639, 2241
139058, 2241
142056, 2241
142387, 2241
143756, 2241
145495, 2241
147768, 2241
150385, 2241
151726, 2241
158737, 2241
160660, 2241
161309, 2241
161452, 2241
161474, 2241
163475, 2241
165165, 2241
169029, 2241
170248, 2241
171418, 2241
172977, 2241
173656, 2241
174981, 2241
178197, 2241
179236, 2241
185695, 2241
186937, 2241
189483, 2241
189775, 2241
190135, 2241
190159, 2241
193245, 2241
194871, 2241
194906, 2241
196220, 2241
198858, 2241
199922, 2241
200783, 2241
202589, 2241
205484, 2241
205810, 2241
206307, 2241
208109, 2241
208967, 2241
210688, 2241
211507, 2241
212473, 2241
212878, 2241
213756, 2241
215307, 2241
217417, 2241
217501, 2241
220598, 2241
220806, 2241
221906, 2241
222029, 2241
222939, 2241
223374, 2241
224479, 2241
225383, 2241
226880, 2241
229252, 2241
229467, 2241
234319, 2241
236719, 2241
237154, 2241
237557, 2241
237637, 2241
238721, 2241
238920, 2241
239441, 2241
244265, 2241
244445, 2241
247897, 2241
251714, 2241
256317, 2241
258921, 2241
262434, 2241
265440, 2241
273728, 2241
273734, 2241
279182, 2241
279819, 2241
280318, 2241
283228, 2241
286516, 2241
291220, 2241
292242, 2241
296366, 2241
102890, 2228
3265, 2226
122922, 2226
273152, 2226
83279, 2219
206910, 2191
214629, 2191
218952, 2191
255258, 2191
269660, 2191
198107, 2174
216279, 2174
119572, 2155
55396, 2146
71655, 2146
214748, 2146
233722, 2146
249308, 2146
263799, 2146
278884, 2146
82820, 2135
134715, 2135
159593, 2135
162674, 2135
203707, 2135
221645, 2135
230947, 2135
265566, 2135
282290, 2135
289737, 2135
13227, 2098
31530, 2098
46915, 2098
51889, 2098
56470, 2098
86853, 2098
101949, 2098
200130, 2098
122115, 2093
210733, 2093
278406, 2093
294214, 2080
225693, 2069
20631, 2049
24443, 2049
25302, 2049
26278, 2049
30257, 2049
34142, 2049
36987, 2049
37838, 2049
44322, 2049
52829, 2049
56074, 2049
59706, 2049
60876, 2049
71605, 2049
78919, 2049
94278, 2049
99124, 2049
108458, 2049
119015, 2049
126621, 2049
127898, 2049
137346, 2049
138843, 2049
156913, 2049
169681, 2049
185707, 2049
202787, 2049
203044, 2049
221637, 2049
224789, 2049
232487, 2049
237983, 2049
246137, 2049
43220, 2045
44424, 2045
185224, 2041
278498, 2041
10848, 2034
14267, 2034
20650, 2034
23247, 2034
40638, 2034
44695, 2034
46006, 2034
59386, 2034
61791, 2034
66417, 2034
70916, 2034
73465, 2034
76528, 2034
80944, 2034
83074, 2034
85654, 2034
86553, 2034
87962, 2034
93244, 2034
95990, 2034
96502, 2034
97713, 2034
107016, 2034
114754, 2034
120204, 2034
132088, 2034
135673, 2034
139599, 2034
151393, 2034
160665, 2034
160691, 2034
160759, 2034
165474, 2034
174289, 2034
208801, 2034
211686, 2034
211793, 2034
227010, 2034
243949, 2034
277399, 2034
65077, 2027
145411, 2027
259321, 2027
289456, 2027
290213, 2018
148026, 2016
260883, 2016
262243, 2016
274611, 2016
288400, 2016
289934, 2016
290633, 2016
18533, 2004
18758, 2004
87684, 2004
128171, 2004
130649, 2004
141730, 2004
142052, 2004
147108, 2004
225463, 1997
69841, 1988
73296, 1988
74799, 1988
82745, 1988
97479, 1988
116202, 1988
147348, 1988
159564, 1988
163336, 1988
163340, 1988
172003, 1988
185559, 1988
261412, 1988
149411, 1985
170782, 1985
193464, 1985
209039, 1985
218831, 1985
220641, 1985
226002, 1985
235430, 1985
239737, 1985
242282, 1985
253507, 1985
259186, 1985
263954, 1985
274780, 1985
275385, 1985
197272, 1970
134629, 1953
153957, 1951
154934, 1951
158603, 1951
158900, 1951
176224, 1951
179014, 1951
185215, 1951
188696, 1951
193229, 1951
194820, 1951
197367, 1951
220419, 1951
231155, 1951
243711, 1951
248983, 1951
249379, 1951
255262, 1951
255497, 1951
260085, 1951
260391, 1951
267129, 1951
271213, 1951
271377, 1951
271661, 1951
273654, 1951
274657, 1951
280141, 1951
280703, 1951
286437, 1951
292410, 1951
292752, 1951
295824, 1951
117588, 1933
256108, 1933
72277, 1926
75465, 1926
105740, 1926
109042, 1926
122614, 1926
139573, 1926
177613, 1926
205471, 1926
275601, 1926
180520, 1906
105601, 1905
150502, 1905
147521, 1902
103223, 1882
125950, 1882
172249, 1882
177713, 1882
189366, 1882
192364, 1882
193261, 1882
196968, 1882
207358, 1882
208072, 1882
208795, 1882
215010, 1882
216081, 1882
217534, 1882
227852, 1882
229713, 1882
231269, 1882
231332, 1882
237618, 1882
238299, 1882
238877, 1882
238973, 1882
250096, 1882
251188, 1882
253018, 1882
253267, 1882
254119, 1882
256581, 1882
261713, 1882
262414, 1882
263582, 1882
263967, 1882
264666, 1882
264926, 1882
266627, 1882
266798, 1882
267502, 1882
268217, 1882
270720, 1882
276605, 1882
279189, 1882
279353, 1882
280726, 1882
284217, 1882
287712, 1882
292363, 1882
84980, 1878
194797, 1878
257814, 1878
163690, 1860
53408, 1853
112437, 1853
148381, 1853
227613, 1853
64935, 1848
6075, 1824
24278, 1824
127531, 1814
140255, 1807
152900, 1807
201794, 1807
220736, 1807
163292, 1802
228058, 1793
278120, 1790
118158, 1786
124485, 1786
158695, 1786
184372, 1786
202833, 1786
212271, 1786
219688, 1786
227448, 1786
250372, 1786
275278, 1786
282211, 1786
285692, 1786
287552, 1786
28477, 1775
53873, 1775
54192, 1775
64128, 1775
73797, 1775
79607, 1775
62246, 1772
64263, 1772
139494, 1772
261278, 1772
158066, 1771
81864, 1762
90556, 1762
222909, 1742
289723, 1742
189205, 1739
197251, 1739
90693, 1733
124778, 1733
239624, 1718
8326, 1715
21323, 1715
24992, 1715
25278, 1715
38634, 1715
38851, 1715
110281, 1715
105437, 1714
121251, 1714
140654, 1714
176675, 1714
179447, 1714
180601, 1714
183589, 1714
184314, 1714
200388, 1714
204506, 1714
204603, 1714
205356, 1714
214097, 1714
225246, 1714
229903, 1714
230235, 1714
234111, 1714
238403, 1714
244596, 1714
259928, 1714
260677, 1714
264405, 1714
276249, 1714
285394, 1714
110261, 1711
217377, 1709
83147, 1704
11998, 1702
22795, 1702
99309, 1702
211900, 1702
116677, 1695
7312, 1685
101587, 1650
118237, 1650
131148, 1650
137398, 1650
142952, 1650
145586, 1650
148582, 1650
176428, 1650
177031, 1650
190335, 1650
205306, 1650
47210, 1648
126129, 1648
203681, 1648
209144, 1648
146857, 1641
232519, 1641
6887, 1633
246494, 1608
2882, 1593
5186, 1506
92088, 1456
229373, 1412
23789, 1185
27407, 1185
28723, 1185
29874, 1185
37679, 1185
28864, 1181
32281, 1181
36553, 1181
25710, 1152
28733, 1136
31794, 1136
25428, 1118
26033, 1118
18905, 1105
25149, 1093
27308, 1093
179967, 1082
28959, 1076
28966, 1076
29859, 1073
35210, 1071
31007, 1066
20500, 1054
29873, 1040
28660, 1035
25430, 1028
26031, 1027
26080, 1027
28843, 1027
11444, 1019
27510, 1018
