3112, 125897
70294, 125801
130608, 125801
279863, 125801
2065, 125583
2214, 125583
3216, 125583
3231, 125583
3916, 125583
4145, 125583
4693, 125583
4732, 125583
5752, 125583
6652, 125583
57722, 125583
61730, 125583
107144, 125583
194472, 125583
213990, 125583
249378, 125583
255595, 125583
265928, 125583
7926, 122431
9513, 122431
10403, 122431
12848, 122431
14733, 122431
18374, 122431
23629, 122431
30781, 122431
38117, 122431
67965, 122431
160182, 122431
195866, 122431
295066, 122431
872, 121731
1885, 121731
2709, 121731
11070, 121731
136573, 121731
214366, 121731
231554, 121731
267664, 121731
277685, 121731
3652, 119653
3955, 119653
163238, 119653
532, 118877
536, 118877
12098, 110802
12489, 110802
15451, 110802
15876, 110802
18886, 110802
19382, 110802
19907, 110802
21738, 110802
23297, 110802
24461, 110802
26016, 110802
28236, 110802
28279, 110802
29027, 110802
29414, 110802
29625, 110802
30146, 110802
30792, 110802
33579, 110802
34825, 110802
35872, 110802
38164, 110802
38821, 110802
39682, 110802
42252, 110802
44321, 110802
44805, 110802
45175, 110802
45217, 110802
48618, 110802
54503, 110802
56084, 110802
59374, 110802
62068, 110802
62158, 110802
74429, 110802
11325, 107613
51039, 107436
58596, 107436
59578, 107436
64703, 107436
68346, 107436
69652, 107436
70399, 107436
71836, 107436
72059, 107436
75427, 107436
75996, 107436
76185, 107436
76501, 107436
77109, 107436
82064, 107436
82813, 107436
92826, 107436
114724, 107436
246, 105736
462, 103553
9257, 103553
40437, 71782
56643, 71782
57978, 71782
78871, 71782
74457, 71306
76537, 71306
81563, 71306
95725, 71306
96656, 71306
97375, 71306
102670, 71306
103514, 71306
242295, 67566
144030, 67421
1, 67008
5, 67008
65, 67008
162106, 66153
28378, 65972
37766, 65859
49019, 65859
98903, 63045
49461, 62589
18, 61870
164, 61870
116, 61531
32008, 59534
32853, 59534
39588, 59534
43713, 59534
158770, 59534
282185, 59534
86900, 59519
89039, 59519
117240, 59519
117485, 59519
118498, 59519
119209, 59519
127441, 59519
129065, 59519
132702, 59519
135610, 59519
136672, 59519
137291, 59519
161092, 59519
163209, 59519
165123, 59519
166110, 59519
166981, 59519
167047, 59519
168296, 59519
173633, 59519
173806, 59519
175073, 59519
179796, 59519
182753, 59519
189926, 59519
191969, 59519
192661, 59519
192806, 59519
193469, 59519
193874, 59519
197440, 59519
206832, 59519
217897, 59519
222024, 59519
225772, 59519
245147, 59519
245570, 59519
24510, 58547
248526, 58547
30679, 58479
51571, 58271
56230, 58271
68482, 58271
40687, 58227
47153, 58227
63461, 58069
73910, 58069
83016, 58069
87515, 58069
89157, 58069
89581, 58069
97323, 58069
110504, 58069
128284, 58069
132491, 58069
143425, 58069
181476, 58069
265717, 58001
28805, 57412
278093, 57412
45676, 57081
58392, 57081
58843, 57081
59038, 57081
69586, 57081
97055, 57081
42325, 57018
86594, 57018
239276, 57018
18228, 57004
19733, 56838
79239, 56838
213364, 56838
214178, 56439
61411, 56250
66494, 56250
283322, 55593
240569, 54829
26654, 54486
238456, 54407
48819, 54403
32539, 54187
32647, 54187
35584, 54187
37297, 54187
37988, 54187
59723, 54187
63643, 54187
287812, 54187
25767, 54089
37899, 54089
47655, 54089
148774, 53596
51607, 53204
21303, 52641
23265, 51915
23722, 51915
19478, 51695
198689, 51692
53620, 51578
45436, 51353
137841, 51353
158464, 51353
208476, 51353
17135, 51179
16483, 50170
31144, 49822
87799, 48156
277617, 47809
29131, 47582
69016, 47582
85841, 47582
20166, 47581
32116, 46907
37912, 46907
65207, 46907
66135, 46907
77377, 46907
80822, 46907
87080, 46907
132845, 45190
283922, 45086
839, 43592
4180, 41027
5456, 40612
33685, 40428
74184, 38883
125923, 37483
118144, 35681
137099, 35442
10439, 33900
157082, 32636
738, 30906
7963, 28906
77962, 25964
98044, 24305
19060, 24199
219762, 20873
5285, 20254
229510, 17227
249994, 17210
116285, 15685
9238, 15608
27830, 13676
1183, 13313
16441, 13198
1913, 10988
420, 10730
140858, 10465
26596, 10316
74333, 10215
261773, 10215
87224, 10107
217051, 10102
127270, 10094
166116, 10094
171711, 10094
216076, 10055
7724, 9958
282733, 9772
75244, 9733
162432, 9733
104070, 9723
131106, 9723
18215, 9693
92272, 9693
171382, 9693
99636, 9687
72272, 9612
165320, 9612
247423, 9612
291267, 9612
168454, 9608
50429, 9605
62830, 9605
231915, 9598
22240, 9553
98848, 9443
25125, 9437
28897, 9437
131991, 9437
270985, 9437
280888, 9437
236295, 9432
80409, 9427
136462, 9427
216351, 9427
106466, 9405
50365, 9352
65314, 9352
194131, 9352
230134, 9276
208261, 9265
238097, 9264
255922, 9264
34251, 9255
179396, 9255
136488, 9246
26189, 9193
140268, 9156
138120, 9134
96064, 9098
104051, 9098
68074, 9068
106686, 9068
75589, 9031
140325, 9031
64744, 9030
84783, 9030
77767, 8956
117674, 8956
164681, 8956
189676, 8956
129372, 8918
284332, 8886
87682, 8848
21949, 8832
54239, 8832
62164, 8832
126740, 8684
286922, 8684
265068, 8657
213127, 8649
25201, 8647
161468, 8647
284773, 8647
70573, 8627
65283, 8611
148319, 8604
170448, 8604
273067, 8604
58966, 8595
94372, 8595
112830, 8573
258093, 8573
42907, 8547
15673, 8532
76759, 8510
23857, 8485
261675, 8480
7617, 8471
51569, 8471
67886, 8471
221276, 8471
132484, 8428
211909, 8428
287856, 8411
89640, 8387
26261, 8377
74079, 8311
160839, 8311
45726, 8307
100413, 8307
30435, 8301
223066, 8301
250022, 8301
10263, 8292
247876, 8292
23797, 8272
145271, 8264
225748, 8264
109076, 8254
181371, 8254
56378, 8249
235927, 8232
47080, 8228
98882, 8228
72815, 8208
124725, 8195
74683, 8165
175229, 8165
279366, 8165
27746, 8140
280321, 8136
64504, 8130
46333, 8126
61802, 8112
17553, 8054
245953, 8049
64886, 8033
219292, 8033
229558, 8033
65872, 8028
15513, 8027
9185, 8003
106739, 8003
167681, 8003
47624, 7991
114176, 7991
265819, 7991
128626, 7972
111524, 7936
222989, 7932
200789, 7931
21545, 7910
20219, 7873
23578, 7873
47414, 7873
80719, 7873
77206, 7782
168664, 7782
122497, 7739
15321, 7711
253487, 7711
276156, 7711
157259, 7710
13671, 7705
27161, 7698
67822, 7691
126443, 7691
151322, 7691
154923, 7691
204168, 7691
31486, 7683
150249, 7683
239972, 7682
54120, 7662
57028, 7662
94495, 7662
62228, 7661
87741, 7661
226629, 7661
267381, 7661
33338, 7646
246910, 7646
86301, 7644
182358, 7644
281030, 7633
155800, 7627
111295, 7618
105926, 7609
131435, 7609
204372, 7578
40684, 7577
248227, 7577
13238, 7565
90682, 7565
163304, 7565
85388, 7538
134942, 7536
260031, 7536
266449, 7536
88279, 7535
169842, 7535
138945, 7534
159572, 7534
120091, 7531
62326, 7525
32448, 7518
97162, 7508
187456, 7508
212868, 7508
278652, 7508
213759, 7501
189786, 7498
148614, 7466
175787, 7466
31088, 7463
41390, 7463
45416, 7463
117683, 7452
71752, 7447
27048, 7443
35928, 7443
37177, 7443
42729, 7443
87165, 7443
130901, 7443
189530, 7443
244840, 7443
98691, 7432
66093, 7429
100049, 7423
296571, 7409
82316, 7400
4040, 7379
294092, 7370
98306, 7368
103286, 7368
103472, 7367
208138, 7367
17332, 7363
227328, 7337
78647, 7305
67340, 7279
156498, 7279
277823, 7278
104198, 7269
74915, 7265
200519, 7265
39183, 7254
54419, 7254
78145, 7253
151795, 7222
44437, 7194
123590, 7194
178936, 7194
272437, 7194
72039, 7187
165336, 7187
40431, 7168
110505, 7168
288660, 7168
102106, 7152
127308, 7152
137688, 7152
141478, 7152
255546, 7152
75436, 7150
81454, 7150
237904, 7118
146198, 7070
212610, 7070
96415, 7059
77043, 7058
42096, 7050
58457, 7050
210386, 7050
85739, 7046
20504, 7032
23096, 7032
129908, 7032
227129, 7032
195580, 7029
266964, 7024
54025, 7014
65478, 6991
44383, 6942
27927, 6940
200502, 6939
253698, 6939
6363, 6931
177583, 6931
108171, 6925
205244, 6910
168373, 6905
124672, 6904
214931, 6904
108981, 6902
172871, 6902
278674, 6902
49072, 6877
217184, 6864
172168, 6844
205659, 6838
74596, 6821
182301, 6821
63512, 6812
118536, 6812
121370, 6812
185116, 6812
205790, 6807
226005, 6807
56469, 6796
10280, 6793
196120, 6793
42839, 6792
43015, 6792
248410, 6787
122509, 6784
65031, 6783
74908, 6774
98837, 6774
180843, 6774
184250, 6774
292382, 6774
60471, 6763
253646, 6763
31593, 6760
102583, 6747
80147, 6737
154306, 6737
295410, 6737
96523, 6717
10886, 6716
256699, 6716
112624, 6715
169649, 6712
113728, 6708
105292, 6694
106713, 6666
180074, 6661
187480, 6661
234457, 6659
6081, 6649
14948, 6649
165321, 6648
193369, 6640
13205, 6637
3824, 6629
79350, 6629
49620, 6628
77218, 6628
69838, 6614
28894, 6612
268334, 6612
217453, 6590
262841, 6582
151766, 6572
200902, 6572
281692, 6572
19927, 6566
17101, 6552
58106, 6552
146068, 6548
70303, 6541
134882, 6537
189970, 6536
190748, 6533
33116, 6528
108326, 6528
35946, 6519
47604, 6519
283381, 6519
39096, 6515
164752, 6515
87273, 6514
35684, 6497
136201, 6489
40721, 6480
175089, 6469
185272, 6465
20519, 6447
49035, 6446
67803, 6446
47823, 6439
28311, 6438
282051, 6425
55873, 6424
23519, 6422
166815, 6408
245303, 6406
13711, 6401
96409, 6397
20688, 6396
109581, 6394
85376, 6390
224822, 6390
230312, 6390
33707, 6385
163937, 6385
38381, 6376
62396, 6376
98244, 6376
158714, 6376
10645, 6369
49712, 6369
62173, 6369
93369, 6369
36659, 6363
164479, 6345
69692, 6340
243854, 6340
133071, 6331
34506, 6329
22002, 6324
212985, 6324
292863, 6316
97430, 6309
51747, 6305
102015, 6302
109630, 6302
249594, 6296
100869, 6282
105930, 6282
211624, 6282
4088, 6281
210770, 6279
218622, 6279
74312, 6278
102244, 6278
136316, 6278
30723, 6270
99449, 6270
279612, 6270
204610, 6263
78288, 6262
6877, 6247
192160, 6247
78110, 6241
22011, 6236
81826, 6232
13284, 6231
141364, 6231
251871, 6231
120887, 6228
146910, 6226
254391, 6226
76282, 6225
89513, 6225
118690, 6225
147339, 6225
227578, 6225
262890, 6225
101761, 6199
144656, 6199
136216, 6196
265046, 6195
227583, 6190
131174, 6180
165673, 6180
124940, 6170
180482, 6170
16987, 6142
36810, 6142
293026, 6142
16420, 6141
143527, 6141
139889, 6139
105098, 6137
110995, 6137
119970, 6137
130259, 6137
130273, 6137
134376, 6137
135959, 6137
140157, 6137
140371, 6137
140621, 6137
140850, 6137
141500, 6137
143177, 6137
147361, 6137
147387, 6137
148641, 6137
152698, 6137
158225, 6137
173318, 6137
182385, 6137
183981, 6137
184697, 6137
188197, 6137
188580, 6137
189438, 6137
197217, 6137
204441, 6137
208440, 6137
211705, 6137
216962, 6137
224578, 6137
236839, 6137
237403, 6137
244206, 6137
247557, 6137
253381, 6137
262718, 6137
263417, 6137
271283, 6137
271562, 6137
276422, 6137
282158, 6137
242497, 6122
254512, 6122
55109, 6111
106193, 6111
186595, 6111
40193, 6109
49244, 6104
54541, 6104
88194, 6104
8793, 6101
42332, 6101
62672, 6101
35054, 6099
54657, 6099
62932, 6099
86496, 6099
184661, 6099
212856, 6099
223195, 6099
130577, 6079
282048, 6077
51152, 6076
90341, 6076
242813, 6076
53308, 6069
150814, 6069
165555, 6069
213102, 6069
865, 6062
185689, 6061
196513, 6061
6803, 6060
52080, 6057
159264, 6057
79170, 6040
11358, 6034
65292, 6034
18326, 6026
44444, 6019
291405, 6018
63859, 5977
75410, 5967
109961, 5967
146702, 5967
154786, 5967
92917, 5959
273829, 5959
87153, 5958
288600, 5958
41036, 5955
69111, 5952
261131, 5952
179667, 5949
109725, 5943
202866, 5939
236312, 5939
279959, 5939
165759, 5934
176814, 5934
241127, 5934
170338, 5933
13160, 5932
56862, 5932
106032, 5932
174127, 5932
25259, 5928
150644, 5927
155499, 5927
126595, 5926
185001, 5902
270159, 5902
117357, 5899
73207, 5893
56603, 5881
209693, 5875
5780, 5874
71976, 5874
102334, 5874
289539, 5874
295050, 5874
280148, 5873
57641, 5867
225771, 5861
8386, 5842
196196, 5832
31556, 5825
59298, 5825
291780, 5822
129053, 5819
56107, 5815
74679, 5815
33503, 5809
10021, 5797
278576, 5792
34351, 5786
99264, 5786
118464, 5786
189138, 5786
16070, 5784
170654, 5784
175113, 5772
141676, 5753
122291, 5748
138257, 5748
143085, 5748
168599, 5748
169337, 5748
240782, 5748
247627, 5748
260015, 5748
36261, 5742
41126, 5737
95298, 5735
11434, 5731
252124, 5721
105825, 5719
163300, 5719
252181, 5708
23170, 5704
24760, 5699
58284, 5699
99148, 5699
156078, 5699
227978, 5699
251372, 5699
69562, 5689
114598, 5689
12156, 5685
200541, 5685
222654, 5685
14926, 5680
112640, 5678
231333, 5678
27508, 5673
212938, 5673
53515, 5670
176857, 5670
47039, 5663
101262, 5662
109913, 5662
110096, 5662
114250, 5662
124857, 5662
127179, 5662
130169, 5662
138776, 5662
142278, 5662
153623, 5662
159934, 5662
164732, 5662
170005, 5662
170226, 5662
180872, 5662
189566, 5662
191815, 5662
199138, 5662
211922, 5662
217194, 5662
219550, 5662
220379, 5662
220707, 5662
220893, 5662
223885, 5662
227372, 5662
238886, 5662
247141, 5662
259100, 5662
263260, 5662
265025, 5662
279931, 5662
290510, 5662
91651, 5659
244753, 5659
128684, 5651
32527, 5648
44015, 5646
135662, 5646
254434, 5646
87940, 5644
68762, 5635
26441, 5629
195726, 5623
43599, 5621
59052, 5621
225538, 5621
128274, 5613
172665, 5613
39786, 5611
92350, 5611
112018, 5610
16528, 5609
19896, 5607
158110, 5604
83134, 5599
8364, 5596
45893, 5588
100640, 5588
150736, 5588
247108, 5587
81899, 5581
140355, 5581
174724, 5581
290016, 5581
168610, 5577
255765, 5571
283784, 5571
294534, 5571
15222, 5570
200026, 5570
17943, 5567
75319, 5563
65855, 5559
67630, 5559
4417, 5558
161187, 5558
15526, 5553
50841, 5553
56518, 5553
264613, 5553
38506, 5539
101706, 5535
198221, 5535
283870, 5535
161326, 5534
247071, 5534
91175, 5532
98763, 5532
195229, 5532
107691, 5515
178392, 5509
10290, 5508
37339, 5504
255631, 5504
185364, 5497
47062, 5493
106424, 5493
17239, 5488
57033, 5482
127024, 5474
160169, 5473
293927, 5473
112110, 5470
145377, 5458
162547, 5458
25013, 5450
37018, 5432
62177, 5432
91083, 5422
31661, 5416
170932, 5416
18626, 5414
24731, 5412
93394, 5412
154994, 5412
226710, 5412
62490, 5382
11887, 5379
48763, 5379
107229, 5379
20288, 5377
56203, 5377
70297, 5377
152269, 5377
75213, 5370
275620, 5370
25275, 5365
54892, 5365
132729, 5365
276323, 5365
145569, 5361
9353, 5359
73639, 5358
73831, 5358
80069, 5358
100606, 5358
202826, 5358
245086, 5358
18434, 5356
48477, 5352
78003, 5352
37322, 5349
23018, 5348
165057, 5340
282520, 5340
22760, 5338
71712, 5338
132084, 5338
275474, 5338
242951, 5337
89388, 5331
99659, 5331
102305, 5331
103312, 5331
107604, 5331
119045, 5331
248841, 5321
234144, 5317
20236, 5313
92583, 5312
10693, 5308
179565, 5306
55176, 5305
2240, 5294
117429, 5290
40421, 5284
37195, 5275
154261, 5275
102339, 5274
145843, 5274
233870, 5274
26589, 5269
74579, 5258
59045, 5247
34023, 5245
30409, 5237
67781, 5237
117061, 5237
247049, 5237
4958, 5232
159489, 5232
69895, 5231
43102, 5220
16932, 5212
33313, 5210
55640, 5210
65658, 5210
84515, 5210
154847, 5210
293599, 5209
173886, 5204
112057, 5198
285860, 5196
196415, 5193
127663, 5187
249151, 5187
102770, 5169
204685, 5169
18172, 5162
84131, 5162
121144, 5162
74846, 5160
67593, 5157
80885, 5157
36081, 5155
81020, 5155
31785, 5150
99172, 5148
115634, 5148
126909, 5148
157683, 5148
290496, 5148
200534, 5139
20095, 5138
41629, 5138
76178, 5138
99630, 5138
218107, 5137
14159, 5136
44176, 5135
65808, 5135
136540, 5133
88480, 5129
123998, 5129
180487, 5128
219335, 5125
102468, 5123
41650, 5113
101096, 5113
172538, 5113
14869, 5111
66178, 5109
90152, 5109
246020, 5109
3168, 5107
61739, 5100
32927, 5094
80511, 5094
128296, 5092
181402, 5092
11688, 5083
80286, 5083
199713, 5083
58102, 5078
69382, 5077
2248, 5058
123841, 5055
147485, 5048
186846, 5046
287682, 5044
239625, 5038
141504, 5015
2321, 5013
34117, 5013
21399, 5003
51769, 5003
123828, 5002
13081, 4997
93772, 4995
213282, 4995
26307, 4986
79099, 4986
289044, 4986
68352, 4971
125145, 4971
201816, 4964
212808, 4957
225990, 4953
168448, 4951
262764, 4951
93290, 4945
55736, 4940
66483, 4940
210316, 4940
152108, 4939
80457, 4937
116479, 4937
121011, 4936
104304, 4933
104921, 4925
224528, 4925
96870, 4921
54978, 4916
30003, 4914
189237, 4913
132180, 4909
176032, 4894
96648, 4893
99421, 4889
209803, 4889
2212, 4883
33532, 4882
136900, 4882
228939, 4880
284621, 4880
95730, 4875
197174, 4873
238618, 4873
43327, 4871
48823, 4871
119671, 4871
158929, 4871
234119, 4871
275015, 4871
68683, 4868
92726, 4868
107848, 4861
172046, 4861
286270, 4861
39758, 4856
31672, 4850
75192, 4850
66428, 4849
187403, 4848
62374, 4847
286223, 4847
55424, 4846
286300, 4842
11834, 4836
119903, 4832
82328, 4831
46563, 4829
36011, 4825
36265, 4825
55784, 4820
158342, 4818
220541, 4818
34276, 4812
106902, 4812
179358, 4812
9916, 4811
107656, 4811
165544, 4811
60728, 4804
18640, 4803
84274, 4803
16800, 4801
148417, 4801
260371, 4799
182666, 4797
111581, 4793
216525, 4793
20117, 4788
62652, 4788
76674, 4788
82286, 4788
24949, 4780
51276, 4780
55650, 4780
110553, 4777
222083, 4777
22594, 4773
69549, 4773
84142, 4773
251859, 4773
54128, 4772
48523, 4770
33564, 4767
55830, 4767
132124, 4767
149868, 4767
160574, 4767
185351, 4767
187261, 4767
18253, 4766
164904, 4766
136257, 4765
75889, 4763
107027, 4763
150620, 4763
11412, 4762
172799, 4760
34877, 4753
292612, 4753
155126, 4746
34983, 4740
93744, 4740
28931, 4738
133266, 4738
190657, 4738
252727, 4738
188304, 4737
194042, 4737
48795, 4734
1725, 4732
289799, 4730
49464, 4729
110938, 4729
35533, 4727
110983, 4727
111832, 4727
115305, 4727
184868, 4727
208244, 4727
270178, 4727
276997, 4727
278161, 4727
98590, 4714
100331, 4714
39945, 4710
130298, 4705
103633, 4701
45209, 4700
234264, 4699
52328, 4698
62898, 4698
213471, 4698
62322, 4697
81861, 4697
296566, 4694
69048, 4693
199789, 4693
292425, 4693
119267, 4682
25890, 4680
97288, 4680
268327, 4678
63502, 4677
98392, 4677
159430, 4677
31569, 4675
135177, 4674
145521, 4662
161142, 4662
214146, 4662
267395, 4662
58175, 4661
246305, 4661
259250, 4657
276844, 4655
176447, 4649
136445, 4648
35665, 4644
105934, 4644
160001, 4642
84257, 4639
234707, 4639
25174, 4636
32460, 4636
60652, 4636
70950, 4636
166526, 4636
186400, 4636
229173, 4636
284557, 4636
13305, 4630
276723, 4630
33775, 4626
122232, 4623
29416, 4621
194770, 4621
21746, 4620
22542, 4620
38728, 4620
30212, 4618
50194, 4618
327, 4615
10668, 4615
24780, 4615
93190, 4613
262347, 4613
17718, 4610
115556, 4608
215330, 4608
222630, 4608
293251, 4608
42806, 4589
154819, 4586
234780, 4586
246646, 4586
91214, 4584
159838, 4584
50749, 4578
147876, 4574
50638, 4573
153961, 4569
162515, 4568
166782, 4568
1978, 4562
88813, 4561
174684, 4561
96062, 4552
193747, 4552
229679, 4552
168926, 4551
290511, 4551
10146, 4548
217149, 4548
110162, 4547
110242, 4547
180934, 4547
185336, 4547
197998, 4547
67720, 4546
174955, 4545
276240, 4545
293566, 4543
35464, 4541
11723, 4539
151093, 4539
81842, 4536
258200, 4536
32492, 4535
38786, 4535
294095, 4535
252977, 4531
174858, 4530
54562, 4529
179646, 4529
201358, 4526
232312, 4521
259874, 4521
19329, 4520
61870, 4519
16135, 4509
16155, 4509
287860, 4509
188899, 4506
122329, 4505
192933, 4505
86873, 4495
36771, 4494
41692, 4494
44791, 4494
49626, 4494
51244, 4494
52759, 4494
64433, 4494
74453, 4494
74762, 4494
75481, 4494
89411, 4494
90343, 4494
104370, 4494
108177, 4494
114208, 4494
119499, 4494
124287, 4494
81273, 4492
49172, 4489
135320, 4489
41881, 4484
253189, 4484
71142, 4481
147846, 4481
96196, 4480
28484, 4476
42009, 4476
128237, 4476
90668, 4475
67000, 4474
55401, 4472
69706, 4469
112858, 4465
78218, 4458
69201, 4455
5946, 4450
84104, 4448
211707, 4448
101422, 4445
21711, 4444
132942, 4444
55540, 4442
90551, 4439
8374, 4438
19031, 4436
31442, 4436
97682, 4436
161714, 4436
44024, 4435
139185, 4433
197329, 4433
9698, 4430
31002, 4428
51936, 4428
193994, 4428
238740, 4428
45088, 4426
201481, 4426
210161, 4426
284169, 4426
246444, 4424
129693, 4421
51435, 4419
56919, 4419
119594, 4419
176486, 4419
223715, 4419
263073, 4417
22261, 4411
126716, 4411
34037, 4410
79369, 4404
258862, 4404
100061, 4399
57663, 4396
188174, 4396
54326, 4394
97964, 4392
255547, 4390
16666, 4386
38724, 4386
67880, 4386
59164, 4385
61691, 4385
111253, 4384
146944, 4384
74480, 4381
39174, 4378
43044, 4378
215204, 4378
146778, 4375
11890, 4371
29392, 4368
199609, 4368
46255, 4367
156546, 4366
56541, 4365
234635, 4365
60750, 4364
28635, 4362
64319, 4362
27261, 4361
52215, 4357
80335, 4357
161928, 4357
55780, 4356
18857, 4348
21007, 4348
23125, 4348
100849, 4348
187241, 4346
46829, 4345
58325, 4345
172822, 4345
247716, 4344
165972, 4340
8150, 4338
21632, 4338
24478, 4338
78692, 4338
108042, 4337
142053, 4336
87440, 4335
107845, 4334
114844, 4334
159251, 4331
195875, 4331
259299, 4331
145902, 4326
249906, 4316
153384, 4315
18622, 4311
33924, 4311
54317, 4311
156029, 4306
40135, 4305
247276, 4305
157919, 4299
675, 4297
17232, 4297
100217, 4295
132514, 4295
24327, 4293
67537, 4293
207385, 4293
51279, 4291
242648, 4291
6511, 4289
107183, 4289
134383, 4289
156500, 4288
209137, 4288
8896, 4284
17782, 4284
104862, 4283
176939, 4277
46186, 4275
57342, 4275
17760, 4273
86197, 4273
98679, 4273
38173, 4267
63293, 4267
120078, 4267
67784, 4264
70794, 4264
129441, 4264
269798, 4261
10874, 4258
7332, 4253
21494, 4253
73265, 4253
139542, 4253
229476, 4253
179932, 4250
276403, 4250
33873, 4241
269573, 4241
54122, 4236
383, 4234
5869, 4234
104073, 4234
30767, 4233
68552, 4229
244429, 4229
51888, 4228
110239, 4228
143441, 4227
106212, 4225
13139, 4219
102296, 4219
19078, 4218
28041, 4218
50597, 4218
60035, 4218
9081, 4212
53597, 4212
104813, 4212
162512, 4212
20578, 4205
119187, 4204
266375, 4195
49894, 4193
260111, 4193
31022, 4191
61395, 4191
156743, 4188
41350, 4185
64193, 4183
83941, 4183
288761, 4183
34223, 4182
36893, 4182
44288, 4182
50407, 4182
155720, 4182
209755, 4182
23730, 4179
112180, 4179
271862, 4179
89709, 4173
164796, 4173
264684, 4173
132819, 4172
166390, 4172
52442, 4171
4190, 4169
34647, 4167
54775, 4167
197497, 4167
256403, 4167
38501, 4156
45339, 4156
77496, 4156
88396, 4156
188706, 4156
140201, 4155
100141, 4150
123786, 4150
32663, 4147
43387, 4147
122167, 4147
17395, 4141
28702, 4141
112478, 4141
69303, 4138
108490, 4138
210119, 4137
87375, 4135
196734, 4135
13355, 4130
251532, 4124
284539, 4124
262301, 4123
5284, 4122
218555, 4122
71152, 4121
197617, 4121
20673, 4113
57777, 4113
38941, 4110
64748, 4110
76762, 4110
82622, 4110
116473, 4110
21193, 4108
8631, 4107
25368, 4107
155572, 4106
271988, 4105
84930, 4104
87037, 4104
115441, 4104
117928, 4104
126392, 4104
132499, 4104
154554, 4104
164028, 4104
167577, 4104
174834, 4104
180041, 4104
181792, 4104
184772, 4104
186050, 4104
189537, 4104
193242, 4104
196197, 4104
196927, 4104
211303, 4104
218396, 4104
238572, 4104
239209, 4104
247512, 4104
253823, 4104
259091, 4104
272714, 4104
273410, 4104
284998, 4104
285170, 4104
288277, 4104
29888, 4100
118148, 4098
73362, 4091
225500, 4088
24274, 4084
280209, 4084
296230, 4084
50587, 4083
10401, 4082
103561, 4082
116996, 4082
130278, 4082
230492, 4082
238900, 4079
240056, 4074
15994, 4073
26179, 4065
188532, 4065
72985, 4064
19229, 4063
56097, 4063
163102, 4063
41789, 4062
54795, 4062
68866, 4062
39684, 4061
27806, 4060
108872, 4060
54990, 4058
139106, 4058
8453, 4054
139329, 4054
282233, 4054
92606, 4052
208322, 4052
3053, 4051
124241, 4051
159276, 4051
203600, 4051
9352, 4049
39896, 4049
81942, 4049
261691, 4049
48252, 4048
232724, 4047
250639, 4047
275016, 4047
163618, 4043
120985, 4042
9948, 4037
63404, 4037
21035, 4035
164903, 4035
32423, 4034
7375, 4030
10441, 4030
28537, 4030
31263, 4030
80878, 4030
86761, 4027
214385, 4027
167405, 4026
220557, 4026
36532, 4025
106986, 4025
27856, 4017
82230, 4017
114044, 4017
63686, 4014
128513, 4011
152014, 4006
169579, 4006
252437, 4006
272892, 4006
291877, 4006
16573, 4003
157655, 4003
54961, 4002
99019, 4002
184503, 3999
53952, 3994
38985, 3992
236739, 3991
100441, 3990
152960, 3990
156711, 3990
248228, 3986
82234, 3982
19022, 3981
175035, 3981
183436, 3981
190178, 3981
7983, 3978
69489, 3977
28310, 3975
31677, 3975
230712, 3975
244703, 3975
150813, 3974
275133, 3974
23973, 3971
85626, 3971
24418, 3969
182272, 3969
201579, 3968
4031, 3965
35297, 3965
162869, 3964
207525, 3964
270056, 3964
61989, 3963
5952, 3962
292793, 3962
70822, 3961
33698, 3959
53670, 3959
276522, 3959
153967, 3951
148800, 3949
43683, 3947
53634, 3947
34201, 3943
271328, 3943
18887, 3941
61003, 3941
92834, 3939
262276, 3936
57240, 3933
26072, 3932
82441, 3932
172231, 3932
148480, 3931
55217, 3929
121472, 3929
123563, 3929
9113, 3928
106275, 3928
252463, 3928
16174, 3927
45994, 3927
180144, 3927
22018, 3926
63043, 3923
180248, 3923
255808, 3923
295811, 3923
281541, 3921
87330, 3918
17862, 3917
776, 3916
11794, 3916
192153, 3916
207018, 3916
222606, 3916
223162, 3916
227640, 3916
243080, 3916
262423, 3916
285445, 3916
7441, 3915
7924, 3915
93093, 3915
2924, 3914
11619, 3913
33382, 3908
4101, 3907
226098, 3904
291012, 3904
40911, 3902
86498, 3902
41071, 3900
212042, 3897
193564, 3892
43795, 3889
143795, 3889
171004, 3889
34842, 3885
84868, 3885
228907, 3885
95185, 3882
8104, 3881
48808, 3881
287741, 3881
120121, 3879
220619, 3879
283800, 3879
10979, 3875
80514, 3875
259387, 3875
19983, 3871
28250, 3871
103934, 3871
200547, 3871
208304, 3871
241344, 3871
264911, 3868
16101, 3867
19091, 3867
49374, 3867
97952, 3867
35552, 3864
96376, 3864
20334, 3860
19195, 3859
83918, 3859
242110, 3859
141223, 3858
175409, 3858
26991, 3855
41742, 3855
124841, 3855
220734, 3855
4737, 3853
16402, 3853
74830, 3853
99994, 3853
13084, 3849
62181, 3849
95188, 3849
122622, 3849
29785, 3845
50341, 3845
89744, 3845
7144, 3843
58378, 3843
74016, 3842
52937, 3841
10837, 3840
248763, 3838
137910, 3835
163051, 3835
26392, 3834
278614, 3834
29848, 3832
57338, 3829
63276, 3829
134565, 3829
9898, 3827
12628, 3826
192669, 3826
78522, 3825
205248, 3822
13268, 3821
26597, 3821
77805, 3820
96299, 3820
119082, 3820
185395, 3820
210405, 3820
1289, 3818
36342, 3818
53527, 3818
221671, 3816
16522, 3815
60959, 3815
78441, 3815
65034, 3814
132693, 3814
144069, 3814
176296, 3814
238419, 3814
269799, 3814
117501, 3812
98901, 3811
2495, 3808
9580, 3808
44657, 3805
45595, 3805
61002, 3805
184560, 3802
189163, 3802
222661, 3802
277807, 3802
34309, 3798
56926, 3798
82277, 3798
138799, 3798
252910, 3798
3079, 3797
206365, 3797
239580, 3797
110055, 3796
156224, 3796
189571, 3796
280076, 3796
70519, 3795
22824, 3794
220109, 3792
11612, 3790
140366, 3790
262621, 3790
104389, 3787
222528, 3787
127152, 3784
155278, 3784
240239, 3784
285082, 3784
70968, 3782
113491, 3782
6722, 3774
151838, 3774
157490, 3774
184023, 3774
239655, 3774
121070, 3773
290856, 3773
11831, 3772
22046, 3772
70270, 3772
71058, 3772
123857, 3772
170736, 3772
72419, 3770
130845, 3770
39655, 3767
21078, 3765
23662, 3765
24648, 3765
64632, 3765
89293, 3765
89546, 3765
115143, 3765
213597, 3765
215732, 3765
63614, 3759
77020, 3759
219226, 3759
220876, 3759
37182, 3757
29026, 3747
59828, 3747
12417, 3743
104785, 3741
41435, 3739
184376, 3739
266226, 3738
142305, 3737
244560, 3737
73927, 3735
4801, 3734
198840, 3734
205525, 3729
8718, 3727
9283, 3727
12823, 3727
13850, 3727
19118, 3727
86731, 3727
90872, 3727
235426, 3727
244978, 3727
295590, 3727
7991, 3726
122872, 3726
152232, 3724
186820, 3724
285466, 3724
46397, 3723
88, 3722
7284, 3722
15087, 3722
185691, 3722
256243, 3722
259291, 3722
87903, 3721
29336, 3720
31307, 3720
154536, 3720
83315, 3717
152522, 3717
68623, 3716
185287, 3716
29656, 3715
281896, 3715
71360, 3714
96133, 3714
257052, 3714
6145, 3712
18273, 3712
268593, 3709
20010, 3707
24312, 3707
25594, 3707
110751, 3707
140783, 3702
41562, 3701
149024, 3701
36102, 3695
116652, 3695
163223, 3695
220063, 3695
255711, 3695
122628, 3694
161289, 3694
194222, 3694
226666, 3694
267850, 3694
288419, 3694
39510, 3690
184669, 3687
71694, 3684
84844, 3684
194299, 3682
247784, 3681
275414, 3681
217883, 3680
260705, 3677
8415, 3676
49747, 3676
65864, 3676
50014, 3674
132433, 3674
20604, 3672
141460, 3672
73974, 3671
245457, 3671
42766, 3669
5931, 3662
287011, 3662
95710, 3659
91127, 3656
190238, 3656
182230, 3653
223316, 3653
119503, 3648
193377, 3648
38059, 3645
230397, 3645
185726, 3644
227781, 3643
37907, 3638
136166, 3638
196312, 3638
283905, 3638
3590, 3637
110498, 3636
51983, 3633
219596, 3633
118319, 3632
163380, 3632
268627, 3632
38403, 3631
226852, 3631
268559, 3631
289808, 3631
181486, 3630
93988, 3629
200287, 3625
98570, 3623
111019, 3623
232628, 3623
130356, 3621
85201, 3619
141617, 3619
143591, 3619
144536, 3619
153541, 3619
154546, 3619
183757, 3619
188062, 3619
195568, 3619
201133, 3619
207545, 3619
259028, 3619
264095, 3619
280512, 3619
282984, 3619
287181, 3619
292777, 3619
6936, 3617
64643, 3617
83583, 3617
10909, 3615
105659, 3614
208931, 3614
287816, 3614
144623, 3612
18290, 3611
66590, 3611
46147, 3608
234053, 3608
8886, 3606
28028, 3606
103787, 3606
45925, 3605
145135, 3604
180110, 3604
132573, 3602
215042, 3602
142738, 3601
180751, 3601
12507, 3599
47351, 3597
77759, 3596
18489, 3594
127485, 3594
129127, 3594
131924, 3594
13052, 3591
36513, 3591
76576, 3591
78809, 3590
128594, 3590
14007, 3586
30837, 3586
61570, 3586
81765, 3586
159226, 3586
174200, 3586
199981, 3586
202377, 3586
262658, 3586
15847, 3584
16466, 3584
23308, 3584
107056, 3584
24156, 3583
15559, 3582
245831, 3582
295976, 3580
167850, 3576
243552, 3576
179263, 3575
68745, 3574
62143, 3567
199142, 3563
44020, 3562
74219, 3562
84050, 3554
98472, 3554
291802, 3554
234820, 3551
257513, 3551
20552, 3549
228346, 3549
34952, 3547
181510, 3547
19473, 3546
262544, 3545
19850, 3542
187832, 3542
10559, 3541
70739, 3541
27507, 3540
154505, 3540
7796, 3538
16040, 3538
223046, 3538
226269, 3537
240498, 3537
241710, 3537
37338, 3536
41694, 3536
46065, 3536
48125, 3536
76832, 3536
84706, 3536
119481, 3536
177861, 3535
22326, 3534
34451, 3534
36286, 3534
78690, 3534
80444, 3534
183206, 3534
13912, 3533
2119, 3531
223059, 3531
27718, 3530
52414, 3530
65897, 3530
70888, 3529
174024, 3528
76156, 3527
78785, 3527
141660, 3527
250256, 3527
59114, 3524
96360, 3524
55829, 3519
66974, 3518
16025, 3516
20049, 3516
29790, 3516
39745, 3516
100814, 3516
33683, 3515
110134, 3515
263286, 3515
220649, 3514
45068, 3512
47816, 3512
50295, 3512
52199, 3512
54298, 3512
58416, 3512
71404, 3512
74690, 3512
75348, 3512
84877, 3512
90995, 3512
101995, 3512
118682, 3512
128145, 3512
133840, 3512
136906, 3512
139976, 3512
141345, 3512
146315, 3512
151539, 3512
151587, 3512
157236, 3512
168718, 3512
183955, 3512
184065, 3512
209608, 3512
230366, 3512
256421, 3512
280490, 3512
283848, 3512
294887, 3512
124689, 3511
174028, 3511
235888, 3511
126502, 3510
75287, 3509
93507, 3509
134663, 3509
147197, 3509
61680, 3506
79421, 3506
205189, 3504
84643, 3502
16896, 3501
31572, 3501
51598, 3501
54179, 3501
55987, 3501
65586, 3501
90069, 3501
98902, 3501
152017, 3501
25673, 3497
25882, 3497
38420, 3497
89948, 3497
180440, 3497
196903, 3497
216205, 3497
218138, 3497
234362, 3497
237947, 3497
241244, 3497
266188, 3497
282032, 3497
288696, 3497
59115, 3496
1555, 3495
134988, 3495
157966, 3489
290794, 3489
37534, 3488
44544, 3488
61334, 3488
129218, 3488
180608, 3488
182139, 3481
157161, 3476
139756, 3474
282355, 3473
31064, 3471
130893, 3471
25741, 3469
32794, 3469
121477, 3469
26222, 3467
49149, 3467
102662, 3467
71138, 3464
146720, 3464
248731, 3462
193339, 3461
200163, 3461
243532, 3461
247570, 3461
275780, 3461
286422, 3461
28851, 3460
16499, 3458
18605, 3458
55308, 3458
77332, 3458
84631, 3458
105324, 3458
157332, 3458
168707, 3458
203008, 3458
292519, 3458
294472, 3458
57004, 3454
87454, 3454
87946, 3454
140088, 3454
141705, 3454
145019, 3454
148922, 3454
174150, 3454
192904, 3454
202333, 3454
210526, 3454
221316, 3454
233744, 3454
245487, 3454
252404, 3454
13377, 3447
199007, 3442
141174, 3441
154791, 3441
40937, 3440
91894, 3440
156185, 3440
216885, 3440
57367, 3439
35397, 3436
83338, 3436
133552, 3436
207897, 3436
64065, 3434
231021, 3434
152311, 3430
62900, 3429
152736, 3427
240609, 3427
73925, 3425
193815, 3425
76469, 3421
81735, 3421
111711, 3421
116198, 3421
271503, 3421
130873, 3418
148036, 3418
17380, 3417
226430, 3417
94926, 3416
107107, 3415
217018, 3413
21648, 3411
34144, 3411
125706, 3407
109701, 3406
29038, 3405
250831, 3403
24749, 3400
126068, 3400
193695, 3400
251306, 3399
49314, 3396
64108, 3396
14498, 3394
69281, 3394
85656, 3394
98345, 3394
110654, 3394
195855, 3394
291024, 3394
72863, 3390
55439, 3387
131952, 3387
170639, 3387
108937, 3386
21813, 3384
57720, 3384
82643, 3383
100039, 3381
144946, 3381
39142, 3373
88220, 3373
95317, 3373
138966, 3373
177189, 3373
210086, 3373
287736, 3373
290931, 3373
20301, 3371
13412, 3367
115339, 3367
12824, 3362
140556, 3362
142019, 3362
77850, 3361
18440, 3360
236790, 3358
203622, 3356
11679, 3355
18206, 3355
37665, 3355
67127, 3354
124493, 3354
11383, 3353
76833, 3353
83341, 3353
175371, 3353
201631, 3353
213550, 3353
274690, 3353
142655, 3349
296559, 3349
18213, 3346
35892, 3346
41889, 3345
37113, 3340
133948, 3340
279439, 3340
285916, 3340
49158, 3338
39688, 3334
41220, 3334
53645, 3334
106070, 3334
68775, 3333
289391, 3332
39995, 3329
63050, 3329
188855, 3329
119176, 3327
202175, 3327
284837, 3324
39349, 3323
283157, 3323
94319, 3322
96000, 3322
239714, 3321
202922, 3319
17617, 3316
4524, 3314
35826, 3314
22042, 3308
93243, 3308
150247, 3307
57790, 3304
125958, 3302
17266, 3300
76541, 3300
119734, 3300
174688, 3300
276893, 3300
62920, 3296
64287, 3296
295631, 3296
55589, 3293
148528, 3293
8518, 3292
48396, 3292
143539, 3292
204118, 3292
262572, 3292
35664, 3291
53363, 3290
24216, 3286
72262, 3285
18843, 3283
34327, 3283
35950, 3283
43583, 3283
57735, 3283
72915, 3283
75778, 3283
106985, 3283
142756, 3283
156524, 3283
49074, 3281
31348, 3280
241379, 3280
6888, 3279
62263, 3279
142963, 3277
95591, 3275
170183, 3273
200596, 3273
209086, 3273
268392, 3273
287671, 3273
287675, 3273
22686, 3272
226127, 3272
6979, 3271
103591, 3267
110646, 3266
284843, 3266
1971, 3262
8059, 3262
22928, 3262
49516, 3262
61951, 3262
106174, 3262
176812, 3262
1325, 3260
103400, 3259
205437, 3259
126097, 3253
288976, 3253
49109, 3250
136569, 3248
22064, 3247
152236, 3247
220618, 3245
10754, 3244
238155, 3244
294546, 3244
131210, 3243
85468, 3242
139714, 3241
206043, 3241
56637, 3240
3920, 3236
35504, 3236
71244, 3236
69029, 3234
23813, 3233
104851, 3233
33469, 3232
50901, 3232
57434, 3232
113361, 3230
171176, 3230
7418, 3229
88955, 3226
93728, 3226
107275, 3226
608, 3225
8686, 3225
12807, 3225
15480, 3225
39738, 3225
74158, 3225
157895, 3225
247744, 3225
281074, 3225
23731, 3224
31614, 3224
253838, 3224
24783, 3223
163323, 3223
166349, 3223
41222, 3219
53548, 3219
29710, 3216
229024, 3216
238045, 3216
29947, 3215
102643, 3212
202305, 3212
23356, 3209
105315, 3209
198601, 3209
18519, 3208
22556, 3208
23754, 3208
67013, 3208
68136, 3206
69756, 3206
106156, 3206
175826, 3206
177855, 3206
180552, 3206
183470, 3206
7183, 3205
26618, 3205
53478, 3205
76804, 3205
95235, 3205
96256, 3205
117640, 3205
206360, 3205
247634, 3205
286058, 3205
173832, 3204
289124, 3203
103369, 3201
106113, 3200
92294, 3198
53996, 3197
118993, 3197
25043, 3193
25818, 3193
137410, 3193
26498, 3192
31857, 3192
72041, 3191
61855, 3189
146951, 3188
209221, 3188
222778, 3188
56491, 3187
127018, 3187
186463, 3187
205915, 3187
222346, 3187
284787, 3187
568, 3185
131175, 3185
4427, 3183
51483, 3183
86836, 3182
138898, 3182
163142, 3182
86686, 3180
144750, 3180
174072, 3180
57060, 3179
12816, 3178
36714, 3178
64791, 3178
126021, 3178
292891, 3178
43705, 3177
99632, 3177
116951, 3177
127337, 3177
141948, 3177
163773, 3177
204813, 3173
30404, 3171
223138, 3171
279599, 3171
258727, 3170
9603, 3169
46085, 3169
52158, 3168
58529, 3168
133565, 3166
13573, 3165
177342, 3165
207643, 3165
260301, 3165
7095, 3163
67075, 3161
253254, 3161
256896, 3161
264478, 3161
150444, 3160
14017, 3159
37937, 3159
57106, 3159
183433, 3159
65732, 3158
75412, 3158
276780, 3153
52263, 3152
76087, 3150
241462, 3150
256791, 3150
34882, 3147
48645, 3147
17233, 3146
28022, 3145
12729, 3141
37274, 3141
66295, 3141
111173, 3141
190233, 3141
74349, 3137
200030, 3136
65988, 3132
228810, 3132
240796, 3132
59747, 3131
27591, 3130
45409, 3130
9094, 3127
30831, 3127
237138, 3127
14141, 3120
25027, 3119
50336, 3119
170168, 3119
90159, 3118
140094, 3118
68139, 3117
218409, 3117
24245, 3115
67796, 3115
121426, 3115
75716, 3114
269531, 3114
157003, 3110
261337, 3110
17597, 3109
33881, 3109
39988, 3109
25187, 3105
66486, 3105
103557, 3105
129473, 3105
100128, 3103
14537, 3099
105287, 3099
126424, 3099
251827, 3099
18417, 3095
37443, 3095
48164, 3093
44573, 3092
177883, 3089
8066, 3082
36699, 3082
125427, 3080
283714, 3080
254442, 3078
214022, 3076
296405, 3074
4137, 3073
5683, 3073
7702, 3073
36240, 3073
13046, 3067
100955, 3067
81354, 3066
19446, 3063
42641, 3063
28483, 3062
35788, 3062
41787, 3061
21884, 3059
280574, 3059
771, 3055
83942, 3055
97063, 3055
157298, 3055
253243, 3054
124993, 3051
150827, 3051
134608, 3050
255862, 3050
56062, 3047
202470, 3047
59211, 3045
43970, 3044
146755, 3044
52058, 3043
22400, 3041
51626, 3041
190457, 3041
195670, 3041
71702, 3038
89618, 3038
101115, 3038
769, 3036
205361, 3036
273253, 3036
10430, 3035
101268, 3035
132028, 3035
32894, 3033
11821, 3029
10071, 3028
53764, 3028
63942, 3028
161750, 3028
194878, 3028
32422, 3027
61810, 3027
108501, 3027
150289, 3027
163061, 3027
213981, 3027
276914, 3027
30449, 3025
29557, 3024
79413, 3024
101944, 3024
139882, 3024
183759, 3024
11689, 3022
1248, 3021
29068, 3020
17800, 3017
27896, 3014
104307, 3014
69849, 3013
99428, 3010
100945, 3010
294447, 3009
28514, 3008
98800, 3007
104000, 3007
35546, 3004
17369, 3003
154995, 3003
97004, 3002
133643, 3002
44270, 3001
292517, 3001
100005, 3000
88497, 2998
282530, 2996
152279, 2995
164683, 2995
28137, 2993
66792, 2993
86847, 2993
291045, 2993
31736, 2989
108546, 2989
256485, 2989
19224, 2987
19425, 2983
84650, 2983
22112, 2982
29522, 2982
35206, 2982
13039, 2981
190520, 2981
235814, 2981
134770, 2979
100878, 2977
74680, 2974
85373, 2974
252743, 2974
43547, 2973
47200, 2971
15266, 2969
22605, 2969
111258, 2969
96172, 2967
164933, 2966
10051, 2965
29189, 2965
40015, 2965
118529, 2964
41693, 2962
20525, 2961
21862, 2961
22932, 2961
296306, 2961
4462, 2960
107389, 2959
226535, 2959
11537, 2951
183430, 2950
30928, 2949
47834, 2949
109658, 2949
162871, 2949
84054, 2948
286178, 2948
4231, 2947
39032, 2947
60595, 2947
22242, 2945
238927, 2945
41128, 2944
7939, 2942
37628, 2942
251936, 2941
110756, 2940
37666, 2937
7278, 2935
76574, 2935
89105, 2935
231061, 2935
49904, 2927
55588, 2927
68212, 2927
8530, 2925
50832, 2925
113410, 2925
131323, 2925
221565, 2925
70574, 2924
45536, 2922
68303, 2922
150933, 2922
151745, 2922
160937, 2922
208750, 2922
42831, 2919
14826, 2918
26815, 2918
29885, 2918
51404, 2918
66763, 2918
220380, 2918
65747, 2916
186414, 2916
231180, 2916
93035, 2915
239298, 2915
263760, 2915
61152, 2914
136843, 2914
172461, 2913
11425, 2910
15216, 2910
34967, 2910
74892, 2910
166896, 2910
193389, 2910
19096, 2908
48969, 2908
66985, 2908
198555, 2908
234002, 2908
253616, 2904
7625, 2903
14683, 2903
39358, 2903
113771, 2903
150290, 2903
23805, 2902
40702, 2901
195773, 2901
42212, 2897
70159, 2891
52676, 2890
1928, 2889
5450, 2888
7728, 2888
9181, 2888
113622, 2888
281282, 2888
3383, 2887
100201, 2887
11167, 2886
284819, 2885
290066, 2885
23452, 2883
132804, 2882
185481, 2881
282386, 2881
33412, 2880
126160, 2880
217898, 2880
29484, 2878
32395, 2878
68946, 2878
77349, 2878
146629, 2878
4602, 2877
11248, 2877
25065, 2877
29893, 2876
183649, 2876
216401, 2874
17969, 2873
69158, 2872
137583, 2872
42994, 2870
23443, 2869
13524, 2865
30584, 2865
55099, 2865
116846, 2865
246085, 2864
251725, 2864
48052, 2863
28034, 2860
203627, 2860
2033, 2858
26406, 2858
3853, 2857
26356, 2857
19400, 2856
51971, 2854
61694, 2854
84753, 2854
114841, 2854
203998, 2854
211767, 2854
226461, 2854
264541, 2854
291413, 2854
161595, 2851
179234, 2849
250818, 2849
103808, 2847
148694, 2846
277382, 2846
18923, 2845
21760, 2843
57074, 2843
72332, 2841
10255, 2840
57746, 2840
63890, 2839
83818, 2839
6406, 2837
49885, 2837
50196, 2837
184241, 2837
293518, 2836
86081, 2835
117724, 2832
57742, 2831
151770, 2831
32308, 2830
32688, 2830
94100, 2828
16566, 2827
28171, 2827
99957, 2827
180571, 2827
77060, 2826
134128, 2826
173995, 2826
28326, 2825
68534, 2825
168697, 2825
36583, 2823
1781, 2819
91730, 2819
112589, 2817
161127, 2817
107004, 2816
119185, 2816
192840, 2816
8279, 2815
74592, 2815
95437, 2815
196592, 2815
223740, 2815
229890, 2815
257455, 2815
291169, 2815
27246, 2814
24803, 2813
72850, 2810
15962, 2809
27802, 2809
2379, 2808
150470, 2808
263220, 2808
218339, 2807
117408, 2806
277367, 2806
51533, 2803
64268, 2803
264015, 2803
91181, 2801
110129, 2801
232955, 2800
9820, 2799
15970, 2799
60519, 2799
72033, 2799
87721, 2799
131396, 2799
252359, 2798
270158, 2798
274021, 2796
20585, 2792
62199, 2792
85659, 2792
126532, 2792
173985, 2792
277124, 2792
238648, 2791
2206, 2790
38138, 2790
3050, 2789
40865, 2789
41327, 2789
68457, 2789
258192, 2789
14735, 2788
78462, 2788
52260, 2786
83306, 2780
176396, 2780
11105, 2777
30224, 2774
90312, 2773
83805, 2772
171933, 2771
248382, 2771
25513, 2770
108923, 2770
52154, 2769
71532, 2769
98420, 2768
104258, 2768
105991, 2768
111277, 2766
13266, 2765
36646, 2764
55169, 2764
148080, 2764
173121, 2764
292786, 2764
4883, 2763
1682, 2759
12430, 2759
26875, 2759
13203, 2758
36681, 2757
279461, 2757
121408, 2756
115688, 2755
112697, 2754
290124, 2750
290945, 2748
16436, 2745
85244, 2744
158302, 2744
252243, 2744
67700, 2743
47377, 2740
277667, 2740
288224, 2740
1508, 2737
18151, 2737
84923, 2737
105929, 2737
164005, 2737
291083, 2737
7906, 2734
14804, 2734
75477, 2734
11015, 2733
34457, 2733
34686, 2733
100006, 2733
15618, 2731
204252, 2731
6906, 2729
10129, 2729
19152, 2729
29171, 2729
31150, 2729
66997, 2729
159421, 2729
203550, 2729
81738, 2728
134784, 2728
61243, 2727
180804, 2726
18691, 2724
51112, 2723
52535, 2721
61886, 2721
128084, 2721
166922, 2721
95060, 2719
271977, 2719
290303, 2719
9233, 2716
632, 2714
161843, 2709
7399, 2708
19987, 2707
58729, 2707
116243, 2706
60829, 2703
47737, 2701
191397, 2700
74129, 2698
272004, 2697
125817, 2694
204775, 2694
2347, 2693
46143, 2689
39191, 2687
83363, 2687
105562, 2687
129171, 2687
217964, 2687
225905, 2687
279682, 2687
14011, 2684
16717, 2684
143388, 2684
161997, 2684
278944, 2681
25613, 2680
30725, 2680
109047, 2680
19877, 2679
251850, 2679
9953, 2678
31292, 2678
293414, 2677
150350, 2674
213461, 2674
2522, 2670
5699, 2670
20283, 2670
27084, 2670
31086, 2670
178885, 2670
196475, 2670
268844, 2669
21750, 2667
53867, 2667
143037, 2667
283108, 2667
69142, 2664
285642, 2663
222425, 2661
130479, 2659
151669, 2659
209129, 2659
198146, 2658
243318, 2658
270422, 2655
11017, 2653
30562, 2653
131986, 2653
17044, 2651
226273, 2651
66326, 2650
53022, 2649
75330, 2649
100887, 2648
46187, 2647
108242, 2647
2271, 2646
29682, 2646
131890, 2646
162366, 2645
243206, 2644
270787, 2644
14244, 2642
32622, 2642
7676, 2638
24861, 2636
40047, 2636
43908, 2636
44318, 2636
49892, 2636
121811, 2636
220445, 2636
22434, 2634
47694, 2634
55113, 2634
111587, 2633
236156, 2632
276835, 2632
31327, 2631
48175, 2631
129390, 2631
13312, 2628
56358, 2628
79656, 2628
46310, 2627
60526, 2627
38661, 2625
88366, 2625
28767, 2623
70359, 2622
115988, 2622
203962, 2622
18456, 2621
157656, 2617
56755, 2616
150015, 2616
11166, 2615
2814, 2614
58945, 2614
104927, 2614
114965, 2614
280143, 2614
25191, 2613
72471, 2613
88847, 2613
69093, 2612
30951, 2609
48196, 2609
83009, 2608
193268, 2608
55905, 2606
154211, 2606
257496, 2605
198430, 2604
43953, 2602
63711, 2602
216106, 2599
134967, 2595
225382, 2595
83629, 2594
62344, 2593
21997, 2592
29996, 2590
57710, 2590
251854, 2590
8610, 2589
231502, 2589
42188, 2588
193188, 2587
32577, 2584
91367, 2580
38029, 2577
262560, 2577
78527, 2576
242025, 2576
262231, 2576
27625, 2575
138162, 2575
127307, 2574
49078, 2572
8343, 2571
209770, 2567
11357, 2564
17053, 2563
43734, 2563
71125, 2563
216315, 2563
14898, 2560
81377, 2560
104021, 2560
133681, 2559
7283, 2549
83099, 2549
126537, 2549
220739, 2549
110597, 2548
188034, 2548
233262, 2548
70434, 2547
16698, 2545
77648, 2545
123880, 2545
267678, 2544
387, 2543
21441, 2543
30565, 2543
71184, 2543
127769, 2542
137454, 2542
215261, 2542
82604, 2541
119455, 2541
159059, 2540
194243, 2540
4802, 2538
262223, 2538
156444, 2537
267155, 2535
176545, 2534
266494, 2534
242621, 2533
13840, 2527
19954, 2527
36683, 2527
12231, 2525
87661, 2524
15263, 2523
10335, 2522
92843, 2521
113336, 2521
256743, 2521
55504, 2520
260882, 2520
55069, 2518
89817, 2518
112047, 2516
174020, 2516
40378, 2515
114966, 2515
156972, 2515
160746, 2515
208584, 2515
282658, 2515
8692, 2514
238807, 2513
5936, 2512
8486, 2512
25384, 2512
68364, 2512
42820, 2510
61464, 2510
180236, 2510
195415, 2510
8663, 2509
169992, 2509
8207, 2507
26551, 2507
33610, 2507
23267, 2506
152425, 2506
18841, 2504
142536, 2504
75660, 2503
12874, 2502
208870, 2502
6440, 2501
274625, 2501
26146, 2499
41250, 2499
42354, 2496
176674, 2496
242577, 2496
61606, 2495
137182, 2494
210204, 2494
70055, 2492
88042, 2492
189845, 2492
205733, 2492
44836, 2491
26260, 2490
51310, 2490
47097, 2484
70312, 2484
291658, 2483
67750, 2482
112726, 2482
12057, 2481
3384, 2480
210199, 2479
9695, 2478
199869, 2477
47118, 2475
101308, 2475
213725, 2474
32756, 2473
64414, 2473
73679, 2472
84154, 2472
147910, 2471
222076, 2469
82039, 2468
12927, 2467
719, 2466
238401, 2466
32510, 2462
46823, 2462
86604, 2462
31936, 2460
135379, 2460
191348, 2458
266206, 2458
5694, 2457
11907, 2457
68726, 2457
94422, 2457
82632, 2455
182962, 2454
21256, 2453
93135, 2453
42715, 2452
47506, 2452
212054, 2452
164254, 2448
63407, 2446
80569, 2446
53375, 2445
30225, 2444
222945, 2444
252679, 2443
20675, 2441
235434, 2441
157828, 2437
33408, 2436
102810, 2436
125928, 2436
5035, 2433
15252, 2431
19549, 2431
187637, 2431
205222, 2431
14575, 2430
31873, 2430
32934, 2430
17714, 2428
11647, 2427
42344, 2426
119651, 2426
118165, 2425
254833, 2425
28309, 2423
28978, 2423
83556, 2423
144088, 2423
172826, 2423
198785, 2423
39369, 2422
167607, 2422
228680, 2422
74502, 2421
232240, 2420
92981, 2419
10681, 2418
246487, 2418
14516, 2415
14685, 2415
35323, 2415
94038, 2415
294809, 2414
194760, 2411
24728, 2410
66047, 2409
155711, 2409
9528, 2408
1538, 2404
124980, 2404
11299, 2398
19090, 2398
158199, 2398
21965, 2397
191364, 2396
58804, 2393
103869, 2393
127572, 2393
12388, 2391
23465, 2391
15750, 2390
60772, 2390
1194, 2385
11384, 2385
168259, 2384
60371, 2381
60851, 2380
26663, 2379
107830, 2379
144779, 2379
131798, 2375
267264, 2372
28607, 2371
67072, 2371
67434, 2371
168127, 2371
12302, 2368
25409, 2368
35778, 2368
55963, 2365
49498, 2364
97700, 2363
147425, 2363
186325, 2363
50919, 2362
258328, 2360
520, 2354
268345, 2354
64670, 2350
237435, 2349
5895, 2348
34597, 2347
56105, 2347
32112, 2345
111758, 2344
57897, 2342
6356, 2341
6379, 2341
164505, 2341
217980, 2341
17817, 2340
22038, 2340
9065, 2339
21262, 2339
190586, 2339
14661, 2338
39622, 2338
75810, 2338
101647, 2338
234900, 2337
281794, 2337
1320, 2336
15351, 2336
36216, 2336
140507, 2336
230992, 2336
234896, 2336
30987, 2335
136212, 2335
171311, 2335
188864, 2335
8341, 2332
5808, 2331
19866, 2331
33826, 2328
36127, 2328
201287, 2328
6515, 2326
27753, 2326
59343, 2325
100898, 2325
14422, 2324
66868, 2324
24297, 2323
35599, 2323
258991, 2323
53990, 2319
221375, 2319
244367, 2319
33768, 2316
100252, 2315
83809, 2314
50099, 2313
78031, 2310
40040, 2309
83958, 2309
107710, 2309
4502, 2308
68362, 2308
106229, 2308
153297, 2308
1786, 2307
4526, 2307
106677, 2304
30540, 2303
199681, 2302
1589, 2301
24996, 2301
283541, 2301
2653, 2300
17848, 2300
108362, 2300
214050, 2300
4782, 2299
13754, 2299
22915, 2299
49828, 2299
117503, 2299
8939, 2298
22957, 2298
142958, 2298
28211, 2297
32931, 2297
51843, 2297
119515, 2297
197630, 2297
31847, 2296
24130, 2292
25371, 2290
30013, 2290
150108, 2290
1773, 2289
17304, 2289
226039, 2289
73227, 2288
10063, 2287
209521, 2287
35785, 2283
54466, 2283
276438, 2281
30038, 2280
57396, 2280
13550, 2277
28490, 2277
143782, 2277
63209, 2276
14153, 2273
8786, 2272
20903, 2272
40800, 2270
24885, 2269
39063, 2269
59382, 2269
64780, 2269
17604, 2268
43761, 2267
58616, 2267
255475, 2265
35823, 2264
111399, 2264
133242, 2264
135526, 2264
143492, 2264
184668, 2264
199596, 2264
15023, 2263
70415, 2263
168919, 2262
49215, 2260
59807, 2260
25863, 2259
51136, 2259
156646, 2257
221570, 2257
120306, 2255
15570, 2253
35723, 2253
64054, 2253
46237, 2250
4420, 2249
26709, 2249
59222, 2249
102263, 2248
200196, 2248
24432, 2247
81291, 2247
5835, 2246
14946, 2246
100975, 2246
229389, 2246
25609, 2245
11862, 2244
54968, 2244
80595, 2244
124970, 2243
74253, 2242
138027, 2242
97787, 2241
237187, 2241
11982, 2240
5843, 2235
25492, 2234
26998, 2234
256444, 2234
906, 2233
13224, 2233
18296, 2233
31063, 2233
11699, 2232
94728, 2232
169937, 2232
38706, 2231
46665, 2231
8367, 2229
62413, 2229
138278, 2229
84365, 2228
80637, 2227
191662, 2227
7678, 2226
29087, 2226
35011, 2226
4974, 2225
29515, 2225
35245, 2225
102879, 2225
156737, 2225
12458, 2224
12684, 2224
14577, 2224
18203, 2224
100388, 2224
223759, 2224
38032, 2223
57211, 2223
103105, 2223
104940, 2223
40175, 2217
88698, 2217
4468, 2216
11646, 2216
17071, 2216
96969, 2216
233275, 2216
2443, 2214
10077, 2214
10561, 2214
15442, 2214
123555, 2210
156899, 2210
237640, 2210
89140, 2209
184453, 2209
162894, 2208
9756, 2207
159087, 2207
60313, 2205
161185, 2205
21302, 2204
5332, 2203
20757, 2203
55529, 2203
214905, 2203
193475, 2202
142951, 2201
4818, 2200
19685, 2200
51080, 2200
189684, 2198
251375, 2196
5180, 2195
22391, 2195
14864, 2194
23291, 2194
48955, 2194
75866, 2194
43454, 2193
59608, 2193
63295, 2192
137089, 2191
38294, 2189
66298, 2189
86133, 2189
101307, 2189
115282, 2189
137295, 2189
143262, 2189
295900, 2189
21010, 2188
188158, 2188
78300, 2185
139370, 2185
120684, 2184
62950, 2183
154610, 2183
216808, 2183
12391, 2179
19016, 2178
184979, 2178
118255, 2177
1329, 2174
9505, 2174
25579, 2174
25977, 2172
68557, 2172
174846, 2172
2769, 2171
10904, 2170
63111, 2170
143695, 2170
118, 2168
1626, 2168
2068, 2168
3357, 2168
9627, 2168
12396, 2168
12482, 2168
38304, 2168
49050, 2168
20554, 2165
24533, 2165
90665, 2165
122470, 2165
130016, 2165
211350, 2165
35090, 2164
77464, 2163
12320, 2161
63666, 2160
9700, 2159
31913, 2159
248810, 2159
15686, 2157
31536, 2157
214693, 2157
110400, 2156
20691, 2155
62814, 2155
283538, 2155
9894, 2154
40817, 2154
48411, 2154
78574, 2154
117642, 2154
58852, 2152
60950, 2152
150371, 2152
271316, 2150
240380, 2149
145157, 2148
8666, 2147
93532, 2144
262270, 2144
26006, 2139
26322, 2139
27743, 2139
34318, 2139
118421, 2139
24271, 2137
40940, 2137
72484, 2137
7848, 2136
58748, 2135
6693, 2134
78232, 2134
139457, 2134
47756, 2129
63141, 2129
26964, 2128
291732, 2123
27668, 2122
78219, 2121
125798, 2121
2825, 2120
103562, 2120
36085, 2117
1280, 2112
179105, 2111
0, 2110
2860, 2110
31656, 2110
74964, 2110
185947, 2110
240000, 2110
22296, 2109
31308, 2109
37801, 2108
240089, 2107
74038, 2106
262337, 2105
52294, 2103
13557, 2101
28667, 2101
57685, 2101
93501, 2101
21609, 2100
63160, 2100
155061, 2100
158391, 2100
39666, 2098
231961, 2098
48699, 2097
168289, 2096
2197, 2094
65715, 2094
139965, 2094
3963, 2092
37749, 2092
40552, 2092
180458, 2092
134066, 2091
32009, 2090
1760, 2089
18101, 2089
21139, 2089
209912, 2089
85936, 2088
6206, 2087
761, 2086
16511, 2086
129617, 2086
60557, 2085
435, 2084
12941, 2084
14049, 2084
19930, 2084
23919, 2084
35812, 2083
79711, 2083
206319, 2083
216435, 2082
41725, 2080
201389, 2080
120661, 2079
4267, 2077
9149, 2077
25942, 2077
11826, 2076
3204, 2073
5514, 2073
8930, 2073
10145, 2073
88006, 2073
182016, 2070
244350, 2070
255679, 2069
256409, 2068
256837, 2068
35980, 2066
54566, 2066
25953, 2065
170838, 2065
119404, 2064
11955, 2063
42451, 2063
293530, 2063
39840, 2060
106749, 2060
228419, 2060
25123, 2059
4823, 2058
22582, 2058
118086, 2058
136913, 2058
177396, 2058
2634, 2057
13114, 2057
19830, 2057
68874, 2057
114214, 2057
208093, 2057
81493, 2055
161711, 2054
13428, 2053
26230, 2053
26272, 2053
42628, 2053
74548, 2053
8304, 2050
85370, 2050
32849, 2049
47801, 2049
123070, 2049
203212, 2049
18372, 2048
87174, 2048
159473, 2048
3637, 2047
12666, 2046
27037, 2046
45634, 2046
95963, 2046
240423, 2046
91882, 2045
16600, 2043
56711, 2043
175009, 2043
196895, 2043
211261, 2043
221490, 2043
2031, 2041
2551, 2041
9786, 2041
20365, 2041
23400, 2041
114689, 2041
115393, 2041
11231, 2040
42700, 2040
109950, 2040
49648, 2038
2450, 2037
11968, 2037
96990, 2037
187522, 2037
48917, 2034
37459, 2032
118883, 2030
97209, 2029
105951, 2029
145983, 2029
153446, 2029
65901, 2028
102539, 2028
114290, 2028
118933, 2028
135896, 2028
292660, 2028
62679, 2025
81378, 2025
6665, 2024
126734, 2024
151473, 2024
275042, 2024
4915, 2022
16311, 2022
40272, 2022
48425, 2022
83207, 2022
105700, 2022
150663, 2022
34881, 2021
53686, 2021
65929, 2021
89679, 2021
257149, 2020
247582, 2019
8883, 2018
142676, 2018
6935, 2017
33202, 2017
7753, 2016
11418, 2016
14602, 2016
52891, 2015
90996, 2013
110763, 2012
179165, 2012
191023, 2012
3289, 2011
165662, 2011
51257, 2010
230417, 2008
6948, 2007
53815, 2007
123342, 2005
135193, 2004
59000, 2001
255233, 2001
178532, 1999
26915, 1998
263656, 1998
3316, 1997
78757, 1997
9326, 1995
44030, 1995
74085, 1995
160176, 1995
194786, 1995
59743, 1994
590, 1992
1861, 1992
10382, 1992
285648, 1992
109385, 1991
144538, 1991
151475, 1991
208118, 1991
292245, 1991
6272, 1990
57600, 1990
283949, 1990
212882, 1989
265607, 1987
9447, 1986
102887, 1986
10134, 1985
16838, 1985
46365, 1985
92412, 1985
55411, 1982
90114, 1982
73305, 1981
114680, 1981
5997, 1979
129846, 1979
280078, 1979
3363, 1976
73718, 1976
48059, 1975
2184, 1974
37792, 1974
79928, 1974
88110, 1974
104825, 1974
191807, 1974
249490, 1974
288197, 1974
35501, 1973
72201, 1973
100017, 1973
153327, 1973
23608, 1972
279025, 1971
79702, 1969
74385, 1968
17895, 1967
22558, 1967
29173, 1967
36157, 1967
45229, 1967
49693, 1967
81007, 1967
99798, 1967
162391, 1967
219781, 1967
10602, 1966
14784, 1966
37266, 1966
72349, 1966
22781, 1965
260853, 1965
9865, 1964
99609, 1963
116439, 1963
262465, 1963
61878, 1962
230630, 1962
38920, 1961
85344, 1961
113974, 1961
262287, 1961
276462, 1961
31024, 1960
124357, 1960
194984, 1960
249752, 1960
123432, 1959
188343, 1959
605, 1958
2531, 1958
2759, 1958
15655, 1958
39706, 1958
208178, 1958
6119, 1957
58866, 1956
61548, 1956
74675, 1956
123824, 1956
20934, 1954
134453, 1954
136453, 1954
184122, 1954
194794, 1954
3308, 1953
21280, 1953
40232, 1953
1561, 1952
160067, 1951
165184, 1951
217299, 1951
8024, 1950
29142, 1950
74713, 1950
26981, 1948
34593, 1948
1547, 1947
46206, 1947
79545, 1947
152582, 1947
73525, 1946
113128, 1946
236570, 1945
10429, 1943
156091, 1942
6333, 1941
22301, 1940
35446, 1940
3740, 1939
12967, 1939
46525, 1939
6968, 1938
90228, 1938
117762, 1937
108784, 1936
113065, 1936
6007, 1935
4360, 1934
18411, 1934
2597, 1933
3770, 1933
3822, 1933
110667, 1931
134983, 1931
199665, 1931
1171, 1928
83867, 1928
78438, 1926
185836, 1926
292595, 1926
5678, 1923
127564, 1923
267020, 1923
18853, 1921
19177, 1921
65661, 1921
78334, 1921
93065, 1921
149104, 1921
172837, 1921
241235, 1921
44486, 1919
96545, 1918
105435, 1918
96721, 1917
3030, 1916
5243, 1916
40165, 1916
67613, 1915
169357, 1911
6875, 1910
32, 1909
125, 1909
124862, 1909
8586, 1908
22640, 1908
76772, 1908
5531, 1907
1541, 1906
18978, 1906
77858, 1906
123475, 1906
15149, 1900
32261, 1899
45322, 1899
111821, 1899
4348, 1898
23010, 1897
49629, 1897
63741, 1897
187902, 1897
216702, 1897
32920, 1896
63694, 1896
74473, 1896
233752, 1894
22152, 1893
2299, 1891
23217, 1891
12026, 1890
13317, 1890
163735, 1890
25720, 1888
26137, 1888
59864, 1888
80813, 1888
7034, 1887
20265, 1887
25828, 1886
36504, 1886
36871, 1886
51253, 1886
29815, 1885
67845, 1885
92786, 1885
224481, 1885
266088, 1885
16112, 1884
233385, 1884
6486, 1883
18525, 1883
25954, 1883
23624, 1882
13972, 1881
113372, 1881
224477, 1881
3470, 1880
150913, 1880
186903, 1880
18859, 1879
22402, 1879
29105, 1879
83850, 1879
159335, 1879
166485, 1879
39748, 1878
47667, 1878
195703, 1878
15606, 1875
20294, 1875
5563, 1874
138808, 1874
211258, 1874
260545, 1874
51683, 1873
14511, 1872
29460, 1872
1184, 1871
27775, 1871
167136, 1871
36741, 1870
537, 1868
28445, 1868
28646, 1868
62073, 1868
98138, 1865
280207, 1865
35430, 1864
71164, 1863
72242, 1863
73948, 1863
78073, 1863
27196, 1859
179251, 1858
289062, 1858
13809, 1857
62033, 1857
108591, 1857
29514, 1856
1870, 1855
31459, 1855
123806, 1854
40240, 1853
40380, 1853
50488, 1853
72950, 1853
217303, 1853
239062, 1853
3614, 1851
36718, 1851
68316, 1851
68910, 1851
135334, 1851
214967, 1851
29254, 1850
51566, 1850
127796, 1849
258241, 1848
232262, 1846
7114, 1845
37467, 1845
46355, 1845
121110, 1845
228836, 1845
261867, 1845
178051, 1844
208070, 1843
755, 1842
99878, 1842
132800, 1842
21483, 1841
60583, 1841
63714, 1841
229103, 1841
132030, 1838
213063, 1837
261584, 1837
19623, 1835
30838, 1832
229375, 1831
135877, 1830
151, 1828
600, 1828
8583, 1828
16719, 1828
21369, 1828
31733, 1828
65191, 1828
270821, 1828
69141, 1827
147142, 1827
264608, 1826
38257, 1825
142092, 1825
95, 1824
11164, 1824
18334, 1824
285201, 1822
1236, 1821
1735, 1821
4, 1819
40257, 1819
48881, 1819
78607, 1819
21588, 1818
34105, 1818
194115, 1818
23661, 1817
37606, 1817
66660, 1817
81920, 1817
20220, 1816
41633, 1816
48962, 1816
55524, 1816
12681, 1815
41159, 1815
72096, 1815
131782, 1815
242210, 1815
59749, 1814
47575, 1813
52830, 1813
86316, 1813
96158, 1813
259473, 1813
259966, 1813
272624, 1813
289858, 1813
1308, 1812
3395, 1812
13316, 1811
19737, 1811
33312, 1811
169450, 1810
128322, 1809
163742, 1809
154695, 1808
16961, 1807
141218, 1806
207818, 1806
221126, 1806
254525, 1806
264637, 1806
267572, 1806
282154, 1806
13000, 1805
41069, 1804
63231, 1804
213246, 1804
295995, 1804
23310, 1803
72594, 1803
77545, 1803
78524, 1803
84978, 1803
111462, 1803
118734, 1803
119550, 1803
120672, 1803
122577, 1803
133049, 1803
145471, 1803
151386, 1803
163219, 1803
166120, 1803
173276, 1803
179296, 1803
202248, 1803
206003, 1803
236833, 1803
246323, 1803
250358, 1803
260550, 1803
147, 1802
161, 1802
1231, 1802
3591, 1802
36755, 1802
68633, 1802
277144, 1802
15761, 1801
26414, 1801
53154, 1801
3102, 1800
165653, 1800
228405, 1800
234941, 1800
289028, 1800
4961, 1799
15060, 1799
248623, 1799
20736, 1798
22561, 1798
34477, 1798
44660, 1798
86310, 1798
87935, 1798
90885, 1798
105769, 1798
258436, 1798
269868, 1798
77563, 1797
19803, 1796
232661, 1796
253831, 1796
4996, 1795
147700, 1795
31160, 1794
141338, 1794
14360, 1793
15079, 1792
34656, 1792
84965, 1792
114817, 1792
234191, 1792
241105, 1792
250324, 1792
66126, 1791
219199, 1790
265044, 1790
64877, 1788
128761, 1788
67502, 1787
105259, 1787
294126, 1787
8061, 1786
37913, 1786
62320, 1786
74487, 1786
199065, 1786
246075, 1786
249864, 1786
286530, 1786
11828, 1785
18908, 1785
241570, 1785
282170, 1785
26665, 1784
61720, 1784
108838, 1783
129240, 1783
140373, 1783
160070, 1783
189200, 1783
189713, 1783
199064, 1783
201996, 1783
250237, 1783
257619, 1783
281170, 1783
4834, 1782
39269, 1782
45721, 1782
51596, 1782
200454, 1782
197, 1781
121194, 1781
175468, 1781
181535, 1781
24539, 1780
33885, 1780
112880, 1780
124652, 1780
22904, 1778
294323, 1778
275, 1777
35619, 1777
29791, 1776
108529, 1775
15234, 1773
15364, 1772
17948, 1772
31471, 1772
152508, 1772
176272, 1772
179628, 1772
194642, 1772
230393, 1772
264132, 1772
16463, 1771
20940, 1771
64770, 1771
95184, 1771
176615, 1771
178592, 1771
272222, 1771
33921, 1770
18769, 1769
57057, 1768
72358, 1768
226023, 1768
230400, 1768
51, 1767
123600, 1767
71027, 1766
16763, 1765
41421, 1765
248779, 1765
27867, 1764
15799, 1763
18682, 1763
52726, 1763
77659, 1763
165203, 1763
37862, 1762
348, 1761
2356, 1761
41666, 1761
79933, 1761
154359, 1761
160158, 1760
288763, 1760
190158, 1759
281346, 1759
14904, 1758
24858, 1758
25698, 1758
33285, 1758
119845, 1758
181812, 1758
177, 1756
762, 1756
8086, 1756
32317, 1756
48245, 1756
205577, 1756
136, 1754
2316, 1754
5908, 1754
94313, 1754
139229, 1754
191810, 1754
217813, 1754
222281, 1754
226405, 1754
281084, 1754
291144, 1754
292690, 1754
295660, 1754
100442, 1753
135123, 1753
162553, 1753
261694, 1753
23174, 1752
38353, 1752
96500, 1752
125811, 1752
159976, 1752
30929, 1751
46172, 1751
77763, 1751
132049, 1751
166228, 1751
210955, 1751
269532, 1751
280201, 1751
1287, 1750
2179, 1750
10630, 1750
86083, 1749
7364, 1748
95962, 1748
210019, 1748
214522, 1748
247447, 1748
282369, 1748
294143, 1748
71339, 1746
604, 1743
3315, 1743
9342, 1743
12679, 1743
14341, 1742
2467, 1741
140449, 1741
42272, 1740
96808, 1740
117544, 1740
143939, 1740
15563, 1739
179631, 1738
151955, 1737
153491, 1737
153628, 1737
16038, 1736
187679, 1736
245950, 1735
219795, 1734
16749, 1733
222437, 1733
223866, 1733
290231, 1733
65516, 1732
78661, 1732
80140, 1732
2103, 1731
7085, 1731
34792, 1731
38069, 1731
157431, 1731
173476, 1731
206986, 1731
244793, 1731
245921, 1731
274719, 1731
78404, 1730
85712, 1730
96160, 1730
126760, 1730
164948, 1730
165600, 1730
169723, 1730
177334, 1730
206148, 1730
230296, 1730
205739, 1729
1339, 1728
23244, 1728
49942, 1728
92413, 1728
173945, 1726
4202, 1724
105815, 1724
76014, 1722
86883, 1722
8261, 1720
48717, 1720
83564, 1720
109028, 1720
127826, 1720
32403, 1719
60245, 1719
220529, 1719
268480, 1719
291702, 1719
91727, 1716
33590, 1715
92932, 1715
245483, 1715
36596, 1714
79989, 1714
128617, 1714
99730, 1713
107683, 1713
124374, 1713
148933, 1713
181389, 1713
206135, 1713
154, 1711
16882, 1711
26941, 1711
116742, 1711
177297, 1711
388, 1710
95039, 1710
5850, 1708
135437, 1708
62087, 1707
159049, 1706
141412, 1705
115755, 1704
15184, 1702
19449, 1702
472, 1701
5270, 1701
193396, 1701
301, 1700
13066, 1700
124397, 1700
201654, 1700
227119, 1699
256872, 1699
157869, 1698
260009, 1698
26094, 1697
51301, 1697
91909, 1697
101409, 1697
101413, 1697
107693, 1697
107918, 1697
111964, 1697
195812, 1697
221928, 1697
238461, 1697
259586, 1697
264191, 1697
275177, 1697
289786, 1697
96722, 1696
237911, 1696
8962, 1695
48530, 1695
55215, 1695
56244, 1694
64860, 1694
139205, 1694
67957, 1693
139459, 1693
151324, 1693
20179, 1692
79659, 1691
49218, 1690
15408, 1689
17274, 1689
19027, 1689
1464, 1688
1693, 1687
34928, 1687
148675, 1687
271604, 1687
45162, 1685
68754, 1684
85045, 1683
191676, 1682
29073, 1681
137204, 1680
917, 1678
1012, 1678
11260, 1678
49354, 1678
65791, 1678
83482, 1678
175376, 1678
227259, 1677
254007, 1677
3004, 1676
8020, 1676
19428, 1675
238548, 1675
10694, 1674
17087, 1674
230309, 1674
287444, 1674
291198, 1674
182948, 1673
24396, 1672
91994, 1672
116931, 1672
53042, 1671
60038, 1671
6157, 1670
9805, 1670
44696, 1670
56017, 1670
58655, 1670
136187, 1670
23579, 1669
276278, 1669
1951, 1668
10355, 1668
34827, 1668
64106, 1668
95642, 1668
208927, 1668
238851, 1668
255925, 1668
284171, 1668
6283, 1665
91208, 1665
83002, 1662
202984, 1662
31266, 1659
42515, 1659
84652, 1659
95244, 1659
146200, 1659
177903, 1659
194486, 1659
220312, 1659
245793, 1659
269390, 1659
5677, 1658
14346, 1658
15702, 1658
31756, 1658
80125, 1658
82026, 1658
157502, 1658
241329, 1658
67695, 1656
55470, 1655
101760, 1655
143055, 1655
131878, 1654
173272, 1654
57111, 1653
23844, 1651
133093, 1651
162046, 1651
24726, 1650
135373, 1650
276008, 1649
101116, 1647
1877, 1646
66831, 1646
298, 1645
709, 1644
3285, 1643
71489, 1643
166495, 1642
504, 1639
850, 1639
46551, 1639
106810, 1638
28084, 1637
59673, 1637
125940, 1637
218441, 1637
280107, 1637
7707, 1636
9692, 1636
10270, 1636
18538, 1636
23729, 1636
32970, 1636
142539, 1636
77338, 1635
281205, 1635
286297, 1634
31376, 1632
62209, 1632
11114, 1631
104224, 1631
188239, 1631
210788, 1631
259396, 1631
272813, 1631
296272, 1631
17117, 1630
77521, 1630
7719, 1629
12046, 1629
210859, 1629
94213, 1628
173134, 1628
287843, 1628
216, 1627
2802, 1627
12705, 1627
47429, 1627
56108, 1627
93495, 1627
104960, 1627
146864, 1627
115365, 1625
197793, 1625
212094, 1625
232709, 1625
88081, 1624
125482, 1624
1875, 1621
3499, 1621
14542, 1621
67927, 1621
95795, 1621
106427, 1621
110024, 1621
290036, 1621
2362, 1620
19365, 1620
139780, 1620
6607, 1619
24718, 1619
29732, 1619
53295, 1619
4389, 1616
45387, 1616
158015, 1616
879, 1615
2976, 1615
3095, 1615
3932, 1615
48964, 1615
54497, 1615
59534, 1615
77804, 1615
87631, 1615
113479, 1615
113680, 1615
170129, 1615
175723, 1615
177874, 1615
206666, 1615
235864, 1615
248950, 1615
254522, 1615
264166, 1615
2568, 1614
9705, 1614
165073, 1614
240561, 1613
2559, 1612
8868, 1611
9448, 1611
81441, 1611
51969, 1610
3911, 1609
13026, 1609
14588, 1609
29396, 1609
233594, 1609
25158, 1608
39734, 1608
43240, 1608
64873, 1608
80144, 1608
82934, 1608
176429, 1608
16524, 1607
28366, 1607
89050, 1607
93494, 1607
96268, 1607
107804, 1607
237401, 1607
254151, 1607
6686, 1606
17720, 1606
207702, 1605
104292, 1604
29527, 1602
221202, 1602
2711, 1601
15519, 1601
16888, 1601
254386, 1601
53950, 1600
138654, 1599
2294, 1598
33783, 1598
46688, 1598
64705, 1598
79805, 1598
104151, 1598
10234, 1597
74446, 1597
219329, 1597
259226, 1597
28315, 1596
37654, 1596
132700, 1596
174059, 1596
572, 1595
6580, 1595
18380, 1595
65018, 1595
97677, 1595
9582, 1594
115522, 1594
48302, 1591
28666, 1590
47904, 1590
53697, 1590
68008, 1590
87503, 1590
120196, 1590
179430, 1590
291004, 1590
168056, 1588
9725, 1587
239163, 1586
113132, 1585
80603, 1584
81494, 1584
124057, 1584
172843, 1584
99647, 1583
119796, 1583
163747, 1583
251325, 1583
46875, 1582
98292, 1582
115602, 1582
196687, 1582
33569, 1581
6126, 1580
6778, 1580
3741, 1579
14957, 1579
93765, 1579
131470, 1579
3423, 1578
17407, 1577
20952, 1577
59117, 1577
73567, 1577
153998, 1577
33578, 1576
34383, 1576
86826, 1576
97147, 1576
145732, 1576
131403, 1575
23764, 1574
30798, 1574
51578, 1574
65215, 1574
81634, 1574
260324, 1574
268435, 1574
284689, 1574
293562, 1574
79368, 1573
98316, 1573
128551, 1573
187940, 1573
10994, 1572
46228, 1572
65945, 1572
80379, 1572
7750, 1571
10607, 1571
25507, 1571
186709, 1571
905, 1570
40020, 1570
77102, 1570
291529, 1568
37758, 1566
190736, 1566
79144, 1565
248700, 1565
118902, 1564
207078, 1564
248761, 1564
23679, 1563
46089, 1563
49980, 1563
60287, 1563
166323, 1563
200940, 1563
237561, 1563
2750, 1562
7971, 1562
21058, 1562
22791, 1562
28313, 1562
30240, 1562
64712, 1562
267671, 1562
277470, 1562
59793, 1561
187971, 1561
295509, 1561
2815, 1560
8025, 1560
45985, 1560
47824, 1560
66136, 1560
108134, 1560
157571, 1560
276267, 1560
679, 1559
27769, 1559
2905, 1557
25211, 1555
96400, 1555
238152, 1555
28598, 1554
35483, 1554
42233, 1554
70659, 1554
83508, 1554
126541, 1554
229113, 1554
228, 1553
3178, 1553
34862, 1553
45691, 1553
64783, 1553
162626, 1553
204806, 1553
256632, 1553
10304, 1552
44861, 1552
23833, 1551
119860, 1551
3203, 1550
56246, 1550
259216, 1550
23894, 1549
266105, 1549
295447, 1549
180634, 1548
252986, 1548
287913, 1548
1208, 1547
34376, 1547
41393, 1547
142579, 1547
178306, 1547
40338, 1546
207812, 1545
16962, 1543
37277, 1543
5613, 1541
165019, 1541
4046, 1540
26457, 1540
65340, 1539
70779, 1539
16709, 1538
85448, 1538
230205, 1537
13362, 1536
95385, 1536
157147, 1536
202823, 1536
209902, 1536
72165, 1535
16345, 1534
36378, 1534
43688, 1534
70217, 1532
73617, 1532
78256, 1532
287555, 1532
1752, 1531
5411, 1531
148807, 1531
3151, 1529
36822, 1529
2677, 1528
68252, 1528
72408, 1528
89474, 1528
97285, 1528
158658, 1528
279347, 1528
4687, 1527
19609, 1527
65846, 1527
261819, 1525
71284, 1524
14489, 1523
73049, 1523
282568, 1523
285992, 1523
8017, 1520
12889, 1520
69518, 1520
169647, 1520
229743, 1520
19666, 1519
22233, 1519
30332, 1519
61710, 1519
88473, 1519
24603, 1518
29937, 1517
14725, 1515
54434, 1515
194124, 1515
236256, 1515
261993, 1515
2828, 1514
31161, 1514
80303, 1514
82265, 1514
200790, 1514
225929, 1514
104272, 1512
117201, 1512
102958, 1511
15427, 1510
33376, 1510
105566, 1509
46933, 1508
115567, 1508
37494, 1507
169198, 1507
294577, 1507
99457, 1506
291917, 1506
512, 1505
2538, 1505
7125, 1505
7909, 1505
35486, 1505
49259, 1505
135072, 1505
232355, 1505
10521, 1504
27323, 1504
75860, 1504
82327, 1504
96161, 1503
148606, 1503
815, 1502
2414, 1502
10866, 1502
12082, 1502
189567, 1501
260516, 1501
54816, 1500
41581, 1498
57029, 1498
61478, 1498
76915, 1498
85263, 1498
91361, 1498
112877, 1498
119754, 1498
150958, 1498
163060, 1498
189545, 1498
227849, 1498
248172, 1498
257485, 1498
28997, 1497
167119, 1497
235794, 1497
1535, 1495
40035, 1495
58386, 1494
70887, 1494
39305, 1493
121911, 1493
4746, 1492
6614, 1492
14644, 1492
83344, 1492
89610, 1492
97350, 1492
112326, 1492
140150, 1492
153734, 1492
211018, 1492
237833, 1492
26810, 1491
105441, 1491
107435, 1491
272612, 1491
287963, 1491
6853, 1490
41356, 1490
41925, 1490
55110, 1490
62525, 1490
121876, 1490
48692, 1489
16456, 1488
16917, 1487
20773, 1487
23498, 1487
27663, 1486
108666, 1486
136281, 1486
284295, 1485
21530, 1483
191430, 1483
287047, 1483
48344, 1482
61392, 1482
131664, 1482
278348, 1482
8092, 1481
11142, 1481
33027, 1481
59303, 1481
145136, 1481
115233, 1480
1494, 1479
2951, 1479
37406, 1479
38746, 1479
84513, 1479
557, 1478
85889, 1478
206282, 1478
265368, 1478
284777, 1478
64008, 1477
133667, 1477
294385, 1477
249388, 1476
1492, 1475
10592, 1475
15848, 1475
44275, 1475
99409, 1475
150931, 1475
217106, 1475
73306, 1474
85710, 1474
199345, 1474
676, 1472
107291, 1472
250323, 1472
119131, 1471
182803, 1471
187712, 1471
210555, 1471
85742, 1470
222236, 1470
232325, 1469
250173, 1469
16496, 1468
450, 1467
12585, 1467
42195, 1467
59692, 1467
86885, 1467
88128, 1467
126639, 1467
7071, 1466
27517, 1466
39873, 1466
211070, 1466
281626, 1466
30948, 1465
111227, 1465
154026, 1465
158350, 1465
95862, 1464
20277, 1463
131592, 1463
293608, 1463
295691, 1463
27779, 1462
1587, 1461
40757, 1461
3542, 1459
5148, 1459
46713, 1458
102121, 1458
105253, 1458
162362, 1458
13741, 1457
49271, 1457
54830, 1457
93605, 1457
19843, 1456
76242, 1456
17724, 1455
30200, 1455
176077, 1455
1187, 1454
4318, 1454
152101, 1454
21321, 1453
29757, 1453
13914, 1452
6530, 1451
7220, 1451
30382, 1451
210112, 1451
288679, 1451
97194, 1449
293551, 1449
28368, 1448
1802, 1446
20489, 1446
29155, 1446
29353, 1446
58032, 1446
208626, 1446
225626, 1446
294070, 1446
22268, 1445
28377, 1445
31866, 1445
78338, 1445
107189, 1445
263239, 1445
62287, 1444
71522, 1442
131604, 1442
1537, 1441
30261, 1441
86582, 1441
70629, 1440
90325, 1438
30243, 1436
101930, 1436
109598, 1436
143245, 1436
164716, 1436
97830, 1435
9161, 1434
14697, 1434
17054, 1434
21479, 1434
46527, 1434
143277, 1433
161557, 1433
178844, 1433
240116, 1433
1697, 1432
2627, 1432
6153, 1432
8768, 1432
21127, 1432
148720, 1432
143061, 1431
45407, 1430
18347, 1429
121163, 1429
22153, 1428
23038, 1428
40319, 1428
44721, 1428
167890, 1428
169800, 1428
251712, 1428
22138, 1427
213356, 1427
260199, 1427
30076, 1426
31923, 1426
41544, 1426
60857, 1425
89704, 1425
96984, 1425
109205, 1425
112959, 1425
128350, 1425
128471, 1425
135278, 1425
138788, 1425
141763, 1425
159957, 1425
165669, 1425
171423, 1425
187707, 1425
216385, 1425
222334, 1425
249855, 1425
275748, 1425
20467, 1424
119890, 1424
63176, 1423
156918, 1423
49781, 1422
77882, 1422
113888, 1422
13311, 1421
17767, 1421
48452, 1421
51954, 1421
56509, 1421
129029, 1420
197498, 1420
21330, 1419
48026, 1419
60872, 1419
181172, 1419
5674, 1418
102086, 1418
135763, 1418
151796, 1418
245580, 1418
278888, 1418
25083, 1417
85318, 1417
218192, 1417
6385, 1416
24506, 1416
26274, 1416
54391, 1416
93715, 1416
8953, 1415
248229, 1415
44555, 1414
114922, 1414
141326, 1414
6118, 1412
32296, 1412
41592, 1412
92027, 1412
207308, 1412
226802, 1412
238584, 1412
3861, 1411
143602, 1411
177463, 1411
187251, 1411
191903, 1410
221211, 1410
254861, 1410
164237, 1409
172348, 1409
2721, 1406
13062, 1406
109159, 1406
147994, 1406
228376, 1406
9768, 1405
23301, 1405
25963, 1405
175213, 1405
226800, 1405
289655, 1405
60113, 1404
208416, 1404
36823, 1403
99645, 1403
2478, 1401
3396, 1401
6742, 1401
53711, 1401
82235, 1401
180686, 1401
2040, 1400
22480, 1400
39584, 1400
18427, 1398
25615, 1398
65467, 1398
1704, 1397
2761, 1397
29964, 1397
101657, 1397
209459, 1397
254962, 1397
30795, 1395
89919, 1395
196841, 1395
243874, 1395
282818, 1395
51724, 1394
25986, 1393
26796, 1393
58956, 1393
131241, 1393
78629, 1392
5359, 1391
8376, 1391
14668, 1391
31545, 1391
53142, 1391
167965, 1391
293790, 1391
41547, 1390
69622, 1390
109754, 1390
163464, 1390
218238, 1390
42838, 1389
152957, 1389
193454, 1389
24017, 1388
33908, 1388
9110, 1387
47941, 1387
60821, 1386
25725, 1385
76904, 1385
87259, 1385
149305, 1385
189534, 1385
259377, 1385
35780, 1384
85062, 1384
7587, 1383
38767, 1383
10474, 1382
41352, 1382
67732, 1382
90272, 1382
42172, 1381
133635, 1381
164263, 1381
211228, 1381
214220, 1381
66814, 1380
114261, 1380
248105, 1379
93023, 1378
209760, 1378
3166, 1377
14353, 1377
14684, 1377
225616, 1377
266938, 1377
25550, 1376
46153, 1376
93193, 1376
152150, 1376
2483, 1375
26298, 1375
81743, 1375
15892, 1374
72569, 1374
73767, 1374
77810, 1374
232133, 1374
2418, 1373
4146, 1373
7467, 1373
32019, 1373
173037, 1373
187789, 1373
11472, 1372
12922, 1372
17344, 1372
22811, 1372
47231, 1372
51748, 1372
101858, 1372
149718, 1372
221308, 1372
257373, 1372
292698, 1372
6495, 1371
8192, 1371
26192, 1371
38295, 1371
89183, 1371
137762, 1371
163719, 1371
171358, 1371
242362, 1371
8210, 1370
15153, 1370
83521, 1370
158978, 1370
1380, 1369
63228, 1369
80857, 1369
673, 1368
14025, 1368
24178, 1368
44853, 1368
396, 1367
21152, 1367
32354, 1367
122795, 1366
8864, 1365
21168, 1365
25687, 1365
121184, 1365
11475, 1364
39789, 1364
194738, 1364
14614, 1363
31428, 1363
38722, 1363
42113, 1363
172854, 1363
175940, 1363
291372, 1363
498, 1362
1100, 1362
5890, 1362
6962, 1362
17980, 1362
26687, 1362
47167, 1362
127697, 1362
148648, 1362
163393, 1362
269905, 1362
279622, 1362
7807, 1361
64733, 1361
118489, 1361
128188, 1361
128894, 1361
5289, 1360
24958, 1360
25098, 1360
100558, 1360
1563, 1359
83391, 1359
285149, 1359
5343, 1358
5872, 1358
49279, 1358
120573, 1358
34965, 1357
55558, 1357
59082, 1357
72683, 1357
43567, 1356
47630, 1356
60656, 1356
102979, 1355
189444, 1355
221857, 1355
291143, 1355
102387, 1354
135508, 1354
136516, 1354
141075, 1354
172802, 1354
254451, 1354
282531, 1354
168669, 1353
267817, 1353
1105, 1352
33389, 1352
34330, 1352
120564, 1352
14170, 1350
23867, 1350
138580, 1350
96957, 1349
157467, 1349
168505, 1349
204091, 1349
216845, 1349
45902, 1348
48690, 1348
76766, 1348
490, 1347
28399, 1347
123351, 1347
161716, 1347
11866, 1346
224743, 1346
6054, 1345
88904, 1345
159837, 1345
162060, 1345
15460, 1344
20344, 1344
238151, 1343
54412, 1342
292915, 1342
7934, 1341
71618, 1340
160911, 1340
282602, 1340
4410, 1338
44616, 1338
154185, 1338
27917, 1337
65117, 1337
214226, 1337
216762, 1337
980, 1336
107650, 1336
248347, 1336
25999, 1335
73947, 1335
114283, 1335
18571, 1334
43472, 1334
49007, 1334
71421, 1334
143937, 1334
203695, 1334
14437, 1333
87209, 1333
94046, 1333
131907, 1333
52604, 1332
201590, 1332
42925, 1331
6955, 1330
17290, 1330
269362, 1330
68565, 1329
6493, 1328
11463, 1328
118872, 1328
263313, 1328
282101, 1328
15838, 1327
46997, 1327
97092, 1327
132563, 1327
212322, 1327
223614, 1327
100592, 1326
2862, 1325
6642, 1325
7508, 1325
11181, 1325
18526, 1325
22257, 1325
26614, 1325
30410, 1325
33387, 1325
42949, 1325
43965, 1325
58476, 1325
64607, 1325
68221, 1325
73478, 1325
77141, 1325
114722, 1325
115507, 1325
135138, 1325
184200, 1325
218854, 1325
224410, 1325
228891, 1325
45156, 1324
12101, 1322
58186, 1322
78332, 1322
98506, 1322
102766, 1322
196020, 1321
259563, 1321
5945, 1320
40147, 1320
88650, 1320
153567, 1320
197336, 1320
210054, 1320
11245, 1319
32451, 1319
48937, 1319
99794, 1319
1431, 1318
3082, 1318
7294, 1318
17126, 1318
19109, 1318
39206, 1318
39922, 1318
188613, 1318
2319, 1316
58486, 1316
274313, 1316
18835, 1315
91185, 1315
129984, 1315
157878, 1315
231690, 1315
273991, 1315
288669, 1315
11718, 1314
28469, 1314
85131, 1314
101500, 1314
126718, 1314
244463, 1314
27588, 1313
251608, 1313
82346, 1312
189040, 1312
232425, 1312
13619, 1311
54681, 1311
72731, 1310
282934, 1310
6626, 1309
16721, 1309
26937, 1309
40413, 1309
41236, 1309
48332, 1309
49222, 1309
156961, 1309
41, 1308
711, 1308
892, 1308
4599, 1308
7497, 1308
41008, 1308
261901, 1308
294208, 1308
9088, 1307
30495, 1307
120813, 1307
22751, 1305
111806, 1305
37554, 1304
49302, 1304
66076, 1304
289802, 1304
1094, 1303
6591, 1303
49224, 1303
128398, 1303
179895, 1303
98773, 1302
154939, 1302
149365, 1301
203468, 1301
7446, 1300
7712, 1300
15602, 1300
29965, 1300
33818, 1300
47727, 1300
49326, 1300
54339, 1300
56048, 1300
57486, 1300
71517, 1300
24898, 1299
186909, 1299
193663, 1299
41038, 1298
46205, 1298
61748, 1298
103480, 1298
132334, 1298
147663, 1298
239401, 1298
291893, 1298
183207, 1297
230758, 1297
204061, 1296
47445, 1295
149533, 1295
220261, 1295
65206, 1294
123189, 1294
5943, 1293
16212, 1293
47778, 1293
83780, 1293
281573, 1292
20063, 1291
39615, 1291
58520, 1291
90940, 1291
147165, 1291
23636, 1290
79961, 1288
1306, 1287
10266, 1287
64167, 1287
80712, 1287
90278, 1287
103781, 1287
156436, 1287
173325, 1287
202342, 1287
17587, 1286
53016, 1286
178763, 1286
26496, 1285
103368, 1285
1268, 1284
41420, 1284
43370, 1284
43972, 1284
223453, 1284
27214, 1283
47617, 1283
60733, 1283
64445, 1283
139557, 1283
152563, 1283
31062, 1282
76107, 1282
82292, 1281
240895, 1281
121257, 1280
180786, 1279
57510, 1278
32084, 1277
58208, 1277
242003, 1277
11230, 1276
25387, 1276
83925, 1276
203880, 1276
278555, 1276
6660, 1275
16064, 1275
231419, 1275
8347, 1274
154434, 1274
181578, 1274
455, 1273
6709, 1273
21863, 1273
33622, 1273
43381, 1273
89177, 1273
104373, 1273
186058, 1273
232070, 1273
11176, 1272
12939, 1272
75114, 1272
106556, 1272
151287, 1272
201246, 1272
19517, 1271
52660, 1271
223510, 1271
288053, 1271
3029, 1270
15576, 1270
93172, 1270
141183, 1270
234849, 1270
253214, 1270
36346, 1269
96067, 1269
27351, 1268
52484, 1268
168394, 1268
222724, 1268
235775, 1268
127404, 1267
175200, 1267
256795, 1267
288315, 1267
14708, 1266
131777, 1266
214814, 1266
1145, 1265
3241, 1265
34347, 1265
37350, 1265
44041, 1265
85725, 1265
285910, 1265
7813, 1264
152557, 1264
15146, 1262
37551, 1261
39378, 1261
81284, 1261
190849, 1261
213379, 1261
30684, 1260
112431, 1260
7097, 1259
30880, 1259
69184, 1259
88406, 1259
108440, 1259
129980, 1259
131096, 1259
133733, 1259
48101, 1258
150685, 1258
190, 1257
20054, 1257
28903, 1257
57872, 1257
217731, 1257
260685, 1257
275490, 1257
188100, 1256
194857, 1256
223722, 1256
274374, 1256
175591, 1255
269131, 1255
11939, 1254
138965, 1254
1071, 1253
20146, 1253
63053, 1253
161706, 1253
185043, 1253
67204, 1252
5047, 1251
20614, 1251
54623, 1251
275794, 1251
293385, 1251
27977, 1250
41434, 1250
89398, 1250
280998, 1250
10752, 1249
17473, 1249
17481, 1249
37955, 1249
187747, 1249
200124, 1249
3702, 1248
23659, 1248
100326, 1248
218055, 1248
67380, 1246
7784, 1245
185507, 1245
280925, 1245
281649, 1245
61451, 1244
81103, 1244
123377, 1244
135946, 1244
220757, 1244
261647, 1244
25811, 1243
109640, 1243
127617, 1243
133067, 1243
258844, 1243
25137, 1241
30460, 1241
10215, 1240
107740, 1240
40441, 1239
63148, 1239
163628, 1239
166675, 1239
258209, 1239
4168, 1238
23716, 1238
67372, 1238
242692, 1238
278025, 1238
19185, 1237
221678, 1237
121826, 1235
9849, 1234
21513, 1234
125368, 1234
188736, 1234
330, 1233
3814, 1233
13799, 1233
22052, 1233
42297, 1233
88225, 1233
154476, 1233
92536, 1232
8346, 1231
16036, 1231
77276, 1231
126396, 1231
133605, 1231
185639, 1231
64776, 1230
79696, 1230
89748, 1230
92098, 1230
193776, 1230
120051, 1229
149359, 1229
237325, 1229
246295, 1229
4657, 1228
12254, 1228
46619, 1228
159231, 1228
178726, 1228
240451, 1228
262668, 1228
262825, 1228
286275, 1228
6541, 1227
10832, 1226
31697, 1225
39976, 1225
61399, 1224
110821, 1224
182809, 1224
224590, 1224
62436, 1223
121758, 1223
259827, 1223
116276, 1222
178513, 1222
193820, 1222
196766, 1222
585, 1221
3405, 1221
15551, 1221
35783, 1221
19574, 1219
82802, 1219
118111, 1219
136370, 1219
282079, 1219
1879, 1218
5363, 1218
74273, 1218
161036, 1218
10842, 1217
2797, 1216
54316, 1216
63710, 1216
78336, 1216
228288, 1216
248334, 1216
251483, 1216
53805, 1215
83146, 1215
212906, 1215
14442, 1214
155079, 1214
261538, 1214
4813, 1213
278743, 1213
34139, 1212
37691, 1212
39375, 1212
312, 1211
35076, 1211
51532, 1211
55283, 1211
159268, 1211
213268, 1211
12186, 1210
12972, 1210
22368, 1210
35416, 1209
83939, 1209
132029, 1209
84995, 1208
98064, 1208
100813, 1208
107516, 1208
273234, 1208
33585, 1207
57693, 1207
86519, 1207
156115, 1207
178827, 1207
249635, 1207
131167, 1206
137629, 1206
37883, 1205
59014, 1205
7516, 1204
8392, 1204
21855, 1204
18779, 1203
51324, 1203
156933, 1203
280100, 1203
14768, 1202
77975, 1202
110557, 1202
117385, 1202
276621, 1202
283184, 1202
365, 1201
88230, 1201
94204, 1201
103174, 1201
110540, 1201
119344, 1201
162459, 1201
162662, 1201
183513, 1201
216095, 1201
218245, 1201
69362, 1200
59818, 1199
15584, 1198
80175, 1198
110609, 1198
114083, 1198
256075, 1198
256726, 1198
1413, 1197
107911, 1197
4157, 1196
11969, 1196
34747, 1196
123864, 1196
164763, 1196
212534, 1195
278873, 1195
88351, 1194
210803, 1194
37894, 1193
20996, 1191
116388, 1191
243984, 1191
275575, 1191
95046, 1190
102891, 1190
140356, 1190
105884, 1189
139150, 1189
195948, 1189
206859, 1189
207485, 1189
194610, 1188
145807, 1187
199684, 1187
13756, 1186
114553, 1186
21109, 1185
32481, 1185
73667, 1185
132016, 1185
83903, 1184
85977, 1184
112703, 1184
201430, 1184
21453, 1182
4826, 1181
14665, 1181
85011, 1181
123960, 1181
162554, 1181
225869, 1181
845, 1180
142146, 1180
212879, 1180
3762, 1179
22730, 1179
24692, 1179
58358, 1179
105004, 1179
231582, 1179
247624, 1179
263469, 1179
30, 1178
12622, 1178
105625, 1178
114494, 1178
249655, 1178
20727, 1177
36650, 1177
47303, 1177
52500, 1177
25511, 1176
39872, 1176
96553, 1176
154951, 1176
1864, 1175
29595, 1175
36579, 1175
49168, 1175
180971, 1175
289673, 1175
2918, 1174
6516, 1174
17910, 1174
95010, 1174
132747, 1174
6176, 1173
170047, 1173
293767, 1172
72682, 1170
75510, 1170
5097, 1169
14035, 1169
72480, 1169
123643, 1169
171524, 1169
193646, 1169
250791, 1169
264789, 1169
290348, 1169
39287, 1168
93048, 1168
18842, 1167
84172, 1167
15431, 1166
56012, 1166
972, 1165
13618, 1165
30812, 1165
69386, 1165
180030, 1165
220267, 1165
27700, 1164
59419, 1164
151638, 1163
232338, 1163
258512, 1162
45221, 1161
106618, 1161
169608, 1161
244277, 1161
226440, 1160
19200, 1159
172801, 1159
86543, 1157
114081, 1157
273185, 1157
18476, 1156
51451, 1156
60991, 1156
242246, 1156
245654, 1156
281311, 1156
36979, 1155
138982, 1155
92015, 1154
265, 1153
26081, 1153
62611, 1153
149398, 1153
216107, 1153
249827, 1153
288590, 1153
3558, 1152
12709, 1152
103495, 1152
273066, 1152
5455, 1151
63734, 1151
89538, 1151
91212, 1151
235157, 1151
7379, 1150
16137, 1150
31896, 1150
63984, 1150
106891, 1150
1110, 1149
66139, 1149
67655, 1149
115249, 1149
146213, 1149
225409, 1149
229585, 1149
2213, 1148
32043, 1148
33441, 1148
54456, 1148
101006, 1148
127054, 1148
187361, 1148
270750, 1148
9047, 1147
15527, 1147
28389, 1147
41634, 1147
44400, 1147
48341, 1147
64639, 1147
113326, 1147
200642, 1147
2863, 1146
15311, 1146
23246, 1146
28507, 1146
39970, 1146
74421, 1146
122224, 1146
142794, 1146
211562, 1146
216820, 1146
3226, 1145
4534, 1145
23909, 1144
44232, 1144
283323, 1142
84334, 1141
152467, 1141
89313, 1140
279140, 1140
53379, 1139
66987, 1139
123353, 1139
262534, 1139
4102, 1138
43384, 1138
70550, 1138
83611, 1138
112011, 1138
471, 1137
8224, 1137
57594, 1137
58142, 1137
50450, 1136
106630, 1136
116465, 1136
162080, 1136
177771, 1136
190416, 1136
228995, 1136
261009, 1136
44826, 1135
251630, 1135
167099, 1134
13801, 1133
18643, 1133
42255, 1133
61651, 1133
41991, 1132
23019, 1131
133080, 1131
73193, 1130
152628, 1130
187768, 1130
188801, 1130
240783, 1130
257809, 1130
80645, 1128
105997, 1128
149420, 1128
165231, 1128
204000, 1128
244360, 1128
37, 1127
26848, 1126
28605, 1126
72779, 1126
135619, 1126
146571, 1126
147652, 1126
173811, 1126
217653, 1126
7809, 1125
16011, 1125
18755, 1125
46683, 1125
49086, 1125
66871, 1125
150882, 1125
3197, 1124
102928, 1124
105294, 1124
168301, 1123
194626, 1123
293450, 1123
1147, 1122
1742, 1122
4197, 1122
70961, 1122
79767, 1122
81479, 1122
237965, 1122
41565, 1121
42546, 1121
102405, 1121
289290, 1121
71520, 1119
81527, 1119
112575, 1119
150021, 1119
208300, 1119
2528, 1118
4765, 1118
5169, 1118
12258, 1118
27242, 1118
211295, 1118
231254, 1118
64768, 1117
79052, 1117
13764, 1116
19771, 1116
53096, 1116
62365, 1116
69326, 1116
141856, 1116
151430, 1116
165127, 1116
216753, 1116
29319, 1115
97020, 1115
251548, 1115
3950, 1114
44557, 1114
91870, 1114
98281, 1114
121606, 1114
26740, 1113
53278, 1113
65300, 1113
73024, 1113
84664, 1113
87082, 1113
136624, 1113
193264, 1113
121754, 1112
123383, 1112
235856, 1112
1470, 1111
36957, 1111
174257, 1111
187439, 1111
248, 1110
1005, 1110
3114, 1110
5592, 1110
34562, 1110
48960, 1110
170051, 1110
109151, 1109
201548, 1109
237258, 1109
62796, 1108
91439, 1108
150227, 1108
155604, 1108
160255, 1108
171139, 1108
184922, 1108
9716, 1107
11347, 1107
11980, 1107
15410, 1107
19961, 1107
2246, 1106
79412, 1106
7477, 1105
25212, 1105
80493, 1105
83869, 1105
94782, 1105
267712, 1105
271511, 1105
530, 1104
4553, 1104
116844, 1104
117954, 1104
145178, 1104
9310, 1103
97256, 1103
131302, 1103
236752, 1103
263043, 1103
285290, 1103
55795, 1102
87649, 1102
107078, 1102
201547, 1102
231949, 1102
251241, 1102
196354, 1101
257106, 1101
1844, 1100
6473, 1100
15579, 1100
32342, 1100
42412, 1100
103976, 1100
238903, 1100
26609, 1099
211481, 1099
267340, 1099
287650, 1099
70119, 1098
206243, 1098
210262, 1098
232919, 1098
234023, 1098
259027, 1098
265114, 1098
41299, 1097
64756, 1097
72326, 1097
138990, 1097
51652, 1096
50174, 1095
96746, 1095
110623, 1095
151034, 1095
160411, 1095
8703, 1094
11198, 1094
11783, 1094
17784, 1094
64824, 1094
77598, 1094
105411, 1094
120954, 1094
128637, 1094
141301, 1094
238107, 1094
21293, 1093
85599, 1093
126982, 1093
146172, 1093
4558, 1092
7463, 1092
19797, 1092
23511, 1092
68313, 1092
124660, 1092
138293, 1092
143892, 1092
175780, 1092
231738, 1092
251577, 1092
20463, 1091
63406, 1091
94473, 1091
139517, 1091
1177, 1090
86659, 1089
117791, 1089
133070, 1089
259888, 1089
18965, 1088
198591, 1088
221743, 1088
13605, 1087
20722, 1087
38678, 1087
60894, 1087
2120, 1086
6001, 1086
18551, 1086
40886, 1086
53685, 1086
56849, 1086
75086, 1086
124582, 1086
188573, 1086
276659, 1086
80568, 1085
31722, 1084
38251, 1084
41205, 1084
43942, 1084
89038, 1084
100942, 1084
106140, 1084
157529, 1084
185680, 1084
8672, 1083
10493, 1083
34182, 1083
9583, 1082
41531, 1082
83963, 1082
288279, 1082
37998, 1081
52837, 1081
217950, 1081
12604, 1080
43833, 1080
93748, 1080
15979, 1079
19419, 1079
19999, 1079
23816, 1079
54856, 1079
73460, 1079
110224, 1079
171606, 1079
176929, 1079
193440, 1079
207181, 1079
222488, 1079
286363, 1079
295027, 1079
143874, 1078
25589, 1077
55204, 1077
62128, 1077
117126, 1077
157576, 1077
27778, 1076
31663, 1076
54558, 1076
139790, 1076
1671, 1075
10940, 1075
69065, 1075
92539, 1075
110969, 1075
12183, 1074
12721, 1074
99713, 1074
99880, 1074
273535, 1074
29592, 1073
35574, 1073
42950, 1073
43719, 1072
156111, 1072
5978, 1071
29491, 1071
58334, 1071
68696, 1071
207050, 1070
78511, 1069
6703, 1068
172073, 1068
1545, 1067
134258, 1067
206697, 1067
39677, 1066
60270, 1066
116513, 1066
144145, 1066
158176, 1066
255812, 1066
294344, 1066
36406, 1065
106351, 1065
288269, 1065
15651, 1064
31754, 1064
180617, 1064
17956, 1063
50347, 1063
62459, 1063
71255, 1063
71823, 1063
154898, 1063
189327, 1063
224304, 1063
268129, 1063
17696, 1062
276016, 1062
15017, 1061
52192, 1061
62787, 1061
58949, 1060
59186, 1060
161233, 1060
284916, 1060
3871, 1059
109402, 1059
37388, 1058
75205, 1058
91731, 1058
98947, 1058
121741, 1058
141758, 1058
167451, 1058
10847, 1057
34176, 1057
43313, 1057
72714, 1057
119526, 1057
222952, 1057
281067, 1057
70506, 1056
170747, 1056
20486, 1055
77634, 1055
111495, 1055
147052, 1054
159358, 1054
187119, 1054
24354, 1053
37230, 1053
44441, 1053
114976, 1053
129310, 1053
135665, 1053
156126, 1053
219076, 1053
32385, 1052
98989, 1052
113703, 1052
117426, 1052
33934, 1051
44128, 1051
195468, 1051
54843, 1049
75913, 1049
166079, 1049
275236, 1049
94022, 1048
136294, 1048
167608, 1048
203658, 1048
250702, 1048
2858, 1047
19779, 1047
244218, 1047
7915, 1046
18721, 1046
40959, 1046
76018, 1046
96802, 1046
100142, 1046
172660, 1046
204126, 1046
217951, 1046
3232, 1045
9503, 1045
53265, 1045
58087, 1045
175445, 1045
187521, 1045
2216, 1044
86533, 1044
105661, 1044
135635, 1044
180095, 1044
28769, 1043
63865, 1043
6891, 1042
21071, 1042
43388, 1042
128679, 1042
172007, 1042
190120, 1042
229213, 1042
263441, 1042
267276, 1042
286579, 1042
2954, 1041
31890, 1041
38674, 1041
45383, 1041
213950, 1041
138, 1040
66604, 1040
142686, 1040
3242, 1039
5582, 1039
13839, 1039
19014, 1039
70034, 1039
263002, 1039
193, 1038
76763, 1038
110853, 1038
178194, 1038
196802, 1038
15793, 1037
21034, 1037
26966, 1037
38780, 1037
44493, 1037
69597, 1037
108137, 1037
111470, 1037
119659, 1037
187253, 1037
210107, 1037
215490, 1037
227312, 1037
58554, 1036
60943, 1036
272, 1035
18032, 1035
27009, 1034
9264, 1033
39536, 1033
103950, 1033
243728, 1033
56167, 1032
12080, 1031
17499, 1031
18438, 1031
47836, 1031
66410, 1031
79158, 1031
89073, 1031
208926, 1031
16195, 1030
241511, 1030
1502, 1029
3403, 1029
6029, 1029
25809, 1029
29863, 1029
182854, 1029
15172, 1028
155238, 1028
6547, 1027
289439, 1027
240648, 1026
9072, 1025
68454, 1025
163965, 1025
21328, 1024
1037, 1023
4185, 1022
22688, 1022
31546, 1022
54476, 1022
167747, 1021
30069, 1020
78087, 1020
109508, 1020
144138, 1020
151240, 1020
159942, 1020
15630, 1019
18406, 1019
117476, 1019
120656, 1019
219285, 1019
15310, 1017
246202, 1017
28802, 1016
92035, 1016
12762, 1015
13771, 1015
105014, 1015
230471, 1015
61816, 1014
69309, 1014
266861, 1014
269319, 1014
293443, 1014
16751, 1013
44009, 1013
105912, 1013
82735, 1012
109488, 1012
117154, 1012
118186, 1012
126806, 1012
225174, 1012
242616, 1012
2492, 1011
5614, 1011
6902, 1011
11943, 1011
62955, 1011
119231, 1011
126049, 1011
196899, 1011
209402, 1011
9376, 1010
67441, 1010
159228, 1010
4731, 1009
6287, 1009
20679, 1009
86008, 1008
148014, 1008
229935, 1008
69903, 1007
110203, 1007
288262, 1007
50742, 1006
76736, 1006
175177, 1006
263159, 1006
285942, 1006
2116, 1005
6621, 1005
58788, 1005
289514, 1005
5516, 1004
8384, 1004
97206, 1004
1076, 1003
1510, 1003
24425, 1003
36312, 1003
37074, 1003
140468, 1003
12160, 1001
57857, 1001
100447, 1001
152853, 1001
190755, 1001
251639, 1001
14831, 1000
283476, 1000
294908, 1000
