1350, 134468
1855, 134468
1955, 134468
2078, 134468
2512, 134468
2618, 134468
2982, 134468
15936, 134468
25380, 134468
37774, 134468
185465, 134468
226638, 134468
2890, 132383
2925, 132383
2991, 132383
3090, 132383
3106, 132383
6581, 132383
17689, 131738
19525, 130832
27773, 130832
36250, 130832
67884, 130832
2598, 130828
66230, 129066
66729, 128566
30433, 127450
2901, 116129
55398, 113396
29684, 105052
235914, 89192
11199, 83747
33215, 83596
15866, 83462
168042, 83462
118984, 83283
58132, 83248
13509, 82315
68833, 82315
147543, 82315
12694, 81800
64829, 81800
40282, 81340
217314, 80945
221705, 80945
113, 80717
5474, 80717
5556, 80717
5806, 80717
40298, 80323
152405, 80252
12774, 79777
178117, 79436
259363, 79436
10895, 78884
16016, 78884
1099, 78429
1201, 78429
136255, 78305
25744, 78230
76930, 77913
2914, 77396
2436, 77075
3111, 77075
20960, 76882
7387, 76161
7878, 76161
14013, 76161
58592, 76161
79414, 76161
84205, 76161
125642, 76161
175991, 76161
30586, 76024
104241, 76024
162167, 75376
247425, 74692
215376, 74152
284001, 74152
10123, 74024
20657, 74024
8943, 73701
177092, 73701
205384, 73449
248358, 72609
177623, 72141
61195, 71928
110882, 71928
119773, 71928
130067, 71928
137557, 71928
138113, 71928
169277, 71928
176619, 71928
255599, 71928
282402, 71928
3890, 71511
142485, 71511
9747, 71334
10030, 71334
12137, 71334
19676, 71334
22289, 71334
71559, 71334
113466, 71334
156583, 71334
258749, 71334
1995, 71236
183488, 70558
20172, 70315
22108, 70315
5611, 70314
30085, 70314
72288, 70314
31513, 70247
3419, 70027
28991, 70027
98371, 70027
4367, 69408
7215, 69408
69930, 69408
83569, 69408
188500, 69408
13146, 69396
3866, 69291
54376, 69291
213410, 69146
255036, 69146
2593, 68847
6497, 68847
24171, 68847
44283, 68847
58702, 68847
238223, 68847
275073, 68271
30625, 68238
36851, 68238
37169, 68238
55136, 68238
55877, 68238
2358, 67430
20378, 67326
25719, 66243
10241, 66025
17342, 66025
36642, 66025
45376, 66025
204280, 66025
243387, 66025
255737, 66025
2357, 65679
3913, 65679
12429, 65679
13446, 65679
17326, 65679
25772, 65679
32585, 65679
39907, 65679
119770, 65679
138772, 65679
148728, 65679
210598, 65679
290156, 65679
24592, 65144
28083, 65144
32521, 65144
37135, 65144
40932, 65144
45351, 65144
211135, 65144
225, 65045
3468, 64424
152142, 64400
227839, 64400
11280, 64257
25044, 64257
1446, 64127
1755, 64127
2457, 64127
4537, 64127
5453, 64127
7875, 64127
8288, 64127
13923, 64127
17469, 64127
20617, 64127
22338, 64127
25957, 64127
37392, 64127
49211, 64127
68620, 64127
72081, 64127
80665, 64127
83059, 64127
84372, 64127
84944, 64127
111074, 64127
117541, 64127
136829, 64127
211852, 64127
233678, 64127
247989, 64127
287139, 64127
50451, 63805
141116, 63805
193410, 63564
170150, 63545
117516, 63461
16687, 63409
86522, 63409
122691, 63409
58288, 62821
102114, 62821
194925, 62821
198507, 62821
1417, 62101
1481, 62101
93295, 62101
113051, 62101
154887, 62101
269002, 62101
126661, 61852
10659, 61735
12627, 61735
17179, 61735
18692, 61735
23177, 61735
27631, 61735
31055, 61735
221613, 61604
41020, 61518
63224, 61518
154110, 61518
103774, 61317
179256, 59496
263254, 59496
78, 58521
7132, 58252
30879, 58252
147350, 58252
273560, 58252
164579, 56084
16851, 55878
40671, 55878
76974, 55878
106278, 55878
144612, 55878
256736, 55878
277688, 55878
294482, 55295
66788, 54766
224446, 53317
238120, 53317
124922, 53263
61007, 53131
230125, 53131
256532, 53131
192307, 52860
5418, 52808
40401, 52609
89377, 52609
4785, 52573
159085, 52573
39388, 51881
45896, 51881
48105, 51881
48197, 51881
48947, 51881
52103, 51881
54970, 51881
62952, 51881
72320, 51881
75384, 51881
83247, 51881
88681, 51881
276170, 51881
294891, 51881
11333, 51736
14738, 51736
18059, 51736
18650, 51736
19458, 51736
20131, 51736
20875, 51736
26599, 51736
26768, 51736
28300, 51736
29927, 51736
29974, 51736
37898, 51736
72911, 51736
93086, 51736
123886, 51736
169176, 51736
178658, 51736
196683, 51736
253247, 51736
284053, 51736
3903, 51318
9882, 51318
12573, 51318
20096, 50907
79745, 50482
22282, 49360
73683, 49360
17535, 48992
18566, 48992
20108, 48992
32335, 48992
68448, 48992
70886, 48992
72099, 48992
90185, 48992
9367, 48212
192091, 47528
234775, 47528
201735, 46673
294795, 46673
246245, 45578
242515, 45519
278316, 45519
36471, 43520
190802, 41555
266965, 41555
181680, 41426
80888, 39912
35, 38935
205, 38935
562, 38935
1181, 38935
1823, 38935
2282, 38935
3091, 38935
3381, 38935
7007, 38935
34567, 36205
139490, 34354
235246, 34354
13858, 34045
65058, 34045
93701, 34045
23211, 33477
35267, 33199
51265, 31949
54113, 31949
58090, 31949
58255, 31949
64153, 31949
64577, 31949
64867, 31949
67709, 31949
79228, 31949
92187, 31949
94659, 31949
96958, 31949
97026, 31949
106591, 31949
106735, 31949
250764, 31949
10324, 31576
18218, 31576
35518, 31576
179602, 31537
29399, 31346
69268, 31346
123467, 31346
97022, 29267
44897, 29253
49644, 29253
34073, 24156
20732, 24122
884, 22212
3195, 22212
5171, 22212
68763, 22212
155495, 22212
63340, 20290
8482, 20247
12058, 20247
15190, 20247
16207, 20247
17346, 20247
19902, 20247
21094, 20247
25748, 20247
279517, 19593
163, 19353
104029, 19353
201665, 19162
116096, 17961
41838, 17172
50453, 17172
2, 11225
160, 10119
1025, 10119
281723, 10119
121, 9986
262951, 9986
284698, 9986
285933, 9986
218931, 9565
244643, 9565
246925, 9565
252410, 9565
256098, 9565
258763, 9565
274458, 9565
275856, 9565
283202, 9565
285579, 9565
288811, 9565
289937, 9565
293900, 9565
295240, 9565
202762, 9311
68005, 9137
75645, 9137
55234, 8837
45135, 8635
266912, 8635
288881, 8635
291957, 8635
294790, 8635
151981, 8358
170815, 8358
178538, 8358
234297, 8358
251210, 8358
280311, 8358
33044, 8295
58715, 8295
60549, 8295
114122, 8295
222366, 8295
13992, 8216
126912, 8163
253636, 8163
122769, 8020
138403, 7958
185655, 7876
213904, 7876
220190, 7876
283874, 7815
296080, 7815
114393, 7777
217424, 7777
122079, 7344
17871, 7235
197176, 7235
272590, 7235
256938, 6989
248788, 6890
14831, 6878
6632, 6693
104240, 6693
126904, 6693
135580, 6693
155011, 6693
158573, 6693
167619, 6693
168015, 6693
173480, 6693
174528, 6693
185120, 6693
205003, 6693
208333, 6693
214303, 6693
222414, 6693
229983, 6693
240013, 6693
240057, 6693
245639, 6693
84407, 6659
88896, 6659
91126, 6659
101871, 6659
103478, 6659
114493, 6659
129104, 6659
133482, 6659
138886, 6659
153634, 6659
7712, 6540
29965, 6540
33818, 6540
47727, 6540
54339, 6540
56048, 6540
57486, 6540
285205, 6511
58788, 6472
15778, 6329
245980, 6317
15974, 6280
60925, 6280
69073, 6280
105173, 6280
147422, 6280
17432, 6036
21423, 6036
73800, 6036
75433, 6036
107598, 6036
108421, 6036
112729, 6036
115149, 6036
116857, 6036
118673, 6036
119386, 6036
122621, 6036
123651, 6036
126220, 6036
126536, 6036
127047, 6036
128424, 6036
129931, 6036
131526, 6036
135731, 6036
147502, 6036
147640, 6036
162578, 6036
170402, 6036
171181, 6036
176189, 6036
178915, 6036
180823, 6036
181236, 6036
215560, 6036
238731, 6036
140183, 5980
240976, 5980
67380, 5978
9901, 5937
2862, 5864
7508, 5864
11181, 5864
18526, 5864
22257, 5864
26614, 5864
33387, 5864
42949, 5864
58476, 5864
73478, 5864
77141, 5864
115507, 5864
135138, 5864
184200, 5864
228891, 5864
30724, 5803
61399, 5803
70649, 5803
153315, 5803
181651, 5803
182679, 5803
184613, 5803
189518, 5803
194945, 5803
204650, 5803
208041, 5803
218385, 5803
218665, 5803
224590, 5803
225590, 5803
230575, 5803
239853, 5803
244768, 5803
287739, 5803
282934, 5757
293116, 5505
600, 5109
139517, 5077
769, 5041
205361, 5041
273253, 5041
19130, 5029
29984, 5029
228391, 5029
39191, 4988
83363, 4988
279682, 4988
5271, 4971
151492, 4971
156987, 4971
180305, 4971
211859, 4971
255082, 4971
4018, 4939
5040, 4939
19950, 4939
20156, 4939
278868, 4939
97015, 4927
118868, 4927
135683, 4927
137985, 4927
173483, 4927
214221, 4927
261064, 4927
262682, 4927
89931, 4920
281974, 4920
219194, 4917
20585, 4901
62199, 4901
85659, 4901
126532, 4901
173985, 4901
277124, 4901
197708, 4890
125060, 4876
261739, 4876
17583, 4868
20649, 4868
26348, 4868
85078, 4868
183833, 4868
47992, 4827
137259, 4827
161416, 4827
163264, 4827
182069, 4827
190975, 4827
202820, 4827
213924, 4827
250820, 4827
268040, 4827
13217, 4815
49407, 4815
81525, 4815
196423, 4815
31909, 4801
149387, 4801
59814, 4793
68478, 4793
167555, 4793
184228, 4793
29025, 4744
31032, 4744
38470, 4744
46572, 4744
56132, 4744
65573, 4744
85406, 4744
85653, 4744
86923, 4744
104144, 4744
120818, 4744
122067, 4744
130977, 4744
134377, 4744
137253, 4744
139156, 4744
141489, 4744
155348, 4744
155518, 4744
177452, 4744
188849, 4744
210125, 4744
218907, 4744
220223, 4744
246654, 4744
288226, 4744
204263, 4742
231435, 4742
3383, 4729
125644, 4676
15458, 4673
23627, 4673
82760, 4673
20986, 4663
27760, 4663
28522, 4663
31851, 4663
37290, 4663
38344, 4663
40383, 4663
42890, 4663
44306, 4663
44563, 4663
48825, 4663
51457, 4663
53246, 4663
59376, 4663
60999, 4663
62534, 4663
67457, 4663
69490, 4663
69873, 4663
72664, 4663
77970, 4663
80285, 4663
81872, 4663
87603, 4663
90236, 4663
91043, 4663
91330, 4663
92944, 4663
93395, 4663
94750, 4663
114735, 4663
116164, 4663
116786, 4663
117265, 4663
127962, 4663
130681, 4663
134787, 4663
138597, 4663
139160, 4663
139448, 4663
143867, 4663
151705, 4663
154125, 4663
157829, 4663
160194, 4663
161941, 4663
193409, 4663
199090, 4663
200601, 4663
208592, 4663
215423, 4663
218619, 4663
243772, 4663
245731, 4663
255292, 4663
263667, 4663
286032, 4663
290111, 4663
13500, 4616
31533, 4616
43863, 4616
44752, 4616
46871, 4616
55466, 4616
61682, 4616
64521, 4616
76056, 4616
95110, 4616
124595, 4616
128059, 4616
130428, 4616
166977, 4616
172687, 4616
176629, 4616
184225, 4616
184570, 4616
220801, 4616
255717, 4616
258274, 4616
282310, 4616
84984, 4604
216280, 4604
63337, 4582
18438, 4544
54233, 4536
141797, 4518
133422, 4443
170724, 4430
63387, 4420
45989, 4413
20275, 4402
25624, 4385
42284, 4385
52926, 4385
100128, 4378
70120, 4349
32422, 4343
61810, 4343
108501, 4343
150289, 4343
213981, 4343
276914, 4343
56886, 4316
21674, 4309
3, 4304
131616, 4304
159611, 4304
210007, 4304
294, 4300
64933, 4298
133025, 4298
43202, 4282
56570, 4282
272401, 4282
7098, 4271
24965, 4271
51887, 4271
119304, 4271
229105, 4258
19036, 4257
25644, 4257
91093, 4257
98225, 4257
226182, 4257
60169, 4249
66899, 4249
4576, 4220
20123, 4220
283165, 4220
107659, 4194
7719, 4193
129129, 4180
151294, 4171
176192, 4171
266690, 4171
278980, 4171
20407, 4170
26797, 4170
30068, 4170
39076, 4170
41897, 4170
66040, 4170
69232, 4170
88168, 4170
118832, 4170
124273, 4170
165916, 4170
166749, 4170
167574, 4170
168526, 4170
185085, 4170
193531, 4170
219427, 4170
245710, 4170
48255, 4167
62741, 4167
284872, 4162
68215, 4160
85741, 4160
89475, 4160
177848, 4160
177948, 4160
201797, 4160
210320, 4160
248893, 4160
258555, 4160
54958, 4157
240835, 4157
51958, 4150
55632, 4150
143268, 4150
181066, 4150
215016, 4150
280414, 4150
136395, 4146
30453, 4138
123425, 4138
169949, 4138
186508, 4138
217584, 4138
268575, 4138
273405, 4138
90099, 4135
117009, 4135
134689, 4135
166159, 4135
258233, 4135
251, 4133
82021, 4127
148661, 4127
178127, 4127
209824, 4127
230299, 4127
251819, 4127
276413, 4127
292003, 4127
141799, 4118
156525, 4118
162120, 4118
172330, 4118
255486, 4118
221080, 4116
173200, 4096
175928, 4096
180968, 4096
207042, 4096
230409, 4096
230422, 4096
246656, 4096
270600, 4096
271821, 4096
275026, 4096
288104, 4096
290886, 4096
294215, 4096
128203, 4091
93343, 4082
141965, 4082
21353, 4069
94867, 4069
101203, 4069
182580, 4069
208147, 4069
234398, 4069
283711, 4069
51166, 4067
53541, 4067
54226, 4067
74362, 4067
76114, 4067
97068, 4067
131916, 4067
147431, 4067
157174, 4067
162223, 4067
166261, 4067
171814, 4067
200528, 4067
206731, 4067
247235, 4067
288753, 4067
39121, 4056
91370, 4044
48496, 4030
67668, 4030
152824, 4030
196370, 4030
279808, 4030
39492, 4022
45058, 4022
46316, 4022
73975, 4022
101390, 4022
107749, 4022
166277, 4022
289826, 4022
280554, 4021
69322, 4017
186093, 4017
269486, 4017
294106, 4014
13513, 4011
22096, 4011
107288, 4011
108285, 4011
122443, 4011
141008, 4011
176863, 4011
216289, 4011
34244, 4003
251002, 4003
194408, 3994
32391, 3986
76086, 3986
183729, 3986
116200, 3985
70689, 3980
205228, 3980
12730, 3961
59461, 3961
184609, 3961
16262, 3953
16277, 3953
18518, 3953
23081, 3953
32908, 3953
94594, 3953
147561, 3928
25476, 3921
52840, 3918
178634, 3918
86964, 3917
157403, 3911
73959, 3906
169592, 3906
8972, 3903
218282, 3903
108731, 3902
224036, 3902
198475, 3894
251830, 3893
156856, 3892
246167, 3892
249489, 3892
279903, 3892
122816, 3886
244221, 3869
80680, 3864
229380, 3864
8060, 3855
56466, 3855
117451, 3855
243594, 3855
106512, 3850
138510, 3850
144221, 3850
146208, 3850
174831, 3850
197801, 3850
209797, 3850
216424, 3850
52339, 3846
71773, 3846
118723, 3846
129439, 3846
266699, 3846
268299, 3846
13183, 3844
234251, 3838
295582, 3838
165335, 3833
105431, 3821
38530, 3815
72965, 3815
278282, 3812
115566, 3810
147449, 3810
228116, 3810
167895, 3792
221578, 3789
281434, 3789
31270, 3785
192428, 3785
210973, 3780
58777, 3779
96022, 3779
202069, 3779
265964, 3779
25023, 3769
35862, 3769
133130, 3769
209538, 3764
211412, 3764
9684, 3741
160733, 3741
175858, 3738
163337, 3727
244620, 3723
38486, 3721
172452, 3721
125233, 3706
153197, 3706
159738, 3706
248321, 3706
262432, 3695
112165, 3688
77510, 3668
167086, 3661
258694, 3661
110905, 3656
115437, 3656
41551, 3652
107467, 3652
128380, 3652
200585, 3652
215185, 3652
83769, 3650
69218, 3648
108473, 3648
267826, 3640
42690, 3637
56204, 3637
169055, 3628
285685, 3628
136781, 3617
246130, 3617
4344, 3611
163730, 3596
126847, 3594
211023, 3565
43300, 3550
104416, 3545
195132, 3540
272472, 3540
56267, 3532
253107, 3518
73526, 3512
100675, 3512
136577, 3508
127475, 3490
264462, 3488
264831, 3473
627, 3441
101550, 3441
122427, 3441
129759, 3441
134289, 3441
134767, 3441
168868, 3441
169733, 3441
174807, 3441
219767, 3441
223563, 3441
229785, 3441
256964, 3441
287879, 3441
190221, 3437
22555, 3413
288378, 3412
2038, 3394
36104, 3387
94652, 3387
134442, 3387
183183, 3375
136288, 3354
16138, 3353
27798, 3353
60093, 3353
82528, 3353
150997, 3353
158150, 3351
247285, 3341
93862, 3334
163771, 3302
36975, 3297
63689, 3297
94764, 3297
36840, 3287
40525, 3287
42980, 3287
43708, 3287
92393, 3287
96270, 3287
120724, 3287
2045, 3285
11478, 3285
14146, 3285
18257, 3285
38653, 3285
38876, 3285
74080, 3285
76520, 3285
82634, 3285
95344, 3285
101849, 3285
115546, 3285
146484, 3285
166528, 3285
166686, 3285
191219, 3285
15063, 3281
18033, 3281
19009, 3281
24224, 3281
30685, 3281
34559, 3281
44877, 3281
50104, 3281
56117, 3281
56489, 3281
65306, 3281
71072, 3281
77901, 3281
81451, 3281
100943, 3281
111282, 3281
140316, 3281
141742, 3281
144769, 3281
150106, 3281
154113, 3281
194937, 3281
201555, 3281
203543, 3281
205219, 3281
241186, 3281
251075, 3281
254280, 3281
264179, 3281
293246, 3281
177455, 3280
9697, 3273
64447, 3273
27278, 3237
28328, 3237
36676, 3237
66169, 3237
69592, 3237
71825, 3237
78782, 3237
89210, 3237
96930, 3237
111380, 3237
115057, 3237
121760, 3237
138782, 3237
148519, 3237
148970, 3237
153644, 3237
155088, 3237
158797, 3237
164498, 3237
173312, 3237
174216, 3237
204164, 3237
204210, 3237
213532, 3237
237994, 3237
247802, 3237
255533, 3237
265220, 3237
279525, 3237
281081, 3237
293396, 3237
245730, 3184
559, 3183
70063, 3167
197590, 3153
111193, 3129
91818, 3115
31092, 3108
98055, 3101
36823, 3100
39158, 3083
70032, 3082
30741, 3074
68305, 3074
70933, 3074
100140, 3046
257111, 3026
204533, 3021
193436, 2996
60933, 2964
105568, 2961
294361, 2943
167210, 2935
3189, 2932
9314, 2864
171129, 2864
281503, 2864
253729, 2806
84680, 2795
209489, 2792
276779, 2792
74956, 2789
77635, 2789
112793, 2789
123513, 2789
135577, 2789
23998, 2759
36453, 2759
38134, 2759
41714, 2759
55404, 2759
62298, 2759
84403, 2759
92906, 2759
100654, 2759
101911, 2759
103696, 2759
154860, 2759
162531, 2759
163279, 2759
185312, 2759
266071, 2740
38090, 2720
15724, 2716
66137, 2705
9691, 2690
990, 2685
38159, 2682
22170, 2680
72729, 2680
80389, 2680
119692, 2675
66392, 2646
259837, 2646
262170, 2612
33546, 2611
62156, 2607
25566, 2603
94385, 2603
104023, 2584
86900, 2571
89039, 2571
117240, 2571
117485, 2571
118498, 2571
119209, 2571
127441, 2571
129065, 2571
132702, 2571
135610, 2571
136672, 2571
137291, 2571
161092, 2571
163209, 2571
165123, 2571
166110, 2571
166981, 2571
167047, 2571
168296, 2571
173633, 2571
173806, 2571
175073, 2571
179796, 2571
182753, 2571
189926, 2571
191969, 2571
192661, 2571
192806, 2571
193469, 2571
193874, 2571
197440, 2571
206832, 2571
217897, 2571
222024, 2571
225772, 2571
245147, 2571
245570, 2571
45209, 2563
14643, 2558
255779, 2547
39679, 2527
247265, 2524
264608, 2512
16327, 2456
210145, 2456
279729, 2456
197581, 2445
208168, 2428
157655, 2409
250161, 2405
232932, 2401
95969, 2392
186028, 2392
26926, 2390
157802, 2382
64713, 2381
241545, 2381
125923, 2356
63461, 2342
73910, 2342
83016, 2342
87515, 2342
89157, 2342
89581, 2342
97323, 2342
110504, 2342
128284, 2342
132491, 2342
143425, 2342
181476, 2342
265717, 2332
141910, 2322
74184, 2307
226778, 2303
256620, 2296
105528, 2279
91345, 2277
245554, 2277
279990, 2266
147271, 2249
212035, 2249
163773, 2238
10439, 2237
237205, 2236
38183, 2228
49016, 2228
142627, 2228
53853, 2227
94029, 2227
169703, 2227
214344, 2227
234214, 2227
283884, 2227
223138, 2220
80576, 2214
66322, 2212
142448, 2212
177513, 2212
289319, 2212
293847, 2212
127769, 2206
137454, 2206
215261, 2206
138334, 2202
211941, 2191
96841, 2189
97346, 2189
129873, 2189
184881, 2189
51571, 2187
56230, 2187
68482, 2187
40687, 2186
47153, 2186
776, 2160
11794, 2160
32663, 2160
43387, 2160
192153, 2160
207018, 2160
222606, 2160
223162, 2160
227640, 2160
243080, 2160
262423, 2160
285445, 2160
198928, 2156
2924, 2154
122167, 2150
71360, 2139
4766, 2135
99746, 2133
257509, 2132
96133, 2129
8348, 2115
12501, 2115
17299, 2115
24164, 2115
40678, 2115
42291, 2115
45676, 2115
47451, 2115
53372, 2115
54584, 2115
58392, 2115
58843, 2115
59038, 2115
65187, 2115
69586, 2115
69799, 2115
69912, 2115
70831, 2115
71186, 2115
82779, 2115
88203, 2115
88486, 2115
89932, 2115
93044, 2115
96224, 2115
97055, 2115
101170, 2115
105217, 2115
105325, 2115
112944, 2115
113016, 2115
114307, 2115
118231, 2115
119207, 2115
119868, 2115
119894, 2115
122676, 2115
124004, 2115
125183, 2115
126266, 2115
130677, 2115
130710, 2115
131364, 2115
132875, 2115
133511, 2115
135328, 2115
141300, 2115
146623, 2115
147181, 2115
147531, 2115
148591, 2115
148722, 2115
148751, 2115
149621, 2115
150558, 2115
151982, 2115
152200, 2115
153301, 2115
155774, 2115
156255, 2115
159309, 2115
160339, 2115
164225, 2115
168322, 2115
169791, 2115
169906, 2115
172831, 2115
173874, 2115
173877, 2115
178443, 2115
188147, 2115
194777, 2115
195583, 2115
200864, 2115
206300, 2115
206833, 2115
212429, 2115
222715, 2115
223133, 2115
224210, 2115
226811, 2115
229140, 2115
229948, 2115
230586, 2115
230724, 2115
231994, 2115
233047, 2115
236905, 2115
237577, 2115
237593, 2115
245081, 2115
252051, 2115
253437, 2115
257930, 2115
258070, 2115
259794, 2115
283233, 2115
284097, 2115
284185, 2115
288156, 2115
288789, 2115
291214, 2115
292087, 2115
42325, 2111
86594, 2111
239276, 2111
163223, 2109
138696, 2095
42994, 2076
118144, 2070
205861, 2070
87220, 2068
253265, 2064
26183, 2063
53155, 2063
78052, 2063
97973, 2063
102495, 2063
104507, 2063
111974, 2063
112341, 2063
112642, 2063
115740, 2063
118409, 2063
124011, 2063
126626, 2063
134216, 2063
152801, 2063
168141, 2063
170643, 2063
172154, 2063
176723, 2063
181725, 2063
183146, 2063
183574, 2063
186369, 2063
190327, 2063
199705, 2063
200598, 2063
203517, 2063
206532, 2063
209013, 2063
209261, 2063
214990, 2063
220425, 2063
234709, 2063
237073, 2063
246276, 2063
246749, 2063
248404, 2063
274566, 2063
274728, 2063
277783, 2063
277899, 2063
282103, 2063
282884, 2063
284033, 2063
293571, 2063
14226, 2062
20749, 2062
31388, 2062
71092, 2062
84934, 2062
109578, 2062
138159, 2062
140778, 2062
141840, 2062
186351, 2062
191163, 2062
196493, 2062
226008, 2062
229552, 2062
230347, 2062
242579, 2062
247812, 2062
248545, 2062
249544, 2062
250950, 2062
253777, 2062
253923, 2062
254621, 2062
263099, 2062
263723, 2062
266363, 2062
273269, 2062
279613, 2062
101307, 2054
115282, 2054
137295, 2054
159151, 2036
8718, 2032
9283, 2032
12823, 2032
13850, 2032
19118, 2032
86731, 2032
295590, 2032
21022, 2026
38417, 2026
45557, 2026
48072, 2026
60550, 2026
63658, 2026
69187, 2026
83166, 2026
92308, 2026
94264, 2026
97102, 2026
107064, 2026
143957, 2026
149590, 2026
155361, 2026
160344, 2026
164416, 2026
168723, 2026
169154, 2026
178231, 2026
184263, 2026
188156, 2026
188353, 2026
192055, 2026
192822, 2026
216670, 2026
220259, 2026
237614, 2026
246046, 2026
253492, 2026
255109, 2026
265062, 2026
211696, 2017
119290, 2010
157082, 2003
4180, 1998
18228, 1992
40006, 1991
79378, 1991
84449, 1991
85694, 1991
99892, 1991
100484, 1991
102026, 1991
125517, 1991
128450, 1991
190337, 1991
198610, 1991
210454, 1991
211919, 1991
225253, 1991
242867, 1991
244330, 1991
273478, 1991
55422, 1990
61296, 1990
67545, 1990
83642, 1990
89643, 1990
91968, 1990
104217, 1990
110382, 1990
120779, 1990
123784, 1990
131112, 1990
136353, 1990
156133, 1990
175187, 1990
187502, 1990
189087, 1990
192177, 1990
194385, 1990
196438, 1990
201582, 1990
210289, 1990
211000, 1990
211117, 1990
226144, 1990
228870, 1990
231721, 1990
236956, 1990
240361, 1990
243449, 1990
248437, 1990
256432, 1990
259549, 1990
265387, 1990
267931, 1990
274761, 1990
277547, 1990
244455, 1986
45404, 1978
282299, 1978
69291, 1971
76716, 1971
78700, 1971
89721, 1971
96584, 1971
98870, 1971
101239, 1971
105973, 1971
121831, 1971
128511, 1971
130202, 1971
131164, 1971
144507, 1971
150308, 1971
151627, 1971
158569, 1971
159905, 1971
159937, 1971
162449, 1971
179593, 1971
196180, 1971
199148, 1971
210346, 1971
213643, 1971
214527, 1971
217128, 1971
225192, 1971
233354, 1971
238583, 1971
239352, 1971
239582, 1971
240638, 1971
245088, 1971
246936, 1971
274605, 1971
277533, 1971
288980, 1971
289133, 1971
291904, 1971
294629, 1971
296271, 1971
7963, 1969
224410, 1965
23142, 1963
291138, 1963
162425, 1960
19733, 1959
79239, 1959
213364, 1959
5761, 1954
6091, 1954
6171, 1954
21327, 1954
30719, 1954
33793, 1954
49852, 1954
60615, 1954
61428, 1954
68134, 1954
91352, 1954
93560, 1954
96418, 1954
103388, 1954
147302, 1954
160919, 1954
164290, 1954
174144, 1954
177456, 1954
178304, 1954
188083, 1954
204954, 1954
214645, 1954
219782, 1954
225058, 1954
229306, 1954
259591, 1954
262569, 1954
266955, 1954
282895, 1954
289541, 1954
292707, 1954
292851, 1954
117884, 1952
144870, 1952
168979, 1952
193588, 1952
215747, 1952
284335, 1952
290313, 1952
290339, 1952
6214, 1951
34134, 1951
91084, 1951
283272, 1948
204139, 1946
50580, 1943
292721, 1943
106425, 1941
170798, 1941
235939, 1941
68959, 1940
94690, 1940
224968, 1938
47830, 1937
136022, 1937
155850, 1937
189448, 1937
39532, 1934
45838, 1934
48109, 1934
89655, 1934
91736, 1934
92637, 1934
105178, 1934
106189, 1934
119923, 1934
121089, 1934
122058, 1934
122908, 1934
123292, 1934
123454, 1934
124786, 1934
127063, 1934
127823, 1934
132655, 1934
138964, 1934
140580, 1934
141604, 1934
152761, 1934
154888, 1934
162126, 1934
176873, 1934
177675, 1934
181794, 1934
193626, 1934
194888, 1934
195561, 1934
195570, 1934
196176, 1934
196439, 1934
200629, 1934
209438, 1934
218082, 1934
220866, 1934
225372, 1934
231030, 1934
240946, 1934
247952, 1934
256031, 1934
259271, 1934
262492, 1934
263508, 1934
267039, 1934
270140, 1934
272182, 1934
278446, 1934
279131, 1934
279918, 1934
288773, 1934
291369, 1934
102398, 1933
105600, 1933
223177, 1933
256452, 1933
203627, 1930
242737, 1929
56683, 1916
150062, 1916
218603, 1916
153006, 1915
44506, 1913
63797, 1913
110521, 1913
178482, 1913
180963, 1913
261651, 1913
287876, 1913
61411, 1906
66494, 1906
84199, 1900
33585, 1898
57693, 1898
86519, 1898
156115, 1898
229091, 1895
270854, 1895
282821, 1895
253024, 1889
263404, 1889
151742, 1888
284678, 1888
3297, 1887
65407, 1887
106953, 1887
147476, 1886
1555, 1877
25673, 1877
25882, 1877
38420, 1877
82752, 1877
89948, 1877
180440, 1877
196903, 1877
216205, 1877
218138, 1877
234362, 1877
237947, 1877
241244, 1877
266188, 1877
282032, 1877
288696, 1877
51934, 1865
24510, 1861
248526, 1861
148127, 1860
155258, 1860
32008, 1859
32853, 1859
39588, 1859
43713, 1859
82802, 1859
118111, 1859
136370, 1859
158770, 1859
282185, 1859
50635, 1846
52897, 1846
82035, 1846
95490, 1846
105784, 1846
105884, 1846
139150, 1846
159419, 1846
206859, 1846
207485, 1846
237137, 1846
240189, 1846
252627, 1846
253364, 1846
262226, 1846
162725, 1838
208197, 1831
88885, 1830
92035, 1825
60991, 1823
65066, 1817
3678, 1810
36629, 1810
62407, 1810
77211, 1810
83935, 1810
104893, 1810
112970, 1810
122578, 1810
201027, 1810
282472, 1810
83509, 1805
95696, 1805
104617, 1805
121792, 1805
131439, 1805
142725, 1805
159340, 1805
164321, 1805
191669, 1805
192677, 1805
192956, 1805
193933, 1805
208596, 1805
212597, 1805
213479, 1805
217772, 1805
227169, 1805
227405, 1805
234171, 1805
239998, 1805
240685, 1805
245720, 1805
249319, 1805
252918, 1805
259463, 1805
261786, 1805
263311, 1805
286666, 1805
289307, 1805
205121, 1804
43717, 1803
193109, 1803
230009, 1803
262086, 1802
28851, 1799
98590, 1799
100331, 1799
19419, 1797
19999, 1797
23816, 1797
54856, 1797
73460, 1797
110224, 1797
171606, 1797
176929, 1797
193440, 1797
207181, 1797
222488, 1797
286363, 1797
295027, 1797
233119, 1793
62266, 1792
147195, 1792
263668, 1791
210657, 1790
35700, 1783
30679, 1776
147499, 1775
111676, 1770
5446, 1763
17269, 1763
33649, 1763
40381, 1763
61050, 1763
61714, 1763
68693, 1763
77896, 1763
99210, 1763
112708, 1763
176421, 1763
192612, 1763
209193, 1763
232896, 1762
254043, 1762
28805, 1756
278093, 1756
219762, 1754
63480, 1752
149111, 1752
182870, 1752
216696, 1752
112984, 1748
41694, 1742
46065, 1742
48125, 1742
76832, 1742
84706, 1742
839, 1736
137099, 1736
119481, 1732
189459, 1729
256706, 1725
182491, 1700
289806, 1700
74117, 1699
109681, 1699
145984, 1699
216507, 1699
232685, 1699
264040, 1699
290672, 1699
294333, 1699
20062, 1693
14017, 1691
49999, 1691
57106, 1691
264754, 1668
280689, 1668
16483, 1663
50344, 1662
15377, 1661
38314, 1661
114599, 1653
9603, 1652
46085, 1652
240569, 1652
20702, 1640
57418, 1640
135707, 1640
159985, 1640
193239, 1640
291888, 1640
189790, 1633
68254, 1632
108344, 1632
260608, 1632
219335, 1631
471, 1630
192807, 1629
53620, 1614
25767, 1613
37899, 1613
47655, 1613
75205, 1610
91731, 1610
98947, 1610
121741, 1610
167451, 1610
62796, 1602
91439, 1602
150227, 1602
155604, 1602
171139, 1602
184922, 1602
282321, 1598
174695, 1596
168230, 1595
92905, 1591
32539, 1585
32647, 1585
35584, 1585
37297, 1585
37988, 1585
59723, 1585
63643, 1585
287812, 1585
272439, 1581
17135, 1580
283322, 1575
275714, 1574
10541, 1571
15275, 1571
168099, 1570
241357, 1570
48819, 1567
28092, 1564
185139, 1561
250328, 1561
288139, 1561
7498, 1560
153516, 1560
245142, 1560
116285, 1557
101211, 1556
45436, 1554
137841, 1554
158464, 1554
208476, 1554
26654, 1553
28800, 1550
86958, 1550
181441, 1550
164667, 1546
29491, 1545
210740, 1544
248997, 1544
254993, 1544
91215, 1539
214682, 1538
277862, 1537
8810, 1534
156370, 1533
87799, 1531
75750, 1530
198689, 1530
238456, 1529
12373, 1527
25555, 1527
172007, 1527
229213, 1527
286579, 1527
24329, 1526
78356, 1522
112968, 1522
116903, 1522
156292, 1522
201537, 1522
214744, 1522
218422, 1522
229040, 1522
244032, 1522
259582, 1522
21303, 1520
123595, 1519
168539, 1519
23452, 1518
284819, 1517
290066, 1517
290843, 1517
144138, 1512
151240, 1512
212046, 1509
28378, 1504
37766, 1504
49019, 1504
140468, 1501
113953, 1500
273821, 1500
23265, 1495
23722, 1495
74133, 1495
148774, 1495
275240, 1495
19478, 1494
25807, 1494
69877, 1494
82871, 1494
145476, 1494
238710, 1494
249520, 1494
8929, 1489
100562, 1489
249795, 1489
115487, 1488
19060, 1485
217902, 1485
283922, 1484
84510, 1483
93645, 1483
111545, 1483
168393, 1483
172919, 1483
186113, 1483
200363, 1483
213629, 1483
272913, 1483
287775, 1483
42950, 1481
6762, 1477
138960, 1477
253867, 1477
194156, 1472
235756, 1470
177730, 1469
29131, 1467
69016, 1467
85841, 1467
86372, 1466
738, 1463
249033, 1462
291993, 1462
10509, 1458
295701, 1458
213950, 1457
175131, 1455
182168, 1450
25591, 1447
27004, 1447
45652, 1447
57497, 1447
61465, 1447
62062, 1447
146540, 1447
156883, 1447
180590, 1447
266248, 1447
280016, 1447
51607, 1446
191992, 1444
18939, 1442
167300, 1442
187524, 1442
22388, 1441
148624, 1441
237872, 1441
277467, 1441
145210, 1435
280273, 1435
44135, 1431
77648, 1431
93442, 1430
295035, 1427
63837, 1426
221517, 1426
288408, 1425
86897, 1417
218398, 1417
32116, 1414
35396, 1414
37912, 1414
65207, 1414
66135, 1414
77377, 1414
80822, 1414
87080, 1414
230211, 1414
192680, 1412
281582, 1412
98044, 1410
205966, 1409
69216, 1408
58249, 1407
74236, 1407
81300, 1407
200291, 1407
276223, 1407
13655, 1405
137391, 1405
178684, 1405
191381, 1405
224629, 1405
68265, 1403
207649, 1403
257143, 1403
193094, 1400
202831, 1400
31144, 1398
112489, 1395
12248, 1391
23904, 1391
35134, 1391
151973, 1391
166372, 1391
192977, 1391
104277, 1390
63226, 1384
87498, 1384
220128, 1384
233287, 1384
275678, 1384
232302, 1382
9777, 1378
22286, 1378
96347, 1378
106400, 1378
123157, 1378
126270, 1378
159537, 1378
167199, 1378
187546, 1378
190806, 1378
213333, 1378
245911, 1378
296415, 1378
35773, 1376
128538, 1376
161475, 1376
277617, 1376
281154, 1375
288255, 1371
52159, 1370
71436, 1370
221486, 1369
237787, 1369
245753, 1369
288200, 1369
170754, 1368
192019, 1365
63908, 1363
58011, 1356
176687, 1356
184506, 1356
203054, 1356
49628, 1349
64670, 1349
171877, 1348
206441, 1348
236415, 1348
237518, 1348
244118, 1348
257012, 1348
291032, 1346
110862, 1343
294505, 1342
11547, 1341
174578, 1341
191341, 1341
8125, 1340
181612, 1340
63681, 1337
115808, 1335
135714, 1335
173677, 1335
205166, 1335
217646, 1335
220680, 1335
261405, 1335
296385, 1335
151345, 1331
63209, 1330
131819, 1330
139860, 1330
20166, 1329
74480, 1327
173514, 1327
260957, 1327
13925, 1323
48971, 1323
151253, 1323
98936, 1322
121618, 1322
263437, 1321
95730, 1317
97574, 1317
251699, 1317
62241, 1316
166217, 1316
182556, 1316
193270, 1316
220194, 1316
287682, 1316
61866, 1315
128578, 1315
206700, 1315
253027, 1315
2043, 1312
136492, 1309
186584, 1309
248678, 1309
2032, 1308
116682, 1308
244900, 1306
44032, 1302
44304, 1302
89412, 1302
141037, 1299
295389, 1295
3168, 1293
224399, 1293
22686, 1292
77245, 1292
122409, 1287
147075, 1287
147137, 1287
238249, 1287
244600, 1287
247469, 1287
250673, 1287
259149, 1287
280371, 1287
281725, 1287
291870, 1287
68847, 1286
236180, 1286
54978, 1284
64552, 1284
88171, 1284
167405, 1284
220557, 1284
283865, 1278
82895, 1276
9353, 1274
243911, 1274
95502, 1270
126274, 1270
159765, 1270
251389, 1270
274831, 1270
275625, 1270
294297, 1270
88813, 1269
174684, 1269
177094, 1269
274588, 1269
245152, 1267
11653, 1265
11957, 1265
13028, 1265
13506, 1265
13846, 1265
14593, 1265
44798, 1265
170427, 1265
282841, 1265
101829, 1264
105877, 1264
161505, 1264
169367, 1264
240449, 1264
250543, 1264
291263, 1264
12214, 1263
13230, 1263
14027, 1263
15233, 1263
15609, 1263
15935, 1263
16457, 1263
16570, 1263
16844, 1263
17048, 1263
17134, 1263
17463, 1263
17595, 1263
17906, 1263
18348, 1263
18505, 1263
18715, 1263
18848, 1263
19102, 1263
19394, 1263
19514, 1263
19989, 1263
20182, 1263
21279, 1263
84274, 1263
47877, 1262
86380, 1262
90264, 1262
143557, 1262
212198, 1262
271279, 1262
116560, 1259
135003, 1259
155371, 1259
237562, 1259
261465, 1259
275752, 1259
1657, 1256
123239, 1256
211436, 1256
285628, 1256
267457, 1255
280127, 1255
67676, 1251
95896, 1251
140790, 1251
146247, 1251
167441, 1251
173218, 1251
175208, 1251
255164, 1251
290433, 1251
137348, 1244
82328, 1242
153383, 1242
182666, 1241
210039, 1241
255339, 1241
95601, 1240
28635, 1239
64319, 1239
110124, 1236
185201, 1233
187829, 1233
209349, 1233
245402, 1233
254872, 1233
266472, 1233
173006, 1232
156743, 1231
242730, 1231
87952, 1229
150814, 1227
165555, 1227
235255, 1226
78366, 1225
248794, 1222
140465, 1221
98663, 1220
252160, 1220
292400, 1220
21785, 1219
21908, 1219
22644, 1219
22671, 1219
22818, 1219
23411, 1219
24091, 1219
25918, 1219
28227, 1219
28440, 1219
28610, 1219
43440, 1219
58166, 1219
216381, 1219
249103, 1218
270904, 1218
12156, 1216
20236, 1216
48763, 1215
109776, 1215
134374, 1215
245281, 1215
34223, 1214
290133, 1212
69706, 1210
142445, 1209
168926, 1209
290511, 1209
244251, 1208
140201, 1206
87806, 1205
1639, 1202
7686, 1201
6129, 1199
25066, 1199
26194, 1199
26831, 1199
27379, 1199
27980, 1199
28547, 1199
29283, 1199
7271, 1195
8870, 1195
9151, 1195
10023, 1195
13959, 1195
14248, 1195
14638, 1195
18184, 1195
73613, 1195
116476, 1195
273579, 1195
7116, 1194
108660, 1192
96349, 1191
39605, 1189
139423, 1189
206659, 1189
211528, 1189
219877, 1189
105098, 1187
110995, 1187
119970, 1187
130259, 1187
130273, 1187
134376, 1187
135959, 1187
140157, 1187
140371, 1187
140621, 1187
140850, 1187
141500, 1187
143177, 1187
147361, 1187
147387, 1187
152698, 1187
158225, 1187
173318, 1187
182385, 1187
183981, 1187
184697, 1187
188197, 1187
188580, 1187
189438, 1187
197217, 1187
204441, 1187
208440, 1187
211705, 1187
216962, 1187
224578, 1187
236839, 1187
237403, 1187
244206, 1187
247557, 1187
253381, 1187
262718, 1187
263417, 1187
271283, 1187
271562, 1187
276422, 1187
282158, 1187
201160, 1186
76054, 1185
51302, 1183
21509, 1182
72703, 1182
107534, 1182
149398, 1182
216107, 1182
249827, 1182
264395, 1182
288590, 1182
178629, 1181
131268, 1178
139406, 1178
212209, 1178
63202, 1177
217596, 1177
137194, 1175
229810, 1175
56469, 1174
228948, 1174
74348, 1173
110737, 1173
124917, 1173
204616, 1173
276015, 1172
270401, 1171
295049, 1171
156029, 1170
254407, 1169
110498, 1168
51252, 1167
269668, 1167
122224, 1166
211562, 1166
216820, 1166
11890, 1165
278617, 1165
8317, 1164
39882, 1164
289170, 1164
122291, 1163
138257, 1163
140720, 1163
143085, 1163
168599, 1163
169337, 1163
195576, 1163
240782, 1163
247627, 1163
260015, 1163
5456, 1162
138293, 1161
143892, 1161
175780, 1161
231738, 1161
5801, 1159
6664, 1159
8395, 1159
8622, 1159
167391, 1159
281828, 1158
101262, 1157
109913, 1157
110096, 1157
114250, 1157
124857, 1157
127179, 1157
130169, 1157
138776, 1157
142278, 1157
153623, 1157
159934, 1157
164732, 1157
170005, 1157
170226, 1157
180872, 1157
189566, 1157
191815, 1157
199138, 1157
211922, 1157
217194, 1157
219550, 1157
220379, 1157
220707, 1157
220893, 1157
223885, 1157
227372, 1157
238886, 1157
247141, 1157
259100, 1157
263260, 1157
265025, 1157
279931, 1157
290510, 1157
61716, 1156
94425, 1156
160264, 1156
209505, 1156
58849, 1155
282187, 1155
19198, 1154
18172, 1153
59480, 1153
84131, 1153
136832, 1153
150882, 1153
155805, 1153
221046, 1150
189326, 1149
29197, 1148
140958, 1148
210233, 1146
232960, 1146
31088, 1144
41390, 1144
45416, 1144
53685, 1143
124582, 1143
276659, 1143
30538, 1142
77810, 1142
236873, 1142
12024, 1141
126974, 1141
207574, 1141
67064, 1140
98903, 1139
117890, 1139
10874, 1138
92015, 1138
191296, 1138
237581, 1138
50389, 1137
75202, 1137
94901, 1137
111883, 1137
124489, 1137
135469, 1137
167099, 1137
213546, 1137
216935, 1137
252771, 1137
264825, 1137
275054, 1137
146301, 1136
257260, 1136
282528, 1136
288792, 1136
49461, 1135
217719, 1135
420, 1133
91202, 1132
109151, 1132
201548, 1132
237258, 1132
18608, 1131
82312, 1131
139700, 1131
194750, 1131
196328, 1131
221526, 1131
290430, 1131
79170, 1130
8397, 1127
25761, 1127
195894, 1127
132693, 1126
144069, 1126
176296, 1126
269799, 1126
291274, 1126
46818, 1125
78681, 1125
144806, 1125
252893, 1125
265615, 1125
81828, 1124
197279, 1124
107419, 1123
120706, 1123
185936, 1123
198219, 1123
223905, 1123
249642, 1123
260094, 1123
263678, 1123
254451, 1122
282531, 1122
66323, 1121
75410, 1121
109961, 1121
146702, 1121
154786, 1121
198410, 1121
31267, 1120
100693, 1119
117954, 1119
184777, 1119
209521, 1119
249503, 1119
171716, 1118
24354, 1117
44441, 1117
49279, 1117
63359, 1117
114976, 1117
150021, 1117
219076, 1117
136948, 1115
41703, 1114
95298, 1114
151967, 1114
20671, 1113
80645, 1112
204000, 1112
244360, 1112
131080, 1111
159056, 1111
181336, 1111
190402, 1111
242241, 1111
260473, 1111
90580, 1110
93405, 1110
102643, 1110
103259, 1110
128533, 1110
162754, 1110
197527, 1110
209017, 1110
238490, 1110
250134, 1110
26848, 1109
28605, 1109
72290, 1109
72779, 1109
97256, 1109
131302, 1109
173811, 1109
184547, 1109
217653, 1109
236752, 1109
263043, 1109
285290, 1109
89388, 1104
99659, 1104
102305, 1104
103312, 1104
107604, 1104
119045, 1104
135445, 1104
142659, 1104
199361, 1104
95, 1103
101761, 1103
144656, 1103
25764, 1102
44999, 1102
54713, 1102
109819, 1102
112554, 1102
230142, 1102
261833, 1102
14614, 1101
31428, 1101
38722, 1101
138567, 1101
172854, 1101
175940, 1101
291372, 1101
100882, 1100
142517, 1100
290716, 1100
100266, 1098
135741, 1098
143907, 1098
144795, 1098
151518, 1098
257106, 1098
34120, 1097
200652, 1097
17956, 1096
71255, 1096
73328, 1095
88279, 1095
159935, 1094
235329, 1094
252523, 1094
282823, 1094
284051, 1094
37230, 1093
129310, 1093
174257, 1093
193611, 1093
99089, 1092
200741, 1092
90395, 1091
13622, 1088
16040, 1088
272180, 1088
17980, 1086
42838, 1086
127697, 1086
137751, 1086
152957, 1086
171501, 1086
193454, 1086
279622, 1086
76651, 1085
18104, 1084
215502, 1084
41701, 1083
98650, 1083
111454, 1083
145025, 1083
284600, 1083
77206, 1082
168664, 1082
145068, 1080
221857, 1080
287620, 1080
240557, 1079
7321, 1078
8374, 1078
40322, 1078
120887, 1078
128343, 1078
187131, 1078
223878, 1078
132721, 1077
268529, 1077
33685, 1076
126749, 1076
3950, 1075
40327, 1075
49302, 1075
91870, 1075
98281, 1075
107116, 1075
289802, 1075
68029, 1074
91229, 1074
131982, 1074
190143, 1074
192706, 1074
223802, 1074
244045, 1074
146571, 1073
147652, 1073
25095, 1072
25154, 1072
25853, 1072
27651, 1072
28040, 1072
29742, 1072
255765, 1072
283784, 1072
294534, 1072
34506, 1071
97141, 1071
278426, 1071
235845, 1070
71129, 1067
98619, 1067
128423, 1067
8686, 1065
15480, 1065
55795, 1065
74158, 1065
77805, 1065
87649, 1065
96299, 1065
107078, 1065
119082, 1065
181608, 1065
185395, 1065
201547, 1065
210405, 1065
247744, 1065
76607, 1064
176979, 1064
221855, 1064
230699, 1064
267061, 1064
280628, 1064
234507, 1063
288142, 1063
205525, 1062
30193, 1060
47270, 1060
52357, 1060
152002, 1060
157722, 1060
214048, 1060
254048, 1060
294198, 1060
4190, 1059
34198, 1059
181277, 1059
13319, 1058
21545, 1058
86564, 1058
96621, 1058
181030, 1056
116844, 1054
145178, 1054
178016, 1053
40032, 1052
45427, 1052
9006, 1051
176666, 1051
214942, 1051
133419, 1050
137372, 1050
187287, 1050
210820, 1050
277626, 1050
290384, 1050
290441, 1050
16946, 1049
84930, 1049
87037, 1049
115441, 1049
117928, 1049
126392, 1049
132499, 1049
154554, 1049
164028, 1049
167577, 1049
174834, 1049
180041, 1049
181792, 1049
184772, 1049
186050, 1049
189537, 1049
193242, 1049
196197, 1049
196927, 1049
207675, 1049
211303, 1049
218396, 1049
238572, 1049
239209, 1049
247512, 1049
253823, 1049
259091, 1049
272714, 1049
273410, 1049
284998, 1049
285170, 1049
288277, 1049
136478, 1048
147274, 1048
223017, 1048
293747, 1048
167755, 1047
275725, 1047
282837, 1047
14885, 1045
45068, 1045
47816, 1045
50295, 1045
54298, 1045
58416, 1045
58900, 1045
71404, 1045
74690, 1045
75348, 1045
84877, 1045
90995, 1045
101995, 1045
118682, 1045
128145, 1045
133840, 1045
136906, 1045
139976, 1045
141345, 1045
146315, 1045
146877, 1045
151539, 1045
151587, 1045
157236, 1045
162106, 1045
168718, 1045
177912, 1045
183955, 1045
184065, 1045
209608, 1045
230366, 1045
280490, 1045
283848, 1045
294887, 1045
233843, 1044
242209, 1044
272966, 1044
279387, 1044
281734, 1044
57434, 1043
72569, 1043
73767, 1043
17488, 1042
166256, 1042
190298, 1042
202493, 1042
222172, 1042
252352, 1042
254317, 1042
263672, 1042
284103, 1042
186836, 1041
237365, 1041
274298, 1041
71618, 1039
160911, 1039
282602, 1039
75987, 1038
144030, 1038
208313, 1038
208836, 1038
247260, 1038
120744, 1035
180934, 1035
197998, 1035
217860, 1035
242295, 1035
257600, 1035
268295, 1035
286294, 1035
21396, 1034
155791, 1034
176357, 1034
225531, 1034
42412, 1033
59115, 1032
21954, 1031
27856, 1031
78558, 1031
114044, 1031
267942, 1031
73754, 1030
7837, 1029
175177, 1029
162095, 1028
100779, 1027
156225, 1027
276977, 1027
18431, 1026
96746, 1026
110623, 1026
116585, 1026
151034, 1026
287577, 1026
35546, 1025
85201, 1025
141617, 1025
143591, 1025
144536, 1025
153541, 1025
154546, 1025
183757, 1025
188062, 1025
195568, 1025
201133, 1025
207545, 1025
259028, 1025
264095, 1025
280512, 1025
282984, 1025
287181, 1025
292777, 1025
3379, 1024
195468, 1024
206162, 1024
22122, 1023
50197, 1023
173159, 1023
259529, 1023
190985, 1022
268356, 1022
62417, 1021
68232, 1021
91214, 1021
159838, 1021
189367, 1020
250475, 1020
33100, 1019
131573, 1019
87940, 1017
125755, 1017
16986, 1016
32868, 1016
36771, 1016
41692, 1016
44791, 1016
49626, 1016
51244, 1016
52759, 1016
64433, 1016
74453, 1016
74762, 1016
75481, 1016
89411, 1016
90343, 1016
104370, 1016
108177, 1016
111019, 1016
114208, 1016
119499, 1016
121676, 1016
124287, 1016
53518, 1015
125363, 1015
229530, 1015
243119, 1015
253690, 1015
56635, 1014
76901, 1014
97449, 1014
193196, 1014
208156, 1014
213015, 1014
217091, 1014
220439, 1014
59138, 1013
61017, 1013
142046, 1013
155304, 1013
24761, 1011
48606, 1011
188048, 1011
86659, 1010
133070, 1010
161530, 1009
50376, 1008
163841, 1008
108440, 1007
131096, 1007
133733, 1007
162869, 1007
207525, 1007
270056, 1007
123699, 1005
141971, 1005
179834, 1005
236147, 1005
251950, 1005
94405, 1004
192230, 1004
41649, 1003
51848, 1003
9150, 1002
80574, 1002
125929, 1002
148686, 1001
277679, 1001
