285, 135357
659, 135357
714, 135357
991, 135357
2269, 135357
2594, 135357
10192, 135357
52454, 135357
52554, 135357
52679, 135357
54331, 135357
61708, 135357
65648, 135357
73602, 135357
78081, 135357
79592, 135357
88131, 135357
90141, 135357
90664, 135357
94685, 135357
99742, 135357
99895, 135357
99909, 135357
100222, 135357
100871, 135357
106467, 135357
107250, 135357
112498, 135357
115137, 135357
116090, 135357
116549, 135357
124757, 135357
129820, 135357
130139, 135357
135158, 135357
137743, 135357
138639, 135357
139058, 135357
142056, 135357
142387, 135357
143756, 135357
145495, 135357
147768, 135357
150385, 135357
151726, 135357
158737, 135357
160660, 135357
161309, 135357
161452, 135357
161474, 135357
163475, 135357
165165, 135357
169029, 135357
170248, 135357
171418, 135357
172977, 135357
173656, 135357
174981, 135357
178197, 135357
179236, 135357
185695, 135357
186937, 135357
189483, 135357
189775, 135357
190135, 135357
190159, 135357
193245, 135357
194871, 135357
194906, 135357
196220, 135357
198858, 135357
199922, 135357
200783, 135357
202589, 135357
205484, 135357
205810, 135357
206307, 135357
208109, 135357
208967, 135357
210688, 135357
211507, 135357
212473, 135357
212878, 135357
213756, 135357
215307, 135357
217417, 135357
217501, 135357
220598, 135357
220806, 135357
221906, 135357
222029, 135357
222939, 135357
223374, 135357
224479, 135357
225383, 135357
226880, 135357
229252, 135357
229467, 135357
234319, 135357
236719, 135357
237154, 135357
237557, 135357
237637, 135357
238721, 135357
238920, 135357
239441, 135357
244265, 135357
244445, 135357
247897, 135357
251714, 135357
256317, 135357
258921, 135357
262434, 135357
265440, 135357
273728, 135357
273734, 135357
279182, 135357
279819, 135357
280318, 135357
283228, 135357
286516, 135357
291220, 135357
292242, 135357
296366, 135357
83279, 133991
206910, 133403
214629, 133403
218952, 133403
255258, 133403
269660, 133403
82820, 133061
134715, 133061
159593, 133061
162674, 133061
203707, 133061
221645, 133061
230947, 133061
265566, 133061
282290, 133061
289737, 133061
198107, 132598
216279, 132598
102890, 132037
640, 130344
230812, 129220
245677, 129220
256144, 129220
261717, 129220
277059, 129220
3265, 126347
122922, 126347
273152, 126347
93322, 126164
55396, 124822
71655, 124822
214748, 124822
233722, 124822
249308, 124822
263799, 124822
278884, 124822
122115, 116597
210733, 116597
278406, 116597
116677, 112287
185224, 76294
278498, 76294
65077, 75797
145411, 75797
259321, 75797
289456, 75797
22778, 71612
23215, 71612
23413, 71612
28068, 71612
30764, 71612
31629, 71612
35491, 71612
37308, 71612
39879, 71612
41085, 71612
44064, 71612
47454, 71612
51397, 71612
56939, 71612
59583, 71612
181798, 71612
17637, 70504
21559, 70504
22723, 70504
24283, 70504
27067, 70504
69708, 70504
204167, 70504
222194, 70504
230022, 70504
262615, 70504
15188, 69309
20124, 69309
37640, 69035
82136, 69035
170237, 69035
173843, 69035
257759, 69035
273854, 69035
288981, 69035
293041, 69035
7698, 68914
107545, 68259
123463, 67871
154358, 67871
203890, 67871
22372, 67320
31148, 67320
63974, 67320
188141, 67320
197180, 67320
221998, 67320
231342, 67320
246924, 67320
49108, 66940
130430, 66940
89221, 66776
140255, 66613
152900, 66613
201794, 66613
220736, 66613
15852, 66488
33636, 66488
43339, 66488
76077, 66488
99106, 66378
43474, 65821
95876, 65821
84980, 65136
194797, 65136
257814, 65136
62246, 65068
64263, 65068
139494, 65068
261278, 65068
225463, 64818
6083, 64720
269582, 64478
280505, 64478
163292, 64272
53408, 64239
112437, 64239
148381, 64239
227613, 64239
71568, 64206
240729, 64133
228058, 64068
119572, 63840
273150, 63670
105601, 63599
150502, 63599
225693, 63514
119789, 63155
288820, 63155
189205, 62683
197251, 62683
278120, 62504
8012, 62267
12746, 62267
12809, 62267
13021, 62267
13168, 62267
18630, 62267
47693, 62267
60436, 62267
102509, 62267
123559, 62267
127130, 62267
152546, 62267
155209, 62267
160658, 62267
163303, 62267
166335, 62267
187601, 62267
194962, 62267
196055, 62267
203949, 62267
212298, 62267
250590, 62267
253375, 62267
3927, 61860
4026, 61860
4409, 61860
6169, 61860
81481, 61479
6840, 61379
193104, 61186
200162, 61186
222326, 61186
223791, 61186
245258, 61186
277142, 61186
285144, 61186
2655, 60820
8045, 60614
294812, 60281
8836, 59861
12092, 59861
43368, 59861
46458, 59861
49234, 59861
86815, 59861
88509, 59861
91276, 59861
92270, 59861
98132, 59861
116595, 59861
119081, 59861
121299, 59861
127761, 59861
128831, 59861
139341, 59861
160303, 59861
166742, 59861
194432, 59861
198022, 59861
208907, 59861
237190, 59861
211186, 59607
4305, 59276
6431, 59276
10646, 59276
37097, 59276
46847, 59276
47458, 59276
54057, 59276
55425, 59276
58163, 59276
65472, 59276
99508, 59276
110863, 59276
112802, 59276
5804, 58833
12318, 58833
16129, 58833
57015, 58833
75076, 58833
81358, 58833
84408, 58833
91232, 58833
111763, 58833
112949, 58833
117274, 58833
163720, 58833
184185, 58833
236169, 58833
4513, 58289
58243, 58220
112079, 58220
141143, 58220
199404, 58220
271756, 58220
240156, 58082
215930, 57815
154741, 57806
12067, 57256
23319, 57256
23897, 57256
28831, 57256
63836, 57256
66535, 57256
85523, 57256
98473, 57256
109122, 57256
146325, 57256
148818, 57256
167781, 57256
108082, 57200
66696, 56981
255801, 56288
267246, 56130
47210, 55993
217377, 55447
86451, 54722
39778, 54105
50087, 54105
52106, 54105
55739, 54105
62538, 54105
66401, 54105
75998, 54105
85615, 54105
92698, 54105
95064, 54105
132161, 54105
138149, 54105
256425, 54105
5298, 53952
6226, 53952
21806, 53952
33657, 53952
42444, 53952
48590, 53952
66736, 53952
69300, 53952
71383, 53952
73431, 53952
78125, 53952
82417, 53952
99464, 53952
122496, 53952
134906, 53506
155621, 53506
260815, 53506
194310, 53336
283655, 53336
2773, 53315
138921, 53315
173094, 53315
196648, 53315
278577, 53315
27432, 53091
27975, 53091
31035, 53091
38268, 53091
40790, 53091
43579, 53091
44938, 53091
47676, 53091
49542, 53091
54984, 53091
59261, 53091
62272, 53091
63948, 53091
68593, 53091
108718, 53091
197030, 53043
8765, 52897
18671, 52897
164851, 52897
165291, 52897
148819, 52896
137457, 52755
47323, 52746
34580, 52604
83278, 52604
105397, 52604
276679, 52594
247091, 52559
70191, 52545
124996, 52545
247681, 52545
295772, 52502
24434, 52466
28627, 52466
39990, 52466
64457, 52466
64962, 52466
65082, 52466
86199, 52466
104958, 52466
141953, 51809
160179, 51809
161903, 51809
163090, 51809
177144, 51809
197770, 51809
235962, 51809
253135, 51809
256456, 51809
266207, 51809
280136, 51809
150633, 51646
81306, 51491
136373, 51491
222272, 51491
287978, 51491
130552, 51189
136313, 51189
139618, 51189
142793, 51189
146711, 51189
147057, 51189
150643, 51189
166531, 51189
169644, 51189
177149, 51189
186522, 51189
210538, 51189
215294, 51189
226115, 51189
226460, 51189
228340, 51189
236212, 51189
245300, 51189
253314, 51189
255641, 51189
261237, 51189
263135, 51189
290299, 51189
295636, 51189
135097, 51179
144049, 51179
164234, 51179
197572, 51179
206368, 51179
208375, 51179
220060, 51179
230117, 51179
233157, 51179
14567, 51126
14755, 51126
15367, 51126
20040, 51126
30617, 51126
50862, 51126
96716, 51110
105224, 51110
116887, 51110
122958, 51110
125300, 51110
125744, 51110
126365, 51110
126888, 51110
127271, 51110
128155, 51110
130100, 51110
130292, 51110
130645, 51110
133459, 51110
133627, 51110
133810, 51110
134737, 51110
135313, 51110
135729, 51110
136254, 51110
136367, 51110
138271, 51110
139089, 51110
139112, 51110
140570, 51110
141358, 51110
141837, 51110
142731, 51110
143417, 51110
144369, 51110
145502, 51110
145634, 51110
145937, 51110
146328, 51110
146846, 51110
147429, 51110
147898, 51110
148210, 51110
148847, 51110
149635, 51110
149711, 51110
150033, 51110
150224, 51110
150452, 51110
151277, 51110
152407, 51110
152554, 51110
154040, 51110
154199, 51110
154894, 51110
155695, 51110
157222, 51110
158099, 51110
159490, 51110
159493, 51110
159668, 51110
159874, 51110
160353, 51110
160693, 51110
160939, 51110
163018, 51110
163335, 51110
164789, 51110
165383, 51110
165449, 51110
166642, 51110
168065, 51110
168765, 51110
169973, 51110
170243, 51110
170875, 51110
172667, 51110
173379, 51110
174057, 51110
174300, 51110
174979, 51110
176171, 51110
177290, 51110
177319, 51110
178106, 51110
179332, 51110
179416, 51110
180685, 51110
183225, 51110
183304, 51110
184089, 51110
185946, 51110
186573, 51110
187422, 51110
187614, 51110
188056, 51110
189424, 51110
191078, 51110
191230, 51110
192161, 51110
192275, 51110
192514, 51110
193558, 51110
193782, 51110
193842, 51110
193917, 51110
195643, 51110
202755, 51110
204123, 51110
206147, 51110
209301, 51110
211504, 51110
211597, 51110
211920, 51110
214377, 51110
216542, 51110
216776, 51110
217868, 51110
218135, 51110
219148, 51110
221349, 51110
221482, 51110
222648, 51110
233796, 51110
234313, 51110
236670, 51110
237149, 51110
238030, 51110
238879, 51110
239862, 51110
240742, 51110
242111, 51110
242578, 51110
243266, 51110
243818, 51110
244261, 51110
246421, 51110
247759, 51110
247886, 51110
248433, 51110
249415, 51110
249577, 51110
252303, 51110
252797, 51110
253194, 51110
253458, 51110
254118, 51110
256022, 51110
256169, 51110
258585, 51110
259316, 51110
260056, 51110
267717, 51110
268678, 51110
269845, 51110
272262, 51110
276611, 51110
277524, 51110
279013, 51110
279583, 51110
279859, 51110
281020, 51110
284683, 51110
284954, 51110
286791, 51110
292978, 51110
14892, 51073
101216, 51073
20827, 51034
35289, 51034
181089, 51034
26948, 51019
28840, 51019
98591, 51019
103997, 51019
113483, 51019
161459, 51019
146694, 50999
169699, 50999
182638, 50999
194308, 50999
202283, 50999
202625, 50999
219014, 50999
223527, 50999
230083, 50999
238497, 50999
254824, 50999
261558, 50999
264583, 50999
279325, 50999
172865, 50929
3010, 50907
14234, 50907
245989, 50614
144139, 50239
151769, 50239
172914, 50239
181207, 50239
200990, 50239
211548, 50239
252635, 50239
254216, 50181
97487, 49831
118547, 49529
120043, 49529
120146, 49529
136621, 49529
141663, 49529
142169, 49529
149105, 49529
153361, 49529
161972, 49529
178512, 49529
202637, 49529
202638, 49529
203751, 49529
206241, 49529
249347, 49529
273315, 49529
796, 49524
64524, 49359
193407, 49269
54310, 49226
264446, 49002
134208, 48874
151690, 48874
194531, 48874
144045, 48739
146673, 48739
186055, 48739
208550, 48739
215701, 48739
219312, 48739
243917, 48739
247480, 48739
255875, 48739
280176, 48739
288150, 48739
293557, 48739
206357, 48661
285505, 48560
67354, 48525
249736, 48521
287751, 48482
250245, 48345
219996, 48224
177037, 48050
246518, 48035
65096, 47976
80819, 47976
188186, 47864
54286, 47856
126351, 47856
79894, 47834
97140, 47834
103017, 47834
106026, 47834
109792, 47834
115672, 47834
119086, 47834
124629, 47834
127237, 47834
130387, 47834
132340, 47834
135269, 47834
136163, 47834
136907, 47834
140504, 47834
140937, 47834
142384, 47834
145980, 47834
146076, 47834
146713, 47834
146998, 47834
150409, 47834
150785, 47834
150898, 47834
151408, 47834
152384, 47834
156575, 47834
156678, 47834
157062, 47834
158349, 47834
160977, 47834
162065, 47834
165471, 47834
166905, 47834
168261, 47834
169003, 47834
173829, 47834
175386, 47834
177309, 47834
179405, 47834
179671, 47834
180149, 47834
181135, 47834
182008, 47834
183212, 47834
183988, 47834
186016, 47834
186345, 47834
186587, 47834
187138, 47834
188261, 47834
188485, 47834
188850, 47834
188926, 47834
189623, 47834
190872, 47834
191147, 47834
191306, 47834
191635, 47834
192412, 47834
194838, 47834
194974, 47834
195294, 47834
195423, 47834
195856, 47834
197430, 47834
198129, 47834
198578, 47834
198585, 47834
198645, 47834
199386, 47834
199600, 47834
202730, 47834
203045, 47834
203610, 47834
205215, 47834
206634, 47834
206773, 47834
206798, 47834
207086, 47834
207194, 47834
207737, 47834
208948, 47834
209158, 47834
209184, 47834
209866, 47834
210290, 47834
213716, 47834
213911, 47834
214751, 47834
215497, 47834
216040, 47834
217419, 47834
218173, 47834
219641, 47834
220155, 47834
221609, 47834
223512, 47834
223624, 47834
224848, 47834
226755, 47834
227712, 47834
227762, 47834
227795, 47834
229311, 47834
230348, 47834
230470, 47834
231837, 47834
232366, 47834
238536, 47834
238717, 47834
239065, 47834
240097, 47834
240206, 47834
240814, 47834
241980, 47834
242291, 47834
242342, 47834
243162, 47834
243168, 47834
243170, 47834
243262, 47834
246087, 47834
246189, 47834
247690, 47834
248872, 47834
250139, 47834
253121, 47834
255016, 47834
255478, 47834
256016, 47834
256167, 47834
256583, 47834
256818, 47834
257724, 47834
257733, 47834
258130, 47834
258691, 47834
259040, 47834
259061, 47834
260368, 47834
260633, 47834
260708, 47834
261393, 47834
261473, 47834
261496, 47834
262879, 47834
263236, 47834
263238, 47834
264692, 47834
264714, 47834
265481, 47834
266635, 47834
267983, 47834
269614, 47834
270366, 47834
270615, 47834
271498, 47834
272121, 47834
272271, 47834
272456, 47834
273844, 47834
274211, 47834
274376, 47834
275470, 47834
277203, 47834
277303, 47834
278490, 47834
278689, 47834
278833, 47834
279122, 47834
282168, 47834
282890, 47834
283370, 47834
283691, 47834
284449, 47834
285191, 47834
285500, 47834
285886, 47834
286083, 47834
287759, 47834
288374, 47834
288704, 47834
288917, 47834
289801, 47834
289949, 47834
290179, 47834
290607, 47834
290717, 47834
292106, 47834
293371, 47834
293513, 47834
294120, 47834
294901, 47834
296587, 47834
2713, 47725
111889, 47725
114423, 47725
114434, 47725
118071, 47725
118315, 47725
118877, 47725
118949, 47725
120679, 47725
121102, 47725
122447, 47725
125021, 47725
128303, 47725
129861, 47725
130698, 47725
131461, 47725
131497, 47725
133203, 47725
133447, 47725
134998, 47725
135155, 47725
135777, 47725
136241, 47725
136720, 47725
137624, 47725
137805, 47725
138153, 47725
140134, 47725
140214, 47725
141159, 47725
141753, 47725
141817, 47725
141960, 47725
142084, 47725
143080, 47725
143107, 47725
143678, 47725
143876, 47725
144210, 47725
144618, 47725
145686, 47725
145734, 47725
145973, 47725
146670, 47725
147678, 47725
147879, 47725
147987, 47725
148007, 47725
148012, 47725
148627, 47725
149603, 47725
149946, 47725
150081, 47725
150183, 47725
150266, 47725
150608, 47725
150717, 47725
151949, 47725
151966, 47725
152975, 47725
153227, 47725
153593, 47725
153611, 47725
153638, 47725
153929, 47725
154053, 47725
154308, 47725
154755, 47725
154810, 47725
154844, 47725
155246, 47725
155665, 47725
155827, 47725
156677, 47725
156703, 47725
156861, 47725
157249, 47725
157451, 47725
157553, 47725
157591, 47725
157694, 47725
157866, 47725
158414, 47725
159075, 47725
160492, 47725
160742, 47725
161139, 47725
162166, 47725
162360, 47725
162591, 47725
162631, 47725
163330, 47725
163591, 47725
164659, 47725
164837, 47725
165520, 47725
165902, 47725
165965, 47725
166182, 47725
166722, 47725
167120, 47725
167599, 47725
167958, 47725
168096, 47725
168348, 47725
169976, 47725
170009, 47725
170011, 47725
170193, 47725
170235, 47725
171266, 47725
172057, 47725
172305, 47725
172500, 47725
173260, 47725
173572, 47725
173621, 47725
173774, 47725
174121, 47725
174186, 47725
175014, 47725
175430, 47725
175896, 47725
176782, 47725
177155, 47725
177257, 47725
178330, 47725
178659, 47725
179057, 47725
179143, 47725
179227, 47725
179305, 47725
180083, 47725
180219, 47725
180449, 47725
180589, 47725
181159, 47725
181272, 47725
181867, 47725
183489, 47725
183607, 47725
183637, 47725
183696, 47725
184967, 47725
185552, 47725
185917, 47725
186162, 47725
186571, 47725
186628, 47725
187353, 47725
187655, 47725
188463, 47725
188574, 47725
188686, 47725
189464, 47725
189872, 47725
190473, 47725
190479, 47725
191522, 47725
191625, 47725
192051, 47725
192286, 47725
192484, 47725
192519, 47725
192718, 47725
192809, 47725
193089, 47725
193649, 47725
193913, 47725
194297, 47725
194417, 47725
194627, 47725
194774, 47725
194817, 47725
194904, 47725
196026, 47725
196258, 47725
196294, 47725
197342, 47725
199072, 47725
199364, 47725
199607, 47725
200488, 47725
200995, 47725
201239, 47725
201880, 47725
203266, 47725
204251, 47725
204597, 47725
205499, 47725
205842, 47725
205909, 47725
206981, 47725
207444, 47725
207561, 47725
207838, 47725
207984, 47725
208058, 47725
208336, 47725
208607, 47725
208692, 47725
210292, 47725
210393, 47725
210817, 47725
210939, 47725
210944, 47725
211497, 47725
211661, 47725
211883, 47725
212334, 47725
212494, 47725
212560, 47725
212599, 47725
212603, 47725
212713, 47725
213814, 47725
213899, 47725
213925, 47725
214057, 47725
214680, 47725
214759, 47725
215675, 47725
215914, 47725
216593, 47725
216774, 47725
217345, 47725
217976, 47725
218270, 47725
218323, 47725
218820, 47725
219558, 47725
219561, 47725
220159, 47725
220347, 47725
220382, 47725
222070, 47725
222404, 47725
222509, 47725
222602, 47725
222662, 47725
222901, 47725
223217, 47725
223249, 47725
223954, 47725
224270, 47725
224359, 47725
224820, 47725
225080, 47725
225230, 47725
225377, 47725
225431, 47725
225675, 47725
225972, 47725
226057, 47725
226149, 47725
226287, 47725
226422, 47725
226438, 47725
226682, 47725
226784, 47725
226859, 47725
227575, 47725
227917, 47725
228786, 47725
229344, 47725
229836, 47725
229976, 47725
230020, 47725
230159, 47725
230285, 47725
230596, 47725
230804, 47725
231076, 47725
231088, 47725
231119, 47725
231158, 47725
231416, 47725
231460, 47725
231482, 47725
231708, 47725
232100, 47725
232175, 47725
232516, 47725
232774, 47725
233323, 47725
233456, 47725
233651, 47725
233887, 47725
234152, 47725
234156, 47725
234714, 47725
235170, 47725
237424, 47725
238123, 47725
238323, 47725
239118, 47725
239119, 47725
239490, 47725
240416, 47725
240439, 47725
240505, 47725
240580, 47725
240652, 47725
240761, 47725
241076, 47725
241899, 47725
242244, 47725
242383, 47725
242468, 47725
242717, 47725
243072, 47725
243205, 47725
243219, 47725
243583, 47725
243930, 47725
244608, 47725
244650, 47725
244957, 47725
245929, 47725
246969, 47725
246996, 47725
247076, 47725
247215, 47725
247334, 47725
247346, 47725
248056, 47725
248691, 47725
248740, 47725
249371, 47725
249669, 47725
249931, 47725
250003, 47725
250197, 47725
250861, 47725
251044, 47725
251442, 47725
251620, 47725
251640, 47725
251894, 47725
251995, 47725
252466, 47725
253542, 47725
254050, 47725
254168, 47725
254325, 47725
254462, 47725
254573, 47725
254643, 47725
254821, 47725
255253, 47725
255605, 47725
256032, 47725
256052, 47725
256092, 47725
256687, 47725
256766, 47725
256807, 47725
256858, 47725
256915, 47725
257042, 47725
257103, 47725
257252, 47725
257266, 47725
257448, 47725
258058, 47725
258210, 47725
258431, 47725
258690, 47725
259379, 47725
260401, 47725
260780, 47725
260792, 47725
261649, 47725
261909, 47725
261931, 47725
261933, 47725
261946, 47725
262011, 47725
263842, 47725
264177, 47725
265161, 47725
265478, 47725
265627, 47725
265724, 47725
266519, 47725
266775, 47725
266876, 47725
267134, 47725
267510, 47725
267743, 47725
267780, 47725
268056, 47725
269014, 47725
269030, 47725
269102, 47725
269743, 47725
269807, 47725
270733, 47725
270839, 47725
271075, 47725
271191, 47725
271239, 47725
271687, 47725
271882, 47725
272157, 47725
273151, 47725
273193, 47725
273322, 47725
273755, 47725
274249, 47725
274277, 47725
275011, 47725
275436, 47725
275923, 47725
276390, 47725
276637, 47725
276792, 47725
276910, 47725
277069, 47725
277539, 47725
277987, 47725
278493, 47725
278553, 47725
278608, 47725
278615, 47725
279289, 47725
280077, 47725
281022, 47725
281031, 47725
281477, 47725
281968, 47725
282022, 47725
282522, 47725
282675, 47725
283240, 47725
283432, 47725
283672, 47725
284018, 47725
284024, 47725
284046, 47725
284197, 47725
284488, 47725
284930, 47725
285035, 47725
285212, 47725
285504, 47725
285513, 47725
285679, 47725
286220, 47725
286814, 47725
286974, 47725
287352, 47725
287450, 47725
287835, 47725
288222, 47725
288457, 47725
289288, 47725
289405, 47725
289487, 47725
290116, 47725
290198, 47725
291384, 47725
291401, 47725
291796, 47725
291890, 47725
291983, 47725
291996, 47725
292205, 47725
293162, 47725
293559, 47725
293626, 47725
293684, 47725
293831, 47725
293874, 47725
293880, 47725
294098, 47725
294541, 47725
294946, 47725
295295, 47725
295367, 47725
295806, 47725
150861, 47639
224190, 47639
138060, 47625
49907, 47549
50116, 47549
153899, 47425
160313, 47425
177311, 47425
200947, 47425
221401, 47425
250265, 47425
278596, 47425
280050, 47425
288324, 47425
292922, 47425
142301, 47379
154004, 47379
199439, 47379
91648, 47357
101219, 47357
108939, 47357
110511, 47357
110530, 47357
114228, 47357
114294, 47357
116600, 47357
120113, 47357
135364, 47357
138318, 47357
139005, 47357
139532, 47357
147171, 47357
148952, 47357
149267, 47357
149931, 47357
150368, 47357
150740, 47357
152845, 47357
157505, 47357
159721, 47357
160816, 47357
161930, 47357
166786, 47357
166993, 47357
168416, 47357
169483, 47357
170686, 47357
177461, 47357
178649, 47357
180703, 47357
183033, 47357
184152, 47357
185795, 47357
189181, 47357
198341, 47357
200359, 47357
202686, 47357
202852, 47357
203089, 47357
208805, 47357
220684, 47357
222021, 47357
224728, 47357
227245, 47357
227492, 47357
229124, 47357
234329, 47357
237985, 47357
242525, 47357
243898, 47357
244454, 47357
250357, 47357
250612, 47357
252875, 47357
253912, 47357
254302, 47357
254941, 47357
257704, 47357
259637, 47357
262035, 47357
262365, 47357
264103, 47357
265829, 47357
266370, 47357
267710, 47357
278336, 47357
279897, 47357
280863, 47357
281312, 47357
282021, 47357
284176, 47357
288035, 47357
290793, 47357
291072, 47357
294421, 47357
295524, 47357
94687, 47337
112016, 47337
112037, 47337
113154, 47337
114449, 47337
115531, 47337
120517, 47337
124130, 47337
135270, 47337
136638, 47337
141126, 47337
144940, 47337
147825, 47337
160506, 47337
163445, 47337
164727, 47337
165569, 47337
169485, 47337
169690, 47337
181140, 47337
182851, 47337
186047, 47337
187955, 47337
198185, 47337
198918, 47337
199390, 47337
200028, 47337
200569, 47337
200722, 47337
201251, 47337
202010, 47337
204523, 47337
209468, 47337
214957, 47337
216856, 47337
220784, 47337
220896, 47337
222378, 47337
231198, 47337
232320, 47337
233368, 47337
233748, 47337
234331, 47337
236734, 47337
243830, 47337
244667, 47337
256337, 47337
268659, 47337
271334, 47337
272737, 47337
282542, 47337
285095, 47337
285182, 47337
290796, 47337
291515, 47337
289714, 47329
182081, 47255
225887, 47255
272202, 47255
89137, 46981
228105, 46981
198354, 46929
130107, 46882
206087, 46864
152818, 46511
166456, 46358
252489, 46358
86895, 46341
91170, 46341
143126, 46290
131255, 46191
156671, 46191
162179, 46191
168290, 46191
163081, 46113
247029, 46105
249746, 46105
118207, 45946
135163, 45946
175637, 45946
221574, 45946
235670, 45946
288835, 45946
280856, 45841
106966, 45784
114852, 45784
114876, 45784
116867, 45784
142020, 45784
143544, 45784
148332, 45784
154598, 45784
165001, 45784
168142, 45784
171761, 45784
174109, 45784
174535, 45784
174539, 45784
174558, 45784
176855, 45784
181661, 45784
182285, 45784
182388, 45784
190388, 45784
190922, 45784
193216, 45784
193948, 45784
196530, 45784
199773, 45784
200939, 45784
201191, 45784
202815, 45784
203515, 45784
210139, 45784
215757, 45784
220156, 45784
239085, 45784
242370, 45784
244651, 45784
252468, 45784
252498, 45784
255803, 45784
260117, 45784
264955, 45784
276412, 45784
277396, 45784
131960, 45750
136417, 45750
159274, 45750
208681, 45750
228063, 45750
228507, 45750
242698, 45750
261777, 45750
261313, 45598
46740, 45507
48697, 45507
68295, 45507
78200, 45507
92518, 45507
92793, 45507
93907, 45507
95112, 45507
113598, 45507
113887, 45507
158261, 45507
214430, 45367
93515, 45173
125915, 45160
159722, 45055
121970, 44682
148412, 44682
152204, 44682
162358, 44682
179280, 44682
235784, 44682
246226, 44682
276358, 44682
290288, 44682
294876, 44682
95404, 44679
96495, 44679
99129, 44679
105871, 44679
118806, 44679
134870, 44679
142419, 44679
150564, 44679
152705, 44679
172311, 44679
173868, 44679
201763, 44679
206606, 44679
208741, 44679
211006, 44679
222788, 44679
228653, 44679
229636, 44679
232405, 44679
233462, 44679
248785, 44679
249539, 44679
253800, 44679
255331, 44679
259245, 44679
268007, 44679
268400, 44679
269228, 44679
275371, 44679
276996, 44679
279646, 44679
282796, 44679
283346, 44679
284563, 44679
288337, 44679
290745, 44679
198600, 44626
205978, 44626
252295, 44626
256611, 44626
228849, 44616
97678, 44603
203010, 44603
1400, 44598
136877, 44598
150014, 44598
238971, 44598
247278, 44598
96084, 44595
166984, 44595
174729, 44595
196044, 44595
200412, 44595
201736, 44595
231503, 44595
255816, 44595
292893, 44595
126917, 44568
133092, 44568
142661, 44568
156569, 44568
160859, 44568
162508, 44568
164514, 44568
176249, 44568
178996, 44568
183417, 44568
191916, 44568
211297, 44568
229731, 44568
231613, 44568
252827, 44568
254710, 44568
258267, 44568
281275, 44568
288705, 44568
293833, 44568
113482, 44567
114108, 44567
133734, 44567
141930, 44567
150063, 44567
164301, 44567
170123, 44567
188904, 44567
201907, 44567
216255, 44567
243909, 44567
244332, 44567
250699, 44567
255105, 44567
267472, 44567
269491, 44567
283698, 44567
285845, 44567
296019, 44567
122550, 44559
132962, 44559
141213, 44559
147892, 44559
167963, 44559
195505, 44559
89706, 44535
128392, 44417
183370, 44417
205771, 44417
211822, 44417
279428, 44417
281156, 44417
293794, 44417
233817, 44416
179632, 44382
188623, 44382
206675, 44382
123048, 44191
210484, 44191
132501, 43907
252962, 43907
184543, 43859
222590, 43859
152882, 43707
206511, 43707
208184, 43707
286881, 43707
124782, 43661
167355, 43661
274361, 43592
87580, 43025
227784, 43025
246821, 43025
254315, 43025
140961, 42983
149445, 42983
181012, 42983
206098, 42983
215532, 42983
244882, 42983
256259, 42983
230191, 42969
253385, 42969
100944, 42759
121622, 42759
122953, 42759
125722, 42759
126070, 42759
128967, 42759
130661, 42759
133119, 42759
138969, 42759
216498, 42759
219151, 42759
266406, 42759
286375, 42759
91504, 42673
111028, 42673
252686, 42673
270361, 42673
284394, 42673
285432, 42673
223151, 42160
235683, 42160
252415, 42160
143188, 41733
172762, 41733
209483, 41733
215894, 41733
266833, 41733
10786, 41237
62461, 41045
97897, 41045
222266, 40804
100378, 39894
113605, 39783
151439, 39783
182528, 39783
8264, 38757
20829, 38757
30203, 38757
51361, 38757
54844, 38757
55033, 38757
63233, 38757
70773, 38757
72296, 38757
74861, 38757
85463, 38757
92130, 38757
112138, 38757
126005, 38757
134477, 38757
136796, 38757
138213, 38757
151330, 38757
155191, 38757
180274, 38757
211954, 38757
213913, 38757
221021, 38757
236529, 38757
137703, 38653
222395, 38509
141651, 38357
207103, 38357
270833, 38357
228854, 38269
284795, 38018
163997, 37686
167933, 37686
252553, 37650
94137, 37580
183452, 37580
230198, 37580
294310, 37580
125822, 37335
144927, 37335
159418, 37335
171785, 37335
174788, 37335
207661, 37335
242974, 37335
2893, 37223
127158, 37223
204968, 37223
81151, 36823
130376, 36823
233522, 36823
123057, 36323
268279, 35952
268780, 35952
4587, 34313
11218, 34313
13172, 34313
17251, 34313
25671, 34313
47517, 34313
49856, 34313
53558, 34313
55117, 34313
72056, 34313
74875, 34313
79602, 34313
86969, 34313
87269, 34313
89117, 34313
90742, 34313
92844, 34313
95040, 34313
95231, 34313
96475, 34313
99769, 34313
105842, 34313
106501, 34313
112534, 34313
115924, 34313
122411, 34313
123275, 34313
124551, 34313
126898, 34313
127136, 34313
127771, 34313
129166, 34313
129331, 34313
140052, 34313
140551, 34313
144005, 34313
144239, 34313
154905, 34313
158822, 34313
159365, 34313
167731, 34313
168512, 34313
170740, 34313
173761, 34313
177651, 34313
180992, 34313
183648, 34313
185805, 34313
188019, 34313
188311, 34313
188391, 34313
190957, 34313
193741, 34313
194044, 34313
195288, 34313
198514, 34313
204659, 34313
205371, 34313
207800, 34313
209708, 34313
212840, 34313
213020, 34313
218275, 34313
221018, 34313
232020, 34313
238848, 34313
250901, 34313
261334, 34313
262691, 34313
264088, 34313
268978, 34313
269007, 34313
271926, 34313
277896, 34313
294086, 34313
213492, 34272
204882, 33003
9843, 32730
12469, 32730
115817, 32730
123913, 32730
136515, 32730
144992, 32730
153738, 32730
178199, 32730
212197, 32730
238091, 32730
272753, 32730
276055, 32730
198762, 32727
6189, 32501
7638, 32501
10013, 32501
15354, 32501
16804, 32501
22515, 32501
23697, 32501
24526, 32501
26196, 32501
37729, 32501
37944, 32501
41860, 32501
47265, 32501
48228, 32501
49601, 32501
50562, 32501
52025, 32501
52592, 32501
54003, 32501
54229, 32501
60445, 32501
62871, 32501
64055, 32501
64681, 32501
70201, 32501
70328, 32501
79651, 32501
84053, 32501
92280, 32501
95524, 32501
99941, 32501
103220, 32501
104399, 32501
107978, 32501
109071, 32501
110022, 32501
110954, 32501
114404, 32501
114536, 32501
116587, 32501
117636, 32501
119700, 32501
119811, 32501
121204, 32501
121530, 32501
124234, 32501
124963, 32501
126896, 32501
129040, 32501
129251, 32501
129560, 32501
135019, 32501
138429, 32501
138577, 32501
142354, 32501
144263, 32501
144534, 32501
147839, 32501
148462, 32501
152756, 32501
153284, 32501
154367, 32501
155329, 32501
159307, 32501
160566, 32501
160874, 32501
163986, 32501
165147, 32501
166058, 32501
166321, 32501
169947, 32501
177607, 32501
184952, 32501
184969, 32501
189705, 32501
194615, 32501
196160, 32501
200022, 32501
202892, 32501
208143, 32501
208654, 32501
208959, 32501
211415, 32501
212416, 32501
212995, 32501
213377, 32501
214404, 32501
216539, 32501
218293, 32501
225388, 32501
228223, 32501
236378, 32501
236398, 32501
237000, 32501
238350, 32501
240362, 32501
240918, 32501
243336, 32501
243767, 32501
243820, 32501
245603, 32501
248213, 32501
248894, 32501
255463, 32501
255593, 32501
256954, 32501
261696, 32501
263266, 32501
264026, 32501
266246, 32501
267497, 32501
268124, 32501
269617, 32501
270151, 32501
272045, 32501
272187, 32501
273892, 32501
274461, 32501
280022, 32501
281539, 32501
286895, 32501
287446, 32501
287798, 32501
287940, 32501
287964, 32501
289604, 32501
290789, 32501
282800, 32129
74656, 31926
269998, 31926
178558, 31821
184202, 31821
166874, 31789
250859, 31729
266931, 31682
24852, 31619
32382, 31619
81813, 31619
151326, 31619
179959, 31619
187813, 31619
196677, 31619
204884, 31619
207998, 31619
208011, 31619
219929, 31619
223388, 31619
229014, 31619
235679, 31619
240091, 31619
248924, 31619
251779, 31619
260568, 31619
292037, 31619
296057, 31619
196618, 31559
262845, 31408
31400, 31405
104372, 31405
197422, 31405
278931, 31405
3402, 31340
6218, 31340
9046, 31340
16802, 31340
23043, 31340
33232, 31340
36818, 31340
41652, 31340
47915, 31340
51549, 31340
66478, 31340
66634, 31340
69801, 31340
78648, 31340
83798, 31340
90833, 31340
98692, 31340
102094, 31340
105309, 31340
113453, 31340
118348, 31340
118533, 31340
119075, 31340
127903, 31340
127960, 31340
128615, 31340
149885, 31340
150110, 31340
152477, 31340
177182, 31340
185471, 31340
196653, 31340
200062, 31340
202972, 31340
212565, 31340
212627, 31340
239245, 31340
252603, 31340
254786, 31340
259311, 31340
267421, 31340
269136, 31340
269144, 31340
269392, 31340
272850, 31340
274778, 31340
280573, 31340
24473, 31198
250100, 31029
171595, 30918
232823, 30918
13094, 30227
8095, 30173
14185, 30173
18996, 30173
43045, 30173
43807, 30173
44997, 30173
48154, 30173
54282, 30173
66097, 30173
69739, 30173
78258, 30173
88294, 30173
93018, 30173
103935, 30173
106840, 30173
112522, 30173
115046, 30173
117464, 30173
119976, 30173
137441, 30173
150829, 30173
182155, 30173
193473, 30173
200393, 30173
221139, 30173
226647, 30173
249099, 30173
259951, 30173
2081, 29743
8133, 29590
170483, 29191
212, 28836
15204, 28836
119527, 28836
243751, 28836
145681, 28384
127650, 27969
252973, 27861
200179, 27697
197117, 27448
252569, 27236
90519, 26197
137315, 24355
152999, 24355
185964, 24355
211143, 24355
231327, 24355
284616, 24355
72163, 24083
114832, 23152
162163, 23152
168312, 23152
194476, 23152
202687, 23152
221176, 23152
240978, 23152
271964, 23152
221585, 22778
235844, 22754
114657, 22327
196799, 22327
217270, 22327
292191, 22327
147133, 22149
2500, 21929
196483, 21585
250350, 21585
12544, 21574
251911, 21551
223245, 21536
4738, 21434
47907, 20919
67440, 20919
68869, 20919
70334, 20919
138618, 20919
260159, 20919
216397, 20872
261340, 20872
283797, 20872
84562, 20742
227566, 20364
134860, 20226
16944, 19887
1156, 19749
120139, 19448
175168, 19448
223188, 19448
266392, 19448
265761, 18327
99016, 18270
123867, 18270
139743, 18270
150466, 18270
200694, 18270
197131, 18241
237227, 18241
240175, 18241
42300, 18145
50289, 18145
54800, 18145
55506, 18145
69256, 18145
100297, 18145
101099, 18145
105778, 18145
108820, 18145
116095, 18145
120350, 18145
127816, 18145
132335, 18145
132473, 18145
145184, 18145
153556, 18145
168074, 18145
171107, 18145
175120, 18145
185872, 18145
192856, 18145
200796, 18145
205410, 18145
225422, 18145
225606, 18145
227349, 18145
235861, 18145
246576, 18145
268958, 18145
282976, 18145
283051, 18145
289827, 18145
295047, 18145
2056, 17936
290836, 17892
3599, 17887
4830, 17779
272723, 17745
1518, 17546
2170, 17520
46041, 17429
143517, 17429
207149, 17429
259155, 17429
3466, 17319
158748, 17266
7631, 16927
6423, 16868
5909, 16694
142560, 16450
200319, 16450
208589, 15970
197936, 15428
126900, 15134
25453, 14956
27115, 14956
29896, 14956
30347, 14956
30392, 14956
30635, 14956
30898, 14956
31286, 14956
31474, 14956
32626, 14956
33341, 14956
33466, 14956
35450, 14956
32793, 14921
18322, 14918
19792, 14918
20119, 14918
20717, 14918
23738, 14918
25015, 14918
25638, 14918
26877, 14918
27876, 14918
24946, 14906
32183, 14906
18229, 14904
19450, 14904
257358, 14904
14686, 14901
15145, 14901
22806, 14874
15318, 14850
18950, 14850
19713, 14850
24073, 14839
24225, 14839
25976, 14839
27079, 14839
27092, 14839
29312, 14839
29600, 14839
29643, 14839
29743, 14839
30018, 14839
30214, 14839
30297, 14839
30466, 14839
30581, 14839
30704, 14839
31159, 14839
31191, 14839
31257, 14839
31469, 14839
31774, 14839
32022, 14839
32068, 14839
32139, 14839
32455, 14839
32493, 14839
33591, 14839
34019, 14839
34153, 14839
34171, 14839
34230, 14839
34233, 14839
34523, 14839
34540, 14839
35046, 14839
35095, 14839
35135, 14839
35285, 14839
35547, 14839
35656, 14839
36009, 14839
36091, 14839
36124, 14839
37383, 14839
37975, 14839
38043, 14839
38446, 14839
8932, 14808
36167, 14797
5429, 14767
5970, 14767
6059, 14767
6246, 14767
3517, 14741
15262, 14741
34733, 14741
36684, 14741
37401, 14741
37539, 14741
38060, 14741
39735, 14741
40071, 14741
40633, 14741
40649, 14741
40763, 14741
40880, 14741
41274, 14741
41432, 14741
41462, 14741
41716, 14741
41906, 14741
42781, 14741
43160, 14741
43772, 14741
44370, 14741
44773, 14741
45033, 14741
45865, 14741
46179, 14741
46482, 14741
46613, 14741
47013, 14741
47307, 14741
47524, 14741
47910, 14741
48153, 14741
48353, 14741
48489, 14741
48614, 14741
48996, 14741
49088, 14741
49107, 14741
49392, 14741
49394, 14741
49616, 14741
49839, 14741
49897, 14741
49947, 14741
50176, 14741
50387, 14741
50559, 14741
51087, 14741
51091, 14741
51347, 14741
52067, 14741
52995, 14741
53001, 14741
53120, 14741
53177, 14741
53868, 14741
55005, 14741
55532, 14741
55844, 14741
56008, 14741
56222, 14741
57707, 14741
58230, 14741
58289, 14741
58834, 14741
48988, 14725
14023, 14710
24696, 14690
40546, 14690
45840, 14690
2596, 14687
19077, 14682
22079, 14682
23079, 14682
24444, 14682
25057, 14682
25612, 14682
17145, 14664
17807, 14664
22636, 14661
24419, 14661
12616, 14637
16337, 14637
18973, 14637
21191, 14637
21601, 14637
21726, 14637
21758, 14637
22808, 14637
14316, 14623
16194, 14623
17055, 14623
18470, 14623
18511, 14623
19867, 14623
20436, 14623
20530, 14623
20745, 14623
20860, 14623
21066, 14623
21431, 14623
22012, 14623
22098, 14623
22183, 14623
23641, 14623
23732, 14623
24008, 14623
24120, 14623
24741, 14623
24922, 14623
25243, 14623
25460, 14623
25508, 14623
25604, 14623
26468, 14623
27509, 14623
27611, 14623
27999, 14623
28193, 14623
29080, 14623
34268, 14623
14307, 14571
23109, 14571
23861, 14571
24862, 14571
25200, 14571
25760, 14571
26368, 14571
26651, 14571
26901, 14571
26913, 14571
27193, 14571
27340, 14571
28018, 14571
28909, 14571
28958, 14571
28975, 14571
29004, 14571
29007, 14571
29065, 14571
30959, 14571
31264, 14571
31907, 14566
21460, 14559
22880, 14559
23775, 14559
24193, 14559
24655, 14559
24740, 14559
25480, 14559
25593, 14559
26549, 14559
26708, 14559
27120, 14559
27142, 14559
27342, 14559
28060, 14559
28349, 14559
29375, 14559
30073, 14559
31374, 14559
32511, 14559
33144, 14489
31827, 14456
30063, 14430
16993, 14374
19257, 14374
23721, 14374
24507, 14374
24702, 14374
25054, 14374
26403, 14374
26497, 14374
26666, 14374
27807, 14374
27913, 14374
28447, 14374
28495, 14374
28680, 14374
29714, 14374
30086, 14374
30115, 14374
30237, 14374
30582, 14374
31025, 14374
31214, 14374
31322, 14374
31836, 14374
44171, 14351
45560, 14351
48077, 14351
48472, 14351
52122, 14351
5183, 14200
35569, 14108
38609, 14108
40218, 14108
41326, 14108
41508, 14108
41858, 14108
43018, 14108
43276, 14108
43703, 14108
45412, 14108
46724, 14108
47498, 14108
48836, 14108
50037, 14108
50378, 14108
38692, 14090
28558, 14071
29150, 14071
32475, 14071
37577, 14071
29954, 14055
34447, 14055
13770, 13930
26739, 13896
29139, 13896
29443, 13896
29555, 13896
32015, 13896
32159, 13896
33359, 13896
34217, 13896
35972, 13896
36434, 13896
36444, 13896
36554, 13896
37780, 13896
37918, 13896
38454, 13896
47295, 13896
48115, 13896
30867, 13881
35256, 13881
31825, 13838
9102, 13722
7988, 13717
7949, 13699
9292, 13699
9982, 13699
11322, 13699
5544, 13684
24144, 13673
25936, 13645
26395, 13645
28050, 13645
29653, 13645
29876, 13645
30280, 13645
33160, 13645
33390, 13645
34998, 13645
28681, 13640
23179, 13603
33122, 13603
33629, 13603
33639, 13603
34202, 13603
34406, 13603
35058, 13603
35278, 13603
37081, 13603
37103, 13603
37532, 13603
37681, 13603
37740, 13603
38321, 13603
38656, 13603
39450, 13603
39859, 13603
40707, 13603
40779, 13603
40833, 13603
41044, 13603
41437, 13603
41613, 13603
43092, 13603
43594, 13603
44083, 13603
44888, 13603
45942, 13603
46375, 13603
30110, 13601
33494, 13601
35328, 13601
35816, 13601
36325, 13601
37457, 13601
37596, 13601
37876, 13601
43978, 13601
44920, 13601
8670, 13553
13803, 13553
13939, 13553
14230, 13553
14289, 13553
14557, 13553
14590, 13553
14667, 13553
15126, 13553
15444, 13553
15446, 13553
15580, 13553
15774, 13553
15872, 13553
15885, 13553
16066, 13553
16259, 13553
16276, 13553
16343, 13553
16589, 13553
16656, 13553
16758, 13553
17043, 13553
10762, 13489
13141, 13489
14191, 13489
14459, 13489
14621, 13489
15040, 13489
8273, 13360
8931, 13360
9377, 13360
11782, 13360
36470, 13343
37529, 13343
38307, 13343
40553, 13343
43415, 13343
43707, 13343
45141, 13343
45459, 13343
45746, 13343
47078, 13343
47729, 13343
47888, 13343
48313, 13343
49175, 13343
49686, 13343
51081, 13343
51376, 13343
53445, 13343
58399, 13343
32718, 13287
34834, 13287
37163, 13287
45296, 13287
52134, 13287
54150, 13287
15161, 13023
17309, 13023
18552, 13023
19247, 13023
20256, 13023
20482, 13023
20964, 13023
21104, 13023
21190, 13023
21585, 13023
21657, 13023
21782, 13023
21816, 13023
21986, 13023
22618, 13023
22807, 13023
22821, 13023
22907, 13023
22914, 13023
22982, 13023
23035, 13023
23130, 13023
23598, 13023
23852, 13023
24451, 13023
24538, 13023
24610, 13023
26190, 13023
26501, 13023
26639, 13023
32821, 13023
53475, 13023
40414, 13000
42421, 13000
44708, 13000
45769, 13000
46416, 13000
47284, 13000
48295, 13000
48304, 13000
48753, 13000
49744, 13000
49984, 13000
50988, 13000
51264, 13000
53011, 13000
14040, 12983
15461, 12983
11899, 12898
16053, 12815
17170, 12815
17589, 12815
18567, 12815
18577, 12815
18583, 12815
18666, 12815
18698, 12815
18710, 12815
18786, 12815
19061, 12815
19690, 12815
19748, 12815
20014, 12815
20282, 12815
20382, 12815
20434, 12815
20662, 12815
21226, 12815
22053, 12815
15656, 12810
34353, 12794
39431, 12794
41465, 12794
41535, 12794
42443, 12794
42722, 12794
42911, 12794
43062, 12794
43658, 12794
44143, 12794
44338, 12794
44643, 12794
45076, 12794
45385, 12794
45471, 12794
45543, 12794
46086, 12794
46287, 12794
47446, 12794
48556, 12794
48663, 12794
48822, 12794
49245, 12794
49813, 12794
50045, 12794
50482, 12794
53585, 12794
54048, 12794
14386, 12785
15384, 12781
16533, 12770
16996, 12770
18287, 12770
19279, 12770
20171, 12770
20998, 12770
21086, 12770
22839, 12770
10643, 12756
11807, 12756
13409, 12756
42968, 12752
44184, 12752
44381, 12752
46502, 12752
49922, 12752
51281, 12752
53579, 12752
54869, 12752
55201, 12752
46324, 12725
47413, 12725
34281, 12716
40187, 12716
41017, 12716
41428, 12716
42311, 12716
46299, 12710
38101, 12654
44822, 12654
47819, 12654
41943, 12650
45592, 12650
45948, 12650
46895, 12650
48336, 12650
52049, 12650
15502, 12607
16935, 12607
16948, 12607
11366, 12584
11403, 12584
13271, 12580
13985, 12580
14137, 12580
14969, 12580
15805, 12580
39635, 12560
41033, 12560
12190, 12502
14571, 12502
15366, 12502
15804, 12502
15980, 12502
16492, 12502
16516, 12502
16553, 12502
16906, 12502
17156, 12502
17177, 12502
19217, 12502
20696, 12502
20249, 12499
11269, 12477
11579, 12477
11746, 12477
11897, 12477
12042, 12477
12427, 12477
12569, 12477
12785, 12477
12829, 12477
12946, 12477
12975, 12477
13057, 12477
13278, 12477
13419, 12477
13558, 12477
13743, 12477
14018, 12477
14020, 12477
14282, 12477
14421, 12477
15662, 12477
28260, 12426
34871, 12426
40241, 12378
20487, 12366
26762, 12329
39959, 12319
18357, 12219
21068, 12219
10782, 12163
10978, 12163
11332, 12163
11675, 12163
12130, 12163
13011, 12163
22471, 12128
7919, 12126
8091, 12126
8584, 12126
8751, 12126
8843, 12126
9750, 12126
9950, 12126
10074, 12126
10090, 12126
10257, 12126
10261, 12126
10342, 12126
10633, 12126
10704, 12126
10727, 12126
13489, 12126
169569, 12116
16789, 11868
32612, 11827
33343, 11827
33347, 11827
33762, 11827
34972, 11827
35092, 11827
35425, 11827
39731, 11827
40120, 11827
40455, 11827
41344, 11827
43432, 11827
40978, 11787
30338, 11781
34129, 11781
37723, 11781
40202, 11781
38080, 11769
39788, 11769
33726, 11766
30356, 11744
42081, 11744
49767, 11744
34044, 11741
10383, 11666
5917, 11649
7004, 11649
7908, 11649
8182, 11649
8296, 11649
9354, 11649
10043, 11649
39533, 11647
37901, 11645
41631, 11645
32420, 11643
36764, 11643
37645, 11643
38242, 11643
38854, 11643
39141, 11643
40166, 11643
41493, 11643
42523, 11643
43867, 11643
43898, 11643
43964, 11643
44177, 11643
46066, 11643
46363, 11643
48311, 11643
48696, 11643
49406, 11643
49987, 11643
50153, 11643
50428, 11643
50813, 11643
37232, 11630
37847, 11630
38962, 11630
39509, 11630
39981, 11630
40966, 11630
36359, 11545
21319, 11475
22126, 11475
26452, 11475
28914, 11475
31834, 11475
32478, 11475
33971, 11475
37405, 11475
40000, 11475
40819, 11475
41695, 11475
42046, 11475
42638, 11475
42928, 11475
43449, 11475
43736, 11475
43757, 11475
44192, 11475
44690, 11475
44933, 11475
45530, 11475
45632, 11475
47419, 11475
48272, 11475
48465, 11475
49098, 11475
49177, 11475
49888, 11475
50845, 11475
50995, 11475
51851, 11475
52381, 11475
52384, 11475
52877, 11475
53241, 11475
54035, 11475
55233, 11475
55591, 11475
55675, 11475
281534, 11475
29494, 11468
31777, 11468
32196, 11468
32623, 11468
37426, 11468
39831, 11468
42089, 11468
42642, 11468
43439, 11468
44703, 11468
45418, 11468
45587, 11468
45709, 11468
46496, 11468
46788, 11468
47681, 11468
48724, 11468
49528, 11468
50561, 11468
52237, 11468
45265, 11444
41355, 11418
36144, 11410
39862, 11410
43622, 11410
43891, 11410
47443, 11410
47832, 11410
47949, 11410
49484, 11410
49536, 11410
49602, 11410
49617, 11410
50401, 11410
52320, 11410
52585, 11410
52993, 11410
55764, 11410
25290, 11396
25486, 11396
29359, 11396
31365, 11396
31423, 11396
32699, 11396
34468, 11396
34582, 11396
36758, 11396
36806, 11396
37897, 11396
38070, 11396
38292, 11396
38469, 11396
38544, 11396
39715, 11396
39784, 11396
39885, 11396
39939, 11396
40641, 11396
41567, 11396
41896, 11396
42417, 11396
42760, 11396
42802, 11396
43630, 11396
43763, 11396
43768, 11396
43853, 11396
44052, 11396
44123, 11396
44199, 11396
44455, 11396
44628, 11396
44893, 11396
45853, 11396
45919, 11396
46371, 11396
46399, 11396
47485, 11396
48071, 11396
48104, 11396
48750, 11396
50333, 11396
50563, 11396
50676, 11396
34822, 11386
33575, 11351
37806, 11351
39185, 11351
41657, 11351
19374, 11298
21130, 11298
22262, 11298
33955, 11183
210952, 11031
249162, 11004
10829, 10812
91467, 9462
824, 8587
1793, 8587
1820, 8587
2426, 8587
985, 8507
1376, 8507
1717, 8507
1827, 8507
2050, 8507
2442, 8507
2451, 8507
2630, 8507
2874, 8507
2910, 8507
3097, 8507
3107, 8507
3171, 8507
3288, 8507
3295, 8507
3439, 8507
3508, 8507
3540, 8507
3565, 8507
3738, 8507
3749, 8507
3783, 8507
3872, 8507
3935, 8507
3959, 8507
4059, 8507
4158, 8507
4233, 8507
4260, 8507
4317, 8507
4345, 8507
4353, 8507
4436, 8507
4522, 8507
4556, 8507
4557, 8507
4562, 8507
4611, 8507
4614, 8507
4636, 8507
4639, 8507
4654, 8507
4706, 8507
4736, 8507
4771, 8507
4865, 8507
4914, 8507
4922, 8507
4932, 8507
4980, 8507
5042, 8507
5089, 8507
5114, 8507
5132, 8507
5135, 8507
5212, 8507
5240, 8507
2718, 8460
2840, 8460
4411, 8460
27966, 8371
30289, 8371
1779, 8280
97032, 7362
24657, 6882
26353, 6882
27197, 6882
27609, 6882
32161, 6882
681, 6796
1294, 6796
9854, 6575
294214, 6553
1690, 6304
343, 5435
20243, 4990
25988, 4990
27901, 4990
28169, 4990
28338, 4990
28428, 4990
10660, 4879
3790, 4586
229373, 4056
19709, 3593
16184, 3591
23000, 3591
23058, 3591
23854, 3591
24380, 3591
101587, 3501
118237, 3501
131148, 3501
137398, 3501
142952, 3501
145586, 3501
148582, 3501
176428, 3501
177031, 3501
190335, 3501
205306, 3501
118158, 3491
124485, 3491
158695, 3491
126129, 3456
158066, 3456
203681, 3456
209144, 3456
90693, 3439
124778, 3439
110261, 3431
81864, 3394
90556, 3394
28477, 3365
53873, 3365
54192, 3365
64128, 3365
73797, 3365
79607, 3365
149411, 3088
170782, 3088
193464, 3088
209039, 3088
218831, 3088
220641, 3088
226002, 3088
235430, 3088
239737, 3088
242282, 3088
253507, 3088
259186, 3088
263954, 3088
274780, 3088
275385, 3088
180520, 3076
153957, 3066
154934, 3066
158603, 3066
158900, 3066
176224, 3066
179014, 3066
185215, 3066
188696, 3066
193229, 3066
194820, 3066
197367, 3066
220419, 3066
231155, 3066
243711, 3066
248983, 3066
249379, 3066
255262, 3066
255497, 3066
260085, 3066
260391, 3066
267129, 3066
271213, 3066
271377, 3066
271661, 3066
273654, 3066
274657, 3066
280141, 3066
280703, 3066
286437, 3066
292410, 3066
292752, 3066
295824, 3066
197272, 3056
103223, 3050
125950, 3050
172249, 3050
177713, 3050
189366, 3050
192364, 3050
193261, 3050
196968, 3050
207358, 3050
208072, 3050
208795, 3050
215010, 3050
216081, 3050
217534, 3050
227852, 3050
229713, 3050
231269, 3050
231332, 3050
237618, 3050
238299, 3050
238877, 3050
238973, 3050
250096, 3050
251188, 3050
253018, 3050
253267, 3050
254119, 3050
256581, 3050
261713, 3050
262414, 3050
263582, 3050
263967, 3050
264666, 3050
264926, 3050
266627, 3050
266798, 3050
267502, 3050
268217, 3050
270720, 3050
276605, 3050
279189, 3050
279353, 3050
280726, 3050
284217, 3050
287712, 3050
292363, 3050
127531, 3029
7312, 3014
117588, 3011
184372, 3011
202833, 3011
212271, 3011
219688, 3011
227448, 3011
250372, 3011
256108, 3011
275278, 3011
282211, 3011
285692, 3011
287552, 3011
239624, 2981
105437, 2968
121251, 2968
140654, 2968
176675, 2968
179447, 2968
180601, 2968
183589, 2968
184314, 2968
200388, 2968
204506, 2968
204603, 2968
205356, 2968
214097, 2968
225246, 2968
229903, 2968
230235, 2968
234111, 2968
238403, 2968
244596, 2968
259928, 2968
260677, 2968
264405, 2968
276249, 2968
285394, 2968
83147, 2925
8326, 2921
21323, 2921
24992, 2921
25278, 2921
38634, 2921
38851, 2921
110281, 2921
11998, 2869
22795, 2869
99309, 2869
211900, 2869
246494, 2713
148026, 2643
260883, 2643
262243, 2643
274611, 2643
288400, 2643
289934, 2643
290633, 2643
290213, 2616
134629, 2533
69841, 2504
73296, 2504
74799, 2504
82745, 2504
97479, 2504
116202, 2504
147348, 2504
159564, 2504
163336, 2504
163340, 2504
172003, 2504
185559, 2504
261412, 2504
20631, 2498
24443, 2498
25302, 2498
26278, 2498
30257, 2498
34142, 2498
36987, 2498
37838, 2498
44322, 2498
52829, 2498
56074, 2498
59706, 2498
60876, 2498
71605, 2498
78919, 2498
94278, 2498
99124, 2498
108458, 2498
119015, 2498
126621, 2498
127898, 2498
137346, 2498
138843, 2498
156913, 2498
169681, 2498
185707, 2498
202787, 2498
203044, 2498
221637, 2498
224789, 2498
232487, 2498
237983, 2498
246137, 2498
13227, 2455
31530, 2455
46915, 2455
51889, 2455
56470, 2455
86853, 2455
101949, 2455
200130, 2455
10848, 2452
14267, 2452
20650, 2452
23247, 2452
40638, 2452
44695, 2452
46006, 2452
59386, 2452
61791, 2452
66417, 2452
70916, 2452
73465, 2452
76528, 2452
80944, 2452
83074, 2452
85654, 2452
86553, 2452
87962, 2452
93244, 2452
95990, 2452
96502, 2452
97713, 2452
107016, 2452
114754, 2452
120204, 2452
132088, 2452
135673, 2452
139599, 2452
151393, 2452
160665, 2452
160691, 2452
160759, 2452
165474, 2452
174289, 2452
208801, 2452
211686, 2452
211793, 2452
227010, 2452
243949, 2452
277399, 2452
64935, 2398
18533, 2326
18758, 2326
87684, 2326
128171, 2326
130649, 2326
141730, 2326
142052, 2326
147108, 2326
146857, 2292
232519, 2292
147521, 2276
6075, 2244
24278, 2244
222909, 2194
289723, 2194
163690, 2189
72277, 2172
75465, 2172
105740, 2172
109042, 2172
122614, 2172
139573, 2172
177613, 2172
205471, 2172
275601, 2172
92088, 2165
6887, 1746
179967, 1736
108634, 1645
2882, 1612
5186, 1512
26752, 1469
13378, 1328
