72163, 133531
2893, 132552
127158, 132552
204968, 132552
2500, 129624
90519, 127889
2081, 127536
123057, 126932
127650, 125373
113605, 124693
151439, 124693
182528, 124693
8133, 121460
70191, 120805
124996, 120805
247681, 120805
2655, 119380
261313, 112506
10786, 109303
137315, 106988
152999, 106988
185964, 106988
211143, 106988
231327, 106988
284616, 106988
221585, 106439
170483, 104512
62461, 104483
97897, 104483
252569, 103482
4738, 96771
2773, 91160
138921, 91160
173094, 91160
196648, 91160
278577, 91160
4587, 90187
11218, 90187
13172, 90187
17251, 90187
25671, 90187
47517, 90187
49856, 90187
53558, 90187
55117, 90187
72056, 90187
74875, 90187
79602, 90187
86969, 90187
87269, 90187
89117, 90187
90742, 90187
92844, 90187
95040, 90187
95231, 90187
96475, 90187
99769, 90187
105842, 90187
106501, 90187
112534, 90187
115924, 90187
122411, 90187
123275, 90187
124551, 90187
126898, 90187
127136, 90187
127771, 90187
129166, 90187
129331, 90187
140052, 90187
140551, 90187
144005, 90187
144239, 90187
154905, 90187
158822, 90187
159365, 90187
167731, 90187
168512, 90187
170740, 90187
173761, 90187
177651, 90187
180992, 90187
183648, 90187
185805, 90187
188019, 90187
188311, 90187
188391, 90187
190957, 90187
193741, 90187
194044, 90187
195288, 90187
198514, 90187
204659, 90187
205371, 90187
207800, 90187
209708, 90187
212840, 90187
213020, 90187
218275, 90187
221018, 90187
232020, 90187
238848, 90187
250901, 90187
261334, 90187
262691, 90187
264088, 90187
268978, 90187
269007, 90187
271926, 90187
277896, 90187
294086, 90187
134906, 87485
155621, 87485
260815, 87485
13094, 87302
24852, 82088
32382, 82088
81813, 82088
151326, 82088
179959, 82088
187813, 82088
196677, 82088
204884, 82088
207998, 82088
208011, 82088
219929, 82088
223388, 82088
229014, 82088
235679, 82088
240091, 82088
248924, 82088
251779, 82088
260568, 82088
292037, 82088
296057, 82088
15188, 80261
20124, 80261
71568, 79160
6083, 78471
7698, 77517
215930, 75549
4305, 75192
6431, 75192
10646, 75192
37097, 75192
46847, 75192
47458, 75192
54057, 75192
55425, 75192
58163, 75192
65472, 75192
99508, 75192
110863, 75192
112802, 75192
3927, 74428
4026, 74428
4409, 74428
6169, 74428
123463, 74201
154358, 74201
203890, 74201
5298, 73607
6226, 73607
21806, 73607
33657, 73607
42444, 73607
48590, 73607
66736, 73607
69300, 73607
71383, 73607
73431, 73607
78125, 73607
82417, 73607
99464, 73607
122496, 73607
66696, 73142
6840, 72017
200179, 71268
8045, 69651
130552, 68864
136313, 68864
139618, 68864
142793, 68864
146711, 68864
147057, 68864
150643, 68864
166531, 68864
169644, 68864
177149, 68864
186522, 68864
210538, 68864
215294, 68864
226115, 68864
226460, 68864
228340, 68864
236212, 68864
245300, 68864
253314, 68864
255641, 68864
261237, 68864
263135, 68864
290299, 68864
295636, 68864
4513, 68847
96716, 68826
105224, 68826
116887, 68826
122958, 68826
125300, 68826
125744, 68826
126365, 68826
126888, 68826
127271, 68826
128155, 68826
130100, 68826
130292, 68826
130645, 68826
133459, 68826
133627, 68826
133810, 68826
134737, 68826
135313, 68826
135729, 68826
136254, 68826
136367, 68826
138271, 68826
139089, 68826
139112, 68826
140570, 68826
141358, 68826
141837, 68826
142731, 68826
143417, 68826
144369, 68826
145502, 68826
145634, 68826
145937, 68826
146328, 68826
146846, 68826
147429, 68826
147898, 68826
148210, 68826
148847, 68826
149635, 68826
149711, 68826
150033, 68826
150224, 68826
150452, 68826
151277, 68826
152407, 68826
152554, 68826
154040, 68826
154199, 68826
154894, 68826
155695, 68826
157222, 68826
158099, 68826
159490, 68826
159493, 68826
159668, 68826
159874, 68826
160353, 68826
160693, 68826
160939, 68826
163018, 68826
163335, 68826
164789, 68826
165383, 68826
165449, 68826
166642, 68826
168065, 68826
168765, 68826
169973, 68826
170243, 68826
170875, 68826
172667, 68826
173379, 68826
174057, 68826
174300, 68826
174979, 68826
176171, 68826
177290, 68826
177319, 68826
178106, 68826
179332, 68826
179416, 68826
180685, 68826
183225, 68826
183304, 68826
184089, 68826
185946, 68826
186573, 68826
187422, 68826
187614, 68826
188056, 68826
189424, 68826
191078, 68826
191230, 68826
192161, 68826
192275, 68826
192514, 68826
193558, 68826
193782, 68826
193842, 68826
193917, 68826
195643, 68826
202755, 68826
204123, 68826
206147, 68826
209301, 68826
211504, 68826
211597, 68826
211920, 68826
214377, 68826
216542, 68826
216776, 68826
217868, 68826
218135, 68826
219148, 68826
221349, 68826
221482, 68826
222648, 68826
233796, 68826
234313, 68826
236670, 68826
237149, 68826
238030, 68826
238879, 68826
239862, 68826
240742, 68826
242111, 68826
242578, 68826
243266, 68826
243818, 68826
244261, 68826
246421, 68826
247759, 68826
247886, 68826
248433, 68826
249415, 68826
249577, 68826
252303, 68826
252797, 68826
253194, 68826
253458, 68826
254118, 68826
256022, 68826
256169, 68826
258585, 68826
259316, 68826
260056, 68826
267717, 68826
268678, 68826
269845, 68826
272262, 68826
276611, 68826
277524, 68826
279013, 68826
279583, 68826
279859, 68826
281020, 68826
284683, 68826
284954, 68826
286791, 68826
292978, 68826
46740, 68782
48697, 68782
68295, 68782
78200, 68782
92518, 68782
92793, 68782
93907, 68782
95112, 68782
113598, 68782
113887, 68782
158261, 68782
8836, 68433
12092, 68433
43368, 68433
46458, 68433
49234, 68433
86815, 68433
88509, 68433
91276, 68433
92270, 68433
98132, 68433
116595, 68433
119081, 68433
121299, 68433
127761, 68433
128831, 68433
139341, 68433
160303, 68433
166742, 68433
194432, 68433
198022, 68433
208907, 68433
237190, 68433
135097, 68243
144049, 68243
164234, 68243
197572, 68243
206368, 68243
208375, 68243
220060, 68243
230117, 68243
233157, 68243
146694, 68156
169699, 68156
182638, 68156
194308, 68156
202283, 68156
202625, 68156
219014, 68156
223527, 68156
230083, 68156
238497, 68156
254824, 68156
261558, 68156
264583, 68156
279325, 68156
5804, 68084
12318, 68084
16129, 68084
57015, 68084
75076, 68084
81358, 68084
84408, 68084
91232, 68084
111763, 68084
112949, 68084
117274, 68084
163720, 68084
184185, 68084
236169, 68084
79894, 67829
97140, 67829
103017, 67829
106026, 67829
109792, 67829
115672, 67829
119086, 67829
124629, 67829
127237, 67829
130387, 67829
132340, 67829
135269, 67829
136163, 67829
136907, 67829
140504, 67829
140937, 67829
142384, 67829
145980, 67829
146076, 67829
146713, 67829
146998, 67829
150409, 67829
150785, 67829
150898, 67829
151408, 67829
152384, 67829
156575, 67829
156678, 67829
157062, 67829
158349, 67829
160977, 67829
162065, 67829
165471, 67829
166905, 67829
168261, 67829
169003, 67829
173829, 67829
175386, 67829
177309, 67829
179405, 67829
179671, 67829
180149, 67829
181135, 67829
182008, 67829
183212, 67829
183988, 67829
186016, 67829
186345, 67829
186587, 67829
187138, 67829
188261, 67829
188485, 67829
188850, 67829
188926, 67829
189623, 67829
190872, 67829
191147, 67829
191306, 67829
191635, 67829
192412, 67829
194838, 67829
194974, 67829
195294, 67829
195423, 67829
195856, 67829
197430, 67829
198129, 67829
198578, 67829
198585, 67829
198645, 67829
199386, 67829
199600, 67829
202730, 67829
203045, 67829
203610, 67829
205215, 67829
206634, 67829
206773, 67829
206798, 67829
207086, 67829
207194, 67829
207737, 67829
208948, 67829
209158, 67829
209184, 67829
209866, 67829
210290, 67829
213716, 67829
213911, 67829
214751, 67829
215497, 67829
216040, 67829
217419, 67829
218173, 67829
219641, 67829
220155, 67829
221609, 67829
223512, 67829
223624, 67829
224848, 67829
226755, 67829
227712, 67829
227762, 67829
227795, 67829
229311, 67829
230348, 67829
230470, 67829
231837, 67829
232366, 67829
238536, 67829
238717, 67829
239065, 67829
240097, 67829
240206, 67829
240814, 67829
241980, 67829
242291, 67829
242342, 67829
243162, 67829
243168, 67829
243170, 67829
243262, 67829
246087, 67829
246189, 67829
247690, 67829
248872, 67829
250139, 67829
253121, 67829
255016, 67829
255478, 67829
256016, 67829
256167, 67829
256583, 67829
256818, 67829
257724, 67829
257733, 67829
258130, 67829
258691, 67829
259040, 67829
259061, 67829
260368, 67829
260633, 67829
260708, 67829
261393, 67829
261473, 67829
261496, 67829
262879, 67829
263236, 67829
263238, 67829
264692, 67829
264714, 67829
265481, 67829
266635, 67829
267983, 67829
269614, 67829
270366, 67829
270615, 67829
271498, 67829
272121, 67829
272271, 67829
272456, 67829
273844, 67829
274211, 67829
274376, 67829
275470, 67829
277203, 67829
277303, 67829
278490, 67829
278689, 67829
278833, 67829
279122, 67829
282168, 67829
282890, 67829
283370, 67829
283691, 67829
284449, 67829
285191, 67829
285500, 67829
285886, 67829
286083, 67829
287759, 67829
288374, 67829
288704, 67829
288917, 67829
289801, 67829
289949, 67829
290179, 67829
290607, 67829
290717, 67829
292106, 67829
293371, 67829
293513, 67829
294120, 67829
294901, 67829
296587, 67829
2713, 67761
111889, 67761
114423, 67761
114434, 67761
118071, 67761
118315, 67761
118877, 67761
118949, 67761
120679, 67761
121102, 67761
122447, 67761
125021, 67761
128303, 67761
129861, 67761
130698, 67761
131461, 67761
131497, 67761
133203, 67761
133447, 67761
134998, 67761
135155, 67761
135777, 67761
136241, 67761
136720, 67761
137624, 67761
137805, 67761
138153, 67761
140134, 67761
140214, 67761
141159, 67761
141753, 67761
141817, 67761
141960, 67761
142084, 67761
143080, 67761
143107, 67761
143678, 67761
143876, 67761
144210, 67761
144618, 67761
145686, 67761
145734, 67761
145973, 67761
146670, 67761
147678, 67761
147879, 67761
147987, 67761
148007, 67761
148012, 67761
148627, 67761
149603, 67761
149946, 67761
150081, 67761
150183, 67761
150266, 67761
150608, 67761
150717, 67761
151949, 67761
151966, 67761
152975, 67761
153227, 67761
153593, 67761
153611, 67761
153638, 67761
153929, 67761
154053, 67761
154308, 67761
154755, 67761
154810, 67761
154844, 67761
155246, 67761
155665, 67761
155827, 67761
156677, 67761
156703, 67761
156861, 67761
157249, 67761
157451, 67761
157553, 67761
157591, 67761
157694, 67761
157866, 67761
158414, 67761
159075, 67761
160492, 67761
160742, 67761
161139, 67761
162166, 67761
162360, 67761
162591, 67761
162631, 67761
163330, 67761
163591, 67761
164659, 67761
164837, 67761
165520, 67761
165902, 67761
165965, 67761
166182, 67761
166722, 67761
167120, 67761
167599, 67761
167958, 67761
168096, 67761
168348, 67761
169976, 67761
170009, 67761
170011, 67761
170193, 67761
170235, 67761
171266, 67761
172057, 67761
172305, 67761
172500, 67761
173260, 67761
173572, 67761
173621, 67761
173774, 67761
174121, 67761
174186, 67761
175014, 67761
175430, 67761
175896, 67761
176782, 67761
177155, 67761
177257, 67761
178330, 67761
178659, 67761
179057, 67761
179143, 67761
179227, 67761
179305, 67761
180083, 67761
180219, 67761
180449, 67761
180589, 67761
181159, 67761
181272, 67761
181867, 67761
183489, 67761
183607, 67761
183637, 67761
183696, 67761
184967, 67761
185552, 67761
185917, 67761
186162, 67761
186571, 67761
186628, 67761
187353, 67761
187655, 67761
188463, 67761
188574, 67761
188686, 67761
189464, 67761
189872, 67761
190473, 67761
190479, 67761
191522, 67761
191625, 67761
192051, 67761
192286, 67761
192484, 67761
192519, 67761
192718, 67761
192809, 67761
193089, 67761
193649, 67761
193913, 67761
194297, 67761
194417, 67761
194627, 67761
194774, 67761
194817, 67761
194904, 67761
196026, 67761
196258, 67761
196294, 67761
197342, 67761
199072, 67761
199364, 67761
199607, 67761
200488, 67761
200995, 67761
201239, 67761
201880, 67761
203266, 67761
204251, 67761
204597, 67761
205499, 67761
205842, 67761
205909, 67761
206981, 67761
207444, 67761
207561, 67761
207838, 67761
207984, 67761
208058, 67761
208336, 67761
208607, 67761
208692, 67761
210292, 67761
210393, 67761
210817, 67761
210939, 67761
210944, 67761
211497, 67761
211661, 67761
211883, 67761
212334, 67761
212494, 67761
212560, 67761
212599, 67761
212603, 67761
212713, 67761
213814, 67761
213899, 67761
213925, 67761
214057, 67761
214680, 67761
214759, 67761
215675, 67761
215914, 67761
216593, 67761
216774, 67761
217345, 67761
217976, 67761
218270, 67761
218323, 67761
218820, 67761
219558, 67761
219561, 67761
220159, 67761
220347, 67761
220382, 67761
222070, 67761
222404, 67761
222509, 67761
222602, 67761
222662, 67761
222901, 67761
223217, 67761
223249, 67761
223954, 67761
224270, 67761
224359, 67761
224820, 67761
225080, 67761
225230, 67761
225377, 67761
225431, 67761
225675, 67761
225972, 67761
226057, 67761
226149, 67761
226287, 67761
226422, 67761
226438, 67761
226682, 67761
226784, 67761
226859, 67761
227575, 67761
227917, 67761
228786, 67761
229344, 67761
229836, 67761
229976, 67761
230020, 67761
230159, 67761
230285, 67761
230596, 67761
230804, 67761
231076, 67761
231088, 67761
231119, 67761
231158, 67761
231416, 67761
231460, 67761
231482, 67761
231708, 67761
232100, 67761
232175, 67761
232516, 67761
232774, 67761
233323, 67761
233456, 67761
233651, 67761
233887, 67761
234152, 67761
234156, 67761
234714, 67761
235170, 67761
237424, 67761
238123, 67761
238323, 67761
239118, 67761
239119, 67761
239490, 67761
240416, 67761
240439, 67761
240505, 67761
240580, 67761
240652, 67761
240761, 67761
241076, 67761
241899, 67761
242244, 67761
242383, 67761
242468, 67761
242717, 67761
243072, 67761
243205, 67761
243219, 67761
243583, 67761
243930, 67761
244608, 67761
244650, 67761
244957, 67761
245929, 67761
246969, 67761
246996, 67761
247076, 67761
247215, 67761
247334, 67761
247346, 67761
248056, 67761
248691, 67761
248740, 67761
249371, 67761
249669, 67761
249931, 67761
250003, 67761
250197, 67761
250861, 67761
251044, 67761
251442, 67761
251620, 67761
251640, 67761
251894, 67761
251995, 67761
252466, 67761
253542, 67761
254050, 67761
254168, 67761
254325, 67761
254462, 67761
254573, 67761
254643, 67761
254821, 67761
255253, 67761
255605, 67761
256032, 67761
256052, 67761
256092, 67761
256687, 67761
256766, 67761
256807, 67761
256858, 67761
256915, 67761
257042, 67761
257103, 67761
257252, 67761
257266, 67761
257448, 67761
258058, 67761
258210, 67761
258431, 67761
258690, 67761
259379, 67761
260401, 67761
260780, 67761
260792, 67761
261649, 67761
261909, 67761
261931, 67761
261933, 67761
261946, 67761
262011, 67761
263842, 67761
264177, 67761
265161, 67761
265478, 67761
265627, 67761
265724, 67761
266519, 67761
266775, 67761
266876, 67761
267134, 67761
267510, 67761
267743, 67761
267780, 67761
268056, 67761
269014, 67761
269030, 67761
269102, 67761
269743, 67761
269807, 67761
270733, 67761
270839, 67761
271075, 67761
271191, 67761
271239, 67761
271687, 67761
271882, 67761
272157, 67761
273151, 67761
273193, 67761
273322, 67761
273755, 67761
274249, 67761
274277, 67761
275011, 67761
275436, 67761
275923, 67761
276390, 67761
276637, 67761
276792, 67761
276910, 67761
277069, 67761
277539, 67761
277987, 67761
278493, 67761
278553, 67761
278608, 67761
278615, 67761
279289, 67761
280077, 67761
281022, 67761
281031, 67761
281477, 67761
281968, 67761
282022, 67761
282522, 67761
282675, 67761
283240, 67761
283432, 67761
283672, 67761
284018, 67761
284024, 67761
284046, 67761
284197, 67761
284488, 67761
284930, 67761
285035, 67761
285212, 67761
285504, 67761
285513, 67761
285679, 67761
286220, 67761
286814, 67761
286974, 67761
287352, 67761
287450, 67761
287835, 67761
288222, 67761
288457, 67761
289288, 67761
289405, 67761
289487, 67761
290116, 67761
290198, 67761
291384, 67761
291401, 67761
291796, 67761
291890, 67761
291983, 67761
291996, 67761
292205, 67761
293162, 67761
293559, 67761
293626, 67761
293684, 67761
293831, 67761
293874, 67761
293880, 67761
294098, 67761
294541, 67761
294946, 67761
295295, 67761
295367, 67761
295806, 67761
194310, 67624
283655, 67624
8012, 67544
12746, 67544
12809, 67544
13021, 67544
13168, 67544
18630, 67544
47693, 67544
60436, 67544
102509, 67544
123559, 67544
127130, 67544
152546, 67544
155209, 67544
160658, 67544
163303, 67544
166335, 67544
187601, 67544
194962, 67544
196055, 67544
203949, 67544
212298, 67544
250590, 67544
253375, 67544
254216, 67488
58243, 67308
112079, 67308
141143, 67308
199404, 67308
271756, 67308
91648, 67279
101219, 67279
108939, 67279
110511, 67279
110530, 67279
114228, 67279
114294, 67279
116600, 67279
120113, 67279
135364, 67279
138318, 67279
139005, 67279
139532, 67279
147171, 67279
148952, 67279
149267, 67279
149931, 67279
150368, 67279
150740, 67279
152845, 67279
157505, 67279
159721, 67279
160816, 67279
161930, 67279
166786, 67279
166993, 67279
168416, 67279
169483, 67279
170686, 67279
177461, 67279
178649, 67279
180703, 67279
183033, 67279
184152, 67279
185795, 67279
189181, 67279
198341, 67279
200359, 67279
202686, 67279
202852, 67279
203089, 67279
208805, 67279
220684, 67279
222021, 67279
224728, 67279
227245, 67279
227492, 67279
229124, 67279
234329, 67279
237985, 67279
242525, 67279
243898, 67279
244454, 67279
250357, 67279
250612, 67279
252875, 67279
253912, 67279
254302, 67279
254941, 67279
257704, 67279
259637, 67279
262035, 67279
262365, 67279
264103, 67279
265829, 67279
266370, 67279
267710, 67279
278336, 67279
279897, 67279
280863, 67279
281312, 67279
282021, 67279
284176, 67279
288035, 67279
290793, 67279
291072, 67279
294421, 67279
295524, 67279
197030, 67278
94687, 67271
112016, 67271
112037, 67271
113154, 67271
114449, 67271
115531, 67271
120517, 67271
124130, 67271
135270, 67271
136638, 67271
141126, 67271
144940, 67271
147825, 67271
160506, 67271
163445, 67271
164727, 67271
165569, 67271
169485, 67271
169690, 67271
181140, 67271
182851, 67271
186047, 67271
187955, 67271
198185, 67271
198918, 67271
199390, 67271
200028, 67271
200569, 67271
200722, 67271
201251, 67271
202010, 67271
204523, 67271
209468, 67271
214957, 67271
216856, 67271
220784, 67271
220896, 67271
222378, 67271
231198, 67271
232320, 67271
233368, 67271
233748, 67271
234331, 67271
236734, 67271
243830, 67271
244667, 67271
256337, 67271
268659, 67271
271334, 67271
272737, 67271
282542, 67271
285095, 67271
285182, 67271
290796, 67271
291515, 67271
137457, 67091
144139, 66929
151769, 66929
172914, 66929
181207, 66929
200990, 66929
211548, 66929
252635, 66929
153899, 66722
160313, 66722
177311, 66722
200947, 66722
221401, 66722
250265, 66722
278596, 66722
280050, 66722
288324, 66722
292922, 66722
152818, 66689
182081, 66614
225887, 66614
272202, 66614
247091, 66587
134208, 66321
151690, 66321
194531, 66321
131255, 66309
156671, 66309
162179, 66309
168290, 66309
34580, 66300
83278, 66300
105397, 66300
8765, 66266
18671, 66266
164851, 66266
165291, 66266
86451, 65978
142301, 65949
154004, 65949
199439, 65949
12067, 65898
23319, 65898
23897, 65898
28831, 65898
63836, 65898
66535, 65898
85523, 65898
98473, 65898
109122, 65898
146325, 65898
148818, 65898
167781, 65898
39778, 65868
50087, 65868
52106, 65868
55739, 65868
62538, 65868
66401, 65868
75998, 65868
85615, 65868
92698, 65868
95064, 65868
132161, 65868
138149, 65868
256425, 65868
24434, 65840
28627, 65840
39990, 65840
64457, 65840
64962, 65840
65082, 65840
86199, 65840
104958, 65840
27432, 65737
27975, 65737
31035, 65737
38268, 65737
40790, 65737
43579, 65737
44938, 65737
47676, 65737
49542, 65737
54984, 65737
59261, 65737
62272, 65737
63948, 65737
68593, 65737
108718, 65737
3010, 65671
14234, 65671
141953, 65575
160179, 65575
161903, 65575
163090, 65575
177144, 65575
197770, 65575
235962, 65575
253135, 65575
256456, 65575
266207, 65575
280136, 65575
163081, 65568
144045, 65539
146673, 65539
186055, 65539
208550, 65539
215701, 65539
219312, 65539
243917, 65539
247480, 65539
255875, 65539
280176, 65539
288150, 65539
293557, 65539
150633, 65469
81306, 65287
136373, 65287
222272, 65287
287978, 65287
47323, 64939
148819, 64688
188186, 64541
295772, 64318
26948, 64132
28840, 64132
98591, 64132
103997, 64132
113483, 64132
161459, 64132
14567, 64000
14755, 64000
15367, 64000
20040, 64000
30617, 64000
50862, 64000
64524, 63948
219996, 63912
54310, 63822
198354, 63654
206087, 63633
65096, 63444
80819, 63444
166456, 63435
252489, 63435
796, 63399
113482, 63358
114108, 63358
133734, 63358
138060, 63358
141930, 63358
150063, 63358
164301, 63358
170123, 63358
188904, 63358
201907, 63358
216255, 63358
243909, 63358
244332, 63358
250699, 63358
255105, 63358
267472, 63358
269491, 63358
283698, 63358
285845, 63358
296019, 63358
95404, 63345
96495, 63345
99129, 63345
105871, 63345
118806, 63345
134870, 63345
142419, 63345
150564, 63345
152705, 63345
172311, 63345
173868, 63345
201763, 63345
206606, 63345
208741, 63345
211006, 63345
222788, 63345
228653, 63345
229636, 63345
232405, 63345
233462, 63345
248785, 63345
249539, 63345
253800, 63345
255331, 63345
259245, 63345
268007, 63345
268400, 63345
269228, 63345
275371, 63345
276996, 63345
279646, 63345
282796, 63345
283346, 63345
284563, 63345
288337, 63345
290745, 63345
126917, 63295
133092, 63295
142661, 63295
156569, 63295
160859, 63295
162508, 63295
164514, 63295
176249, 63295
178996, 63295
183417, 63295
191916, 63295
211297, 63295
229731, 63295
231613, 63295
252827, 63295
254710, 63295
258267, 63295
281275, 63295
288705, 63295
293833, 63295
179632, 63250
188623, 63250
177037, 63093
54286, 63011
126351, 63011
267246, 63003
118547, 62954
120043, 62954
120146, 62954
136621, 62954
141663, 62954
142169, 62954
149105, 62954
153361, 62954
161972, 62954
178512, 62954
202637, 62954
202638, 62954
203751, 62954
206241, 62954
249347, 62954
273315, 62954
150861, 62934
224190, 62934
289714, 62807
96084, 62696
166984, 62696
174729, 62696
196044, 62696
200412, 62696
201736, 62696
231503, 62696
255816, 62696
292893, 62696
131960, 62687
136417, 62687
159274, 62687
208681, 62687
228063, 62687
228507, 62687
242698, 62687
261777, 62687
106966, 62666
114852, 62666
114876, 62666
116867, 62666
142020, 62666
143544, 62666
148332, 62666
154598, 62666
165001, 62666
168142, 62666
171761, 62666
174109, 62666
174535, 62666
174539, 62666
174558, 62666
176855, 62666
181661, 62666
182285, 62666
182388, 62666
190388, 62666
190922, 62666
193216, 62666
193948, 62666
196530, 62666
199773, 62666
200939, 62666
201191, 62666
202815, 62666
203515, 62666
210139, 62666
215757, 62666
220156, 62666
239085, 62666
242370, 62666
244651, 62666
252468, 62666
252498, 62666
255803, 62666
260117, 62666
264955, 62666
276412, 62666
277396, 62666
152882, 62596
206511, 62596
208184, 62596
286881, 62596
121970, 62593
148412, 62593
152204, 62593
162358, 62593
179280, 62593
235784, 62593
246226, 62593
276358, 62593
290288, 62593
294876, 62593
8264, 62589
20829, 62589
30203, 62589
51361, 62589
54844, 62589
55033, 62589
63233, 62589
70773, 62589
72296, 62589
74861, 62589
85463, 62589
92130, 62589
112138, 62589
126005, 62589
134477, 62589
136796, 62589
138213, 62589
151330, 62589
155191, 62589
180274, 62589
211954, 62589
213913, 62589
221021, 62589
236529, 62589
14892, 62559
101216, 62559
20827, 62556
35289, 62556
181089, 62556
274361, 62495
49907, 62492
50116, 62492
193407, 62421
89137, 62371
228105, 62371
264446, 62226
172865, 62128
276679, 61649
17637, 61625
21559, 61625
22723, 61625
24283, 61625
27067, 61625
69708, 61625
204167, 61625
222194, 61625
230022, 61625
262615, 61625
206357, 61547
198600, 61528
205978, 61528
252295, 61528
256611, 61528
214430, 61519
122550, 61475
132962, 61475
141213, 61475
147892, 61475
167963, 61475
195505, 61475
67354, 61448
128392, 61080
183370, 61080
205771, 61080
211822, 61080
279428, 61080
281156, 61080
293794, 61080
249736, 60850
1400, 60838
136877, 60838
150014, 60838
238971, 60838
247278, 60838
228849, 60712
97678, 60656
203010, 60656
91504, 60616
111028, 60616
252686, 60616
270361, 60616
284394, 60616
285432, 60616
89706, 60438
123048, 60416
210484, 60416
132501, 60266
252962, 60266
193104, 60221
200162, 60221
222326, 60221
223791, 60221
245258, 60221
277142, 60221
285144, 60221
22778, 60159
23215, 60159
23413, 60159
28068, 60159
30764, 60159
31629, 60159
35491, 60159
37308, 60159
39879, 60159
41085, 60159
44064, 60159
47454, 60159
51397, 60159
56939, 60159
59583, 60159
181798, 60159
93515, 60113
100944, 60027
121622, 60027
122953, 60027
125722, 60027
126070, 60027
128967, 60027
130661, 60027
133119, 60027
138969, 60027
216498, 60027
219151, 60027
266406, 60027
286375, 60027
287751, 59917
247029, 59886
249746, 59886
143188, 59756
172762, 59756
209483, 59756
215894, 59756
266833, 59756
37640, 59389
82136, 59389
170237, 59389
173843, 59389
257759, 59389
273854, 59389
288981, 59389
293041, 59389
86895, 59328
91170, 59328
143126, 59288
22372, 59093
31148, 59093
63974, 59093
188141, 59093
197180, 59093
221998, 59093
231342, 59093
246924, 59093
230191, 59046
253385, 59046
87580, 59021
227784, 59021
246821, 59021
254315, 59021
140961, 58752
149445, 58752
181012, 58752
206098, 58752
215532, 58752
244882, 58752
256259, 58752
130107, 58733
280856, 58594
223151, 58536
235683, 58536
252415, 58536
3402, 58511
6218, 58511
9046, 58511
16802, 58511
23043, 58511
33232, 58511
36818, 58511
41652, 58511
47915, 58511
51549, 58511
66478, 58511
66634, 58511
69801, 58511
78648, 58511
83798, 58511
90833, 58511
98692, 58511
102094, 58511
105309, 58511
113453, 58511
118348, 58511
118533, 58511
119075, 58511
127903, 58511
127960, 58511
128615, 58511
149885, 58511
150110, 58511
152477, 58511
177182, 58511
185471, 58511
196653, 58511
200062, 58511
202972, 58511
212565, 58511
212627, 58511
239245, 58511
252603, 58511
254786, 58511
259311, 58511
267421, 58511
269136, 58511
269144, 58511
269392, 58511
272850, 58511
274778, 58511
280573, 58511
118207, 58331
135163, 58331
175637, 58331
221574, 58331
235670, 58331
288835, 58331
246518, 58167
159722, 57779
125915, 57457
262845, 56694
49108, 56152
130430, 56152
285505, 56056
6189, 55769
7638, 55769
10013, 55769
15354, 55769
16804, 55769
22515, 55769
23697, 55769
24526, 55769
26196, 55769
37729, 55769
37944, 55769
41860, 55769
47265, 55769
48228, 55769
49601, 55769
50562, 55769
52025, 55769
52592, 55769
54003, 55769
54229, 55769
60445, 55769
62871, 55769
64055, 55769
64681, 55769
70201, 55769
70328, 55769
79651, 55769
84053, 55769
92280, 55769
95524, 55769
99941, 55769
103220, 55769
104399, 55769
107978, 55769
109071, 55769
110022, 55769
110954, 55769
114404, 55769
114536, 55769
116587, 55769
117636, 55769
119700, 55769
119811, 55769
121204, 55769
121530, 55769
124234, 55769
124963, 55769
126896, 55769
129040, 55769
129251, 55769
129560, 55769
135019, 55769
138429, 55769
138577, 55769
142354, 55769
144263, 55769
144534, 55769
147839, 55769
148462, 55769
152756, 55769
153284, 55769
154367, 55769
155329, 55769
159307, 55769
160566, 55769
160874, 55769
163986, 55769
165147, 55769
166058, 55769
166321, 55769
169947, 55769
177607, 55769
184952, 55769
184969, 55769
189705, 55769
194615, 55769
196160, 55769
200022, 55769
202892, 55769
208143, 55769
208654, 55769
208959, 55769
211415, 55769
212416, 55769
212995, 55769
213377, 55769
214404, 55769
216539, 55769
218293, 55769
225388, 55769
228223, 55769
236378, 55769
236398, 55769
237000, 55769
238350, 55769
240362, 55769
240918, 55769
243336, 55769
243767, 55769
243820, 55769
245603, 55769
248213, 55769
248894, 55769
255463, 55769
255593, 55769
256954, 55769
261696, 55769
263266, 55769
264026, 55769
266246, 55769
267497, 55769
268124, 55769
269617, 55769
270151, 55769
272045, 55769
272187, 55769
273892, 55769
274461, 55769
280022, 55769
281539, 55769
286895, 55769
287446, 55769
287798, 55769
287940, 55769
287964, 55769
289604, 55769
290789, 55769
15852, 55623
33636, 55623
43339, 55623
76077, 55623
9843, 55535
12469, 55535
115817, 55535
123913, 55535
136515, 55535
144992, 55535
153738, 55535
178199, 55535
212197, 55535
238091, 55535
272753, 55535
276055, 55535
81481, 55252
211186, 55078
233817, 55035
16944, 54893
212, 54863
15204, 54863
119527, 54863
243751, 54863
178558, 54146
184202, 54146
107545, 54059
284795, 53392
141651, 53321
207103, 53321
270833, 53321
228854, 53254
184543, 52718
222590, 52718
100378, 52664
222395, 52098
252553, 51914
268279, 51826
268780, 51826
125822, 51798
144927, 51798
159418, 51798
171785, 51798
174788, 51798
207661, 51798
242974, 51798
137703, 51625
74656, 50712
269998, 50712
8095, 50442
14185, 50442
18996, 50442
43045, 50442
43807, 50442
44997, 50442
48154, 50442
54282, 50442
66097, 50442
69739, 50442
78258, 50442
88294, 50442
93018, 50442
103935, 50442
106840, 50442
112522, 50442
115046, 50442
117464, 50442
119976, 50442
137441, 50442
150829, 50442
182155, 50442
193473, 50442
200393, 50442
221139, 50442
226647, 50442
249099, 50442
259951, 50442
273150, 50309
124782, 50308
167355, 50308
163997, 50214
167933, 50214
198762, 49658
24473, 49298
94137, 49100
183452, 49100
230198, 49100
294310, 49100
206675, 49071
213492, 48780
31400, 48678
104372, 48678
197422, 48678
278931, 48678
171595, 48130
232823, 48130
245989, 47732
204882, 46612
81151, 46094
130376, 46094
233522, 46094
282800, 46062
269582, 45085
280505, 45085
252973, 44822
91467, 44582
250859, 44201
166874, 44167
114657, 44024
196799, 44024
217270, 44024
292191, 44024
250100, 43784
251911, 43498
147133, 43461
216397, 42859
261340, 42859
283797, 42859
84562, 42632
227566, 42350
99106, 41476
197117, 40860
89221, 40622
145681, 40599
197131, 40156
237227, 40156
240175, 40156
47907, 39814
67440, 39814
68869, 39814
70334, 39814
138618, 39814
260159, 39814
250245, 39616
272723, 39438
196618, 39361
266931, 39340
12544, 39335
294812, 39049
43474, 38654
95876, 38654
235844, 37517
223245, 36108
134860, 35829
189205, 34998
197251, 34998
228058, 34726
42300, 34710
50289, 34710
54800, 34710
55506, 34710
69256, 34710
100297, 34710
101099, 34710
105778, 34710
108820, 34710
116095, 34710
120350, 34710
127816, 34710
132335, 34710
132473, 34710
145184, 34710
153556, 34710
168074, 34710
171107, 34710
175120, 34710
185872, 34710
192856, 34710
200796, 34710
205410, 34710
225422, 34710
225606, 34710
227349, 34710
235861, 34710
246576, 34710
268958, 34710
282976, 34710
283051, 34710
289827, 34710
295047, 34710
82820, 34279
134715, 34279
159593, 34279
162674, 34279
203707, 34279
221645, 34279
230947, 34279
265566, 34279
282290, 34279
289737, 34279
230812, 34239
245677, 34239
256144, 34239
261717, 34239
277059, 34239
140255, 34211
152900, 34211
201794, 34211
220736, 34211
34281, 33997
40187, 33997
41017, 33997
41428, 33997
42311, 33997
278120, 33967
46299, 33885
122115, 33719
210733, 33719
278406, 33719
114832, 33561
162163, 33561
168312, 33561
194476, 33561
202687, 33561
221176, 33561
240978, 33561
271964, 33561
285, 33549
659, 33549
714, 33549
991, 33549
2269, 33549
2594, 33549
10192, 33549
52454, 33549
52554, 33549
52679, 33549
54331, 33549
61708, 33549
65648, 33549
73602, 33549
78081, 33549
79592, 33549
88131, 33549
90141, 33549
90664, 33549
94685, 33549
99742, 33549
99895, 33549
99909, 33549
100222, 33549
100871, 33549
106467, 33549
107250, 33549
112498, 33549
115137, 33549
116090, 33549
116549, 33549
124757, 33549
129820, 33549
130139, 33549
135158, 33549
137743, 33549
138639, 33549
139058, 33549
142056, 33549
142387, 33549
143756, 33549
145495, 33549
147768, 33549
150385, 33549
151726, 33549
158737, 33549
160660, 33549
161309, 33549
161452, 33549
161474, 33549
163475, 33549
165165, 33549
169029, 33549
170248, 33549
171418, 33549
172977, 33549
173656, 33549
174981, 33549
178197, 33549
179236, 33549
185695, 33549
186937, 33549
189483, 33549
189775, 33549
190135, 33549
190159, 33549
193245, 33549
194871, 33549
194906, 33549
196220, 33549
198858, 33549
199922, 33549
200783, 33549
202589, 33549
205484, 33549
205810, 33549
206307, 33549
208109, 33549
208967, 33549
210688, 33549
211507, 33549
212473, 33549
212878, 33549
213756, 33549
215307, 33549
217417, 33549
217501, 33549
220598, 33549
220806, 33549
221906, 33549
222029, 33549
222939, 33549
223374, 33549
224479, 33549
225383, 33549
226880, 33549
229252, 33549
229467, 33549
234319, 33549
236719, 33549
237154, 33549
237557, 33549
237637, 33549
238721, 33549
238920, 33549
239441, 33549
244265, 33549
244445, 33549
247897, 33549
251714, 33549
256317, 33549
258921, 33549
262434, 33549
265440, 33549
273728, 33549
273734, 33549
279182, 33549
279819, 33549
280318, 33549
283228, 33549
286516, 33549
291220, 33549
292242, 33549
296366, 33549
120139, 33307
175168, 33307
223188, 33307
266392, 33307
16053, 33111
17170, 33111
17589, 33111
18567, 33111
18577, 33111
18583, 33111
18666, 33111
18698, 33111
18710, 33111
18786, 33111
19061, 33111
19690, 33111
19748, 33111
20014, 33111
20282, 33111
20382, 33111
20434, 33111
20662, 33111
21226, 33111
22053, 33111
46041, 33083
143517, 33083
207149, 33083
259155, 33083
15656, 33007
16533, 32990
16996, 32990
18287, 32990
19279, 32990
20171, 32990
20998, 32990
21086, 32990
22839, 32990
30110, 32959
33494, 32959
35328, 32959
35816, 32959
36325, 32959
37457, 32959
37596, 32959
37876, 32959
43978, 32959
44920, 32959
33629, 32861
33639, 32861
34202, 32861
34406, 32861
35058, 32861
35278, 32861
37081, 32861
37103, 32861
37532, 32861
37681, 32861
37740, 32861
38321, 32861
38656, 32861
39450, 32861
39859, 32861
40707, 32861
40779, 32861
40833, 32861
41044, 32861
41437, 32861
41613, 32861
43092, 32861
43594, 32861
44083, 32861
44888, 32861
45942, 32861
46375, 32861
39635, 32773
41033, 32773
14386, 32713
15384, 32658
102890, 32621
163292, 32493
55396, 32451
71655, 32451
214748, 32451
233722, 32451
249308, 32451
263799, 32451
278884, 32451
206910, 32379
214629, 32379
218952, 32379
255258, 32379
269660, 32379
83279, 32277
39959, 32222
65077, 31882
145411, 31882
259321, 31882
289456, 31882
93322, 31775
185224, 31747
278498, 31747
30063, 31685
22471, 31619
16993, 31594
19257, 31594
23721, 31594
24507, 31594
24702, 31594
25054, 31594
26403, 31594
26497, 31594
26666, 31594
27807, 31594
27913, 31594
28447, 31594
28495, 31594
28680, 31594
29714, 31594
30086, 31594
30115, 31594
30237, 31594
30582, 31594
31025, 31594
31214, 31594
31322, 31594
31836, 31594
265761, 31473
20487, 31461
26762, 31450
99016, 31448
123867, 31448
139743, 31448
150466, 31448
200694, 31448
32612, 31362
33343, 31362
33347, 31362
33762, 31362
34972, 31362
35092, 31362
35425, 31362
39731, 31362
40120, 31362
40455, 31362
41344, 31362
43432, 31362
28558, 31345
29150, 31345
32475, 31345
37577, 31345
38080, 31325
39788, 31325
30338, 31307
34129, 31307
37723, 31307
40202, 31307
30356, 31293
42081, 31293
49767, 31293
29954, 31275
34447, 31275
38692, 31272
198107, 31248
216279, 31248
84980, 31194
194797, 31194
257814, 31194
119572, 31030
7988, 31006
14307, 30965
23109, 30965
23861, 30965
24862, 30965
25200, 30965
25760, 30965
26368, 30965
26651, 30965
26901, 30965
26913, 30965
27193, 30965
27340, 30965
28018, 30965
28909, 30965
28958, 30965
28975, 30965
29004, 30965
29007, 30965
29065, 30965
30959, 30965
31264, 30965
21460, 30963
22880, 30963
23775, 30963
24193, 30963
24655, 30963
24740, 30963
25480, 30963
25593, 30963
26549, 30963
26708, 30963
27120, 30963
27142, 30963
27342, 30963
28060, 30963
28349, 30963
29375, 30963
30073, 30963
31374, 30963
32511, 30963
37901, 30959
41631, 30959
5544, 30947
11899, 30906
36359, 30893
18322, 30811
19792, 30811
20119, 30811
20717, 30811
23738, 30811
25015, 30811
25638, 30811
26877, 30811
27876, 30811
640, 30776
225693, 30641
40978, 30573
33726, 30569
34044, 30522
44171, 30436
45560, 30436
48077, 30436
48472, 30436
52122, 30436
24144, 30328
17145, 30269
17807, 30269
105601, 30146
150502, 30146
62246, 30079
64263, 30079
139494, 30079
261278, 30079
22636, 30078
24419, 30078
15161, 30065
17309, 30065
18552, 30065
19247, 30065
20256, 30065
20482, 30065
20964, 30065
21104, 30065
21190, 30065
21585, 30065
21657, 30065
21782, 30065
21816, 30065
21986, 30065
22618, 30065
22807, 30065
22821, 30065
22907, 30065
22914, 30065
22982, 30065
23035, 30065
23130, 30065
23598, 30065
23852, 30065
24451, 30065
24538, 30065
24610, 30065
26190, 30065
26501, 30065
26639, 30065
32821, 30065
53475, 30065
19077, 30061
22079, 30061
23079, 30061
24444, 30061
25057, 30061
25612, 30061
31907, 30050
30867, 30040
35256, 30040
26739, 30017
29139, 30017
29443, 30017
29555, 30017
32015, 30017
32159, 30017
33359, 30017
34217, 30017
35972, 30017
36434, 30017
36444, 30017
36554, 30017
37780, 30017
37918, 30017
38454, 30017
47295, 30017
48115, 30017
14316, 29980
16194, 29980
17055, 29980
18470, 29980
18511, 29980
19867, 29980
20436, 29980
20530, 29980
20745, 29980
20860, 29980
21066, 29980
21431, 29980
22012, 29980
22098, 29980
22183, 29980
23641, 29980
23732, 29980
24008, 29980
24120, 29980
24741, 29980
24922, 29980
25243, 29980
25460, 29980
25508, 29980
25604, 29980
26468, 29980
27509, 29980
27611, 29980
27999, 29980
28193, 29980
29080, 29980
34268, 29980
2056, 29879
12616, 29838
16337, 29838
18973, 29838
21191, 29838
21601, 29838
21726, 29838
21758, 29838
22808, 29838
3517, 29830
5429, 29795
5970, 29795
6059, 29795
6246, 29795
53408, 29767
112437, 29767
148381, 29767
227613, 29767
25936, 29736
26395, 29736
28050, 29736
29653, 29736
29876, 29736
30280, 29736
31825, 29736
33160, 29736
33390, 29736
34998, 29736
14040, 29709
15461, 29709
18229, 29694
19450, 29694
257358, 29694
14686, 29672
15145, 29672
23179, 29546
33122, 29546
28681, 29543
10643, 29540
11807, 29540
13409, 29540
9102, 29522
3265, 29519
122922, 29519
273152, 29519
15318, 29410
18950, 29410
19713, 29410
48988, 29406
15262, 29391
34733, 29391
36684, 29391
37401, 29391
37539, 29391
38060, 29391
39735, 29391
40071, 29391
40633, 29391
40649, 29391
40763, 29391
40880, 29391
41274, 29391
41432, 29391
41462, 29391
41716, 29391
41906, 29391
42781, 29391
43160, 29391
43772, 29391
44370, 29391
44773, 29391
45033, 29391
45865, 29391
46179, 29391
46482, 29391
46613, 29391
47013, 29391
47307, 29391
47524, 29391
47910, 29391
48153, 29391
48353, 29391
48489, 29391
48614, 29391
48996, 29391
49088, 29391
49107, 29391
49392, 29391
49394, 29391
49616, 29391
49839, 29391
49897, 29391
49947, 29391
50176, 29391
50387, 29391
50559, 29391
51087, 29391
51091, 29391
51347, 29391
52067, 29391
52995, 29391
53001, 29391
53120, 29391
53177, 29391
53868, 29391
55005, 29391
55532, 29391
55844, 29391
56008, 29391
56222, 29391
57707, 29391
58230, 29391
58289, 29391
58834, 29391
24696, 29378
40546, 29378
45840, 29378
1156, 29323
12190, 29176
14571, 29176
15366, 29176
15804, 29176
15980, 29176
16492, 29176
16516, 29176
16553, 29176
16906, 29176
17156, 29176
17177, 29176
19217, 29176
20696, 29176
20249, 29170
158748, 29146
15502, 29122
16935, 29122
16948, 29122
13271, 29104
13985, 29104
14137, 29104
14969, 29104
15805, 29104
45265, 29091
36167, 29060
21319, 29043
22126, 29043
26452, 29043
28914, 29043
31834, 29043
32478, 29043
33971, 29043
37405, 29043
40000, 29043
40819, 29043
41695, 29043
42046, 29043
42638, 29043
42928, 29043
43449, 29043
43736, 29043
43757, 29043
44192, 29043
44690, 29043
44933, 29043
45530, 29043
45632, 29043
47419, 29043
48272, 29043
48465, 29043
49098, 29043
49177, 29043
49888, 29043
50845, 29043
50995, 29043
51851, 29043
52381, 29043
52384, 29043
52877, 29043
53241, 29043
54035, 29043
55233, 29043
55591, 29043
55675, 29043
281534, 29043
11366, 29034
11403, 29034
36144, 29031
39862, 29031
43622, 29031
43891, 29031
47443, 29031
47832, 29031
47949, 29031
49484, 29031
49536, 29031
49602, 29031
49617, 29031
50401, 29031
52320, 29031
52585, 29031
52993, 29031
55764, 29031
39533, 29029
32420, 28957
36764, 28957
37645, 28957
38242, 28957
38854, 28957
39141, 28957
40166, 28957
41493, 28957
42523, 28957
43867, 28957
43898, 28957
43964, 28957
44177, 28957
46066, 28957
46363, 28957
48311, 28957
48696, 28957
49406, 28957
49987, 28957
50153, 28957
50428, 28957
50813, 28957
24073, 28936
24225, 28936
25976, 28936
27079, 28936
27092, 28936
29312, 28936
29600, 28936
29643, 28936
29743, 28936
30018, 28936
30214, 28936
30297, 28936
30466, 28936
30581, 28936
30704, 28936
31159, 28936
31191, 28936
31257, 28936
31469, 28936
31774, 28936
32022, 28936
32068, 28936
32139, 28936
32455, 28936
32493, 28936
33591, 28936
34019, 28936
34153, 28936
34171, 28936
34230, 28936
34233, 28936
34523, 28936
34540, 28936
35046, 28936
35095, 28936
35135, 28936
35285, 28936
35547, 28936
35656, 28936
36009, 28936
36091, 28936
36124, 28936
37383, 28936
37975, 28936
38043, 28936
38446, 28936
22806, 28901
37232, 28831
37847, 28831
38962, 28831
39509, 28831
39981, 28831
40966, 28831
10762, 28770
13141, 28770
14191, 28770
14459, 28770
14621, 28770
15040, 28770
8273, 28738
8931, 28738
9377, 28738
11782, 28738
34822, 28675
225463, 28592
14023, 28550
25290, 28486
25486, 28486
29359, 28486
31365, 28486
31423, 28486
32699, 28486
34468, 28486
34582, 28486
36758, 28486
36806, 28486
37897, 28486
38070, 28486
38292, 28486
38469, 28486
38544, 28486
39715, 28486
39784, 28486
39885, 28486
39939, 28486
40641, 28486
41567, 28486
41896, 28486
42417, 28486
42760, 28486
42802, 28486
43630, 28486
43763, 28486
43768, 28486
43853, 28486
44052, 28486
44123, 28486
44199, 28486
44455, 28486
44628, 28486
44893, 28486
45853, 28486
45919, 28486
46371, 28486
46399, 28486
47485, 28486
48071, 28486
48104, 28486
48750, 28486
50333, 28486
50563, 28486
50676, 28486
7949, 28464
9292, 28464
9982, 28464
11322, 28464
33575, 28451
37806, 28451
39185, 28451
41657, 28451
19374, 28430
21130, 28430
22262, 28430
28260, 28418
34871, 28418
34353, 28364
39431, 28364
41465, 28364
41535, 28364
42443, 28364
42722, 28364
42911, 28364
43062, 28364
43658, 28364
44143, 28364
44338, 28364
44643, 28364
45076, 28364
45385, 28364
45471, 28364
45543, 28364
46086, 28364
46287, 28364
47446, 28364
48556, 28364
48663, 28364
48822, 28364
49245, 28364
49813, 28364
50045, 28364
50482, 28364
53585, 28364
54048, 28364
40241, 28362
25453, 28249
27115, 28249
29896, 28249
30347, 28249
30392, 28249
30635, 28249
30898, 28249
31286, 28249
31474, 28249
32626, 28249
33341, 28249
33466, 28249
35450, 28249
46324, 28207
47413, 28207
32793, 28078
24946, 28029
32183, 28029
33955, 28002
37163, 27996
32718, 27988
34834, 27988
45296, 27988
52134, 27988
54150, 27988
35569, 27965
38609, 27965
40218, 27965
41326, 27965
41508, 27965
41858, 27965
43018, 27965
43276, 27965
43703, 27965
45412, 27965
46724, 27965
47498, 27965
48836, 27965
50037, 27965
50378, 27965
36470, 27961
37529, 27961
38307, 27961
40553, 27961
43415, 27961
43707, 27961
45141, 27961
45459, 27961
45746, 27961
47078, 27961
47729, 27961
47888, 27961
48313, 27961
49175, 27961
49686, 27961
51081, 27961
51376, 27961
53445, 27961
58399, 27961
240729, 27876
8670, 27861
13803, 27861
13939, 27861
14230, 27861
14289, 27861
14557, 27861
14590, 27861
14667, 27861
15126, 27861
15444, 27861
15446, 27861
15580, 27861
15774, 27861
15872, 27861
15885, 27861
16066, 27861
16259, 27861
16276, 27861
16343, 27861
16589, 27861
16656, 27861
16758, 27861
17043, 27861
38101, 27842
44822, 27842
47819, 27842
41943, 27812
45592, 27812
45948, 27812
46895, 27812
48336, 27812
52049, 27812
40414, 27694
42421, 27694
44708, 27694
45769, 27694
46416, 27694
47284, 27694
48295, 27694
48304, 27694
48753, 27694
49744, 27694
49984, 27694
50988, 27694
51264, 27694
53011, 27694
29494, 27689
31777, 27689
32196, 27689
32623, 27689
37426, 27689
39831, 27689
42089, 27689
42642, 27689
43439, 27689
44703, 27689
45418, 27689
45587, 27689
45709, 27689
46496, 27689
46788, 27689
47681, 27689
48724, 27689
49528, 27689
50561, 27689
52237, 27689
41355, 27626
42968, 27601
44184, 27601
44381, 27601
46502, 27601
49922, 27601
51281, 27601
53579, 27601
54869, 27601
55201, 27601
16789, 27290
290836, 27239
197936, 27172
4830, 27132
5183, 27109
3599, 27085
33144, 27000
31827, 26964
3466, 26759
5909, 26697
18357, 26581
21068, 26581
7631, 26515
11269, 26484
11579, 26484
11746, 26484
11897, 26484
12042, 26484
12427, 26484
12569, 26484
12785, 26484
12829, 26484
12946, 26484
12975, 26484
13057, 26484
13278, 26484
13419, 26484
13558, 26484
13743, 26484
14018, 26484
14020, 26484
14282, 26484
14421, 26484
15662, 26484
13770, 26406
196483, 26397
250350, 26397
116677, 26393
119789, 26323
288820, 26323
7919, 26101
8091, 26101
8584, 26101
8751, 26101
8843, 26101
9750, 26101
9950, 26101
10074, 26101
10090, 26101
10257, 26101
10261, 26101
10342, 26101
10633, 26101
10704, 26101
10727, 26101
13489, 26101
10782, 26063
10978, 26063
11332, 26063
11675, 26063
12130, 26063
13011, 26063
2596, 25853
6423, 25584
47210, 25410
208589, 25080
142560, 24522
200319, 24522
217377, 24435
108082, 24368
8932, 24246
240156, 24010
126900, 23988
154741, 23625
255801, 23128
2170, 23038
1518, 22894
97487, 22811
5917, 22808
7004, 22808
7908, 22808
8182, 22808
8296, 22808
9354, 22808
10043, 22808
10383, 22793
27966, 21738
30289, 21738
10829, 19019
24657, 18702
26353, 18702
27197, 18702
27609, 18702
32161, 18702
222266, 17881
210952, 17283
20243, 15627
25988, 15627
27901, 15627
28169, 15627
28338, 15627
28428, 15627
249162, 14686
97032, 13368
19709, 12323
985, 12308
1376, 12308
1717, 12308
1827, 12308
2050, 12308
2442, 12308
2451, 12308
2630, 12308
2874, 12308
2910, 12308
3097, 12308
3107, 12308
3171, 12308
3288, 12308
3295, 12308
3439, 12308
3508, 12308
3540, 12308
3565, 12308
3738, 12308
3749, 12308
3783, 12308
3872, 12308
3935, 12308
3959, 12308
4059, 12308
4158, 12308
4233, 12308
4260, 12308
4317, 12308
4345, 12308
4353, 12308
4436, 12308
4522, 12308
4556, 12308
4557, 12308
4562, 12308
4611, 12308
4614, 12308
4636, 12308
4639, 12308
4654, 12308
4706, 12308
4736, 12308
4771, 12308
4865, 12308
4914, 12308
4922, 12308
4932, 12308
4980, 12308
5042, 12308
5089, 12308
5114, 12308
5132, 12308
5135, 12308
5212, 12308
5240, 12308
16184, 12275
23000, 12275
23058, 12275
23854, 12275
24380, 12275
2718, 12155
2840, 12155
4411, 12155
1779, 11904
10660, 11766
824, 11636
1793, 11636
1820, 11636
2426, 11636
681, 11230
1294, 11230
343, 11147
1690, 10937
9854, 9723
169569, 8365
294214, 7392
3790, 5975
229373, 5245
13378, 4664
108634, 4591
26752, 3700
6075, 3311
24278, 3311
149411, 3254
170782, 3254
193464, 3254
209039, 3254
218831, 3254
220641, 3254
226002, 3254
235430, 3254
239737, 3254
242282, 3254
253507, 3254
259186, 3254
263954, 3254
274780, 3254
275385, 3254
127531, 3251
180520, 3226
64935, 3211
6887, 3180
239624, 3135
197272, 3128
179967, 2863
18533, 2860
18758, 2860
87684, 2860
128171, 2860
130649, 2860
141730, 2860
142052, 2860
147108, 2860
27957, 2768
29547, 2768
30718, 2768
72277, 2723
75465, 2723
105740, 2723
109042, 2723
122614, 2723
139573, 2723
177613, 2723
205471, 2723
275601, 2723
163690, 2706
153957, 2517
154934, 2517
158603, 2517
158900, 2517
176224, 2517
179014, 2517
185215, 2517
188696, 2517
193229, 2517
194820, 2517
197367, 2517
220419, 2517
231155, 2517
243711, 2517
248983, 2517
249379, 2517
255262, 2517
255497, 2517
260085, 2517
260391, 2517
267129, 2517
271213, 2517
271377, 2517
271661, 2517
273654, 2517
274657, 2517
280141, 2517
280703, 2517
286437, 2517
292410, 2517
292752, 2517
295824, 2517
146857, 2515
232519, 2515
103223, 2489
125950, 2489
172249, 2489
177713, 2489
189366, 2489
192364, 2489
193261, 2489
196968, 2489
207358, 2489
208072, 2489
208795, 2489
215010, 2489
216081, 2489
217534, 2489
227852, 2489
229713, 2489
231269, 2489
231332, 2489
237618, 2489
238299, 2489
238877, 2489
238973, 2489
250096, 2489
251188, 2489
253018, 2489
253267, 2489
254119, 2489
256581, 2489
261713, 2489
262414, 2489
263582, 2489
263967, 2489
264666, 2489
264926, 2489
266627, 2489
266798, 2489
267502, 2489
268217, 2489
270720, 2489
276605, 2489
279189, 2489
279353, 2489
280726, 2489
284217, 2489
287712, 2489
292363, 2489
31402, 2426
35240, 2425
105437, 2405
121251, 2405
140654, 2405
176675, 2405
179447, 2405
180601, 2405
183589, 2405
184314, 2405
200388, 2405
204506, 2405
204603, 2405
205356, 2405
214097, 2405
225246, 2405
229903, 2405
230235, 2405
234111, 2405
238403, 2405
244596, 2405
259928, 2405
260677, 2405
264405, 2405
276249, 2405
285394, 2405
92088, 2402
117588, 2382
256108, 2382
126129, 2369
203681, 2369
209144, 2369
101587, 2367
118237, 2367
131148, 2367
137398, 2367
142952, 2367
145586, 2367
148582, 2367
176428, 2367
177031, 2367
190335, 2367
205306, 2367
184372, 2350
202833, 2350
212271, 2350
219688, 2350
227448, 2350
250372, 2350
275278, 2350
282211, 2350
285692, 2350
287552, 2350
17977, 2342
158066, 2331
118158, 2324
124485, 2324
158695, 2324
2882, 2229
148026, 2209
260883, 2209
262243, 2209
274611, 2209
288400, 2209
289934, 2209
290633, 2209
20631, 2208
24443, 2208
25302, 2208
26278, 2208
30257, 2208
34142, 2208
36987, 2208
37838, 2208
44322, 2208
52829, 2208
56074, 2208
59706, 2208
60876, 2208
71605, 2208
78919, 2208
94278, 2208
99124, 2208
108458, 2208
119015, 2208
126621, 2208
127898, 2208
137346, 2208
138843, 2208
156913, 2208
169681, 2208
185707, 2208
202787, 2208
203044, 2208
221637, 2208
224789, 2208
232487, 2208
237983, 2208
246137, 2208
5186, 2191
69841, 2152
73296, 2152
74799, 2152
82745, 2152
97479, 2152
116202, 2152
147348, 2152
159564, 2152
163336, 2152
163340, 2152
172003, 2152
185559, 2152
261412, 2152
134629, 2149
13227, 2140
31530, 2140
46915, 2140
51889, 2140
56470, 2140
86853, 2140
101949, 2140
200130, 2140
290213, 2112
81864, 2106
90556, 2106
11998, 2096
22795, 2096
99309, 2096
211900, 2096
246494, 2092
83147, 2090
28477, 2088
53873, 2088
54192, 2088
64128, 2088
73797, 2088
79607, 2088
7312, 2084
8326, 2076
21323, 2076
24992, 2076
25278, 2076
38634, 2076
38851, 2076
110281, 2076
10848, 2061
14267, 2061
20650, 2061
23247, 2061
40638, 2061
44695, 2061
46006, 2061
59386, 2061
61791, 2061
66417, 2061
70916, 2061
73465, 2061
76528, 2061
80944, 2061
83074, 2061
85654, 2061
86553, 2061
87962, 2061
93244, 2061
95990, 2061
96502, 2061
97713, 2061
107016, 2061
114754, 2061
120204, 2061
132088, 2061
135673, 2061
139599, 2061
151393, 2061
160665, 2061
160691, 2061
160759, 2061
165474, 2061
174289, 2061
208801, 2061
211686, 2061
211793, 2061
227010, 2061
243949, 2061
277399, 2061
110261, 2058
90693, 2055
124778, 2055
147521, 1907
222909, 1730
289723, 1730
32479, 1416
39298, 1416
49908, 1416
52692, 1416
55289, 1416
55753, 1416
56561, 1416
58886, 1416
63449, 1416
67544, 1416
71461, 1416
42237, 1407
38228, 1332
38818, 1332
41960, 1332
43254, 1332
43872, 1332
44293, 1332
45072, 1332
45251, 1332
46054, 1332
47306, 1332
47462, 1332
47866, 1332
47914, 1332
48120, 1332
48580, 1332
49707, 1332
50591, 1332
50976, 1332
51414, 1332
51941, 1332
52376, 1332
52913, 1332
53252, 1332
54588, 1332
54599, 1332
56746, 1332
56888, 1332
58343, 1332
58409, 1332
60339, 1332
60824, 1332
62646, 1332
62727, 1332
63372, 1332
64985, 1332
66111, 1332
46207, 1288
57368, 1288
59745, 1288
60534, 1288
70928, 1288
71088, 1284
45489, 1283
48135, 1283
48560, 1283
50489, 1283
51176, 1283
51219, 1283
51486, 1283
51842, 1283
52104, 1283
55546, 1283
56087, 1283
56236, 1283
57202, 1283
57217, 1283
59618, 1283
60026, 1283
60680, 1283
61122, 1283
62139, 1283
62193, 1283
62300, 1283
62338, 1283
62507, 1283
63133, 1283
63504, 1283
63985, 1283
65339, 1283
66267, 1283
66378, 1283
66487, 1283
67040, 1283
67948, 1283
68913, 1283
68952, 1283
69278, 1283
69839, 1283
70045, 1283
70349, 1283
72838, 1283
72977, 1283
73322, 1283
73829, 1283
74252, 1283
74834, 1283
75370, 1283
82240, 1283
23691, 1278
51923, 1278
62644, 1278
39317, 1276
40831, 1276
44215, 1276
47067, 1276
49295, 1276
49950, 1276
53534, 1276
54071, 1276
54095, 1276
54563, 1276
55438, 1276
60907, 1276
47179, 1270
73281, 1270
45938, 1268
46902, 1268
47828, 1268
54554, 1268
55402, 1268
48035, 1256
52212, 1256
57567, 1256
59795, 1256
61943, 1256
43488, 1251
46423, 1251
49084, 1251
51499, 1251
54343, 1251
54568, 1251
56738, 1251
57385, 1251
58489, 1251
58826, 1251
59926, 1251
60370, 1251
63525, 1251
64267, 1251
64657, 1251
64861, 1251
64892, 1251
65174, 1251
65577, 1251
66864, 1251
71686, 1251
81290, 1251
39250, 1224
51198, 1216
61187, 1210
39985, 1164
47367, 1164
47425, 1164
47547, 1164
47798, 1164
55264, 1164
34077, 1160
36634, 1160
37667, 1160
39877, 1160
42948, 1160
43673, 1160
43806, 1160
44309, 1160
46280, 1160
48706, 1160
49076, 1160
50166, 1160
51172, 1160
51342, 1160
52571, 1160
54422, 1160
55623, 1160
60867, 1160
40551, 1109
44884, 1109
51951, 1109
39793, 1088
41955, 1088
42422, 1088
42998, 1088
45256, 1088
30934, 1078
34211, 1078
43822, 1078
36791, 1011
39657, 1011
39913, 1011
41201, 1011
44018, 1011
46001, 1011
46078, 1011
46850, 1011
