4367, 132224
7215, 132224
69930, 132224
83569, 132224
188500, 132224
2593, 125060
6497, 125060
24171, 125060
44283, 125060
58702, 125060
238223, 125060
3890, 124057
142485, 124057
41020, 119586
63224, 119586
154110, 119586
5611, 119495
30085, 119495
72288, 119495
3866, 109951
54376, 109951
183488, 106577
162167, 96902
2357, 89771
3913, 89771
12429, 89771
13446, 89771
17326, 89771
25772, 89771
32585, 89771
39907, 89771
119770, 89771
138772, 89771
148728, 89771
210598, 89771
290156, 89771
16687, 86248
86522, 86248
122691, 86248
1417, 85540
1481, 85540
93295, 85540
113051, 85540
154887, 85540
269002, 85540
177623, 82914
248358, 81651
25719, 79051
170150, 77088
50451, 76870
141116, 76870
1446, 76155
1755, 76155
2457, 76155
4537, 76155
5453, 76155
7875, 76155
8288, 76155
13923, 76155
17469, 76155
20617, 76155
22338, 76155
25957, 76155
37392, 76155
49211, 76155
68620, 76155
72081, 76155
80665, 76155
83059, 76155
84372, 76155
84944, 76155
111074, 76155
117541, 76155
136829, 76155
211852, 76155
233678, 76155
247989, 76155
287139, 76155
118984, 75120
24592, 73915
28083, 73915
32521, 73915
37135, 73915
40932, 73915
45351, 73915
211135, 73915
13509, 73490
68833, 73490
147543, 73490
3419, 73358
28991, 73358
98371, 73358
152405, 72966
12694, 71957
64829, 71957
113, 70619
5474, 70619
5556, 70619
5806, 70619
217314, 70513
221705, 70513
25744, 70433
33215, 70305
10895, 70063
16016, 70063
20960, 70061
225, 69958
11199, 69544
76930, 69366
40298, 69260
58132, 68918
40282, 68886
16851, 68865
40671, 68865
76974, 68865
106278, 68865
144612, 68865
256736, 68865
277688, 68865
15866, 68838
168042, 68838
7387, 68584
7878, 68584
14013, 68584
58592, 68584
79414, 68584
84205, 68584
125642, 68584
175991, 68584
178117, 68395
259363, 68395
4785, 66926
159085, 66926
8943, 66776
177092, 66776
58288, 65790
102114, 65790
194925, 65790
198507, 65790
30586, 65508
104241, 65508
11333, 65275
14738, 65275
18059, 65275
18650, 65275
19458, 65275
20131, 65275
20875, 65275
26599, 65275
26768, 65275
28300, 65275
29927, 65275
29974, 65275
37898, 65275
72911, 65275
93086, 65275
123886, 65275
169176, 65275
178658, 65275
196683, 65275
253247, 65275
284053, 65275
2436, 65243
3111, 65243
9747, 65222
10030, 65222
12137, 65222
19676, 65222
22289, 65222
71559, 65222
113466, 65222
156583, 65222
258749, 65222
224446, 65139
238120, 65139
1995, 64974
1099, 64969
1201, 64969
215376, 64441
284001, 64441
61007, 63841
230125, 63841
256532, 63841
294482, 63597
17535, 63122
18566, 63122
20108, 63122
32335, 63122
68448, 63122
70886, 63122
72099, 63122
90185, 63122
275073, 63086
247425, 63006
12774, 62727
124922, 62566
192307, 61891
30625, 61564
36851, 61564
37169, 61564
55136, 61564
55877, 61564
61195, 61136
110882, 61136
119773, 61136
130067, 61136
137557, 61136
138113, 61136
169277, 61136
176619, 61136
255599, 61136
282402, 61136
205384, 60924
235914, 60894
117516, 60499
40401, 60471
89377, 60471
20378, 60057
78, 59999
10241, 59789
17342, 59789
36642, 59789
45376, 59789
204280, 59789
243387, 59789
255737, 59789
20172, 59102
22108, 59102
2358, 57911
10123, 57079
20657, 57079
246245, 56826
193410, 56792
152142, 56742
227839, 56742
213410, 56591
255036, 56591
126661, 55828
103774, 54223
2914, 54162
29684, 54108
19525, 54087
27773, 54087
36250, 54087
67884, 54087
13146, 53968
55398, 53659
11280, 53358
25044, 53358
179256, 53172
263254, 53172
31513, 52992
66729, 52744
1350, 52540
1855, 52540
1955, 52540
2078, 52540
2512, 52540
2618, 52540
2982, 52540
15936, 52540
25380, 52540
37774, 52540
185465, 52540
226638, 52540
2598, 52508
7132, 51618
30879, 51618
147350, 51618
273560, 51618
66788, 51388
2890, 51317
2925, 51317
2991, 51317
3090, 51317
3106, 51317
6581, 51317
17689, 51209
190802, 51150
266965, 51150
2901, 51020
79745, 50680
3468, 49735
39388, 49101
45896, 49101
48105, 49101
48197, 49101
48947, 49101
52103, 49101
54970, 49101
62952, 49101
72320, 49101
75384, 49101
83247, 49101
88681, 49101
276170, 49101
294891, 49101
164579, 48095
10659, 47469
12627, 47469
17179, 47469
18692, 47469
23177, 47469
27631, 47469
31055, 47469
66230, 46938
30433, 46875
136255, 44543
20096, 44053
221613, 41953
80888, 40820
9367, 38329
242515, 37453
278316, 37453
5418, 37327
192091, 37010
234775, 37010
34567, 36838
22282, 36546
73683, 36546
3903, 35774
9882, 35774
12573, 35774
35267, 35343
201735, 32399
294795, 32399
51265, 31620
54113, 31620
58090, 31620
58255, 31620
64153, 31620
64577, 31620
64867, 31620
67709, 31620
79228, 31620
92187, 31620
94659, 31620
96958, 31620
97026, 31620
106591, 31620
106735, 31620
250764, 31620
36471, 29558
181680, 28797
10324, 27386
18218, 27386
35518, 27386
97022, 27272
35, 25411
205, 25411
562, 25411
1181, 25411
1823, 25411
2282, 25411
3091, 25411
3381, 25411
7007, 25411
20732, 24967
13858, 21188
65058, 21188
93701, 21188
29399, 20917
69268, 20917
123467, 20917
179602, 20826
34073, 20443
44897, 20089
49644, 20089
23211, 19870
201665, 19224
139490, 19200
235246, 19200
63340, 16216
884, 11333
3195, 11333
5171, 11333
68763, 11333
155495, 11333
122079, 11063
283874, 10956
296080, 10956
151981, 10842
170815, 10842
178538, 10842
234297, 10842
251210, 10842
280311, 10842
125233, 10803
153197, 10803
159738, 10803
248321, 10803
285205, 10724
43300, 10560
126912, 10547
253636, 10547
173200, 10501
175928, 10501
180968, 10501
207042, 10501
230409, 10501
230422, 10501
246656, 10501
270600, 10501
271821, 10501
275026, 10501
288104, 10501
290886, 10501
294215, 10501
8482, 10455
12058, 10455
15190, 10455
16207, 10455
17346, 10455
19902, 10455
21094, 10455
25748, 10455
55234, 10441
114393, 10381
217424, 10381
185655, 10372
213904, 10372
220190, 10372
138403, 10349
769, 10021
205361, 10021
273253, 10021
20585, 9899
62199, 9899
85659, 9899
126532, 9899
173985, 9899
277124, 9899
32422, 9893
61810, 9893
108501, 9893
150289, 9893
213981, 9893
276914, 9893
39191, 9879
83363, 9879
279682, 9879
15778, 9743
58788, 9675
68005, 9338
75645, 9338
7712, 9254
29965, 9254
33818, 9254
47727, 9254
54339, 9254
56048, 9254
57486, 9254
18438, 9247
33044, 9241
58715, 9241
60549, 9241
114122, 9241
222366, 9241
61411, 9075
66494, 9075
100128, 9033
2862, 8873
7508, 8873
11181, 8873
18526, 8873
22257, 8873
26614, 8873
33387, 8873
42949, 8873
58476, 8873
73478, 8873
77141, 8873
115507, 8873
135138, 8873
184200, 8873
228891, 8873
282934, 8861
67380, 8781
61399, 8590
224590, 8590
19733, 8461
79239, 8461
213364, 8461
3383, 8454
4344, 8440
14831, 8302
18228, 8299
30679, 8298
116096, 8291
28805, 8231
278093, 8231
265717, 8194
63461, 8172
73910, 8172
83016, 8172
87515, 8172
89157, 8172
89581, 8172
97323, 8172
110504, 8172
128284, 8172
132491, 8172
143425, 8172
181476, 8172
51571, 8139
56230, 8139
68482, 8139
40687, 8128
47153, 8128
23998, 8088
36453, 8088
38134, 8088
41714, 8088
55404, 8088
62298, 8088
84403, 8088
92906, 8088
100654, 8088
101911, 8088
103696, 8088
154860, 8088
162531, 8088
163279, 8088
185312, 8088
279517, 8042
600, 7948
45676, 7929
58392, 7929
58843, 7929
59038, 7929
69586, 7929
97055, 7929
42325, 7891
86594, 7891
239276, 7891
32008, 7889
32853, 7889
39588, 7889
43713, 7889
158770, 7889
282185, 7889
9314, 7802
171129, 7802
281503, 7802
22555, 7689
36104, 7655
94652, 7655
134442, 7655
38090, 7600
13992, 7598
2045, 7485
11478, 7485
14146, 7485
18257, 7485
38653, 7485
38876, 7485
74080, 7485
76520, 7485
82634, 7485
95344, 7485
101849, 7485
115546, 7485
146484, 7485
166528, 7485
166686, 7485
191219, 7485
163, 7447
104029, 7447
139517, 7431
41838, 7268
50453, 7268
250161, 7138
86900, 7110
89039, 7110
117240, 7110
117485, 7110
118498, 7110
119209, 7110
127441, 7110
129065, 7110
132702, 7110
135610, 7110
136672, 7110
137291, 7110
161092, 7110
163209, 7110
165123, 7110
166110, 7110
166981, 7110
167047, 7110
168296, 7110
173633, 7110
173806, 7110
175073, 7110
179796, 7110
182753, 7110
189926, 7110
191969, 7110
192661, 7110
192806, 7110
193469, 7110
193874, 7110
197440, 7110
206832, 7110
217897, 7110
222024, 7110
225772, 7110
245147, 7110
245570, 7110
24510, 7042
248526, 7042
4180, 6952
16483, 6914
26926, 6873
74184, 6833
125923, 6740
240569, 6735
7719, 6664
53620, 6662
118144, 6471
133422, 6439
25624, 6427
42284, 6427
52926, 6427
170724, 6424
38159, 6305
25767, 6284
37899, 6284
47655, 6284
32539, 6282
32647, 6282
35584, 6282
37297, 6282
37988, 6282
59723, 6282
63643, 6282
287812, 6282
43202, 6281
56570, 6281
272401, 6281
48819, 6265
238456, 6243
229105, 6230
198689, 6185
10439, 6135
51607, 6124
64933, 6119
133025, 6119
23265, 6107
23722, 6107
21303, 6105
283322, 6095
17135, 6055
148774, 6040
151294, 6039
176192, 6039
266690, 6039
278980, 6039
51958, 6033
55632, 6033
143268, 6033
181066, 6033
215016, 6033
280414, 6033
26654, 6016
19478, 5991
45436, 5989
137841, 5989
158464, 5989
208476, 5989
90099, 5946
117009, 5946
134689, 5946
166159, 5946
258233, 5946
31144, 5943
47992, 5934
137259, 5934
161416, 5934
163264, 5934
182069, 5934
190975, 5934
202820, 5934
213924, 5934
250820, 5934
268040, 5934
3, 5931
131616, 5931
159611, 5931
210007, 5931
5456, 5889
7963, 5877
45989, 5876
116200, 5875
84984, 5867
216280, 5867
108731, 5857
224036, 5857
7098, 5826
24965, 5826
51887, 5826
119304, 5826
93343, 5821
141965, 5821
60169, 5811
66899, 5811
283922, 5810
234251, 5802
21674, 5800
132845, 5788
87799, 5787
54958, 5783
240835, 5783
136395, 5776
244221, 5774
107659, 5770
128203, 5768
76086, 5758
183729, 5758
29131, 5754
69016, 5754
85841, 5754
157403, 5752
71773, 5740
13513, 5739
22096, 5739
108285, 5739
122443, 5739
141008, 5739
157082, 5739
176863, 5739
216289, 5739
34244, 5738
251002, 5738
31270, 5729
192428, 5729
208168, 5729
186093, 5727
73959, 5726
169592, 5726
198475, 5725
4576, 5719
20123, 5719
115566, 5719
147449, 5719
228116, 5719
283165, 5719
165335, 5715
210973, 5708
38530, 5707
72965, 5707
147561, 5704
58777, 5703
96022, 5703
202069, 5703
265964, 5703
86964, 5700
52840, 5698
178634, 5698
10541, 5690
15275, 5690
163337, 5687
8972, 5686
156856, 5686
218282, 5686
246167, 5686
249489, 5686
279903, 5686
105431, 5679
251830, 5677
278282, 5676
33685, 5655
20986, 5652
27760, 5652
28522, 5652
31851, 5652
37290, 5652
38344, 5652
40383, 5652
42890, 5652
44306, 5652
44563, 5652
48825, 5652
51457, 5652
53246, 5652
59376, 5652
60999, 5652
62534, 5652
67457, 5652
69490, 5652
69873, 5652
72664, 5652
77970, 5652
80285, 5652
81872, 5652
87603, 5652
90236, 5652
91043, 5652
91330, 5652
92944, 5652
93395, 5652
94750, 5652
114735, 5652
116164, 5652
116786, 5652
117265, 5652
127962, 5652
130681, 5652
134787, 5652
138597, 5652
139160, 5652
139448, 5652
143867, 5652
151705, 5652
154125, 5652
157829, 5652
160194, 5652
161941, 5652
193409, 5652
199090, 5652
200601, 5652
208592, 5652
215423, 5652
218619, 5652
243772, 5652
245731, 5652
255292, 5652
263667, 5652
286032, 5652
290111, 5652
69322, 5645
269486, 5645
13183, 5642
20275, 5641
39121, 5627
295582, 5627
25023, 5626
35862, 5626
133130, 5626
137099, 5609
243594, 5605
126847, 5598
5271, 5587
151492, 5587
156987, 5587
180305, 5587
211859, 5587
255082, 5587
25476, 5574
4018, 5553
5040, 5553
19950, 5553
20156, 5553
278868, 5553
277617, 5548
77510, 5536
194408, 5522
20166, 5496
32116, 5488
37912, 5488
65207, 5488
66135, 5488
77377, 5488
80822, 5488
87080, 5488
70689, 5447
205228, 5447
209538, 5445
211412, 5445
9684, 5444
160733, 5444
125060, 5427
261739, 5427
281434, 5422
221578, 5405
16262, 5398
16277, 5398
18518, 5398
23081, 5398
32908, 5398
94594, 5398
175858, 5396
20407, 5393
26797, 5393
30068, 5393
39076, 5393
41897, 5393
66040, 5393
69232, 5393
88168, 5393
118832, 5393
124273, 5393
165916, 5393
166749, 5393
167574, 5393
168526, 5393
185085, 5393
193531, 5393
219427, 5393
245710, 5393
172452, 5385
31909, 5379
149387, 5379
73526, 5377
100675, 5377
294106, 5377
251, 5353
167086, 5353
258694, 5353
183183, 5345
48496, 5332
67668, 5332
152824, 5332
196370, 5332
279808, 5332
17583, 5328
20649, 5328
26348, 5328
38486, 5328
85078, 5328
183833, 5328
48255, 5325
62741, 5325
32391, 5323
19130, 5322
29984, 5322
228391, 5322
36823, 5321
19036, 5315
25644, 5315
91093, 5315
98225, 5315
226182, 5315
284872, 5296
110905, 5295
115437, 5295
13217, 5294
49407, 5294
81525, 5294
196423, 5294
219194, 5292
56267, 5290
97015, 5283
118868, 5283
135683, 5283
137985, 5283
173483, 5283
214221, 5283
261064, 5283
262682, 5283
68215, 5279
85741, 5279
89475, 5279
177848, 5279
177948, 5279
201797, 5279
210320, 5279
248893, 5279
258555, 5279
30453, 5273
123425, 5273
169949, 5273
186508, 5273
217584, 5273
268575, 5273
273405, 5273
107288, 5263
267826, 5263
8060, 5260
56466, 5260
80680, 5260
117451, 5260
229380, 5260
141799, 5253
156525, 5253
162120, 5253
172330, 5253
255486, 5253
247285, 5251
839, 5245
129129, 5238
70063, 5231
197708, 5227
31092, 5220
169055, 5218
204263, 5218
231435, 5218
285685, 5218
177455, 5215
21353, 5209
94867, 5209
101203, 5209
182580, 5209
208147, 5209
234398, 5209
283711, 5209
82021, 5194
148661, 5194
178127, 5194
209824, 5194
230299, 5194
251819, 5194
276413, 5194
292003, 5194
136577, 5181
51166, 5167
53541, 5167
54226, 5167
74362, 5167
76114, 5167
97068, 5167
131916, 5167
147431, 5167
157174, 5167
162223, 5167
166261, 5167
171814, 5167
200528, 5167
206731, 5167
247235, 5167
288753, 5167
59814, 5165
68478, 5165
167555, 5165
184228, 5165
12730, 5160
59461, 5160
184609, 5160
294, 5135
204533, 5134
262432, 5125
253107, 5106
13500, 5099
31533, 5099
43863, 5099
44752, 5099
46871, 5099
55466, 5099
61682, 5099
64521, 5099
76056, 5099
95110, 5099
124595, 5099
128059, 5099
130428, 5099
166977, 5099
172687, 5099
176629, 5099
184225, 5099
184570, 5099
220801, 5099
255717, 5099
258274, 5099
282310, 5099
29025, 5075
31032, 5075
38470, 5075
46572, 5075
56132, 5075
65573, 5075
85406, 5075
85653, 5075
86923, 5075
104144, 5075
120818, 5075
122067, 5075
130977, 5075
134377, 5075
137253, 5075
139156, 5075
141489, 5075
155348, 5075
155518, 5075
177452, 5075
188849, 5075
195132, 5075
210125, 5075
218907, 5075
220223, 5075
221080, 5075
246654, 5075
272472, 5075
288226, 5075
125644, 5070
190221, 5068
262086, 5065
69218, 5061
108473, 5061
163730, 5038
15458, 5013
23627, 5013
82760, 5013
264608, 4993
105568, 4966
264462, 4934
288378, 4931
83769, 4917
9697, 4894
64447, 4894
93862, 4889
66392, 4816
259837, 4816
89931, 4807
281974, 4807
62156, 4796
119692, 4765
211023, 4715
280554, 4694
112165, 4684
70120, 4668
56886, 4667
136781, 4664
246130, 4664
9691, 4656
41551, 4650
107467, 4650
128380, 4650
200585, 4650
215185, 4650
244620, 4604
30741, 4599
68305, 4599
70933, 4599
74956, 4570
77635, 4570
112793, 4570
123513, 4570
135577, 4570
70032, 4543
33585, 4542
57693, 4542
86519, 4542
156115, 4542
42690, 4533
56204, 4533
141797, 4520
63337, 4507
54233, 4489
104416, 4469
39158, 4438
22170, 4411
72729, 4411
80389, 4411
63387, 4392
98044, 4381
127475, 4373
136288, 4371
111193, 4369
105884, 4349
139150, 4349
206859, 4349
207485, 4349
219762, 4337
3189, 4307
245730, 4258
92035, 4214
98055, 4188
223138, 4142
209489, 4136
276779, 4136
163773, 4131
80409, 4125
216351, 4125
224410, 4066
738, 4048
236295, 4035
208197, 4032
261675, 4022
45209, 4014
167895, 4014
104070, 3993
131106, 3993
26189, 3985
45726, 3984
100413, 3984
253729, 3967
148319, 3949
170448, 3949
273067, 3949
19060, 3917
167210, 3916
138120, 3914
64504, 3901
256620, 3901
91818, 3897
20219, 3883
23578, 3883
47414, 3883
80719, 3883
105528, 3882
127769, 3870
137454, 3870
215261, 3870
89640, 3860
280127, 3856
257111, 3796
23797, 3788
18215, 3770
92272, 3770
171382, 3770
264831, 3743
96841, 3736
97346, 3736
129873, 3736
184881, 3736
85739, 3733
15724, 3729
72815, 3698
42994, 3697
54120, 3678
57028, 3678
94495, 3678
27927, 3674
144030, 3673
4040, 3663
129372, 3646
193436, 3636
15321, 3628
84199, 3628
253487, 3628
276156, 3628
77962, 3623
72039, 3615
165336, 3615
6081, 3614
14948, 3614
33116, 3605
40431, 3605
108326, 3605
110505, 3605
288660, 3605
63512, 3601
35946, 3591
47604, 3591
283381, 3591
21949, 3583
54239, 3583
62164, 3583
116285, 3573
74596, 3569
182301, 3569
101307, 3559
115282, 3559
137295, 3559
197581, 3528
98903, 3525
148614, 3524
175787, 3524
87224, 3523
87682, 3523
104023, 3522
22240, 3517
77206, 3517
168664, 3517
280321, 3517
266071, 3515
37766, 3513
49019, 3513
96064, 3511
104051, 3511
17101, 3492
58106, 3492
13205, 3485
54025, 3477
14643, 3474
49461, 3473
72272, 3467
165320, 3467
247423, 3467
291267, 3467
113728, 3465
47823, 3453
203627, 3450
28378, 3446
16327, 3437
210145, 3437
279729, 3437
35684, 3429
232932, 3421
44444, 3415
25201, 3396
161468, 3396
284773, 3396
27278, 3386
28328, 3386
36676, 3386
66169, 3386
69592, 3386
71825, 3386
78782, 3386
89210, 3386
96930, 3386
111380, 3386
115057, 3386
121760, 3386
138782, 3386
148519, 3386
148970, 3386
153644, 3386
155088, 3386
158797, 3386
164498, 3386
173312, 3386
174216, 3386
204164, 3386
204210, 3386
213532, 3386
237994, 3386
247802, 3386
255533, 3386
265220, 3386
279525, 3386
281081, 3386
293396, 3386
36840, 3379
40525, 3379
42980, 3379
43708, 3379
92393, 3379
96270, 3379
120724, 3379
136462, 3372
31088, 3369
41390, 3369
45416, 3369
16138, 3365
27798, 3365
60093, 3365
82528, 3365
150997, 3365
23519, 3364
15063, 3363
18033, 3363
19009, 3363
24224, 3363
30685, 3363
34559, 3363
44877, 3363
50104, 3363
56117, 3363
56489, 3363
65306, 3363
71072, 3363
77901, 3363
81451, 3363
100943, 3363
111282, 3363
140316, 3363
141742, 3363
144769, 3363
150106, 3363
154113, 3363
194937, 3363
201555, 3363
203543, 3363
205219, 3363
241186, 3363
251075, 3363
254280, 3363
264179, 3363
293246, 3363
238097, 3352
255922, 3352
627, 3348
101550, 3348
122427, 3348
129759, 3348
134289, 3348
134767, 3348
168868, 3348
169733, 3348
174807, 3348
219767, 3348
223563, 3348
229785, 3348
256964, 3348
287879, 3348
56107, 3326
74679, 3326
55873, 3312
2038, 3311
52339, 3310
118723, 3310
129439, 3310
266699, 3310
268299, 3310
559, 3309
31486, 3303
150249, 3303
2, 3300
21545, 3299
36975, 3295
63689, 3295
94764, 3295
100049, 3288
23857, 3286
17943, 3282
279990, 3278
74079, 3275
160839, 3275
179667, 3268
148641, 3253
51747, 3244
272439, 3239
91345, 3238
245554, 3238
119290, 3236
262170, 3236
8718, 3227
9283, 3227
12823, 3227
13850, 3227
19118, 3227
86731, 3227
295590, 3227
131174, 3224
165673, 3224
84680, 3213
149398, 3213
216107, 3213
249827, 3213
288590, 3213
255779, 3209
87220, 3207
122224, 3203
211562, 3203
216820, 3203
122816, 3198
106512, 3180
138510, 3180
144221, 3180
146208, 3180
174831, 3180
197801, 3180
209797, 3180
216424, 3180
24354, 3173
44441, 3173
45893, 3173
100640, 3173
114976, 3173
150736, 3173
219076, 3173
138293, 3166
143892, 3166
175780, 3166
231738, 3166
75205, 3158
91731, 3158
98947, 3158
121741, 3158
167451, 3158
114599, 3157
776, 3153
11794, 3153
192153, 3153
207018, 3153
222606, 3153
223162, 3153
227640, 3153
231915, 3153
243080, 3153
262423, 3153
285445, 3153
91370, 3150
196415, 3150
122769, 3147
62796, 3138
91439, 3138
150227, 3138
155604, 3138
171139, 3138
184922, 3138
60933, 3132
2924, 3129
155371, 3128
257106, 3127
990, 3121
147271, 3119
212035, 3119
141910, 3117
96409, 3112
53685, 3111
124582, 3111
276659, 3111
197590, 3094
39492, 3093
45058, 3093
46316, 3093
73975, 3093
101390, 3093
107749, 3093
166277, 3093
289826, 3093
45404, 3090
282299, 3090
29491, 3089
189786, 3084
158150, 3082
64713, 3069
241545, 3069
148127, 3067
155258, 3067
128274, 3064
172665, 3064
292612, 3064
37018, 3062
62177, 3062
11434, 3060
216076, 3054
64886, 3052
219292, 3052
229558, 3052
21399, 3049
51769, 3049
209521, 3049
40437, 3048
56643, 3048
57978, 3048
78871, 3048
157655, 3046
74915, 3042
108171, 3042
200519, 3042
4766, 3039
146571, 3039
147652, 3039
37230, 3038
129310, 3038
39679, 3037
74457, 3030
76537, 3030
81563, 3030
95725, 3030
96656, 3030
97375, 3030
102670, 3030
103514, 3030
163223, 3028
4417, 3025
161187, 3025
26261, 3023
59045, 3018
96746, 3010
110623, 3010
151034, 3010
31593, 3007
66137, 2999
37339, 2996
255631, 2996
226778, 2980
25673, 2976
25882, 2976
38420, 2976
89948, 2976
180440, 2976
196903, 2976
216205, 2976
218138, 2976
234362, 2976
237947, 2976
241244, 2976
266188, 2976
282032, 2976
288696, 2976
11325, 2973
38183, 2972
49016, 2972
142627, 2972
172007, 2969
229213, 2969
286579, 2969
163771, 2963
35928, 2961
62322, 2954
81861, 2954
261465, 2952
79369, 2945
258862, 2945
42950, 2943
282733, 2941
1555, 2939
217051, 2939
51039, 2934
58596, 2934
59578, 2934
64703, 2934
68346, 2934
69652, 2934
70399, 2934
71836, 2934
72059, 2934
75427, 2934
75996, 2934
76185, 2934
76501, 2934
77109, 2934
82064, 2934
82813, 2934
92826, 2934
114724, 2934
27746, 2933
213950, 2933
74333, 2927
261773, 2927
168454, 2926
27161, 2925
211696, 2916
91202, 2912
190120, 2910
263441, 2910
267276, 2910
247265, 2902
58175, 2892
246305, 2892
116, 2889
253265, 2884
12098, 2883
12489, 2883
15451, 2883
15876, 2883
18886, 2883
19382, 2883
19907, 2883
21738, 2883
23297, 2883
24461, 2883
26016, 2883
28236, 2883
28279, 2883
29027, 2883
29414, 2883
29625, 2883
30146, 2883
30792, 2883
33579, 2883
34825, 2883
35872, 2883
38164, 2883
38821, 2883
39682, 2883
42252, 2883
44321, 2883
44805, 2883
45175, 2883
45217, 2883
48618, 2883
54503, 2883
56084, 2883
59374, 2883
62068, 2883
62158, 2883
74429, 2883
99746, 2874
159151, 2872
18, 2870
164, 2870
71360, 2869
10645, 2865
93369, 2865
96133, 2863
242295, 2862
265068, 2861
73362, 2858
167755, 2857
275725, 2857
282837, 2857
1, 2853
5, 2853
65, 2853
100140, 2851
140958, 2846
7926, 2841
9513, 2841
10403, 2841
12848, 2841
14733, 2841
18374, 2841
23629, 2841
30781, 2841
38117, 2841
67965, 2841
160182, 2841
195866, 2841
295066, 2841
23018, 2829
33873, 2826
269573, 2826
86897, 2824
22594, 2821
84142, 2821
251859, 2821
44024, 2820
33546, 2815
58849, 2814
31267, 2812
198928, 2812
462, 2807
9257, 2807
162106, 2801
98936, 2800
121618, 2800
134942, 2799
260031, 2799
266449, 2799
214178, 2794
5284, 2792
218555, 2792
255943, 2786
246, 2784
78366, 2782
88885, 2782
2065, 2765
2214, 2765
3216, 2765
3231, 2765
3916, 2765
4145, 2765
4693, 2765
4732, 2765
5752, 2765
6652, 2765
57722, 2765
61730, 2765
107144, 2765
194472, 2765
213990, 2765
249378, 2765
255595, 2765
265928, 2765
3112, 2763
227583, 2760
281541, 2750
147499, 2749
118672, 2747
195435, 2747
294361, 2747
49244, 2743
54541, 2743
88194, 2743
532, 2739
536, 2739
5285, 2734
99636, 2725
70294, 2723
130608, 2723
144138, 2723
151240, 2723
279863, 2723
42839, 2722
43015, 2722
266363, 2721
44999, 2720
54713, 2720
92015, 2718
122167, 2713
25125, 2712
28897, 2712
131991, 2712
270985, 2712
280888, 2712
102583, 2710
76054, 2709
32663, 2706
43387, 2706
150882, 2706
23142, 2705
291138, 2705
50365, 2704
65314, 2704
194131, 2704
211941, 2703
3652, 2700
3955, 2700
163238, 2700
14017, 2696
57106, 2696
77767, 2694
117674, 2694
164681, 2694
189676, 2694
156546, 2688
140468, 2686
208261, 2683
93645, 2681
111545, 2681
872, 2679
1885, 2679
2709, 2679
11070, 2679
136573, 2679
214366, 2679
231554, 2679
267664, 2679
277685, 2679
97256, 2672
106466, 2672
131302, 2672
236752, 2672
263043, 2672
285290, 2672
9603, 2670
46085, 2670
73974, 2666
109151, 2666
123841, 2666
201548, 2666
237258, 2666
245457, 2666
63681, 2662
62228, 2654
87741, 2654
226629, 2654
267381, 2654
210770, 2644
218622, 2644
34251, 2642
179396, 2642
195468, 2642
9006, 2629
127270, 2628
166116, 2628
171711, 2628
42412, 2624
109076, 2624
181371, 2624
94405, 2623
192230, 2623
244455, 2618
268356, 2617
257052, 2609
50580, 2608
292721, 2608
126740, 2602
286922, 2602
20552, 2601
168099, 2600
213127, 2598
150021, 2591
16946, 2585
26848, 2585
28605, 2585
72779, 2585
173811, 2585
217653, 2585
112830, 2580
258093, 2580
3590, 2575
33338, 2568
246910, 2568
157802, 2564
32448, 2557
85388, 2554
45135, 2548
266912, 2548
288881, 2548
291957, 2548
294790, 2548
420, 2547
151742, 2545
205861, 2545
284678, 2545
41036, 2544
76607, 2544
230699, 2544
277862, 2544
287856, 2544
116844, 2542
145178, 2542
254407, 2535
151795, 2530
105926, 2529
131435, 2529
284819, 2525
290066, 2525
145210, 2524
280273, 2524
17956, 2517
71255, 2517
200026, 2516
266964, 2504
223905, 2501
74683, 2497
175229, 2497
279366, 2497
265615, 2495
75319, 2490
181828, 2490
102398, 2487
230134, 2485
23452, 2484
47624, 2483
95969, 2483
114176, 2483
169842, 2483
186028, 2483
265819, 2483
256938, 2478
244900, 2475
216381, 2474
210657, 2472
104277, 2470
115487, 2469
284332, 2468
101761, 2466
144656, 2466
58011, 2465
203054, 2465
248788, 2465
56683, 2464
94690, 2464
283272, 2461
160, 2459
1025, 2459
252124, 2459
281723, 2459
213759, 2451
40684, 2447
248227, 2447
5780, 2446
71976, 2446
295050, 2446
32527, 2443
146198, 2443
162425, 2443
111295, 2441
22631, 2440
240557, 2439
235756, 2437
62241, 2431
220194, 2431
237904, 2431
65872, 2427
58966, 2426
94372, 2426
41789, 2425
54795, 2425
68866, 2425
51934, 2422
100117, 2417
38780, 2415
108137, 2415
119659, 2415
155800, 2412
188304, 2412
194042, 2412
150814, 2410
165555, 2410
227328, 2410
17553, 2409
235927, 2407
69838, 2405
91214, 2404
159838, 2404
122497, 2403
9185, 2397
106739, 2397
167681, 2397
75410, 2396
109961, 2396
146702, 2396
154786, 2396
98570, 2395
98590, 2395
100331, 2395
232628, 2395
62922, 2379
244871, 2379
124672, 2378
214931, 2378
44437, 2377
178936, 2377
236790, 2377
272437, 2377
237205, 2375
28137, 2372
53853, 2368
94029, 2368
169703, 2368
214344, 2368
234214, 2368
283884, 2368
30435, 2367
200789, 2367
223066, 2367
250022, 2367
98848, 2365
174578, 2365
189970, 2361
68074, 2360
106686, 2360
193369, 2360
68343, 2357
204139, 2357
174265, 2354
190402, 2353
224968, 2353
242241, 2353
25807, 2352
69877, 2352
82871, 2352
145476, 2352
238710, 2352
249520, 2352
10021, 2342
62326, 2340
138696, 2340
17871, 2334
197176, 2334
272590, 2334
175131, 2332
36771, 2330
41692, 2330
44791, 2330
49626, 2330
51244, 2330
52759, 2330
64433, 2330
74453, 2330
74762, 2330
75481, 2330
89411, 2330
90343, 2330
104370, 2330
108177, 2330
114208, 2330
119499, 2330
124287, 2330
65478, 2329
84407, 2329
88896, 2329
91126, 2329
101871, 2329
103478, 2329
114493, 2329
129104, 2329
133482, 2329
138886, 2329
153634, 2329
82316, 2328
97162, 2324
187456, 2324
212868, 2324
278652, 2324
120887, 2323
28311, 2320
75244, 2319
162432, 2319
248410, 2319
105098, 2318
110995, 2318
119970, 2318
130259, 2318
130273, 2318
134376, 2318
135959, 2318
140157, 2318
140371, 2318
140621, 2318
140850, 2318
141500, 2318
143177, 2318
147361, 2318
147387, 2318
152698, 2318
158225, 2318
173318, 2318
182385, 2318
183981, 2318
184697, 2318
188197, 2318
188580, 2318
189438, 2318
197217, 2318
204441, 2318
208440, 2318
211705, 2318
216962, 2318
224578, 2318
236839, 2318
237403, 2318
244206, 2318
247557, 2318
253381, 2318
262718, 2318
263417, 2318
271283, 2318
271562, 2318
276422, 2318
282158, 2318
64488, 2316
110057, 2316
264174, 2316
102106, 2314
111676, 2314
127308, 2314
137688, 2314
141478, 2314
255546, 2314
77043, 2313
281734, 2310
66093, 2309
11688, 2308
80286, 2308
199713, 2308
59189, 2300
61753, 2300
72442, 2300
97779, 2300
107837, 2300
141287, 2300
159852, 2300
168297, 2300
229224, 2300
289475, 2300
18434, 2297
57434, 2291
257509, 2290
190985, 2289
136488, 2288
67822, 2285
126443, 2285
151322, 2285
154923, 2285
204168, 2285
263668, 2285
84166, 2284
113245, 2284
212985, 2280
136257, 2277
66322, 2276
142448, 2276
177513, 2276
289319, 2276
293847, 2276
7617, 2274
51569, 2274
67886, 2274
221276, 2274
95298, 2272
233119, 2270
195580, 2269
106713, 2268
121, 2266
262951, 2266
284698, 2266
285933, 2266
62417, 2261
296571, 2256
16528, 2254
25566, 2253
94385, 2253
185272, 2253
292863, 2251
195726, 2249
282051, 2249
80147, 2247
154306, 2247
295410, 2247
242497, 2246
254512, 2246
28851, 2243
157259, 2243
169649, 2238
64744, 2236
84783, 2236
102334, 2228
242737, 2228
289539, 2228
56469, 2224
6632, 2223
104240, 2223
126904, 2223
135580, 2223
155011, 2223
158573, 2223
167619, 2223
168015, 2223
173480, 2223
174528, 2223
185120, 2223
205003, 2223
208333, 2223
214303, 2223
222414, 2223
229983, 2223
240013, 2223
240057, 2223
245639, 2223
25452, 2221
166798, 2221
77648, 2218
14869, 2217
16986, 2214
73207, 2214
154542, 2214
243812, 2214
41694, 2208
46065, 2208
48125, 2208
76832, 2208
84706, 2208
67340, 2207
156498, 2207
50429, 2204
62830, 2204
101262, 2202
109913, 2202
110096, 2202
114250, 2202
119481, 2202
124857, 2202
127179, 2202
130169, 2202
138776, 2202
142278, 2202
153623, 2202
159934, 2202
164732, 2202
170005, 2202
170226, 2202
180872, 2202
189566, 2202
191815, 2202
199138, 2202
211922, 2202
217194, 2202
219550, 2202
220379, 2202
220707, 2202
220893, 2202
223885, 2202
227372, 2202
238886, 2202
247141, 2202
259100, 2202
263260, 2202
265025, 2202
279931, 2202
290510, 2202
98306, 2200
22002, 2198
39358, 2198
150290, 2198
202762, 2195
76327, 2193
132484, 2193
211909, 2193
239972, 2193
49712, 2192
62173, 2192
13386, 2188
88063, 2188
103472, 2188
208138, 2188
288278, 2188
151766, 2187
200902, 2187
281692, 2187
117683, 2184
118536, 2183
121370, 2183
185116, 2183
11358, 2180
65292, 2180
178629, 2180
262841, 2180
27048, 2178
37177, 2178
42729, 2178
87165, 2178
130901, 2178
189530, 2178
244840, 2178
76282, 2175
89513, 2175
118690, 2175
147339, 2175
227578, 2175
262890, 2175
53308, 2174
213102, 2174
96648, 2173
104629, 2171
111179, 2171
199946, 2171
28092, 2165
75436, 2165
81454, 2165
150062, 2161
182948, 2161
218603, 2161
50210, 2159
87940, 2159
224302, 2159
59480, 2157
136832, 2157
8895, 2156
16937, 2156
43122, 2156
97507, 2156
143631, 2156
146622, 2156
230231, 2156
104813, 2155
162512, 2155
33707, 2152
163937, 2152
120091, 2151
165465, 2151
170019, 2151
202361, 2151
212578, 2151
217902, 2148
218931, 2147
244643, 2147
246925, 2147
252410, 2147
256098, 2147
258763, 2147
274458, 2147
275856, 2147
283202, 2147
285579, 2147
288811, 2147
289937, 2147
293900, 2147
295240, 2147
15974, 2145
60925, 2145
69073, 2145
105173, 2145
147422, 2145
63226, 2142
87498, 2142
220128, 2142
233287, 2142
275678, 2142
253024, 2141
263404, 2141
244081, 2140
36342, 2139
51803, 2139
53527, 2139
58708, 2139
115632, 2139
122291, 2134
138257, 2134
143085, 2134
168599, 2134
169337, 2134
240782, 2134
247627, 2134
260015, 2134
189459, 2132
92905, 2131
104198, 2131
60471, 2129
232302, 2129
253646, 2129
75750, 2127
11834, 2126
124725, 2122
39183, 2121
54419, 2121
170754, 2120
202866, 2120
43599, 2117
59052, 2117
225538, 2117
164479, 2114
52080, 2113
159264, 2113
16441, 2110
78647, 2106
78145, 2105
109725, 2104
168539, 2104
272537, 2104
40619, 2103
115631, 2103
286160, 2103
123590, 2100
282321, 2097
164667, 2096
270401, 2093
14614, 2092
31428, 2092
38722, 2092
77810, 2092
172854, 2092
175940, 2092
291372, 2092
56378, 2091
272841, 2089
48523, 2085
76759, 2085
288255, 2083
255765, 2082
283784, 2082
294534, 2082
15673, 2080
82328, 2079
217719, 2077
82802, 2074
118111, 2074
136370, 2074
19031, 2070
97682, 2070
47830, 2069
136022, 2069
155850, 2069
189448, 2069
65283, 2068
49035, 2065
67803, 2065
136216, 2065
6877, 2063
192160, 2063
13671, 2061
174695, 2061
24760, 2060
33448, 2060
58284, 2060
61802, 2060
99148, 2060
156078, 2060
221857, 2060
227978, 2060
251372, 2060
55224, 2057
20671, 2056
64670, 2056
165759, 2056
176814, 2056
241127, 2056
93290, 2055
1639, 2053
61866, 2051
71436, 2049
185001, 2047
270159, 2047
158110, 2046
80645, 2044
204000, 2044
244360, 2044
63043, 2041
180248, 2041
255808, 2041
295811, 2041
205790, 2037
226005, 2037
265046, 2037
151325, 2032
74312, 2031
102244, 2031
136316, 2031
60991, 2029
6363, 2026
177583, 2026
176687, 2025
184506, 2025
96415, 2024
137751, 2024
171501, 2024
192680, 2024
281582, 2024
30767, 2023
1183, 2022
245980, 2020
143527, 2018
192807, 2018
97430, 2017
178392, 2017
136492, 2016
186584, 2016
248678, 2016
263437, 2015
275714, 2015
5052, 2012
3950, 2011
8453, 2011
91870, 2011
98281, 2011
282233, 2011
43717, 2010
193109, 2010
230009, 2010
13238, 2009
90682, 2009
163304, 2009
89388, 2007
99659, 2007
102305, 2007
103312, 2007
107604, 2007
119045, 2007
215502, 2007
245152, 2007
115808, 2006
218398, 2006
220680, 2006
122409, 2003
129053, 2002
202831, 2001
13305, 1999
101211, 1998
29888, 1997
35182, 1996
69216, 1992
104320, 1992
2043, 1991
290843, 1991
205659, 1990
127321, 1989
207649, 1989
257143, 1989
75589, 1984
140325, 1984
8793, 1983
42332, 1983
62672, 1983
63908, 1983
87952, 1983
49279, 1982
30538, 1981
74908, 1980
98837, 1980
180843, 1980
184250, 1980
292382, 1980
29473, 1979
32671, 1979
38184, 1979
101218, 1979
105292, 1978
249594, 1978
219318, 1977
32868, 1976
121676, 1976
128578, 1974
206700, 1974
253027, 1974
180934, 1973
192988, 1973
197998, 1973
28894, 1970
151345, 1970
268334, 1970
13284, 1968
141364, 1968
227781, 1968
251871, 1968
140268, 1967
212610, 1967
92583, 1966
200502, 1961
253698, 1961
135662, 1956
254434, 1956
19419, 1955
19999, 1955
23816, 1955
54856, 1955
73460, 1955
110224, 1955
171606, 1955
176929, 1955
193440, 1955
207181, 1955
222488, 1955
286363, 1955
295027, 1955
27508, 1954
67593, 1954
80885, 1954
212938, 1954
78692, 1951
99828, 1951
104260, 1951
211689, 1951
11887, 1950
30723, 1950
99449, 1950
107229, 1950
145271, 1950
225748, 1950
279612, 1950
39655, 1949
68959, 1947
117954, 1946
103174, 1944
86301, 1943
182358, 1943
88279, 1942
8125, 1941
181612, 1941
165057, 1940
282520, 1940
132965, 1937
146910, 1937
254391, 1937
32385, 1936
107534, 1936
117426, 1936
264395, 1936
293116, 1936
10263, 1935
247876, 1935
8317, 1934
39882, 1934
289170, 1934
30003, 1929
47756, 1928
11547, 1927
191341, 1927
43942, 1925
106140, 1925
185680, 1925
274936, 1924
289361, 1924
17432, 1923
21423, 1923
73800, 1923
75433, 1923
107598, 1923
108421, 1923
112729, 1923
115149, 1923
116857, 1923
118673, 1923
119386, 1923
122621, 1923
123651, 1923
126220, 1923
126536, 1923
127047, 1923
128424, 1923
129931, 1923
131526, 1923
135731, 1923
147502, 1923
147640, 1923
153383, 1923
162578, 1923
170402, 1923
171181, 1923
176189, 1923
178915, 1923
180823, 1923
181236, 1923
215560, 1923
238731, 1923
11629, 1921
230338, 1921
112624, 1920
254451, 1919
282531, 1919
72569, 1918
73767, 1918
133071, 1916
205525, 1916
241357, 1916
268710, 1916
103781, 1915
173325, 1915
229810, 1915
185689, 1914
196513, 1914
5943, 1913
16212, 1913
47778, 1913
112984, 1912
18939, 1910
46237, 1910
46333, 1910
167300, 1910
187524, 1910
175831, 1909
210740, 1909
236940, 1909
248997, 1909
254993, 1909
280148, 1908
200541, 1906
218107, 1906
222654, 1906
17980, 1905
127697, 1905
279622, 1905
13591, 1904
17550, 1904
138567, 1904
208490, 1904
242202, 1904
285026, 1904
110124, 1903
58102, 1900
165321, 1897
30724, 1891
70649, 1891
153315, 1891
175089, 1891
181651, 1891
182679, 1891
184613, 1891
189518, 1891
194945, 1891
204650, 1891
208041, 1891
218385, 1891
218665, 1891
225590, 1891
230575, 1891
239853, 1891
244768, 1891
287739, 1891
34506, 1889
40421, 1889
71618, 1889
160911, 1889
282602, 1889
41701, 1888
162869, 1888
207525, 1888
270056, 1888
284600, 1888
88813, 1887
156370, 1887
174684, 1887
84930, 1885
87037, 1885
115441, 1885
117928, 1885
126392, 1885
132499, 1885
154554, 1885
164028, 1885
167577, 1885
174834, 1885
180041, 1885
181792, 1885
184772, 1885
186050, 1885
189537, 1885
193242, 1885
196197, 1885
196927, 1885
211303, 1885
218396, 1885
238572, 1885
239209, 1885
247512, 1885
253823, 1885
259091, 1885
272714, 1885
273410, 1885
284998, 1885
285170, 1885
288277, 1885
174257, 1883
248228, 1882
37322, 1881
53515, 1880
176857, 1880
249103, 1878
270904, 1878
15153, 1877
108440, 1877
131096, 1877
133733, 1877
228948, 1874
176939, 1873
236147, 1873
251950, 1873
41649, 1870
77805, 1870
96299, 1870
119082, 1870
185395, 1870
210405, 1870
24731, 1868
93394, 1868
154994, 1868
180074, 1868
187480, 1868
219335, 1868
226710, 1868
247784, 1868
9901, 1865
42838, 1865
152957, 1865
193454, 1865
222630, 1864
291870, 1864
25764, 1863
81826, 1863
261833, 1863
34023, 1862
61716, 1861
209505, 1861
108981, 1860
172871, 1860
278674, 1860
19198, 1858
264754, 1858
280689, 1858
27856, 1854
114044, 1854
16576, 1853
63202, 1853
68265, 1853
217596, 1853
2240, 1850
33503, 1850
55795, 1850
87649, 1850
107078, 1850
201547, 1850
234599, 1850
261691, 1847
204478, 1845
77245, 1844
88480, 1843
100869, 1842
105930, 1842
211624, 1842
272724, 1841
56603, 1840
234507, 1840
288142, 1840
85376, 1839
224822, 1839
230312, 1839
17332, 1838
47617, 1837
139557, 1837
168610, 1836
248347, 1836
64552, 1835
104418, 1834
240696, 1833
217184, 1832
15526, 1831
50841, 1831
56518, 1831
112640, 1831
177730, 1831
231333, 1831
264613, 1831
20504, 1830
23096, 1830
129908, 1830
153516, 1830
227129, 1830
245142, 1830
93442, 1826
126909, 1826
155805, 1826
274588, 1825
103633, 1823
215846, 1822
148800, 1820
47080, 1819
98882, 1819
188899, 1817
93772, 1815
242951, 1815
65557, 1813
71752, 1813
186589, 1813
242022, 1813
42907, 1812
193088, 1811
199815, 1811
270580, 1811
135946, 1810
155126, 1810
162547, 1810
220757, 1810
156743, 1809
22122, 1808
259529, 1808
10693, 1807
86659, 1807
133070, 1807
140183, 1807
240976, 1807
107382, 1803
221486, 1803
288200, 1803
162095, 1802
208836, 1802
247260, 1802
200741, 1799
71054, 1798
203468, 1796
44304, 1793
9238, 1790
162725, 1789
2321, 1787
36659, 1787
123239, 1786
167405, 1785
220557, 1785
234457, 1785
295035, 1784
29073, 1782
49620, 1782
77218, 1782
105825, 1782
163300, 1782
192019, 1782
176979, 1781
221855, 1781
280628, 1781
16987, 1780
36810, 1780
85201, 1780
141617, 1780
143591, 1780
144536, 1780
153541, 1780
154546, 1780
183757, 1780
188062, 1780
189163, 1780
195568, 1780
201133, 1780
207545, 1780
222661, 1780
259028, 1780
264095, 1780
277807, 1780
280512, 1780
282984, 1780
287181, 1780
292777, 1780
293026, 1780
86372, 1779
18735, 1778
69382, 1778
100720, 1776
288408, 1776
10280, 1774
196120, 1774
88462, 1773
262764, 1773
10401, 1772
130278, 1772
230492, 1772
12156, 1771
273579, 1771
67064, 1770
73927, 1770
135714, 1770
173677, 1770
189237, 1770
173514, 1769
214682, 1769
260957, 1769
68847, 1768
236180, 1768
46688, 1767
50587, 1767
64705, 1767
93405, 1767
209017, 1767
8810, 1766
75987, 1765
77020, 1765
208313, 1765
219226, 1765
220876, 1765
45068, 1764
47816, 1764
50295, 1764
50584, 1764
54298, 1764
55109, 1764
58416, 1764
71404, 1764
74690, 1764
75348, 1764
84877, 1764
90995, 1764
101995, 1764
106193, 1764
118682, 1764
128145, 1764
133840, 1764
136906, 1764
139976, 1764
141345, 1764
146315, 1764
151539, 1764
151587, 1764
157236, 1764
168718, 1764
183955, 1764
184065, 1764
186595, 1764
209608, 1764
212046, 1764
230366, 1764
280490, 1764
283848, 1764
294887, 1764
6660, 1761
49302, 1761
231419, 1761
289802, 1761
124940, 1760
152014, 1760
169579, 1760
180482, 1760
249014, 1760
272892, 1760
291877, 1760
28800, 1759
37913, 1759
86958, 1759
181441, 1759
11260, 1757
131982, 1757
190143, 1757
146301, 1756
257260, 1756
282528, 1756
288792, 1756
252181, 1755
8686, 1754
15480, 1754
74158, 1754
247744, 1754
28990, 1751
99899, 1751
107542, 1749
161530, 1749
189660, 1749
236873, 1749
52328, 1748
56862, 1748
62898, 1748
213471, 1748
179565, 1746
13622, 1745
62409, 1745
68254, 1745
95669, 1745
101899, 1745
108344, 1745
192971, 1745
202695, 1745
204594, 1745
213260, 1745
260608, 1745
263733, 1745
271116, 1745
272180, 1745
2248, 1744
90551, 1744
19927, 1740
37195, 1740
154261, 1740
3824, 1739
79350, 1739
136540, 1738
16420, 1736
39786, 1736
44176, 1736
65808, 1736
92350, 1736
136201, 1736
286300, 1736
33569, 1735
69549, 1735
160001, 1735
37551, 1733
45980, 1733
81284, 1733
87941, 1733
160607, 1733
168550, 1733
190849, 1733
235744, 1733
256403, 1732
243911, 1731
87806, 1730
197279, 1728
40193, 1726
103286, 1726
108660, 1726
37272, 1724
68530, 1724
84312, 1724
201469, 1724
16721, 1723
40413, 1723
49222, 1723
102339, 1723
145843, 1723
156961, 1723
233870, 1723
57033, 1722
187131, 1722
223878, 1722
123699, 1721
141971, 1721
230111, 1721
38264, 1719
70573, 1719
20288, 1718
56203, 1718
56919, 1718
66428, 1718
70297, 1718
104108, 1718
117778, 1718
152269, 1718
154819, 1718
211424, 1718
223715, 1718
234780, 1718
245303, 1718
246445, 1718
246646, 1718
100882, 1717
142517, 1717
235508, 1717
290716, 1717
61695, 1716
74446, 1716
186768, 1716
273176, 1716
98691, 1715
130577, 1715
193688, 1715
204372, 1715
39096, 1712
98663, 1712
164752, 1712
252160, 1712
292400, 1712
245953, 1711
100266, 1710
292674, 1710
294092, 1710
296566, 1710
147876, 1709
255547, 1709
9353, 1708
244251, 1708
60456, 1707
108358, 1707
264203, 1707
121144, 1706
193339, 1706
200163, 1706
243532, 1706
247570, 1706
275780, 1706
286422, 1706
70303, 1704
22686, 1703
175177, 1703
200534, 1703
232960, 1703
284295, 1703
217860, 1702
80576, 1701
157147, 1700
81942, 1699
112489, 1699
182666, 1699
123998, 1698
137348, 1698
151559, 1697
16070, 1696
170654, 1696
260685, 1695
275490, 1695
68352, 1692
125145, 1692
30562, 1691
55640, 1691
65658, 1691
84515, 1691
131986, 1691
235106, 1690
283865, 1690
205158, 1687
20519, 1685
60959, 1684
167850, 1683
236153, 1683
243552, 1683
276015, 1683
278760, 1683
128626, 1682
260152, 1681
124689, 1680
174028, 1680
241093, 1679
92240, 1678
100784, 1678
104921, 1678
224528, 1678
191992, 1677
200124, 1677
267061, 1675
26415, 1674
211429, 1674
18172, 1672
25890, 1672
84131, 1672
108042, 1672
168373, 1672
36011, 1671
36265, 1671
35533, 1670
110983, 1670
111832, 1670
115305, 1670
184868, 1670
204473, 1670
270178, 1670
278161, 1670
42096, 1669
58457, 1669
210386, 1669
65125, 1668
260354, 1668
10290, 1667
20688, 1667
209693, 1667
22011, 1666
49999, 1666
132124, 1666
160574, 1666
287577, 1666
22286, 1664
35546, 1664
96347, 1664
159537, 1664
167199, 1664
187546, 1664
72910, 1663
125363, 1663
134233, 1663
229209, 1663
277529, 1663
280296, 1663
164931, 1662
173006, 1662
126749, 1661
58900, 1660
146877, 1660
3168, 1659
6129, 1659
40035, 1658
76469, 1658
81735, 1658
111711, 1658
116198, 1658
271503, 1658
164871, 1657
217461, 1657
237816, 1657
191296, 1656
237581, 1656
122232, 1655
138945, 1654
159572, 1654
160169, 1654
293927, 1654
20117, 1652
62652, 1652
76674, 1652
82286, 1652
53518, 1650
229530, 1650
243119, 1650
253690, 1650
47809, 1648
102015, 1648
109630, 1648
220386, 1648
40721, 1647
51152, 1647
67676, 1647
78110, 1647
90341, 1647
146247, 1647
167441, 1647
175208, 1647
242813, 1647
255164, 1647
63859, 1646
287682, 1646
19517, 1644
66323, 1644
198410, 1644
286294, 1644
18626, 1641
140465, 1641
82735, 1640
109488, 1640
126806, 1640
145435, 1638
145521, 1637
168926, 1637
214146, 1637
290511, 1637
76541, 1634
92917, 1634
119734, 1634
273829, 1634
172168, 1631
100978, 1630
178583, 1630
17488, 1629
166256, 1629
252352, 1629
254317, 1629
278617, 1629
26294, 1628
235498, 1628
55424, 1627
14399, 1626
34784, 1626
49904, 1626
67000, 1626
68212, 1626
98612, 1626
210233, 1626
247903, 1626
73639, 1625
73831, 1625
281030, 1625
215334, 1623
128422, 1622
168720, 1622
285791, 1622
10886, 1621
256699, 1621
100693, 1619
134882, 1619
184777, 1619
249503, 1619
18632, 1618
63209, 1615
8386, 1614
28635, 1614
64319, 1614
95730, 1614
222528, 1613
21193, 1612
145377, 1612
68221, 1611
97574, 1611
251699, 1611
237365, 1610
104862, 1608
146778, 1608
70968, 1607
105957, 1606
137357, 1606
291032, 1605
35054, 1604
37833, 1604
54657, 1604
62932, 1604
86496, 1604
109581, 1604
140858, 1604
184661, 1604
212856, 1604
223195, 1604
151449, 1602
178684, 1602
230273, 1602
236309, 1602
243705, 1602
268585, 1602
21396, 1601
207675, 1601
33564, 1600
55830, 1600
77975, 1600
149868, 1600
185351, 1600
187261, 1600
242003, 1600
276621, 1600
86118, 1599
145569, 1598
282048, 1598
285860, 1598
178016, 1597
215014, 1597
253622, 1597
125082, 1596
135672, 1596
257352, 1596
84274, 1594
252977, 1594
20236, 1593
74480, 1593
217453, 1593
168230, 1592
32510, 1591
3379, 1589
78288, 1589
206162, 1589
162687, 1587
83353, 1586
102767, 1586
104040, 1586
210039, 1586
252523, 1586
255339, 1586
260371, 1586
282823, 1586
284051, 1586
37178, 1585
48863, 1585
51971, 1585
114841, 1585
190748, 1585
203998, 1585
226461, 1585
291413, 1585
287086, 1583
295910, 1583
87273, 1582
48890, 1581
69517, 1581
71129, 1581
98619, 1581
128423, 1581
279235, 1581
29197, 1580
242730, 1579
294505, 1579
16046, 1578
18608, 1578
100779, 1578
119732, 1578
156225, 1578
276977, 1578
232312, 1577
259874, 1577
38381, 1576
62396, 1576
81899, 1576
98244, 1576
140355, 1576
158714, 1576
174724, 1576
290016, 1576
68541, 1575
41650, 1574
101096, 1574
172538, 1574
142188, 1573
293034, 1573
156436, 1572
202342, 1572
568, 1571
60883, 1570
123929, 1570
127314, 1570
162129, 1570
194179, 1570
221146, 1570
151838, 1569
157490, 1569
184023, 1569
239655, 1569
248316, 1568
189326, 1567
192706, 1567
84050, 1566
98472, 1566
182439, 1566
244045, 1566
152002, 1565
156198, 1565
157722, 1565
193094, 1565
294198, 1565
69692, 1564
117357, 1564
243854, 1564
15513, 1563
110862, 1563
225771, 1561
80525, 1560
174859, 1560
182781, 1560
190854, 1560
229561, 1560
291761, 1560
6054, 1559
7882, 1559
36746, 1559
159837, 1559
9898, 1558
26589, 1558
251306, 1558
13925, 1557
48690, 1557
48971, 1557
49628, 1557
59164, 1557
61691, 1557
151253, 1557
61170, 1555
160099, 1555
230397, 1555
54183, 1554
266375, 1554
284246, 1554
30608, 1553
210119, 1553
87153, 1551
131819, 1550
139860, 1550
22112, 1549
54978, 1549
277363, 1549
24337, 1547
64006, 1547
124769, 1547
64193, 1546
83941, 1546
126107, 1546
168767, 1546
182095, 1546
288761, 1546
46818, 1545
78681, 1545
144806, 1545
179834, 1545
252893, 1545
14926, 1543
120744, 1543
122226, 1543
257600, 1543
268295, 1543
34223, 1542
13160, 1541
106032, 1541
174127, 1541
252437, 1541
128886, 1539
141037, 1539
154790, 1539
180751, 1539
110055, 1538
280076, 1538
31661, 1537
48477, 1537
78003, 1537
129693, 1537
170932, 1537
229510, 1537
54961, 1536
99019, 1536
139185, 1536
172690, 1536
197329, 1536
216740, 1536
108662, 1535
124759, 1535
130582, 1535
133613, 1535
157026, 1535
278614, 1534
48763, 1533
69706, 1533
141676, 1533
33698, 1530
53670, 1530
142053, 1530
276522, 1530
26740, 1529
34120, 1529
87082, 1529
200652, 1529
29595, 1528
249994, 1528
47630, 1527
121754, 1527
154434, 1527
12922, 1526
47231, 1526
6722, 1525
24329, 1525
68762, 1525
65117, 1524
216762, 1524
1657, 1523
11890, 1523
233277, 1523
278426, 1522
291274, 1522
4230, 1521
22038, 1521
107848, 1521
172046, 1521
286270, 1521
238618, 1520
113515, 1519
273908, 1513
23345, 1512
24545, 1512
60728, 1512
186846, 1512
248841, 1511
21967, 1510
150644, 1510
155499, 1510
190396, 1510
75519, 1509
146068, 1509
27830, 1507
100326, 1507
35359, 1506
131080, 1506
181336, 1506
243568, 1506
282334, 1506
171716, 1504
40911, 1503
117429, 1503
63333, 1502
89104, 1502
101709, 1502
242517, 1502
50389, 1501
111883, 1501
224743, 1499
36261, 1498
195152, 1498
287457, 1498
76651, 1497
8575, 1496
13377, 1496
94446, 1496
138625, 1496
156029, 1496
255098, 1496
256366, 1496
288368, 1496
31713, 1495
66053, 1495
69895, 1495
94425, 1494
111956, 1494
140720, 1494
160264, 1494
277823, 1494
91229, 1493
47039, 1492
291780, 1492
137208, 1490
6560, 1489
83237, 1489
159056, 1489
197245, 1489
224342, 1489
230713, 1489
270885, 1489
275993, 1489
282754, 1489
292657, 1489
50376, 1488
163841, 1488
172561, 1488
175135, 1488
258793, 1488
7339, 1485
44383, 1485
70337, 1485
131695, 1485
278576, 1484
28938, 1483
51252, 1483
59658, 1483
74133, 1483
83709, 1483
174135, 1483
206988, 1483
238077, 1483
269668, 1483
275240, 1483
55780, 1482
95601, 1482
140201, 1482
6803, 1481
108092, 1480
240531, 1480
288600, 1480
27588, 1479
251608, 1479
47358, 1478
112057, 1478
26342, 1477
31785, 1477
53952, 1476
217018, 1476
9916, 1475
69562, 1475
70665, 1475
107656, 1475
114598, 1475
144859, 1475
165544, 1475
194828, 1475
276528, 1475
21954, 1474
78558, 1474
128188, 1474
128894, 1474
267942, 1474
22368, 1472
35401, 1472
89404, 1472
193805, 1472
202462, 1472
207643, 1472
260301, 1472
276102, 1472
35826, 1471
97288, 1470
114553, 1470
236312, 1470
237814, 1470
279959, 1470
295976, 1470
19078, 1469
28041, 1469
44135, 1469
60035, 1469
116682, 1469
159935, 1469
6884, 1468
31556, 1468
59298, 1468
140578, 1468
271214, 1468
25123, 1467
78332, 1467
110616, 1467
169656, 1467
275989, 1467
18431, 1465
110162, 1465
116585, 1465
3762, 1464
85087, 1464
113953, 1464
200649, 1464
216810, 1464
251532, 1464
273821, 1464
284539, 1464
154185, 1463
26588, 1462
30877, 1462
86873, 1462
97817, 1462
117470, 1462
172737, 1462
204466, 1462
244630, 1462
257988, 1462
122509, 1461
152108, 1461
19896, 1460
168669, 1460
216325, 1460
84104, 1458
211707, 1458
138334, 1457
171524, 1457
28514, 1456
41703, 1456
44657, 1456
45595, 1456
61002, 1456
151967, 1456
184547, 1456
201816, 1456
8364, 1455
35996, 1455
180487, 1455
259563, 1455
44015, 1454
143441, 1454
265516, 1453
212691, 1452
225276, 1452
123828, 1451
158342, 1451
220541, 1451
294359, 1451
22972, 1450
111258, 1450
120365, 1450
260473, 1450
130356, 1449
177912, 1449
120121, 1448
122628, 1448
161289, 1448
194299, 1448
226666, 1448
267850, 1448
283800, 1448
288419, 1448
84643, 1447
148648, 1447
213282, 1446
62611, 1445
91651, 1445
244753, 1445
15501, 1444
73509, 1444
135958, 1444
161737, 1444
15222, 1443
98835, 1443
212727, 1443
220261, 1443
257256, 1443
46563, 1442
69111, 1441
261131, 1441
137194, 1440
145025, 1439
243045, 1438
107691, 1437
188048, 1434
213082, 1434
23264, 1433
120564, 1433
265414, 1433
183619, 1431
184283, 1431
57641, 1430
180827, 1430
247041, 1430
74846, 1429
34983, 1428
93744, 1428
178631, 1428
228336, 1428
50197, 1427
173159, 1427
182139, 1427
195401, 1427
198146, 1427
243318, 1427
31022, 1426
61395, 1426
196330, 1426
236096, 1426
247779, 1426
41126, 1425
116433, 1425
181608, 1425
9350, 1424
55350, 1424
75889, 1424
107027, 1424
129289, 1424
150620, 1424
210316, 1424
13081, 1423
19334, 1421
35076, 1421
132180, 1420
23731, 1419
31614, 1419
127617, 1419
128398, 1419
194156, 1419
205382, 1419
240029, 1419
265920, 1419
16932, 1418
43101, 1418
111524, 1418
26307, 1417
79099, 1417
215812, 1417
222989, 1417
273066, 1417
289044, 1417
14885, 1416
49072, 1415
84257, 1414
234707, 1414
191629, 1413
215700, 1413
248794, 1413
254566, 1413
46763, 1412
185814, 1412
278918, 1412
99172, 1411
115634, 1411
157683, 1411
195500, 1411
201160, 1411
290496, 1411
54678, 1410
275061, 1410
193611, 1409
235845, 1409
61017, 1408
75192, 1408
142046, 1408
196312, 1408
203186, 1408
283905, 1408
10874, 1405
26596, 1405
17239, 1404
72714, 1404
147274, 1404
293747, 1404
102468, 1403
120813, 1403
167112, 1403
15460, 1401
47650, 1401
55176, 1400
83134, 1400
84190, 1400
125075, 1400
137082, 1400
284775, 1400
26687, 1399
182073, 1399
251064, 1399
257537, 1399
140783, 1398
286724, 1398
135108, 1397
248175, 1397
22760, 1396
46255, 1396
132084, 1396
155910, 1396
189807, 1396
191451, 1396
198724, 1396
205323, 1396
229945, 1396
275474, 1396
12024, 1395
33100, 1395
46388, 1395
126974, 1395
200596, 1395
207574, 1395
209086, 1395
268392, 1395
287671, 1395
287675, 1395
34117, 1394
66933, 1394
96905, 1394
121045, 1394
148557, 1394
232724, 1394
250639, 1394
251357, 1394
275016, 1394
295977, 1394
34351, 1393
44041, 1393
99264, 1393
118464, 1393
189138, 1393
221503, 1393
285910, 1393
47062, 1392
106424, 1392
185364, 1392
66682, 1391
88225, 1391
120133, 1391
122739, 1391
165371, 1391
175662, 1391
193663, 1391
252539, 1391
51435, 1390
71807, 1390
90580, 1390
103259, 1390
119594, 1390
128533, 1390
162754, 1390
176486, 1390
197527, 1390
238490, 1390
250134, 1390
16040, 1389
18283, 1389
167729, 1389
262276, 1389
11723, 1388
25259, 1388
112110, 1388
151093, 1388
471, 1387
30193, 1387
47270, 1387
100408, 1387
127024, 1387
187241, 1387
214048, 1387
254048, 1387
17718, 1386
142963, 1386
101706, 1384
198221, 1384
283870, 1384
29392, 1383
180786, 1383
183726, 1383
199609, 1383
208244, 1383
217523, 1383
276997, 1383
277667, 1383
134198, 1382
44960, 1381
278896, 1381
41306, 1379
119344, 1378
124169, 1378
138990, 1377
62374, 1376
146989, 1376
148964, 1376
256089, 1376
258407, 1376
277373, 1376
286223, 1376
54892, 1375
128684, 1375
224238, 1374
283628, 1374
290784, 1374
67358, 1373
31569, 1372
70519, 1371
24455, 1370
29040, 1370
60820, 1370
91518, 1370
93411, 1370
124283, 1370
128296, 1370
169481, 1370
178371, 1370
181402, 1370
261947, 1370
103083, 1369
123316, 1369
215617, 1369
42621, 1368
76010, 1368
96796, 1368
261089, 1368
285979, 1368
40327, 1367
107116, 1367
2610, 1366
33313, 1366
124779, 1366
154847, 1366
170144, 1366
186276, 1366
61138, 1365
81842, 1365
258200, 1365
26441, 1364
161326, 1364
247071, 1364
45383, 1363
83422, 1363
156500, 1363
209137, 1363
46685, 1362
130688, 1362
154837, 1362
210234, 1362
268809, 1362
205440, 1361
166815, 1360
167099, 1359
9860, 1357
36579, 1357
91175, 1357
96523, 1357
98763, 1357
180971, 1357
189367, 1357
195229, 1357
250475, 1357
289673, 1357
29679, 1356
66902, 1356
71712, 1356
36143, 1355
146353, 1355
153435, 1355
160704, 1355
295389, 1355
34881, 1354
65929, 1354
35464, 1353
124985, 1353
125068, 1353
243984, 1353
275575, 1353
276758, 1353
13557, 1352
18326, 1352
57685, 1352
93501, 1352
277679, 1352
79170, 1351
259695, 1351
278113, 1351
278970, 1351
243728, 1350
287011, 1350
106262, 1349
114663, 1349
231176, 1349
235431, 1349
260176, 1349
31546, 1347
55540, 1347
75905, 1347
132935, 1346
230494, 1346
249585, 1346
247108, 1345
30531, 1344
104373, 1344
158793, 1344
177549, 1344
186058, 1344
58949, 1343
59186, 1343
179656, 1343
25741, 1342
32794, 1342
34877, 1342
88220, 1342
95317, 1342
138966, 1342
177189, 1342
205614, 1342
243193, 1342
261901, 1342
48823, 1341
158929, 1341
275015, 1341
4190, 1340
184071, 1340
133419, 1339
210820, 1339
290384, 1339
33775, 1338
125929, 1338
65615, 1336
90069, 1336
176666, 1336
214942, 1336
38574, 1335
62490, 1335
82315, 1335
95482, 1335
97198, 1335
172026, 1335
189482, 1335
8374, 1334
65031, 1334
10991, 1333
36692, 1333
39758, 1333
48252, 1333
82249, 1333
189667, 1333
199162, 1333
13403, 1332
146746, 1332
201393, 1332
209568, 1332
255658, 1332
288764, 1332
31663, 1331
73754, 1331
9948, 1330
18741, 1330
27116, 1330
57580, 1330
63404, 1330
68991, 1330
106494, 1330
205590, 1330
252706, 1328
22468, 1327
102529, 1327
102934, 1327
17395, 1326
26618, 1326
28702, 1326
53478, 1326
76804, 1326
177094, 1326
247634, 1326
286058, 1326
65897, 1325
80069, 1325
202826, 1325
245086, 1325
107675, 1324
186399, 1324
192828, 1324
44602, 1323
72419, 1323
93591, 1323
130845, 1323
175749, 1323
186243, 1323
206901, 1323
19329, 1322
24341, 1322
25275, 1322
38521, 1322
98956, 1322
132729, 1322
172799, 1322
253759, 1322
276323, 1322
280877, 1322
43683, 1321
53634, 1321
107107, 1321
187439, 1321
161595, 1320
13444, 1319
37370, 1319
119187, 1319
159462, 1319
250467, 1319
59115, 1317
132693, 1317
144069, 1317
169702, 1317
176296, 1317
269799, 1317
11437, 1316
22064, 1316
65675, 1316
86475, 1316
152236, 1316
205153, 1316
238164, 1316
264138, 1316
272570, 1316
287401, 1316
12753, 1315
51077, 1315
109113, 1315
66974, 1314
68232, 1314
136445, 1314
149120, 1313
217096, 1313
96448, 1312
8631, 1311
25368, 1311
71532, 1311
17198, 1309
33069, 1309
39603, 1309
80336, 1309
122885, 1309
159163, 1309
162515, 1309
166782, 1309
205244, 1309
282355, 1308
4825, 1307
31442, 1307
62634, 1307
82464, 1307
127663, 1307
161714, 1307
226377, 1307
246280, 1307
249151, 1307
109324, 1306
146895, 1306
81706, 1305
153981, 1305
277318, 1305
34451, 1304
36286, 1304
65464, 1304
80444, 1304
170080, 1304
63704, 1303
64220, 1303
127564, 1303
151052, 1303
157884, 1303
158653, 1303
234144, 1303
267020, 1303
6481, 1302
34198, 1302
46397, 1302
181277, 1302
282845, 1302
86836, 1301
138898, 1301
218774, 1301
286373, 1301
40322, 1300
77598, 1300
120954, 1300
128343, 1300
201349, 1300
276723, 1300
71312, 1299
117564, 1299
162141, 1299
196477, 1299
199524, 1299
270622, 1299
22280, 1298
61171, 1298
187403, 1298
282111, 1298
28080, 1297
76341, 1297
80457, 1297
116479, 1297
161233, 1297
249575, 1297
203773, 1296
38506, 1295
133757, 1295
3689, 1294
13676, 1294
121161, 1294
129916, 1294
182091, 1294
183748, 1294
183790, 1294
221566, 1294
225500, 1294
230456, 1294
236507, 1294
244409, 1294
250056, 1294
251542, 1294
251866, 1294
251884, 1294
253270, 1294
259771, 1294
268385, 1294
270923, 1294
271509, 1294
286289, 1294
11491, 1293
34680, 1293
60989, 1293
80469, 1293
85244, 1293
92536, 1293
158302, 1293
176205, 1293
252243, 1293
23174, 1292
110239, 1292
208427, 1292
28231, 1291
172508, 1290
220734, 1290
256927, 1290
97964, 1289
17717, 1288
76347, 1288
83963, 1288
165678, 1288
190885, 1288
87440, 1287
235888, 1287
27196, 1286
153967, 1286
286178, 1286
56938, 1285
66957, 1285
136478, 1285
223017, 1285
21813, 1284
24314, 1284
36312, 1284
57720, 1284
68552, 1284
102568, 1284
107684, 1284
134983, 1284
199665, 1284
225950, 1284
244429, 1284
256706, 1284
287762, 1284
106156, 1283
127152, 1283
155278, 1283
168622, 1283
177855, 1283
240239, 1283
285082, 1283
33498, 1282
40292, 1282
74806, 1282
81273, 1282
115048, 1282
122534, 1282
133996, 1282
153961, 1282
161569, 1282
174423, 1282
238406, 1282
286182, 1282
36773, 1281
132721, 1281
175113, 1281
11612, 1280
15216, 1280
42936, 1280
44323, 1280
47920, 1280
56541, 1280
86686, 1280
99957, 1280
140366, 1280
144750, 1280
149848, 1280
166896, 1280
174072, 1280
217061, 1280
234635, 1280
291405, 1279
135177, 1278
155390, 1278
257449, 1278
4533, 1277
18104, 1277
112518, 1277
130045, 1277
150348, 1277
151888, 1277
255937, 1277
63148, 1276
28599, 1275
105562, 1275
118406, 1275
123916, 1275
154586, 1275
181466, 1275
217601, 1275
225905, 1275
246020, 1274
20575, 1273
90395, 1273
250973, 1273
14159, 1272
28994, 1272
100606, 1272
112018, 1272
211234, 1272
265580, 1272
74964, 1271
107118, 1271
185947, 1271
226136, 1271
67720, 1270
24418, 1269
88195, 1269
110498, 1269
158167, 1269
182272, 1269
227400, 1269
268252, 1269
220619, 1268
43327, 1267
86316, 1267
119671, 1267
193747, 1267
234119, 1267
253254, 1267
256896, 1267
258567, 1267
259473, 1267
259966, 1267
264478, 1267
272624, 1267
43795, 1266
143795, 1266
288976, 1266
73964, 1265
113031, 1265
146469, 1265
178844, 1265
75608, 1264
173966, 1264
207427, 1264
271988, 1263
283714, 1263
33337, 1261
63686, 1261
83356, 1261
173925, 1261
192033, 1261
201358, 1261
256795, 1261
258101, 1261
295090, 1261
59005, 1260
102857, 1260
138110, 1260
187347, 1260
200557, 1260
293599, 1259
12714, 1258
24118, 1258
124948, 1258
198967, 1258
213907, 1258
256692, 1258
50616, 1257
95235, 1257
108830, 1257
117640, 1257
206360, 1257
293314, 1257
4549, 1256
157869, 1256
65855, 1255
67630, 1255
30212, 1253
35378, 1253
50194, 1253
87327, 1253
155393, 1253
168094, 1253
241511, 1253
9037, 1252
124074, 1252
148196, 1252
160544, 1252
189761, 1252
193572, 1252
267362, 1252
65935, 1251
74579, 1251
176480, 1251
274766, 1251
47743, 1250
61739, 1250
84503, 1250
191409, 1250
233476, 1250
32492, 1249
38786, 1249
221046, 1249
233843, 1249
242209, 1249
272966, 1249
279387, 1249
294095, 1249
1171, 1248
33532, 1248
50638, 1248
64737, 1248
83867, 1248
136900, 1248
264415, 1248
287986, 1247
192933, 1246
228288, 1246
48606, 1245
161928, 1245
219060, 1245
266068, 1245
76942, 1244
125755, 1244
182854, 1244
225572, 1244
76018, 1242
166737, 1242
170876, 1242
217951, 1242
279840, 1242
296558, 1242
107168, 1240
170974, 1240
179420, 1240
212992, 1240
236678, 1240
241462, 1240
272441, 1240
52301, 1239
84869, 1239
128223, 1239
165457, 1239
169511, 1239
212808, 1239
212976, 1239
214475, 1239
221328, 1239
235166, 1239
237244, 1239
244459, 1239
246629, 1239
248944, 1239
252032, 1239
257037, 1239
268999, 1239
272260, 1239
276159, 1239
288742, 1239
16135, 1238
16155, 1238
173886, 1238
287860, 1238
293278, 1238
59138, 1237
117061, 1237
155304, 1237
176694, 1237
181486, 1237
247049, 1237
270913, 1237
15994, 1236
24949, 1236
51276, 1236
55650, 1236
101198, 1235
32927, 1233
80511, 1233
235329, 1233
217883, 1232
295049, 1232
99988, 1231
164977, 1231
196196, 1231
24202, 1230
33441, 1230
89709, 1230
96399, 1230
114397, 1230
164796, 1230
264684, 1230
68683, 1228
92726, 1228
93464, 1228
151772, 1228
49696, 1227
102072, 1227
106919, 1227
116658, 1227
131573, 1227
140226, 1227
141014, 1227
150141, 1227
170156, 1227
211328, 1227
28437, 1226
36424, 1226
41098, 1226
90872, 1226
186105, 1226
244978, 1226
197174, 1225
21746, 1224
22542, 1224
38728, 1224
45492, 1224
49810, 1224
53175, 1224
66946, 1224
74470, 1224
74624, 1224
75643, 1224
76916, 1224
78276, 1224
100982, 1224
108549, 1224
122643, 1224
130930, 1224
145985, 1224
147324, 1224
149063, 1224
163679, 1224
177894, 1224
179692, 1224
181641, 1224
194074, 1224
218347, 1224
230012, 1224
232796, 1224
237804, 1224
249188, 1224
284095, 1224
18290, 1223
54128, 1223
66590, 1223
80565, 1223
100217, 1223
132514, 1223
156485, 1223
119600, 1222
151716, 1222
161764, 1222
287741, 1222
35654, 1221
49498, 1221
121070, 1221
238610, 1221
290856, 1221
91083, 1220
247716, 1220
53366, 1219
102770, 1219
126905, 1219
136510, 1219
204685, 1219
50659, 1218
178858, 1218
233668, 1218
21007, 1217
204610, 1217
5208, 1215
52215, 1215
80335, 1215
90806, 1215
99421, 1215
159926, 1215
166771, 1215
209803, 1215
181873, 1213
10837, 1212
211756, 1212
249344, 1212
59697, 1211
63293, 1211
79668, 1211
123555, 1211
156899, 1211
284843, 1211
4958, 1210
21122, 1210
23075, 1210
34276, 1210
54316, 1210
78336, 1210
106902, 1210
159489, 1210
179358, 1210
215037, 1210
865, 1209
176238, 1209
243148, 1209
5932, 1207
19195, 1207
23702, 1207
165972, 1207
198501, 1207
242110, 1207
184560, 1206
86337, 1205
118312, 1205
169006, 1205
169597, 1205
175932, 1205
24160, 1204
39460, 1204
80804, 1204
90673, 1204
106203, 1204
160311, 1203
179390, 1203
219281, 1203
276844, 1203
14007, 1202
20169, 1202
30837, 1202
61570, 1202
159226, 1202
168251, 1202
184594, 1202
29038, 1201
49741, 1201
104389, 1201
171713, 1201
227541, 1201
383, 1200
5869, 1200
43787, 1200
97379, 1200
104073, 1200
230325, 1200
29125, 1199
60379, 1199
93208, 1199
99836, 1199
112220, 1199
113586, 1199
124837, 1199
178181, 1199
211716, 1199
223923, 1199
268559, 1199
279454, 1199
289808, 1199
28657, 1198
58547, 1198
202260, 1198
222803, 1198
57338, 1197
110553, 1197
111239, 1197
111705, 1197
113507, 1197
134565, 1197
146237, 1197
192621, 1197
220289, 1197
222083, 1197
226679, 1197
274650, 1197
295142, 1197
54399, 1196
65034, 1196
90540, 1196
121549, 1196
130257, 1196
142655, 1196
223189, 1196
238419, 1196
240773, 1196
263073, 1196
11412, 1195
43862, 1195
75213, 1195
93534, 1195
114128, 1195
118817, 1195
275620, 1195
94513, 1194
134307, 1194
147923, 1194
264911, 1194
95623, 1193
3472, 1192
16909, 1192
88759, 1192
103262, 1192
54990, 1190
119617, 1190
139106, 1190
221671, 1190
271903, 1189
7632, 1187
120720, 1187
169371, 1187
198583, 1187
17908, 1186
55736, 1186
66483, 1186
236739, 1186
36665, 1185
42766, 1185
135101, 1185
152311, 1185
170338, 1185
17862, 1184
16800, 1183
30409, 1183
43248, 1183
50597, 1183
67143, 1183
67781, 1183
120985, 1183
148417, 1183
176447, 1183
177230, 1183
191190, 1183
270610, 1183
271324, 1183
103712, 1182
188665, 1182
194304, 1182
230553, 1182
49374, 1181
55588, 1181
62181, 1181
95188, 1181
101534, 1181
122622, 1181
139889, 1181
228939, 1181
284621, 1181
120839, 1180
132220, 1180
188108, 1180
196309, 1180
216863, 1180
235083, 1180
243377, 1180
271344, 1180
292619, 1180
18206, 1179
20578, 1179
24327, 1179
35665, 1179
67537, 1179
105934, 1179
207385, 1179
226714, 1179
275803, 1179
7724, 1178
31693, 1178
52357, 1178
82230, 1178
88171, 1178
115733, 1178
116187, 1178
122680, 1178
183382, 1178
267634, 1178
278690, 1178
290509, 1178
70950, 1177
76762, 1177
82622, 1177
229173, 1177
284557, 1177
18489, 1176
52588, 1176
67951, 1176
79769, 1176
96255, 1176
127485, 1176
129127, 1176
131924, 1176
168140, 1176
168667, 1176
281282, 1176
27718, 1175
136585, 1175
140348, 1175
24935, 1174
37792, 1174
52441, 1174
55410, 1174
76251, 1174
79014, 1174
134079, 1174
137772, 1174
140847, 1174
156506, 1174
193958, 1174
219218, 1174
228724, 1174
245158, 1174
265793, 1174
295202, 1174
20095, 1173
41629, 1173
48345, 1173
52394, 1173
76178, 1173
98710, 1173
99630, 1173
148282, 1173
61647, 1172
84172, 1172
43102, 1171
71619, 1171
72173, 1171
111646, 1171
184388, 1171
207100, 1171
29821, 1170
34536, 1170
67824, 1170
71414, 1170
102227, 1170
105417, 1170
113491, 1170
119515, 1170
168114, 1170
194222, 1170
233321, 1170
7796, 1169
32870, 1169
124094, 1169
142617, 1169
197680, 1169
223046, 1169
16556, 1168
39684, 1168
55217, 1168
66178, 1168
90152, 1168
121472, 1168
123563, 1168
36081, 1167
81020, 1167
131175, 1167
168282, 1167
26222, 1166
49149, 1166
63614, 1166
98420, 1166
127375, 1166
131642, 1166
206365, 1166
207261, 1166
212014, 1166
290972, 1166
14498, 1165
19473, 1165
40002, 1165
69281, 1165
73441, 1165
85656, 1165
98345, 1165
110654, 1165
195855, 1165
196495, 1165
266226, 1165
290133, 1165
291024, 1165
9689, 1164
55458, 1164
72217, 1164
170863, 1164
174955, 1164
185178, 1164
246444, 1164
276240, 1164
35068, 1163
54206, 1163
66821, 1163
68164, 1163
71409, 1163
88426, 1163
88743, 1163
94091, 1163
150704, 1163
163398, 1163
184905, 1163
213608, 1163
219975, 1163
221143, 1163
250748, 1163
25252, 1162
35823, 1162
94782, 1162
119267, 1162
133242, 1162
199596, 1162
22657, 1161
41844, 1161
59099, 1161
69376, 1161
76871, 1161
98013, 1161
113712, 1161
118023, 1161
120071, 1161
131952, 1161
137910, 1161
156463, 1161
163051, 1161
171202, 1161
181781, 1161
209385, 1161
235255, 1161
254782, 1161
254825, 1161
286228, 1161
293475, 1161
30259, 1160
247899, 1160
27663, 1159
108666, 1159
126595, 1159
140404, 1159
145033, 1159
255751, 1159
269648, 1159
59324, 1158
52442, 1157
165849, 1157
28671, 1156
65015, 1156
91181, 1156
110129, 1156
236183, 1156
237896, 1156
287141, 1156
25013, 1155
109638, 1155
295176, 1155
152825, 1154
193001, 1154
278951, 1154
84878, 1153
33924, 1151
22315, 1150
97319, 1150
118878, 1150
147485, 1150
244074, 1150
122872, 1149
159268, 1149
229834, 1149
18911, 1148
65732, 1148
119176, 1148
202175, 1148
24517, 1147
42981, 1147
61469, 1147
73328, 1147
111019, 1147
127344, 1147
141428, 1147
156503, 1147
175526, 1147
182607, 1147
186566, 1147
206863, 1147
225160, 1147
256874, 1147
289450, 1147
103400, 1146
115556, 1146
215330, 1146
240628, 1146
293251, 1146
11831, 1145
70270, 1145
71058, 1145
123857, 1145
289799, 1145
57004, 1144
60259, 1144
87454, 1144
87946, 1144
93093, 1144
140088, 1144
141705, 1144
145019, 1144
148922, 1144
159693, 1144
174150, 1144
192904, 1144
202333, 1144
210526, 1144
221316, 1144
233744, 1144
245487, 1144
252404, 1144
277153, 1143
8238, 1142
22813, 1142
175069, 1142
4902, 1141
7144, 1141
42806, 1141
78527, 1141
111082, 1141
261299, 1141
281828, 1141
9150, 1140
80574, 1140
123383, 1140
169052, 1139
19610, 1138
126716, 1138
220649, 1138
54326, 1137
152092, 1137
152915, 1137
156863, 1137
38247, 1136
39945, 1136
106266, 1136
130298, 1136
163894, 1136
178391, 1136
222883, 1136
268337, 1136
274457, 1136
6979, 1135
110574, 1135
196442, 1135
268327, 1135
185378, 1134
198106, 1134
200610, 1134
227806, 1134
25179, 1133
38739, 1133
67055, 1133
20740, 1132
84787, 1132
113633, 1132
130469, 1132
167262, 1132
18640, 1131
20904, 1131
49314, 1131
261034, 1131
18854, 1130
28312, 1130
168066, 1130
181030, 1130
184669, 1130
214364, 1130
246487, 1130
256883, 1130
257955, 1130
270876, 1130
286246, 1130
1725, 1129
21035, 1129
83315, 1129
137667, 1129
150912, 1129
152522, 1129
164903, 1129
167244, 1129
174748, 1129
277382, 1129
10893, 1128
26072, 1128
52919, 1128
66120, 1128
82441, 1128
105991, 1128
148075, 1128
150187, 1128
160565, 1128
172231, 1128
179110, 1128
258833, 1128
39512, 1127
52535, 1127
91894, 1127
133192, 1127
156185, 1127
166922, 1127
216885, 1127
89293, 1126
115143, 1126
11425, 1125
17369, 1125
34967, 1125
81493, 1125
154995, 1125
195670, 1125
289391, 1125
9352, 1124
39896, 1124
53029, 1124
85032, 1124
234264, 1124
34544, 1122
177883, 1122
199086, 1122
220689, 1122
61680, 1121
75165, 1121
79421, 1121
188105, 1121
249354, 1121
123570, 1120
143195, 1120
9325, 1119
51068, 1119
97535, 1119
101944, 1119
119530, 1119
123792, 1119
154765, 1119
230822, 1119
295738, 1119
8738, 1118
15559, 1117
18213, 1117
35892, 1117
39677, 1117
42653, 1117
68303, 1117
99880, 1117
117890, 1117
141504, 1117
144145, 1117
208750, 1117
245831, 1117
273535, 1117
4737, 1116
9698, 1116
74830, 1116
81765, 1116
174200, 1116
199981, 1116
202377, 1116
239580, 1116
262658, 1116
20334, 1115
22043, 1115
83668, 1115
149321, 1115
166171, 1115
16271, 1114
49667, 1114
220193, 1114
246193, 1114
289809, 1114
53363, 1113
102643, 1113
167440, 1113
220062, 1113
239625, 1113
11619, 1112
60772, 1112
173754, 1112
12824, 1111
142019, 1111
52, 1110
72542, 1110
125505, 1110
128282, 1110
190269, 1110
195539, 1110
226471, 1110
287438, 1110
25043, 1109
71671, 1109
201570, 1109
281074, 1109
3223, 1108
10146, 1108
46072, 1108
57783, 1108
107448, 1108
111581, 1108
114950, 1108
137272, 1108
199987, 1108
205479, 1108
216525, 1108
217149, 1108
254521, 1108
62836, 1107
186983, 1107
12181, 1106
18253, 1106
37159, 1106
131210, 1106
131538, 1106
164904, 1106
190233, 1106
220109, 1106
226098, 1106
291012, 1106
296050, 1106
19581, 1105
28484, 1105
34952, 1105
40369, 1105
42009, 1105
56780, 1105
61631, 1105
62120, 1105
85966, 1105
106275, 1105
157161, 1105
181510, 1105
263352, 1105
1802, 1104
41562, 1104
149024, 1104
24274, 1103
29336, 1103
31307, 1103
147913, 1103
154536, 1103
1077, 1102
26356, 1102
47537, 1102
49049, 1102
53288, 1102
74349, 1102
124461, 1102
140015, 1102
161497, 1102
175072, 1102
182134, 1102
230996, 1102
243547, 1102
244611, 1102
19850, 1101
122329, 1101
166135, 1101
268003, 1101
19824, 1100
46143, 1100
40442, 1099
53742, 1099
133157, 1099
134354, 1099
270825, 1099
68775, 1097
167190, 1097
38059, 1096
41268, 1096
57663, 1096
85874, 1096
107286, 1096
168448, 1096
188174, 1096
201643, 1096
207689, 1096
210487, 1096
220827, 1096
227145, 1096
232289, 1096
27806, 1095
57670, 1095
98650, 1095
107333, 1095
108872, 1095
111454, 1095
202922, 1095
269566, 1095
23973, 1094
85626, 1094
13268, 1093
26597, 1093
28415, 1093
37713, 1093
55323, 1093
92870, 1093
98738, 1093
133264, 1093
135770, 1093
147075, 1093
147137, 1093
180729, 1093
232785, 1093
238249, 1093
244600, 1093
247469, 1093
250673, 1093
256854, 1093
259149, 1093
280371, 1093
281725, 1093
285295, 1093
32084, 1092
190926, 1092
276393, 1092
38403, 1091
63359, 1091
82123, 1091
139773, 1091
215430, 1091
226852, 1091
286731, 1091
25415, 1090
31054, 1090
94970, 1090
140673, 1090
63604, 1089
126607, 1089
133077, 1089
164354, 1089
172053, 1089
94485, 1088
132250, 1088
139714, 1088
140196, 1088
206043, 1088
254037, 1088
56346, 1087
65863, 1087
66291, 1087
162046, 1087
200547, 1086
208304, 1086
241344, 1086
37665, 1085
50798, 1085
63276, 1085
107183, 1085
134383, 1085
184056, 1085
220523, 1085
284916, 1085
14922, 1084
25846, 1084
31064, 1084
50628, 1084
90340, 1084
130893, 1084
212042, 1084
232791, 1084
249734, 1084
269160, 1084
270167, 1084
276872, 1084
96491, 1083
26991, 1082
28931, 1082
41742, 1082
97725, 1082
124841, 1082
124970, 1082
133266, 1082
190657, 1082
205741, 1082
252727, 1082
22261, 1081
25774, 1081
34272, 1081
182086, 1081
280209, 1081
280910, 1081
296230, 1081
121011, 1080
123118, 1080
41071, 1079
55401, 1079
83255, 1079
141709, 1079
258277, 1079
290751, 1079
4410, 1078
22060, 1078
40346, 1078
49221, 1078
50708, 1078
61077, 1078
82690, 1078
91412, 1078
112511, 1078
114524, 1078
116091, 1078
135653, 1078
146030, 1078
150159, 1078
162356, 1078
180606, 1078
189743, 1078
210192, 1078
211482, 1078
274368, 1078
279126, 1078
69048, 1077
106053, 1077
111275, 1077
151622, 1077
180552, 1077
199789, 1077
229981, 1077
251887, 1077
268529, 1077
292425, 1077
209107, 1076
19637, 1075
40185, 1075
54129, 1075
125232, 1075
139120, 1075
140318, 1075
269066, 1075
1491, 1074
34788, 1074
267226, 1074
273429, 1074
10979, 1073
23980, 1073
80514, 1073
81527, 1073
141223, 1073
175409, 1073
183076, 1073
194867, 1073
259387, 1073
6358, 1072
17057, 1072
48157, 1072
55050, 1072
96142, 1072
194420, 1072
199337, 1072
247835, 1072
284260, 1072
83918, 1071
222137, 1071
284837, 1070
112478, 1069
166325, 1069
2212, 1068
33683, 1068
46213, 1068
68136, 1068
69756, 1068
175826, 1068
183470, 1068
266284, 1068
284229, 1068
176032, 1067
109819, 1066
268593, 1066
7441, 1065
8104, 1065
17969, 1065
36317, 1065
48808, 1065
56637, 1065
65747, 1065
115339, 1065
156224, 1065
189571, 1065
9081, 1064
53597, 1064
258328, 1064
12798, 1063
15757, 1063
69400, 1063
74523, 1063
87661, 1063
171128, 1063
19529, 1062
23813, 1062
36711, 1062
50186, 1062
69849, 1062
70894, 1062
85880, 1062
104851, 1062
123329, 1062
137459, 1062
27245, 1061
46684, 1061
64287, 1061
74016, 1061
158513, 1061
172724, 1061
211209, 1061
215834, 1061
228557, 1061
249404, 1061
251750, 1061
278176, 1061
282028, 1061
25174, 1060
26772, 1060
42323, 1060
166526, 1060
185115, 1060
186470, 1060
203092, 1060
216650, 1060
295778, 1060
128237, 1059
208272, 1059
213319, 1059
218093, 1059
235822, 1059
41082, 1058
56260, 1058
86128, 1058
117893, 1058
197497, 1058
213772, 1058
238365, 1058
52204, 1057
56691, 1057
84353, 1057
106400, 1057
171867, 1057
195209, 1057
198482, 1057
290427, 1057
51350, 1056
52288, 1056
95229, 1056
97935, 1056
136522, 1056
152135, 1056
174846, 1056
183226, 1056
246783, 1056
268651, 1056
294852, 1056
25544, 1055
45325, 1055
250831, 1055
260338, 1055
76187, 1054
135769, 1054
240056, 1054
247338, 1054
132850, 1053
170013, 1053
7924, 1052
133565, 1052
47568, 1051
200305, 1051
201608, 1051
15369, 1050
92606, 1050
208322, 1050
209290, 1050
45664, 1049
55318, 1049
96718, 1049
140593, 1049
201152, 1049
272055, 1049
6935, 1048
7113, 1048
22391, 1048
36061, 1048
180571, 1048
191932, 1048
38396, 1047
87604, 1047
172015, 1047
191119, 1047
95185, 1046
160746, 1046
237615, 1046
282658, 1046
14622, 1045
18622, 1045
19182, 1045
42212, 1045
54317, 1045
182230, 1045
223316, 1045
248731, 1045
12807, 1044
35819, 1044
36974, 1044
39738, 1044
51193, 1044
55589, 1044
59300, 1044
71142, 1044
104620, 1044
137420, 1044
139094, 1044
147846, 1044
157895, 1044
166692, 1044
177362, 1044
177485, 1044
197810, 1044
224878, 1044
229926, 1044
258051, 1044
279448, 1043
5946, 1042
28885, 1042
163538, 1042
17760, 1041
27678, 1041
31162, 1041
46077, 1041
54860, 1041
86197, 1041
98679, 1041
200067, 1041
206173, 1041
222666, 1041
8886, 1040
18571, 1040
28028, 1040
103787, 1040
41889, 1039
51945, 1039
53545, 1039
90870, 1039
96766, 1039
165269, 1039
184503, 1039
12588, 1038
18843, 1038
34327, 1038
35950, 1038
43583, 1038
45623, 1038
57735, 1038
75778, 1038
106985, 1038
142756, 1038
174858, 1038
283829, 1038
8666, 1037
15655, 1037
17380, 1037
32212, 1037
72382, 1037
82007, 1037
188075, 1037
226430, 1037
228346, 1037
231181, 1037
269316, 1037
11672, 1036
15413, 1036
35504, 1036
67013, 1036
170322, 1036
180544, 1036
255615, 1036
4088, 1035
67154, 1035
116224, 1035
136865, 1035
137519, 1035
163893, 1035
181686, 1035
197341, 1035
272832, 1035
46003, 1034
144568, 1034
159251, 1034
170725, 1034
195875, 1034
259250, 1034
259299, 1034
37907, 1033
62143, 1033
211899, 1033
220799, 1033
224154, 1033
1913, 1032
24962, 1032
63741, 1032
69201, 1032
99149, 1032
132688, 1032
145068, 1032
187902, 1032
216702, 1032
220618, 1032
287620, 1032
58373, 1031
68116, 1031
96721, 1031
262792, 1031
293566, 1031
27261, 1030
53190, 1030
192387, 1030
204178, 1030
207521, 1030
42227, 1029
43110, 1029
43767, 1029
61075, 1029
96870, 1029
100710, 1029
188613, 1029
188862, 1029
190093, 1029
212229, 1029
244421, 1029
248048, 1029
256275, 1029
261484, 1029
22575, 1028
46446, 1028
65531, 1028
75857, 1028
97334, 1028
125817, 1028
140846, 1028
167691, 1028
183430, 1028
288085, 1028
0, 1027
2860, 1027
36530, 1027
61003, 1027
95436, 1027
199142, 1027
245159, 1027
20673, 1026
57777, 1026
107389, 1026
146532, 1026
159846, 1026
181747, 1026
228810, 1026
240796, 1026
14537, 1025
23443, 1025
40883, 1025
59213, 1025
65877, 1025
87903, 1025
12458, 1024
26179, 1024
64643, 1024
154910, 1024
163265, 1024
184928, 1024
188532, 1024
207629, 1024
218695, 1024
57240, 1023
57342, 1023
69303, 1023
108490, 1023
179932, 1023
276403, 1023
277073, 1023
295596, 1023
7503, 1022
48455, 1022
68457, 1022
206737, 1022
249216, 1022
276818, 1022
31765, 1021
38102, 1021
54562, 1021
92436, 1021
179646, 1021
537, 1020
13355, 1020
37935, 1020
84543, 1020
97325, 1020
115915, 1020
135283, 1020
141303, 1020
294070, 1020
164683, 1019
239458, 1019
45925, 1018
107674, 1018
185748, 1018
286365, 1018
19425, 1017
94100, 1017
104304, 1017
46503, 1016
111253, 1016
112589, 1016
146944, 1016
154283, 1016
161127, 1016
14151, 1015
54435, 1015
126344, 1015
158381, 1015
220825, 1015
231740, 1015
253057, 1015
264006, 1015
110160, 1014
119576, 1014
590, 1013
10382, 1013
85131, 1013
41787, 1012
44711, 1012
51555, 1012
51626, 1012
51936, 1012
61835, 1012
63889, 1012
67266, 1012
70789, 1012
85786, 1012
87853, 1012
90831, 1012
91360, 1012
97029, 1012
99910, 1012
100351, 1012
102932, 1012
105619, 1012
111558, 1012
114939, 1012
117085, 1012
120601, 1012
129006, 1012
132187, 1012
132309, 1012
134387, 1012
135162, 1012
138763, 1012
139718, 1012
144748, 1012
149127, 1012
149283, 1012
150813, 1012
152303, 1012
158105, 1012
158899, 1012
161976, 1012
163281, 1012
164083, 1012
165717, 1012
184042, 1012
186056, 1012
190457, 1012
194200, 1012
201500, 1012
205418, 1012
209565, 1012
210014, 1012
210761, 1012
211745, 1012
212715, 1012
218302, 1012
221682, 1012
222411, 1012
226451, 1012
232837, 1012
236215, 1012
238740, 1012
246704, 1012
249789, 1012
251850, 1012
257806, 1012
272106, 1012
273725, 1012
275133, 1012
290848, 1012
145704, 1011
157919, 1011
24312, 1010
40959, 1010
43547, 1010
90668, 1010
93988, 1010
193564, 1010
260111, 1010
271059, 1010
19877, 1009
72358, 1009
76087, 1009
165093, 1009
173121, 1009
226023, 1009
230400, 1009
256791, 1009
17597, 1008
23730, 1008
33881, 1008
39988, 1008
76967, 1008
87047, 1008
108456, 1008
112180, 1008
112536, 1008
137647, 1008
162366, 1008
176646, 1008
210143, 1008
211612, 1008
244287, 1008
271862, 1008
6206, 1007
17266, 1007
38046, 1007
46747, 1007
94167, 1007
106212, 1007
113614, 1007
129519, 1007
181759, 1007
215126, 1007
225207, 1007
288741, 1007
43970, 1006
54775, 1006
147883, 1006
260705, 1006
70734, 1005
119903, 1005
145597, 1005
185776, 1005
203550, 1005
241105, 1005
249012, 1005
250324, 1005
262301, 1005
10193, 1004
10335, 1004
18691, 1004
45088, 1004
201481, 1004
203622, 1004
210161, 1004
284169, 1004
7837, 1003
11017, 1003
12417, 1003
13573, 1003
28445, 1003
34566, 1003
40937, 1003
118, 1002
1626, 1002
3357, 1002
5699, 1002
9627, 1002
12482, 1002
38304, 1002
55829, 1002
78334, 1002
93065, 1002
114175, 1002
149104, 1002
172837, 1002
295808, 1002
49464, 1001
66326, 1001
110756, 1001
110938, 1001
128453, 1001
37617, 1000
53996, 1000
61642, 1000
67232, 1000
94467, 1000
96196, 1000
101939, 1000
169297, 1000
209978, 1000
241681, 1000
276222, 1000
