1350, 144825
1855, 144825
1955, 144825
2078, 144825
2512, 144825
2618, 144825
2982, 144825
15936, 144825
25380, 144825
37774, 144825
185465, 144825
226638, 144825
2890, 139015
2925, 139015
2991, 139015
3090, 139015
3106, 139015
6581, 139015
17689, 137877
19525, 137184
27773, 137184
36250, 137184
67884, 137184
66729, 134082
30433, 131365
2598, 130536
66230, 125092
55398, 122280
2901, 117078
29684, 115977
235914, 88534
118984, 88442
13509, 87523
68833, 87523
147543, 87523
152405, 85392
31513, 84573
20960, 81861
12694, 81194
64829, 81194
7387, 81113
7878, 81113
14013, 81113
58592, 81113
79414, 81113
84205, 81113
125642, 81113
175991, 81113
11199, 80999
33215, 80946
10895, 80537
16016, 80537
2436, 80424
3111, 80424
2914, 80211
40282, 79692
15866, 79632
168042, 79632
58132, 79451
8943, 79246
177092, 79246
217314, 79131
221705, 79131
40298, 79117
113, 78744
5474, 78744
5556, 78744
5806, 78744
9747, 77030
10030, 77030
12137, 77030
19676, 77030
22289, 77030
71559, 77030
113466, 77030
156583, 77030
258749, 77030
76930, 76970
25744, 76552
136255, 76108
178117, 75849
259363, 75849
1099, 75253
1201, 75253
12774, 74422
215376, 73609
284001, 73609
247425, 73442
3890, 72336
142485, 72336
248358, 72303
162167, 72122
30586, 71533
104241, 71533
2593, 70711
6497, 70711
24171, 70711
44283, 70711
58702, 70711
238223, 70711
177623, 70171
4367, 69658
7215, 69658
69930, 69658
83569, 69658
188500, 69658
61195, 69547
110882, 69547
119773, 69547
130067, 69547
137557, 69547
138113, 69547
169277, 69547
176619, 69547
255599, 69547
282402, 69547
20172, 69167
22108, 69167
10123, 69165
20657, 69165
2358, 68145
205384, 67834
275073, 67240
30625, 67102
36851, 67102
37169, 67102
55136, 67102
55877, 67102
25719, 65941
3866, 65809
54376, 65809
5611, 65798
30085, 65798
72288, 65798
20378, 65648
3419, 65634
28991, 65634
98371, 65634
24592, 64930
28083, 64930
32521, 64930
37135, 64930
40932, 64930
45351, 64930
211135, 64930
213410, 64913
255036, 64913
11280, 64608
25044, 64608
1446, 64578
1755, 64578
2457, 64578
4537, 64578
5453, 64578
7875, 64578
8288, 64578
13923, 64578
17469, 64578
20617, 64578
22338, 64578
25957, 64578
37392, 64578
49211, 64578
68620, 64578
72081, 64578
80665, 64578
83059, 64578
84372, 64578
84944, 64578
111074, 64578
117541, 64578
136829, 64578
211852, 64578
233678, 64578
247989, 64578
287139, 64578
152142, 64461
227839, 64461
117516, 64271
183488, 64099
41020, 64029
63224, 64029
154110, 64029
1995, 64009
3468, 63273
2357, 63177
3913, 63177
12429, 63177
13446, 63177
17326, 63177
25772, 63177
32585, 63177
39907, 63177
119770, 63177
138772, 63177
148728, 63177
210598, 63177
290156, 63177
193410, 63140
16687, 63107
86522, 63107
122691, 63107
13146, 62993
10241, 62789
17342, 62789
36642, 62789
45376, 62789
204280, 62789
243387, 62789
255737, 62789
50451, 62003
141116, 62003
170150, 61286
1417, 60868
1481, 60868
93295, 60868
113051, 60868
154887, 60868
269002, 60868
225, 60428
179256, 59871
263254, 59871
103774, 59568
126661, 59487
7132, 58171
30879, 58171
147350, 58171
273560, 58171
58288, 56356
102114, 56356
194925, 56356
198507, 56356
10659, 55939
12627, 55939
17179, 55939
18692, 55939
23177, 55939
27631, 55939
31055, 55939
78, 55704
11333, 55060
14738, 55060
18059, 55060
18650, 55060
19458, 55060
20131, 55060
20875, 55060
26599, 55060
26768, 55060
28300, 55060
29927, 55060
29974, 55060
37898, 55060
72911, 55060
93086, 55060
123886, 55060
169176, 55060
178658, 55060
196683, 55060
253247, 55060
284053, 55060
66788, 54503
164579, 54478
4785, 53798
159085, 53798
16851, 53734
40671, 53734
76974, 53734
106278, 53734
144612, 53734
256736, 53734
277688, 53734
221613, 52718
20096, 52454
17535, 51494
18566, 51494
20108, 51494
32335, 51494
68448, 51494
70886, 51494
72099, 51494
90185, 51494
61007, 51490
230125, 51490
256532, 51490
294482, 51105
39388, 50965
45896, 50965
48105, 50965
48197, 50965
48947, 50965
52103, 50965
54970, 50965
62952, 50965
72320, 50965
75384, 50965
83247, 50965
88681, 50965
276170, 50965
294891, 50965
40401, 50559
89377, 50559
79745, 50252
192307, 50056
124922, 49581
224446, 49163
238120, 49163
5418, 46507
9367, 45328
22282, 44935
73683, 44935
3903, 43780
9882, 43780
12573, 43780
36471, 43554
181680, 41925
192091, 41869
234775, 41869
246245, 41575
201735, 41413
294795, 41413
242515, 41325
278316, 41325
80888, 40843
190802, 37409
266965, 37409
34567, 34437
23211, 33399
10324, 33287
18218, 33287
35518, 33287
35, 32844
205, 32844
562, 32844
1181, 32844
1823, 32844
2282, 32844
3091, 32844
3381, 32844
7007, 32844
51265, 31636
54113, 31636
58090, 31636
58255, 31636
64153, 31636
64577, 31636
64867, 31636
67709, 31636
79228, 31636
92187, 31636
94659, 31636
96958, 31636
97026, 31636
106591, 31636
106735, 31636
250764, 31636
13858, 31329
65058, 31329
93701, 31329
29399, 30593
69268, 30593
123467, 30593
35267, 29982
97022, 29618
44897, 28925
49644, 28925
179602, 28621
139490, 27515
235246, 27515
34073, 24284
20732, 23632
884, 19820
3195, 19820
5171, 19820
68763, 19820
155495, 19820
63340, 19595
201665, 19453
279517, 18428
8482, 18289
12058, 18289
15190, 18289
16207, 18289
17346, 18289
19902, 18289
21094, 18289
25748, 18289
116096, 15999
163, 14893
104029, 14893
41838, 14543
50453, 14543
122079, 10856
151981, 10703
170815, 10703
178538, 10703
234297, 10703
251210, 10703
280311, 10703
2, 10575
185655, 10278
213904, 10278
220190, 10278
114393, 9911
217424, 9911
285205, 9572
126912, 9241
253636, 9241
55234, 9237
138403, 9064
283874, 8813
296080, 8813
68005, 8449
75645, 8449
33044, 8348
58715, 8348
60549, 8348
114122, 8348
222366, 8348
17871, 8227
197176, 8227
272590, 8227
7712, 7465
29965, 7465
33818, 7465
47727, 7465
54339, 7465
56048, 7465
57486, 7465
67380, 7214
160, 7097
1025, 7097
281723, 7097
61399, 7057
224590, 7057
45135, 7021
266912, 7021
288881, 7021
291957, 7021
294790, 7021
2862, 7015
7508, 7015
11181, 7015
18526, 7015
22257, 7015
26614, 7015
33387, 7015
42949, 7015
58476, 7015
73478, 7015
77141, 7015
115507, 7015
135138, 7015
184200, 7015
228891, 7015
282934, 6977
84407, 6850
88896, 6850
91126, 6850
101871, 6850
103478, 6850
114493, 6850
129104, 6850
133482, 6850
138886, 6850
153634, 6850
6632, 6831
104240, 6831
126904, 6831
135580, 6831
155011, 6831
158573, 6831
167619, 6831
168015, 6831
173480, 6831
174528, 6831
185120, 6831
205003, 6831
208333, 6831
214303, 6831
222414, 6831
229983, 6831
240013, 6831
240057, 6831
245639, 6831
121, 6767
262951, 6767
284698, 6767
285933, 6767
256938, 6724
122769, 6707
248788, 6679
139517, 6640
15974, 6527
60925, 6527
69073, 6527
105173, 6527
147422, 6527
600, 6460
30724, 6310
70649, 6310
153315, 6310
181651, 6310
182679, 6310
184613, 6310
189518, 6310
194945, 6310
204650, 6310
208041, 6310
218385, 6310
218665, 6310
225590, 6310
230575, 6310
239853, 6310
244768, 6310
287739, 6310
197708, 6244
59814, 6235
68478, 6235
167555, 6235
184228, 6235
218931, 6224
244643, 6224
246925, 6224
252410, 6224
256098, 6224
258763, 6224
274458, 6224
275856, 6224
283202, 6224
285579, 6224
288811, 6224
289937, 6224
293900, 6224
295240, 6224
29025, 6203
31032, 6203
38470, 6203
46572, 6203
56132, 6203
65573, 6203
85406, 6203
85653, 6203
86923, 6203
104144, 6203
120818, 6203
122067, 6203
130977, 6203
134377, 6203
137253, 6203
139156, 6203
141489, 6203
155348, 6203
155518, 6203
177452, 6203
188849, 6203
210125, 6203
218907, 6203
220223, 6203
246654, 6203
288226, 6203
17583, 6180
20649, 6180
26348, 6180
85078, 6180
183833, 6180
219194, 6162
202762, 6143
19130, 6112
29984, 6112
228391, 6112
13992, 6109
97015, 6050
118868, 6050
135683, 6050
137985, 6050
173483, 6050
214221, 6050
261064, 6050
262682, 6050
89931, 6018
281974, 6018
140183, 5981
240976, 5981
17432, 5970
21423, 5970
73800, 5970
75433, 5970
107598, 5970
108421, 5970
112729, 5970
115149, 5970
116857, 5970
118673, 5970
119386, 5970
122621, 5970
123651, 5970
126220, 5970
126536, 5970
127047, 5970
128424, 5970
129931, 5970
131526, 5970
135731, 5970
147502, 5970
147640, 5970
162578, 5970
170402, 5970
171181, 5970
176189, 5970
178915, 5970
180823, 5970
181236, 5970
215560, 5970
238731, 5970
13500, 5951
31533, 5951
43863, 5951
44752, 5951
46871, 5951
55466, 5951
61682, 5951
64521, 5951
76056, 5951
95110, 5951
124595, 5951
128059, 5951
130428, 5951
166977, 5951
172687, 5951
176629, 5951
184225, 5951
184570, 5951
220801, 5951
255717, 5951
258274, 5951
282310, 5951
125644, 5929
245980, 5929
9901, 5926
5271, 5761
151492, 5761
156987, 5761
180305, 5761
211859, 5761
255082, 5761
293116, 5690
4018, 5653
5040, 5653
19950, 5653
20156, 5653
278868, 5653
125060, 5646
261739, 5646
31909, 5615
149387, 5615
7719, 5485
19036, 5397
25644, 5397
91093, 5397
98225, 5397
226182, 5397
70120, 5392
82021, 5322
148661, 5322
178127, 5322
209824, 5322
230299, 5322
251819, 5322
276413, 5322
292003, 5322
56886, 5317
20407, 5257
26797, 5257
30068, 5257
39076, 5257
41897, 5257
66040, 5257
69232, 5257
88168, 5257
118832, 5257
124273, 5257
165916, 5257
166749, 5257
167574, 5257
168526, 5257
185085, 5257
193531, 5257
219427, 5257
245710, 5257
47992, 5233
137259, 5233
161416, 5233
163264, 5233
182069, 5233
190975, 5233
202820, 5233
213924, 5233
250820, 5233
268040, 5233
3, 5228
131616, 5228
159611, 5228
210007, 5228
104416, 5193
60169, 5178
66899, 5178
108731, 5136
224036, 5136
133422, 5105
64933, 5091
133025, 5091
170724, 5072
234251, 5050
45989, 5044
20986, 5036
27760, 5036
28522, 5036
31851, 5036
37290, 5036
38344, 5036
40383, 5036
42890, 5036
44306, 5036
44563, 5036
48825, 5036
51457, 5036
53246, 5036
59376, 5036
60999, 5036
62534, 5036
67457, 5036
69490, 5036
69873, 5036
72664, 5036
77970, 5036
80285, 5036
81872, 5036
87603, 5036
90236, 5036
91043, 5036
91330, 5036
92944, 5036
93395, 5036
94750, 5036
114735, 5036
116164, 5036
116786, 5036
117265, 5036
127962, 5036
130681, 5036
134787, 5036
138597, 5036
139160, 5036
139448, 5036
143867, 5036
151705, 5036
154125, 5036
157829, 5036
160194, 5036
161941, 5036
193409, 5036
199090, 5036
200601, 5036
208592, 5036
215423, 5036
218619, 5036
243772, 5036
245731, 5036
255292, 5036
263667, 5036
286032, 5036
290111, 5036
25624, 5034
42284, 5034
52926, 5034
13217, 4994
49407, 4994
81525, 4994
196423, 4994
31270, 4963
192428, 4963
100128, 4951
7098, 4944
24965, 4944
51887, 4944
119304, 4944
204263, 4942
231435, 4942
12730, 4903
59461, 4903
184609, 4903
93343, 4900
141965, 4900
167086, 4882
258694, 4882
210973, 4880
25476, 4877
84984, 4871
216280, 4871
58777, 4868
96022, 4868
202069, 4868
265964, 4868
194408, 4848
21674, 4831
4576, 4825
20123, 4825
283165, 4825
15458, 4813
23627, 4813
82760, 4813
13183, 4792
107659, 4790
54958, 4783
136395, 4783
240835, 4783
63337, 4772
14831, 4766
16262, 4755
16277, 4755
18518, 4755
23081, 4755
32908, 4755
94594, 4755
54233, 4754
41551, 4716
107467, 4716
128380, 4716
200585, 4716
215185, 4716
141797, 4715
112165, 4712
39121, 4695
129129, 4688
167895, 4643
262432, 4621
175858, 4619
38486, 4618
244620, 4617
43202, 4614
56570, 4614
272401, 4614
42690, 4584
56204, 4584
157403, 4577
147561, 4573
76086, 4572
183729, 4572
186093, 4569
13513, 4567
22096, 4567
108285, 4567
122443, 4567
141008, 4567
176863, 4567
216289, 4567
229105, 4565
73959, 4562
169592, 4562
34244, 4551
251002, 4551
244221, 4535
63387, 4528
39191, 4508
83363, 4508
127475, 4508
279682, 4508
295582, 4492
110905, 4491
115437, 4491
15778, 4488
198475, 4481
8972, 4474
218282, 4474
163730, 4469
58788, 4467
221080, 4464
284872, 4464
71773, 4463
267826, 4459
52840, 4458
178634, 4458
156856, 4457
246167, 4457
249489, 4457
279903, 4457
128203, 4453
151294, 4450
176192, 4450
266690, 4450
278980, 4450
769, 4448
205361, 4448
273253, 4448
86964, 4438
169055, 4421
285685, 4421
30453, 4419
123425, 4419
169949, 4419
186508, 4419
217584, 4419
268575, 4419
273405, 4419
48255, 4394
62741, 4394
51958, 4388
55632, 4388
143268, 4388
181066, 4388
215016, 4388
280414, 4388
9684, 4386
160733, 4386
165335, 4385
243594, 4381
38530, 4379
72965, 4379
105431, 4376
68215, 4372
85741, 4372
89475, 4372
177848, 4372
177948, 4372
201797, 4372
210320, 4372
248893, 4372
258555, 4372
141799, 4371
156525, 4371
162120, 4371
172330, 4371
255486, 4371
70689, 4368
205228, 4368
32422, 4363
61810, 4363
108501, 4363
115566, 4363
147449, 4363
150289, 4363
213981, 4363
228116, 4363
276914, 4363
90099, 4358
117009, 4358
134689, 4358
166159, 4358
258233, 4358
209538, 4351
211412, 4351
278282, 4348
20275, 4345
69322, 4343
269486, 4343
48496, 4331
67668, 4331
152824, 4331
196370, 4331
279808, 4331
172452, 4314
294106, 4314
116200, 4307
21353, 4305
94867, 4305
101203, 4305
182580, 4305
208147, 4305
234398, 4305
283711, 4305
158150, 4288
107288, 4286
32391, 4281
294, 4270
56267, 4263
195132, 4258
272472, 4258
163337, 4250
20585, 4248
62199, 4248
85659, 4248
126532, 4248
173985, 4248
277124, 4248
51166, 4241
53541, 4241
54226, 4241
74362, 4241
76114, 4241
97068, 4241
131916, 4241
147431, 4241
157174, 4241
162223, 4241
166261, 4241
171814, 4241
200528, 4241
206731, 4241
247235, 4241
288753, 4241
8060, 4211
56466, 4211
80680, 4211
117451, 4211
229380, 4211
288378, 4198
77510, 4172
251, 4163
91818, 4154
39492, 4153
45058, 4153
46316, 4153
73975, 4153
101390, 4153
107749, 4153
166277, 4153
289826, 4153
91370, 4141
106512, 4138
138510, 4138
144221, 4138
146208, 4138
174831, 4138
197801, 4138
209797, 4138
216424, 4138
136577, 4118
9697, 4071
64447, 4071
25023, 4062
35862, 4062
133130, 4062
3383, 4047
36823, 4042
253107, 4037
251830, 4023
281434, 3985
221578, 3977
93862, 3957
52339, 3951
118723, 3951
129439, 3951
266699, 3951
268299, 3951
69218, 3946
108473, 3946
190221, 3921
16138, 3918
27798, 3918
60093, 3918
82528, 3918
150997, 3918
163771, 3914
627, 3908
36975, 3908
63689, 3908
94764, 3908
101550, 3908
122427, 3908
129759, 3908
134289, 3908
134767, 3908
168868, 3908
169733, 3908
174807, 3908
219767, 3908
223563, 3908
229785, 3908
256964, 3908
287879, 3908
18438, 3892
126847, 3885
264462, 3880
136781, 3868
246130, 3868
36840, 3858
40525, 3858
42980, 3858
43708, 3858
92393, 3858
96270, 3858
120724, 3858
73526, 3853
100675, 3853
15063, 3829
18033, 3829
19009, 3829
24224, 3829
30685, 3829
34559, 3829
44877, 3829
50104, 3829
56117, 3829
56489, 3829
65306, 3829
71072, 3829
77901, 3829
81451, 3829
100943, 3829
111282, 3829
140316, 3829
141742, 3829
144769, 3829
150106, 3829
154113, 3829
194937, 3829
201555, 3829
203543, 3829
205219, 3829
241186, 3829
251075, 3829
254280, 3829
264179, 3829
293246, 3829
264608, 3821
27278, 3800
28328, 3800
36676, 3800
66169, 3800
69592, 3800
71825, 3800
78782, 3800
89210, 3800
96930, 3800
111380, 3800
115057, 3800
121760, 3800
138782, 3800
148519, 3800
148970, 3800
153644, 3800
155088, 3800
158797, 3800
164498, 3800
173312, 3800
174216, 3800
204164, 3800
204210, 3800
213532, 3800
237994, 3800
247802, 3800
255533, 3800
265220, 3800
279525, 3800
281081, 3800
293396, 3800
2038, 3790
14643, 3776
16327, 3769
210145, 3769
279729, 3769
211023, 3758
183183, 3735
122816, 3692
559, 3675
4344, 3658
247285, 3649
257111, 3575
136288, 3553
39679, 3538
60933, 3535
83769, 3526
280554, 3522
104023, 3485
70063, 3454
98055, 3425
3189, 3416
209489, 3364
276779, 3364
19733, 3319
79239, 3319
213364, 3319
105568, 3290
31092, 3283
39158, 3259
224410, 3259
167210, 3253
211696, 3223
177455, 3198
279990, 3157
24510, 3156
248526, 3156
262170, 3126
66137, 3115
204533, 3076
74956, 3055
77635, 3055
112793, 3055
123513, 3055
135577, 3055
25566, 3048
94385, 3048
33585, 3028
57693, 3028
86519, 3028
156115, 3028
33546, 3006
51607, 3003
86900, 2959
89039, 2959
117240, 2959
117485, 2959
118498, 2959
119209, 2959
127441, 2959
129065, 2959
132702, 2959
135610, 2959
136672, 2959
137291, 2959
161092, 2959
163209, 2959
165123, 2959
166110, 2959
166981, 2959
167047, 2959
168296, 2959
173633, 2959
173806, 2959
175073, 2959
179796, 2959
182753, 2959
189926, 2959
191969, 2959
192661, 2959
192806, 2959
193469, 2959
193874, 2959
197440, 2959
206832, 2959
217897, 2959
222024, 2959
225772, 2959
245147, 2959
245570, 2959
127769, 2954
137454, 2954
215261, 2954
92035, 2937
266071, 2935
63461, 2906
73910, 2906
83016, 2906
87515, 2906
89157, 2906
89581, 2906
97323, 2906
110504, 2906
128284, 2906
132491, 2906
143425, 2906
181476, 2906
38090, 2895
51571, 2880
56230, 2880
68482, 2880
265717, 2877
30679, 2867
40687, 2857
47153, 2857
45676, 2849
58392, 2849
58843, 2849
59038, 2849
69586, 2849
97055, 2849
22555, 2843
32008, 2841
32853, 2841
39588, 2841
43713, 2841
158770, 2841
282185, 2841
42325, 2832
86594, 2832
239276, 2832
66392, 2820
259837, 2820
198689, 2819
240569, 2810
2045, 2804
11478, 2804
14146, 2804
18257, 2804
38653, 2804
38876, 2804
62156, 2804
74080, 2804
76520, 2804
82634, 2804
95344, 2804
101849, 2804
115546, 2804
146484, 2804
166528, 2804
166686, 2804
191219, 2804
19478, 2800
36104, 2795
94652, 2795
134442, 2795
125923, 2776
70032, 2775
15724, 2765
223138, 2740
30741, 2727
68305, 2727
70933, 2727
250161, 2717
56683, 2716
105884, 2715
139150, 2715
206859, 2715
207485, 2715
163773, 2708
74184, 2707
26654, 2703
25767, 2695
37899, 2695
47655, 2695
23265, 2694
23722, 2694
32539, 2692
32647, 2692
35584, 2692
37297, 2692
37988, 2692
59723, 2692
63643, 2692
287812, 2692
990, 2685
148774, 2682
9691, 2677
203627, 2670
86372, 2663
48819, 2652
42994, 2646
26926, 2632
22170, 2629
72729, 2629
80389, 2629
238456, 2617
119692, 2592
157655, 2585
193436, 2543
29131, 2528
69016, 2528
85841, 2528
9603, 2518
46085, 2518
21303, 2516
10439, 2510
71360, 2500
96133, 2500
256620, 2491
31144, 2488
122167, 2476
32663, 2467
43387, 2467
45209, 2467
87799, 2460
264831, 2460
245730, 2455
101307, 2447
115282, 2447
137295, 2447
18228, 2438
4180, 2425
87220, 2425
23998, 2405
36453, 2405
38134, 2405
41714, 2405
55404, 2405
62298, 2405
84403, 2405
92906, 2405
100654, 2405
101911, 2405
103696, 2405
154860, 2405
162531, 2405
163279, 2405
185312, 2405
96841, 2393
97346, 2393
129873, 2393
184881, 2393
111193, 2366
20166, 2360
32116, 2359
37912, 2359
65207, 2359
66135, 2359
77377, 2359
80822, 2359
87080, 2359
157082, 2358
9314, 2351
171129, 2351
281503, 2351
157802, 2316
84680, 2301
776, 2291
2924, 2291
11794, 2291
118144, 2291
192153, 2291
207018, 2291
222606, 2291
223162, 2291
227640, 2291
243080, 2291
262423, 2291
285445, 2291
61411, 2279
66494, 2279
100140, 2274
8348, 2257
12501, 2257
17299, 2257
24164, 2257
40678, 2257
42291, 2257
47451, 2257
53372, 2257
54584, 2257
65187, 2257
69799, 2257
69912, 2257
70831, 2257
71186, 2257
82779, 2257
88203, 2257
88486, 2257
89932, 2257
93044, 2257
96224, 2257
101170, 2257
105217, 2257
105325, 2257
112944, 2257
113016, 2257
114307, 2257
118231, 2257
119207, 2257
119868, 2257
119894, 2257
122676, 2257
124004, 2257
125183, 2257
126266, 2257
130677, 2257
130710, 2257
131364, 2257
132875, 2257
133511, 2257
135328, 2257
141300, 2257
146623, 2257
147181, 2257
147531, 2257
148591, 2257
148722, 2257
148751, 2257
149621, 2257
150558, 2257
151982, 2257
152200, 2257
153301, 2257
155774, 2257
156255, 2257
159309, 2257
160339, 2257
164225, 2257
168322, 2257
169791, 2257
169906, 2257
172831, 2257
173874, 2257
173877, 2257
178443, 2257
188147, 2257
194777, 2257
195583, 2257
200864, 2257
206300, 2257
206833, 2257
212429, 2257
222715, 2257
223133, 2257
224210, 2257
226811, 2257
229140, 2257
229948, 2257
230586, 2257
230724, 2257
231994, 2257
233047, 2257
236905, 2257
237577, 2257
237593, 2257
245081, 2257
252051, 2257
253437, 2257
257930, 2257
258070, 2257
259794, 2257
283233, 2257
284097, 2257
284185, 2257
288156, 2257
288789, 2257
291214, 2257
292087, 2257
197590, 2234
7963, 2222
253729, 2202
14226, 2201
20749, 2201
31388, 2201
71092, 2201
84934, 2201
109578, 2201
138159, 2201
140778, 2201
141840, 2201
186351, 2201
191163, 2201
196493, 2201
226008, 2201
229552, 2201
230347, 2201
242579, 2201
247812, 2201
248545, 2201
249544, 2201
250950, 2201
253777, 2201
253923, 2201
254621, 2201
263099, 2201
263723, 2201
273269, 2201
279613, 2201
21022, 2194
38417, 2194
45557, 2194
48072, 2194
60550, 2194
69187, 2194
92308, 2194
94264, 2194
97102, 2194
143957, 2194
149590, 2194
155361, 2194
160344, 2194
168723, 2194
169154, 2194
184263, 2194
192055, 2194
192822, 2194
237614, 2194
246046, 2194
253492, 2194
255109, 2194
265062, 2194
38159, 2192
26183, 2190
53155, 2190
78052, 2190
97973, 2190
102495, 2190
104507, 2190
111974, 2190
112341, 2190
112642, 2190
115740, 2190
118409, 2190
124011, 2190
126626, 2190
134216, 2190
152801, 2190
168141, 2190
170643, 2190
172154, 2190
176723, 2190
181725, 2190
183146, 2190
183574, 2190
186369, 2190
190327, 2190
199705, 2190
200598, 2190
203517, 2190
206532, 2190
209013, 2190
209261, 2190
214990, 2190
220425, 2190
234709, 2190
237073, 2190
246276, 2190
246749, 2190
248404, 2190
274566, 2190
274728, 2190
277783, 2190
277899, 2190
282103, 2190
282884, 2190
284033, 2190
293571, 2190
17135, 2188
5456, 2186
112489, 2183
277617, 2175
105528, 2172
77648, 2171
28805, 2169
278093, 2169
95969, 2161
186028, 2161
55422, 2148
61296, 2148
67545, 2148
83642, 2148
89643, 2148
91968, 2148
104217, 2148
110382, 2148
120779, 2148
123784, 2148
131112, 2148
136353, 2148
156133, 2148
175187, 2148
187502, 2148
189087, 2148
192177, 2148
194385, 2148
196438, 2148
201582, 2148
210289, 2148
211000, 2148
211117, 2148
226144, 2148
228870, 2148
231721, 2148
236956, 2148
240361, 2148
243449, 2148
248437, 2148
256432, 2148
259549, 2148
265387, 2148
267931, 2148
274761, 2148
277547, 2148
8718, 2139
9283, 2139
12823, 2139
13850, 2139
19118, 2139
86731, 2139
295590, 2139
5761, 2138
6091, 2138
6171, 2138
21327, 2138
30719, 2138
33793, 2138
49852, 2138
60615, 2138
61428, 2138
68134, 2138
91352, 2138
93560, 2138
96418, 2138
103388, 2138
147302, 2138
160919, 2138
164290, 2138
174144, 2138
177456, 2138
178304, 2138
188083, 2138
225058, 2138
259591, 2138
262569, 2138
282895, 2138
292707, 2138
292851, 2138
45436, 2131
119481, 2131
137841, 2131
158464, 2131
208476, 2131
247265, 2126
41694, 2117
46065, 2117
48125, 2117
64670, 2117
76832, 2117
84706, 2117
163223, 2117
204139, 2114
33685, 2110
69291, 2110
76716, 2110
78700, 2110
89721, 2110
96584, 2110
98870, 2110
101239, 2110
105973, 2110
121831, 2110
128511, 2110
130202, 2110
144507, 2110
150308, 2110
151627, 2110
158569, 2110
159905, 2110
162449, 2110
196180, 2110
199148, 2110
210346, 2110
214527, 2110
217128, 2110
225192, 2110
233354, 2110
238583, 2110
239352, 2110
239582, 2110
240638, 2110
245088, 2110
246936, 2110
274605, 2110
277533, 2110
288980, 2110
289133, 2110
291904, 2110
294629, 2110
296271, 2110
63658, 2109
83166, 2109
178231, 2109
188353, 2109
204954, 2109
214645, 2109
216670, 2109
219782, 2109
220259, 2109
224968, 2109
229306, 2109
266955, 2109
289541, 2109
64713, 2103
97574, 2103
241545, 2103
251699, 2103
3297, 2100
65407, 2100
106953, 2100
153006, 2097
283322, 2097
107064, 2089
164416, 2089
188156, 2089
16483, 2083
39532, 2079
45838, 2079
48109, 2079
89655, 2079
91736, 2079
92637, 2079
105178, 2079
106189, 2079
119923, 2079
121089, 2079
122058, 2079
122908, 2079
123292, 2079
123454, 2079
124786, 2079
127063, 2079
127823, 2079
132655, 2079
138964, 2079
140580, 2079
141604, 2079
152761, 2079
154888, 2079
162126, 2079
176873, 2079
177675, 2079
181794, 2079
193626, 2079
194888, 2079
195561, 2079
195570, 2079
196176, 2079
196439, 2079
200629, 2079
209438, 2079
218082, 2079
220866, 2079
225372, 2079
231030, 2079
240946, 2079
247952, 2079
256031, 2079
259271, 2079
262492, 2079
263508, 2079
267039, 2079
270140, 2079
272182, 2079
278446, 2079
279131, 2079
279918, 2079
288773, 2079
291369, 2079
229091, 2074
270854, 2074
282821, 2074
28851, 2072
40006, 2071
79378, 2071
84449, 2071
85694, 2071
99892, 2071
100484, 2071
102026, 2071
125517, 2071
198610, 2071
210454, 2071
211919, 2071
225253, 2071
244330, 2071
273478, 2071
266363, 2070
10541, 2062
15275, 2062
256452, 2057
106425, 2053
170798, 2053
235939, 2053
53620, 2052
50635, 2051
52897, 2051
82035, 2051
95490, 2051
105784, 2051
159419, 2051
237137, 2051
240189, 2051
252627, 2051
253364, 2051
262226, 2051
131164, 2047
159937, 2047
179593, 2047
213643, 2047
53853, 2044
88885, 2044
94029, 2044
169703, 2044
214344, 2044
234214, 2044
283884, 2044
208197, 2041
210657, 2040
173200, 2038
175928, 2038
180968, 2038
207042, 2038
230409, 2038
230422, 2038
246656, 2038
270600, 2038
271821, 2038
275026, 2038
288104, 2038
290886, 2038
294215, 2038
125233, 2034
153197, 2034
159738, 2034
248321, 2034
128450, 2024
190337, 2024
242867, 2024
38183, 2015
49016, 2015
142627, 2015
44506, 2008
63797, 2008
110521, 2008
178482, 2008
180963, 2008
261651, 2008
287876, 2008
137099, 2001
6214, 1998
34134, 1998
91084, 1998
839, 1997
43300, 1994
4766, 1984
105600, 1984
223177, 1984
226778, 1980
232896, 1970
254043, 1970
244455, 1965
145210, 1949
280273, 1949
65066, 1947
208168, 1939
117884, 1935
144870, 1935
168979, 1935
193588, 1935
215747, 1935
284335, 1935
290313, 1935
290339, 1935
237205, 1928
294361, 1925
63209, 1921
1555, 1917
25673, 1917
25882, 1917
38420, 1917
89948, 1917
180440, 1917
196903, 1917
216205, 1917
218138, 1917
234362, 1917
237947, 1917
241244, 1917
266188, 1917
282032, 1917
288696, 1917
182491, 1912
289806, 1912
83509, 1911
95696, 1911
104617, 1911
121792, 1911
131439, 1911
142725, 1911
159340, 1911
164321, 1911
191669, 1911
192677, 1911
192956, 1911
193933, 1911
208596, 1911
212597, 1911
213479, 1911
217772, 1911
227169, 1911
227405, 1911
234171, 1911
239998, 1911
240685, 1911
245720, 1911
249319, 1911
252918, 1911
259463, 1911
261786, 1911
263311, 1911
286666, 1911
289307, 1911
66322, 1910
142448, 1910
177513, 1910
205121, 1910
289319, 1910
293847, 1910
62266, 1907
147195, 1907
15377, 1906
38314, 1906
147476, 1900
256706, 1897
3678, 1894
36629, 1894
62407, 1894
77211, 1894
83935, 1894
104893, 1894
112970, 1894
122578, 1894
201027, 1894
282472, 1894
197581, 1889
132845, 1888
198928, 1885
257509, 1879
174695, 1874
192807, 1873
35700, 1871
20062, 1862
275714, 1862
147075, 1850
147137, 1850
238249, 1850
244600, 1850
247469, 1850
250673, 1850
259149, 1850
280371, 1850
281725, 1850
255779, 1847
74117, 1846
109681, 1846
145984, 1846
216507, 1846
232685, 1846
264040, 1846
290672, 1846
294333, 1846
12373, 1844
25555, 1844
11547, 1842
191341, 1842
82752, 1841
5446, 1839
17269, 1839
33649, 1839
40381, 1839
61050, 1839
61714, 1839
68693, 1839
77896, 1839
99210, 1839
112708, 1839
176421, 1839
192612, 1839
209193, 1839
84199, 1831
232302, 1825
176687, 1819
184506, 1819
61866, 1816
232932, 1814
283922, 1813
170754, 1812
28092, 1808
99746, 1802
164667, 1800
20702, 1799
57418, 1799
135707, 1799
159985, 1799
193239, 1799
291888, 1799
138696, 1796
211941, 1794
77245, 1789
233119, 1788
61716, 1782
209505, 1782
23142, 1778
291138, 1778
50344, 1777
189790, 1773
151345, 1772
114599, 1771
241357, 1768
63480, 1762
149111, 1762
182870, 1762
216696, 1762
207649, 1757
257143, 1757
245152, 1755
71436, 1751
47830, 1749
136022, 1749
155850, 1749
189448, 1749
288255, 1746
173514, 1744
260957, 1744
77962, 1741
263668, 1739
189459, 1735
283272, 1734
107534, 1732
264395, 1732
192680, 1729
281582, 1729
272439, 1728
138567, 1725
202831, 1725
191992, 1724
68265, 1723
19060, 1715
64552, 1715
219762, 1714
242737, 1713
87952, 1710
210740, 1706
248997, 1706
254993, 1706
135714, 1699
173677, 1699
162425, 1697
264754, 1694
280689, 1694
63908, 1691
50580, 1689
292721, 1689
78356, 1680
112968, 1680
116903, 1680
156292, 1680
201537, 1680
214744, 1680
218422, 1680
229040, 1680
244032, 1680
259582, 1680
115808, 1678
220680, 1678
229810, 1668
14017, 1666
57106, 1666
249033, 1659
286294, 1659
291993, 1659
128578, 1658
206700, 1658
253027, 1658
19198, 1656
91345, 1656
218398, 1656
245554, 1656
8317, 1654
39882, 1654
92905, 1654
289170, 1654
8125, 1640
181612, 1640
22388, 1638
122409, 1638
148624, 1638
237872, 1638
277467, 1638
44304, 1635
253024, 1633
263404, 1633
273579, 1632
7498, 1631
75750, 1628
153383, 1624
136492, 1623
186584, 1623
248678, 1623
263437, 1623
7321, 1616
49628, 1615
161530, 1613
58900, 1611
146877, 1611
5801, 1608
6664, 1608
8395, 1608
8622, 1608
167391, 1608
168230, 1605
52159, 1601
294505, 1601
147271, 1599
212035, 1599
91215, 1597
288408, 1596
101761, 1595
144656, 1595
162725, 1589
201608, 1589
131080, 1588
137194, 1588
181336, 1588
178684, 1587
141910, 1583
22122, 1582
249103, 1582
259529, 1582
270904, 1582
119290, 1575
234507, 1575
288142, 1575
210039, 1573
255339, 1573
112984, 1571
2043, 1570
63681, 1570
68254, 1565
108344, 1565
260608, 1565
7686, 1562
68959, 1558
50389, 1556
111883, 1556
192019, 1556
244045, 1556
185139, 1553
250328, 1553
288139, 1553
187131, 1551
223878, 1551
28990, 1549
99899, 1549
242730, 1542
155371, 1540
283865, 1540
68847, 1539
236180, 1539
120887, 1538
98044, 1537
8929, 1534
100562, 1534
249795, 1534
213082, 1528
738, 1527
156370, 1526
274588, 1526
98590, 1525
100331, 1525
291032, 1522
51252, 1518
155805, 1518
269668, 1518
75410, 1516
109961, 1516
146702, 1516
154786, 1516
104108, 1515
117778, 1515
211424, 1515
246445, 1515
63202, 1513
217596, 1513
243911, 1513
23345, 1511
24545, 1511
95298, 1508
47877, 1505
86380, 1505
90264, 1505
131982, 1505
143557, 1505
182168, 1505
190143, 1505
212198, 1505
271279, 1505
152002, 1503
157722, 1503
294198, 1503
116285, 1502
9006, 1497
98663, 1496
252160, 1496
292400, 1496
38574, 1495
82315, 1495
95482, 1495
197279, 1491
23452, 1490
262086, 1490
284819, 1490
290066, 1490
150814, 1489
165555, 1489
140465, 1481
207675, 1481
110124, 1477
200741, 1477
36771, 1476
41692, 1476
44791, 1476
49626, 1476
51244, 1476
52759, 1476
64433, 1476
74453, 1476
74762, 1476
75481, 1476
89411, 1476
90343, 1476
104370, 1476
108177, 1476
114208, 1476
119499, 1476
124287, 1476
24337, 1475
64006, 1475
123595, 1475
124769, 1475
148127, 1471
155258, 1471
10509, 1469
45404, 1469
244900, 1469
282299, 1469
295701, 1469
67064, 1467
91214, 1465
108660, 1465
159838, 1465
233277, 1465
146301, 1458
257260, 1458
282528, 1458
288792, 1458
247041, 1457
82802, 1455
118111, 1455
136370, 1455
123699, 1452
141971, 1452
62922, 1451
244871, 1451
189326, 1449
105098, 1447
110995, 1447
119970, 1447
130259, 1447
130273, 1447
134376, 1447
135959, 1447
140157, 1447
140371, 1447
140621, 1447
140850, 1447
141500, 1447
143177, 1447
147361, 1447
147387, 1447
152698, 1447
158225, 1447
173318, 1447
182385, 1447
183981, 1447
184697, 1447
188197, 1447
188580, 1447
189438, 1447
197217, 1447
204441, 1447
208440, 1447
211705, 1447
216962, 1447
224578, 1447
236839, 1447
237403, 1447
244206, 1447
247557, 1447
253381, 1447
262718, 1447
263417, 1447
271283, 1447
271562, 1447
276422, 1447
282158, 1447
295389, 1446
74348, 1445
110737, 1445
124917, 1445
204616, 1445
94690, 1441
295049, 1440
84510, 1439
168393, 1439
172919, 1439
186113, 1439
200363, 1439
205861, 1439
213629, 1439
272913, 1439
287775, 1439
136478, 1438
191296, 1438
223017, 1438
237581, 1438
205966, 1434
175131, 1433
278617, 1433
135108, 1432
248175, 1432
147499, 1425
66323, 1423
198410, 1423
24455, 1422
101262, 1422
109913, 1422
110096, 1422
114250, 1422
124857, 1422
127179, 1422
130169, 1422
138776, 1422
142278, 1422
153623, 1422
159151, 1422
159934, 1422
164732, 1422
170005, 1422
170226, 1422
180872, 1422
189566, 1422
191815, 1422
199138, 1422
211922, 1422
217194, 1422
219550, 1422
220379, 1422
220707, 1422
220893, 1422
223885, 1422
227372, 1422
238886, 1422
247141, 1422
259100, 1422
261947, 1422
263260, 1422
265025, 1422
279931, 1422
290510, 1422
140958, 1421
60883, 1416
162129, 1416
100882, 1415
108662, 1415
133613, 1415
142517, 1415
157026, 1415
244251, 1415
290716, 1415
228948, 1413
261465, 1409
60991, 1408
221486, 1408
288200, 1408
91202, 1407
94425, 1406
160264, 1406
252523, 1406
282823, 1406
284051, 1406
291274, 1405
51302, 1403
253265, 1400
209521, 1397
126107, 1396
168767, 1396
182095, 1396
6481, 1395
31267, 1395
282845, 1395
255943, 1393
291870, 1392
34120, 1391
200652, 1391
86118, 1390
192706, 1390
90540, 1388
121549, 1388
150062, 1388
218603, 1388
281154, 1388
14399, 1386
34784, 1386
98612, 1386
122291, 1386
138257, 1386
143085, 1386
168599, 1386
169337, 1386
240782, 1386
247627, 1386
247903, 1386
260015, 1386
236873, 1385
36342, 1384
53527, 1384
248794, 1384
217860, 1381
237787, 1378
245753, 1378
87806, 1377
46818, 1375
78681, 1375
144806, 1375
252893, 1375
176979, 1371
221855, 1371
280628, 1371
201160, 1368
214682, 1368
28938, 1366
59658, 1366
83709, 1366
174135, 1366
206988, 1366
238077, 1366
93405, 1365
209017, 1365
2032, 1364
135741, 1363
143907, 1363
144795, 1363
151518, 1363
210233, 1360
1657, 1357
50376, 1357
153516, 1357
163841, 1357
174265, 1357
245142, 1357
101198, 1353
89388, 1350
99659, 1350
102305, 1350
103312, 1350
107604, 1350
119045, 1350
280127, 1349
22972, 1348
120365, 1348
174578, 1346
158110, 1344
219335, 1344
50659, 1337
178858, 1337
19419, 1333
19999, 1333
23816, 1333
54856, 1333
73460, 1333
110224, 1333
171606, 1333
176929, 1333
193440, 1333
207181, 1333
222488, 1333
286363, 1333
295027, 1333
100693, 1331
168539, 1331
184777, 1331
249503, 1331
128422, 1329
154790, 1329
168720, 1329
58849, 1327
194304, 1322
165849, 1320
49049, 1319
237365, 1318
204372, 1314
24935, 1313
295202, 1313
44999, 1312
54713, 1312
57434, 1312
178016, 1312
126749, 1311
100779, 1308
156225, 1308
241093, 1308
276977, 1308
281828, 1308
216381, 1307
102398, 1306
185201, 1305
187829, 1305
209349, 1305
245402, 1305
254872, 1305
265580, 1305
266472, 1305
177912, 1298
78366, 1291
28800, 1288
86958, 1288
113953, 1288
181441, 1288
273821, 1288
18608, 1284
255765, 1282
283784, 1282
294534, 1282
53518, 1281
229530, 1281
243119, 1281
253690, 1281
120744, 1280
257600, 1280
268295, 1280
153435, 1278
215014, 1273
253622, 1273
151559, 1270
243045, 1269
179390, 1268
219281, 1268
12248, 1266
23904, 1266
35134, 1266
151973, 1266
166372, 1266
192977, 1266
223189, 1266
87940, 1264
31713, 1261
66053, 1261
201570, 1261
111676, 1260
14885, 1259
37159, 1258
254407, 1258
169006, 1257
169597, 1257
69216, 1255
223905, 1255
235106, 1255
151449, 1253
230273, 1253
236309, 1253
268585, 1253
123239, 1252
145068, 1252
287620, 1252
24761, 1251
63837, 1247
221517, 1247
71312, 1246
117564, 1246
162141, 1246
68530, 1245
267457, 1245
25591, 1244
27004, 1244
45652, 1244
57497, 1244
61465, 1244
62062, 1244
146540, 1244
156883, 1244
180590, 1244
266248, 1244
280016, 1244
70665, 1242
144859, 1242
194828, 1242
276528, 1242
35654, 1240
83353, 1240
124169, 1238
26415, 1233
61647, 1233
168282, 1233
211429, 1233
43717, 1230
164931, 1230
179834, 1230
190402, 1230
193109, 1230
230009, 1230
242241, 1230
281734, 1229
76054, 1228
59138, 1224
125082, 1224
135672, 1224
155304, 1224
257352, 1224
137348, 1222
4533, 1218
9150, 1216
80574, 1216
147274, 1212
173006, 1212
293747, 1212
16946, 1209
277679, 1207
70734, 1203
181828, 1203
17717, 1202
76347, 1202
165678, 1202
240557, 1202
240628, 1201
135445, 1200
142659, 1200
199361, 1200
215037, 1200
6762, 1197
138960, 1197
253867, 1197
73441, 1195
168066, 1195
256883, 1195
270876, 1195
286246, 1195
205525, 1194
265615, 1193
110188, 1192
80069, 1190
202826, 1190
245086, 1190
63333, 1188
89104, 1188
6129, 1187
182948, 1187
71054, 1186
190885, 1185
16986, 1184
77805, 1184
96299, 1184
119082, 1184
185395, 1184
210405, 1184
18756, 1183
79195, 1183
120133, 1183
122739, 1183
165371, 1183
175662, 1183
252539, 1183
211612, 1182
246751, 1181
54183, 1178
284246, 1178
259128, 1177
40327, 1175
107116, 1175
35396, 1174
71129, 1174
98619, 1174
128423, 1174
211436, 1174
230211, 1174
285628, 1174
162869, 1171
207525, 1171
270056, 1171
8941, 1170
65571, 1170
72460, 1170
137357, 1170
138211, 1170
295035, 1169
104320, 1168
21997, 1163
67154, 1163
117890, 1163
131695, 1161
8686, 1160
15480, 1160
74158, 1160
159846, 1160
167729, 1160
180934, 1160
197998, 1160
247744, 1160
80576, 1158
172690, 1157
216740, 1157
82464, 1156
138334, 1156
81828, 1155
275803, 1155
28657, 1153
151742, 1153
210224, 1153
284678, 1153
45370, 1152
189367, 1152
250475, 1152
82312, 1151
139700, 1151
194750, 1151
196328, 1151
217523, 1151
221526, 1151
268356, 1151
290430, 1151
29125, 1149
51934, 1149
84930, 1149
87037, 1149
115441, 1149
117928, 1149
126392, 1149
132499, 1149
154554, 1149
164028, 1149
167577, 1149
174834, 1149
180041, 1149
181792, 1149
184772, 1149
186050, 1149
186836, 1149
189537, 1149
193242, 1149
196197, 1149
196927, 1149
211303, 1149
218396, 1149
238572, 1149
239209, 1149
247512, 1149
253823, 1149
259091, 1149
272714, 1149
273410, 1149
274298, 1149
284998, 1149
285170, 1149
288277, 1149
82895, 1146
204478, 1144
118817, 1143
191403, 1143
283851, 1143
85201, 1142
141617, 1142
143591, 1142
144536, 1142
153541, 1142
154546, 1142
177094, 1142
183757, 1142
188062, 1142
195568, 1142
201133, 1142
207545, 1142
259028, 1142
264095, 1142
266284, 1142
280512, 1142
282984, 1142
287181, 1142
292777, 1142
471, 1141
261691, 1140
126274, 1139
155910, 1139
181413, 1139
189807, 1139
205323, 1139
229945, 1139
251389, 1139
274831, 1139
294297, 1139
39603, 1138
80336, 1138
76607, 1137
146532, 1137
224399, 1137
230699, 1137
251156, 1137
29197, 1136
218774, 1135
286373, 1135
63359, 1134
12791, 1129
14945, 1129
51796, 1129
221046, 1129
171877, 1128
206441, 1128
236415, 1128
237518, 1128
244118, 1128
257012, 1128
26731, 1126
48985, 1126
88813, 1126
99768, 1126
174684, 1126
205166, 1126
217646, 1126
261405, 1126
296385, 1126
48890, 1125
69517, 1125
279235, 1125
27856, 1124
114044, 1124
162095, 1124
278426, 1124
116560, 1122
135003, 1122
237562, 1122
275752, 1122
132401, 1121
273908, 1119
35546, 1118
166217, 1118
182556, 1118
193270, 1118
64737, 1114
164838, 1114
264415, 1114
97141, 1113
107243, 1113
182959, 1113
215812, 1113
420, 1111
133192, 1111
62417, 1110
45068, 1109
47816, 1109
50295, 1109
54298, 1109
58416, 1109
65015, 1109
71404, 1109
74690, 1109
75348, 1109
84877, 1109
90995, 1109
101995, 1109
118682, 1109
128145, 1109
133840, 1109
136906, 1109
139976, 1109
141345, 1109
146315, 1109
151539, 1109
151587, 1109
157236, 1109
168718, 1109
183955, 1109
184065, 1109
209608, 1109
230366, 1109
236183, 1109
280490, 1109
283848, 1109
294887, 1109
172510, 1108
9777, 1107
123157, 1107
126270, 1107
167405, 1107
190806, 1107
213333, 1107
220557, 1107
245911, 1107
296415, 1107
33337, 1103
39605, 1103
41701, 1103
83356, 1103
139423, 1103
192033, 1103
206659, 1103
211528, 1103
212691, 1103
219877, 1103
225276, 1103
246336, 1103
258101, 1103
284600, 1103
291522, 1103
227826, 1102
240710, 1102
266267, 1102
101829, 1101
105877, 1101
137751, 1101
161505, 1101
169367, 1101
171501, 1101
240449, 1101
250543, 1101
291263, 1101
92435, 1100
201523, 1100
156743, 1096
188048, 1096
35773, 1095
35996, 1095
128538, 1095
161475, 1095
12214, 1093
13230, 1093
14027, 1093
15233, 1093
15609, 1093
15935, 1093
16457, 1093
16570, 1093
16844, 1093
17048, 1093
17134, 1093
17463, 1093
17595, 1093
17906, 1093
18348, 1093
18505, 1093
18715, 1093
18848, 1093
19102, 1093
19394, 1093
19514, 1093
19989, 1093
20182, 1093
21279, 1093
102529, 1093
102934, 1093
95896, 1092
140790, 1092
173218, 1092
290433, 1092
13051, 1091
18431, 1091
116585, 1091
189163, 1091
222661, 1091
277807, 1091
3250, 1088
13622, 1088
44032, 1088
89412, 1088
272180, 1088
47398, 1086
56635, 1086
76901, 1086
97449, 1086
193196, 1086
208156, 1086
213015, 1086
217091, 1086
220439, 1086
163894, 1085
152014, 1081
169579, 1081
272892, 1081
291877, 1081
265516, 1080
171716, 1079
238610, 1079
30531, 1078
46899, 1077
24263, 1076
235123, 1076
11653, 1074
11957, 1074
13028, 1074
13506, 1074
13846, 1074
14593, 1074
44798, 1074
170427, 1074
182073, 1074
251064, 1074
257537, 1074
282841, 1074
159056, 1073
64837, 1071
193001, 1071
236096, 1071
247779, 1071
274766, 1070
60449, 1068
66404, 1068
71747, 1068
85455, 1068
110858, 1068
121922, 1068
122245, 1068
127197, 1068
130764, 1068
132316, 1068
147685, 1068
163116, 1068
174085, 1068
175401, 1068
181080, 1068
190002, 1068
200498, 1068
200911, 1068
201017, 1068
202319, 1068
207858, 1068
235046, 1068
238542, 1068
243533, 1068
246206, 1068
273944, 1068
140942, 1067
10401, 1066
24329, 1066
36692, 1066
82249, 1066
130278, 1066
159935, 1066
189667, 1066
230492, 1066
190985, 1065
193339, 1065
200163, 1065
243532, 1065
247570, 1065
275780, 1065
286422, 1065
73754, 1064
182666, 1064
183619, 1063
184283, 1063
125363, 1060
76469, 1059
81735, 1059
111711, 1059
116198, 1059
271503, 1059
13655, 1058
137391, 1058
191381, 1058
224629, 1058
21509, 1056
72703, 1056
145025, 1056
168926, 1056
290511, 1056
154681, 1054
44135, 1051
75687, 1051
122704, 1051
202157, 1051
257789, 1051
258177, 1051
269888, 1051
274401, 1051
282767, 1051
9965, 1050
123792, 1050
41649, 1046
210891, 1046
155791, 1044
176357, 1044
220062, 1044
225531, 1044
2610, 1043
72173, 1043
88171, 1043
125929, 1043
205382, 1043
240029, 1043
21785, 1040
21908, 1040
22644, 1040
22671, 1040
22818, 1040
23411, 1040
24091, 1040
25918, 1040
28227, 1040
28440, 1040
28610, 1040
43440, 1040
58166, 1040
148155, 1040
150049, 1040
99081, 1039
207554, 1039
19431, 1038
46285, 1038
137208, 1038
203186, 1038
190298, 1035
202493, 1035
222172, 1035
263672, 1035
284103, 1035
135101, 1033
267061, 1033
142445, 1032
194156, 1030
7271, 1026
8870, 1026
9151, 1026
10023, 1026
13959, 1026
14248, 1026
14638, 1026
18184, 1026
52288, 1026
73613, 1026
98835, 1026
116476, 1026
156029, 1026
212727, 1026
257256, 1026
294852, 1026
23264, 1025
51848, 1025
51971, 1025
114841, 1025
203998, 1025
226461, 1025
265414, 1025
291413, 1025
254521, 1024
112518, 1023
130045, 1023
150348, 1023
151888, 1023
237814, 1023
287577, 1023
7882, 1022
36746, 1022
97198, 1020
172026, 1020
140201, 1019
135331, 1018
21967, 1017
46213, 1017
151838, 1016
157490, 1016
184023, 1016
239655, 1016
98710, 1015
22631, 1014
43787, 1014
58249, 1014
74236, 1014
81300, 1014
97379, 1014
200291, 1014
230325, 1014
276223, 1014
1711, 1013
2187, 1013
2556, 1013
3735, 1013
196495, 1010
141330, 1009
264825, 1009
25761, 1007
102568, 1007
107684, 1007
225950, 1007
287762, 1007
49999, 1003
146895, 1003
131268, 1002
139406, 1002
169702, 1002
212209, 1002
91229, 1001
106266, 1001
136948, 1001
178391, 1001
268337, 1001
274457, 1001
72290, 1000
