96716, 154893
105224, 154893
116887, 154893
122958, 154893
125300, 154893
125744, 154893
126365, 154893
126888, 154893
127271, 154893
128155, 154893
130100, 154893
130292, 154893
130645, 154893
133459, 154893
133627, 154893
133810, 154893
134737, 154893
135313, 154893
135729, 154893
136254, 154893
136367, 154893
138271, 154893
139089, 154893
139112, 154893
140570, 154893
141358, 154893
141837, 154893
142731, 154893
143417, 154893
144369, 154893
145502, 154893
145634, 154893
145937, 154893
146328, 154893
146846, 154893
147429, 154893
147898, 154893
148210, 154893
148847, 154893
149635, 154893
149711, 154893
150033, 154893
150224, 154893
150452, 154893
151277, 154893
152407, 154893
152554, 154893
154040, 154893
154199, 154893
154894, 154893
155695, 154893
157222, 154893
158099, 154893
159490, 154893
159493, 154893
159668, 154893
159874, 154893
160353, 154893
160693, 154893
160939, 154893
163018, 154893
163335, 154893
164789, 154893
165383, 154893
165449, 154893
166642, 154893
168065, 154893
168765, 154893
169973, 154893
170243, 154893
170875, 154893
172667, 154893
173379, 154893
174057, 154893
174300, 154893
174979, 154893
176171, 154893
177290, 154893
177319, 154893
178106, 154893
179332, 154893
179416, 154893
180685, 154893
183225, 154893
183304, 154893
184089, 154893
185946, 154893
186573, 154893
187422, 154893
187614, 154893
188056, 154893
189424, 154893
191078, 154893
191230, 154893
192161, 154893
192275, 154893
192514, 154893
193558, 154893
193782, 154893
193842, 154893
193917, 154893
195643, 154893
202755, 154893
204123, 154893
206147, 154893
209301, 154893
211504, 154893
211597, 154893
211920, 154893
214377, 154893
216542, 154893
216776, 154893
217868, 154893
218135, 154893
219148, 154893
221349, 154893
221482, 154893
222648, 154893
233796, 154893
234313, 154893
236670, 154893
237149, 154893
238030, 154893
238879, 154893
239862, 154893
240742, 154893
242111, 154893
242578, 154893
243266, 154893
243818, 154893
244261, 154893
246421, 154893
247759, 154893
247886, 154893
248433, 154893
249415, 154893
249577, 154893
252303, 154893
252797, 154893
253194, 154893
253458, 154893
254118, 154893
256022, 154893
256169, 154893
258585, 154893
259316, 154893
260056, 154893
267717, 154893
268678, 154893
269845, 154893
272262, 154893
276611, 154893
277524, 154893
279013, 154893
279583, 154893
279859, 154893
281020, 154893
284683, 154893
284954, 154893
286791, 154893
292978, 154893
130552, 154662
136313, 154662
139618, 154662
142793, 154662
146711, 154662
147057, 154662
150643, 154662
166531, 154662
169644, 154662
177149, 154662
186522, 154662
210538, 154662
215294, 154662
226115, 154662
226460, 154662
228340, 154662
236212, 154662
245300, 154662
253314, 154662
255641, 154662
261237, 154662
263135, 154662
290299, 154662
295636, 154662
91648, 154162
101219, 154162
108939, 154162
110511, 154162
110530, 154162
114228, 154162
114294, 154162
116600, 154162
120113, 154162
135364, 154162
138318, 154162
139005, 154162
139532, 154162
147171, 154162
148952, 154162
149267, 154162
149931, 154162
150368, 154162
150740, 154162
152845, 154162
157505, 154162
159721, 154162
160816, 154162
161930, 154162
166786, 154162
166993, 154162
168416, 154162
169483, 154162
170686, 154162
177461, 154162
178649, 154162
180703, 154162
183033, 154162
184152, 154162
185795, 154162
189181, 154162
198341, 154162
200359, 154162
202686, 154162
202852, 154162
203089, 154162
208805, 154162
220684, 154162
222021, 154162
224728, 154162
227245, 154162
227492, 154162
229124, 154162
234329, 154162
237985, 154162
242525, 154162
243898, 154162
244454, 154162
250357, 154162
250612, 154162
252875, 154162
253912, 154162
254302, 154162
254941, 154162
257704, 154162
259637, 154162
262035, 154162
262365, 154162
264103, 154162
265829, 154162
266370, 154162
267710, 154162
278336, 154162
279897, 154162
280863, 154162
281312, 154162
282021, 154162
284176, 154162
288035, 154162
290793, 154162
291072, 154162
294421, 154162
295524, 154162
94687, 153896
112016, 153896
112037, 153896
113154, 153896
114449, 153896
115531, 153896
120517, 153896
124130, 153896
135270, 153896
136638, 153896
141126, 153896
144940, 153896
147825, 153896
160506, 153896
163445, 153896
164727, 153896
165569, 153896
169485, 153896
169690, 153896
181140, 153896
182851, 153896
186047, 153896
187955, 153896
198185, 153896
198918, 153896
199390, 153896
200028, 153896
200569, 153896
200722, 153896
201251, 153896
202010, 153896
204523, 153896
209468, 153896
214957, 153896
216856, 153896
220784, 153896
220896, 153896
222378, 153896
231198, 153896
232320, 153896
233368, 153896
233748, 153896
234331, 153896
236734, 153896
243830, 153896
244667, 153896
256337, 153896
268659, 153896
271334, 153896
272737, 153896
282542, 153896
285095, 153896
285182, 153896
290796, 153896
291515, 153896
79894, 153438
97140, 153438
103017, 153438
106026, 153438
109792, 153438
115672, 153438
119086, 153438
124629, 153438
127237, 153438
130387, 153438
132340, 153438
135269, 153438
136163, 153438
136907, 153438
140504, 153438
140937, 153438
142384, 153438
145980, 153438
146076, 153438
146713, 153438
146998, 153438
150409, 153438
150785, 153438
150898, 153438
151408, 153438
152384, 153438
156575, 153438
156678, 153438
157062, 153438
158349, 153438
160977, 153438
162065, 153438
165471, 153438
166905, 153438
168261, 153438
169003, 153438
173829, 153438
175386, 153438
177309, 153438
179405, 153438
179671, 153438
180149, 153438
181135, 153438
182008, 153438
183212, 153438
183988, 153438
186016, 153438
186345, 153438
186587, 153438
187138, 153438
188261, 153438
188485, 153438
188850, 153438
188926, 153438
189623, 153438
190872, 153438
191147, 153438
191306, 153438
191635, 153438
192412, 153438
194838, 153438
194974, 153438
195294, 153438
195423, 153438
195856, 153438
197430, 153438
198129, 153438
198578, 153438
198585, 153438
198645, 153438
199386, 153438
199600, 153438
202730, 153438
203045, 153438
203610, 153438
205215, 153438
206634, 153438
206773, 153438
206798, 153438
207086, 153438
207194, 153438
207737, 153438
208948, 153438
209158, 153438
209184, 153438
209866, 153438
210290, 153438
213716, 153438
213911, 153438
214751, 153438
215497, 153438
216040, 153438
217419, 153438
218173, 153438
219641, 153438
220155, 153438
221609, 153438
223512, 153438
223624, 153438
224848, 153438
226755, 153438
227712, 153438
227762, 153438
227795, 153438
229311, 153438
230348, 153438
230470, 153438
231837, 153438
232366, 153438
238536, 153438
238717, 153438
239065, 153438
240097, 153438
240206, 153438
240814, 153438
241980, 153438
242291, 153438
242342, 153438
243162, 153438
243168, 153438
243170, 153438
243262, 153438
246087, 153438
246189, 153438
247690, 153438
248872, 153438
250139, 153438
253121, 153438
255016, 153438
255478, 153438
256016, 153438
256167, 153438
256583, 153438
256818, 153438
257724, 153438
257733, 153438
258130, 153438
258691, 153438
259040, 153438
259061, 153438
260368, 153438
260633, 153438
260708, 153438
261393, 153438
261473, 153438
261496, 153438
262879, 153438
263236, 153438
263238, 153438
264692, 153438
264714, 153438
265481, 153438
266635, 153438
267983, 153438
269614, 153438
270366, 153438
270615, 153438
271498, 153438
272121, 153438
272271, 153438
272456, 153438
273844, 153438
274211, 153438
274376, 153438
275470, 153438
277203, 153438
277303, 153438
278490, 153438
278689, 153438
278833, 153438
279122, 153438
282168, 153438
282890, 153438
283370, 153438
283691, 153438
284449, 153438
285191, 153438
285500, 153438
285886, 153438
286083, 153438
287759, 153438
288374, 153438
288704, 153438
288917, 153438
289801, 153438
289949, 153438
290179, 153438
290607, 153438
290717, 153438
292106, 153438
293371, 153438
293513, 153438
294120, 153438
294901, 153438
296587, 153438
2713, 152595
111889, 152595
114423, 152595
114434, 152595
118071, 152595
118315, 152595
118877, 152595
118949, 152595
120679, 152595
121102, 152595
122447, 152595
125021, 152595
128303, 152595
129861, 152595
130698, 152595
131461, 152595
131497, 152595
133203, 152595
133447, 152595
134998, 152595
135155, 152595
135777, 152595
136241, 152595
136720, 152595
137624, 152595
137805, 152595
138153, 152595
140134, 152595
140214, 152595
141159, 152595
141753, 152595
141817, 152595
141960, 152595
142084, 152595
143080, 152595
143107, 152595
143678, 152595
143876, 152595
144210, 152595
144618, 152595
145686, 152595
145734, 152595
145973, 152595
146670, 152595
147678, 152595
147879, 152595
147987, 152595
148007, 152595
148012, 152595
148627, 152595
149603, 152595
149946, 152595
150081, 152595
150183, 152595
150266, 152595
150608, 152595
150717, 152595
151949, 152595
151966, 152595
152975, 152595
153227, 152595
153593, 152595
153611, 152595
153638, 152595
153929, 152595
154053, 152595
154308, 152595
154755, 152595
154810, 152595
154844, 152595
155246, 152595
155665, 152595
155827, 152595
156677, 152595
156703, 152595
156861, 152595
157249, 152595
157451, 152595
157553, 152595
157591, 152595
157694, 152595
157866, 152595
158414, 152595
159075, 152595
160492, 152595
160742, 152595
161139, 152595
162166, 152595
162360, 152595
162591, 152595
162631, 152595
163330, 152595
163591, 152595
164659, 152595
164837, 152595
165520, 152595
165902, 152595
165965, 152595
166182, 152595
166722, 152595
167120, 152595
167599, 152595
167958, 152595
168096, 152595
168348, 152595
169976, 152595
170009, 152595
170011, 152595
170193, 152595
170235, 152595
171266, 152595
172057, 152595
172305, 152595
172500, 152595
173260, 152595
173572, 152595
173621, 152595
173774, 152595
174121, 152595
174186, 152595
175014, 152595
175430, 152595
175896, 152595
176782, 152595
177155, 152595
177257, 152595
178330, 152595
178659, 152595
179057, 152595
179143, 152595
179227, 152595
179305, 152595
180083, 152595
180219, 152595
180449, 152595
180589, 152595
181159, 152595
181272, 152595
181867, 152595
183489, 152595
183607, 152595
183637, 152595
183696, 152595
184967, 152595
185552, 152595
185917, 152595
186162, 152595
186571, 152595
186628, 152595
187353, 152595
187655, 152595
188463, 152595
188574, 152595
188686, 152595
189464, 152595
189872, 152595
190473, 152595
190479, 152595
191522, 152595
191625, 152595
192051, 152595
192286, 152595
192484, 152595
192519, 152595
192718, 152595
192809, 152595
193089, 152595
193649, 152595
193913, 152595
194297, 152595
194417, 152595
194627, 152595
194774, 152595
194817, 152595
194904, 152595
196026, 152595
196258, 152595
196294, 152595
197342, 152595
199072, 152595
199364, 152595
199607, 152595
200488, 152595
200995, 152595
201239, 152595
201880, 152595
203266, 152595
204251, 152595
204597, 152595
205499, 152595
205842, 152595
205909, 152595
206981, 152595
207444, 152595
207561, 152595
207838, 152595
207984, 152595
208058, 152595
208336, 152595
208607, 152595
208692, 152595
210292, 152595
210393, 152595
210817, 152595
210939, 152595
210944, 152595
211497, 152595
211661, 152595
211883, 152595
212334, 152595
212494, 152595
212560, 152595
212599, 152595
212603, 152595
212713, 152595
213814, 152595
213899, 152595
213925, 152595
214057, 152595
214680, 152595
214759, 152595
215675, 152595
215914, 152595
216593, 152595
216774, 152595
217345, 152595
217976, 152595
218270, 152595
218323, 152595
218820, 152595
219558, 152595
219561, 152595
220159, 152595
220347, 152595
220382, 152595
222070, 152595
222404, 152595
222509, 152595
222602, 152595
222662, 152595
222901, 152595
223217, 152595
223249, 152595
223954, 152595
224270, 152595
224359, 152595
224820, 152595
225080, 152595
225230, 152595
225377, 152595
225431, 152595
225675, 152595
225972, 152595
226057, 152595
226149, 152595
226287, 152595
226422, 152595
226438, 152595
226682, 152595
226784, 152595
226859, 152595
227575, 152595
227917, 152595
228786, 152595
229344, 152595
229836, 152595
229976, 152595
230020, 152595
230159, 152595
230285, 152595
230596, 152595
230804, 152595
231076, 152595
231088, 152595
231119, 152595
231158, 152595
231416, 152595
231460, 152595
231482, 152595
231708, 152595
232100, 152595
232175, 152595
232516, 152595
232774, 152595
233323, 152595
233456, 152595
233651, 152595
233887, 152595
234152, 152595
234156, 152595
234714, 152595
235170, 152595
237424, 152595
238123, 152595
238323, 152595
239118, 152595
239119, 152595
239490, 152595
240416, 152595
240439, 152595
240505, 152595
240580, 152595
240652, 152595
240761, 152595
241076, 152595
241899, 152595
242244, 152595
242383, 152595
242468, 152595
242717, 152595
243072, 152595
243205, 152595
243219, 152595
243583, 152595
243930, 152595
244608, 152595
244650, 152595
244957, 152595
245929, 152595
246969, 152595
246996, 152595
247076, 152595
247215, 152595
247334, 152595
247346, 152595
248056, 152595
248691, 152595
248740, 152595
249371, 152595
249669, 152595
249931, 152595
250003, 152595
250197, 152595
250861, 152595
251044, 152595
251442, 152595
251620, 152595
251640, 152595
251894, 152595
251995, 152595
252466, 152595
253542, 152595
254050, 152595
254168, 152595
254325, 152595
254462, 152595
254573, 152595
254643, 152595
254821, 152595
255253, 152595
255605, 152595
256032, 152595
256052, 152595
256092, 152595
256687, 152595
256766, 152595
256807, 152595
256858, 152595
256915, 152595
257042, 152595
257103, 152595
257252, 152595
257266, 152595
257448, 152595
258058, 152595
258210, 152595
258431, 152595
258690, 152595
259379, 152595
260401, 152595
260780, 152595
260792, 152595
261649, 152595
261909, 152595
261931, 152595
261933, 152595
261946, 152595
262011, 152595
263842, 152595
264177, 152595
265161, 152595
265478, 152595
265627, 152595
265724, 152595
266519, 152595
266775, 152595
266876, 152595
267134, 152595
267510, 152595
267743, 152595
267780, 152595
268056, 152595
269014, 152595
269030, 152595
269102, 152595
269743, 152595
269807, 152595
270733, 152595
270839, 152595
271075, 152595
271191, 152595
271239, 152595
271687, 152595
271882, 152595
272157, 152595
273151, 152595
273193, 152595
273322, 152595
273755, 152595
274249, 152595
274277, 152595
275011, 152595
275436, 152595
275923, 152595
276390, 152595
276637, 152595
276792, 152595
276910, 152595
277069, 152595
277539, 152595
277987, 152595
278493, 152595
278553, 152595
278608, 152595
278615, 152595
279289, 152595
280077, 152595
281022, 152595
281031, 152595
281477, 152595
281968, 152595
282022, 152595
282522, 152595
282675, 152595
283240, 152595
283432, 152595
283672, 152595
284018, 152595
284024, 152595
284046, 152595
284197, 152595
284488, 152595
284930, 152595
285035, 152595
285212, 152595
285504, 152595
285513, 152595
285679, 152595
286220, 152595
286814, 152595
286974, 152595
287352, 152595
287450, 152595
287835, 152595
288222, 152595
288457, 152595
289288, 152595
289405, 152595
289487, 152595
290116, 152595
290198, 152595
291384, 152595
291401, 152595
291796, 152595
291890, 152595
291983, 152595
291996, 152595
292205, 152595
293162, 152595
293559, 152595
293626, 152595
293684, 152595
293831, 152595
293874, 152595
293880, 152595
294098, 152595
294541, 152595
294946, 152595
295295, 152595
295367, 152595
295806, 152595
106966, 152033
114852, 152033
114876, 152033
116867, 152033
142020, 152033
143544, 152033
148332, 152033
154598, 152033
165001, 152033
168142, 152033
171761, 152033
174109, 152033
174535, 152033
174539, 152033
174558, 152033
176855, 152033
181661, 152033
182285, 152033
182388, 152033
190388, 152033
190922, 152033
193216, 152033
193948, 152033
196530, 152033
199773, 152033
200939, 152033
201191, 152033
202815, 152033
203515, 152033
210139, 152033
215757, 152033
220156, 152033
239085, 152033
242370, 152033
244651, 152033
252468, 152033
252498, 152033
255803, 152033
260117, 152033
264955, 152033
276412, 152033
277396, 152033
131960, 151457
136417, 151457
159274, 151457
208681, 151457
228063, 151457
228507, 151457
242698, 151457
261777, 151457
254216, 148404
146694, 147320
169699, 147320
182638, 147320
194308, 147320
202283, 147320
202625, 147320
219014, 147320
223527, 147320
230083, 147320
238497, 147320
254824, 147320
261558, 147320
264583, 147320
279325, 147320
135097, 146294
144049, 146294
164234, 146294
197572, 146294
206368, 146294
208375, 146294
220060, 146294
230117, 146294
233157, 146294
194310, 144376
283655, 144376
197030, 144328
182081, 143990
225887, 143990
272202, 143990
153899, 143800
160313, 143800
177311, 143800
200947, 143800
221401, 143800
250265, 143800
278596, 143800
280050, 143800
288324, 143800
292922, 143800
214430, 143621
95404, 141880
96495, 141880
99129, 141880
105871, 141880
118806, 141880
134870, 141880
142419, 141880
150564, 141880
152705, 141880
172311, 141880
173868, 141880
201763, 141880
206606, 141880
208741, 141880
211006, 141880
222788, 141880
228653, 141880
229636, 141880
232405, 141880
233462, 141880
248785, 141880
249539, 141880
253800, 141880
255331, 141880
259245, 141880
268007, 141880
268400, 141880
269228, 141880
275371, 141880
276996, 141880
279646, 141880
282796, 141880
283346, 141880
284563, 141880
288337, 141880
290745, 141880
177037, 141639
142301, 141519
154004, 141519
199439, 141519
126917, 141213
133092, 141213
142661, 141213
156569, 141213
160859, 141213
162508, 141213
164514, 141213
176249, 141213
178996, 141213
183417, 141213
191916, 141213
211297, 141213
229731, 141213
231613, 141213
252827, 141213
254710, 141213
258267, 141213
281275, 141213
288705, 141213
293833, 141213
144139, 140966
151769, 140966
172914, 140966
181207, 140966
200990, 140966
211548, 140966
252635, 140966
113482, 140632
114108, 140632
133734, 140632
141930, 140632
150063, 140632
164301, 140632
170123, 140632
188904, 140632
201907, 140632
216255, 140632
243909, 140632
244332, 140632
250699, 140632
255105, 140632
267472, 140632
269491, 140632
283698, 140632
285845, 140632
296019, 140632
179632, 139337
188623, 139337
96084, 139173
166984, 139173
174729, 139173
196044, 139173
200412, 139173
201736, 139173
231503, 139173
255816, 139173
292893, 139173
131255, 138885
156671, 138885
162179, 138885
168290, 138885
141953, 137892
160179, 137892
161903, 137892
163090, 137892
177144, 137892
197770, 137892
235962, 137892
253135, 137892
256456, 137892
266207, 137892
280136, 137892
284795, 137519
128392, 136964
183370, 136964
205771, 136964
211822, 136964
279428, 136964
281156, 136964
293794, 136964
134208, 136866
151690, 136866
194531, 136866
121970, 136728
148412, 136728
152204, 136728
162358, 136728
179280, 136728
235784, 136728
246226, 136728
276358, 136728
290288, 136728
294876, 136728
228854, 136687
141651, 136525
207103, 136525
270833, 136525
152818, 135838
87580, 134266
227784, 134266
246821, 134266
254315, 134266
198600, 133262
205978, 133262
252295, 133262
256611, 133262
230191, 132908
253385, 132908
122550, 132695
132962, 132695
141213, 132695
147892, 132695
167963, 132695
195505, 132695
252553, 131810
91504, 131089
111028, 131089
252686, 131089
270361, 131089
284394, 131089
285432, 131089
100944, 130593
121622, 130593
122953, 130593
125722, 130593
126070, 130593
128967, 130593
130661, 130593
133119, 130593
138969, 130593
216498, 130593
219151, 130593
266406, 130593
286375, 130593
140961, 130396
149445, 130396
181012, 130396
206098, 130396
215532, 130396
244882, 130396
256259, 130396
1400, 129899
136877, 129899
150014, 129899
238971, 129899
247278, 129899
144045, 129802
146673, 129802
186055, 129802
208550, 129802
215701, 129802
219312, 129802
243917, 129802
247480, 129802
255875, 129802
280176, 129802
288150, 129802
293557, 129802
123048, 129396
210484, 129396
250859, 128956
152882, 128651
206511, 128651
208184, 128651
286881, 128651
97678, 128412
203010, 128412
166874, 128364
163081, 128226
118547, 128040
120043, 128040
120146, 128040
136621, 128040
141663, 128040
142169, 128040
149105, 128040
153361, 128040
161972, 128040
178512, 128040
202637, 128040
202638, 128040
203751, 128040
206241, 128040
249347, 128040
273315, 128040
228849, 127135
125822, 126449
144927, 126449
159418, 126449
171785, 126449
174788, 126449
207661, 126449
242974, 126449
274361, 125389
89706, 125060
223151, 124467
235683, 124467
252415, 124467
250100, 120139
132501, 119245
252962, 119245
94137, 119066
183452, 119066
230198, 119066
294310, 119066
143188, 116677
172762, 116677
209483, 116677
215894, 116677
266833, 116677
247091, 115132
222395, 114858
81151, 112297
130376, 112297
233522, 112297
219996, 110863
81306, 109567
136373, 109567
222272, 109567
287978, 109567
114832, 109208
162163, 109208
168312, 109208
194476, 109208
202687, 109208
221176, 109208
240978, 109208
271964, 109208
289714, 106457
150633, 105113
163997, 102134
167933, 102134
264446, 100291
118207, 98657
135163, 98657
175637, 98657
221574, 98657
235670, 98657
288835, 98657
213492, 97953
125915, 94000
247029, 92469
249746, 92469
204882, 92087
268279, 89604
268780, 89604
143126, 88732
126900, 87741
86895, 87640
91170, 87640
282800, 86011
137457, 85124
196618, 84001
142560, 80583
200319, 80583
159722, 78182
196483, 73805
250350, 73805
145681, 73047
266931, 72056
89137, 70112
228105, 70112
233817, 68389
210952, 67404
137703, 64781
124782, 62949
167355, 62949
262845, 62600
287751, 62036
166456, 61754
252489, 61754
206675, 61398
24852, 60938
32382, 60938
81813, 60938
151326, 60938
179959, 60938
187813, 60938
196677, 60938
204884, 60938
207998, 60938
208011, 60938
219929, 60938
223388, 60938
229014, 60938
235679, 60938
240091, 60938
248924, 60938
251779, 60938
260568, 60938
292037, 60938
296057, 60938
249736, 60817
13094, 60792
6189, 59378
7638, 59378
10013, 59378
15354, 59378
16804, 59378
22515, 59378
23697, 59378
24526, 59378
26196, 59378
37729, 59378
37944, 59378
41860, 59378
47265, 59378
48228, 59378
49601, 59378
50562, 59378
52025, 59378
52592, 59378
54003, 59378
54229, 59378
60445, 59378
62871, 59378
64055, 59378
64681, 59378
70201, 59378
70328, 59378
79651, 59378
84053, 59378
92280, 59378
95524, 59378
99941, 59378
103220, 59378
104399, 59378
107978, 59378
109071, 59378
110022, 59378
110954, 59378
114404, 59378
114536, 59378
116587, 59378
117636, 59378
119700, 59378
119811, 59378
121204, 59378
121530, 59378
124234, 59378
124963, 59378
126896, 59378
129040, 59378
129251, 59378
129560, 59378
135019, 59378
138429, 59378
138577, 59378
142354, 59378
144263, 59378
144534, 59378
147839, 59378
148462, 59378
152756, 59378
153284, 59378
154367, 59378
155329, 59378
159307, 59378
160566, 59378
160874, 59378
163986, 59378
165147, 59378
166058, 59378
166321, 59378
169947, 59378
177607, 59378
184952, 59378
184969, 59378
189705, 59378
194615, 59378
196160, 59378
200022, 59378
202892, 59378
208143, 59378
208654, 59378
208959, 59378
211415, 59378
212416, 59378
212995, 59378
213377, 59378
214404, 59378
216539, 59378
218293, 59378
225388, 59378
228223, 59378
236378, 59378
236398, 59378
237000, 59378
238350, 59378
240362, 59378
240918, 59378
243336, 59378
243767, 59378
243820, 59378
245603, 59378
248213, 59378
248894, 59378
255463, 59378
255593, 59378
256954, 59378
261696, 59378
263266, 59378
264026, 59378
266246, 59378
267497, 59378
268124, 59378
269617, 59378
270151, 59378
272045, 59378
272187, 59378
273892, 59378
274461, 59378
280022, 59378
281539, 59378
286895, 59378
287446, 59378
287798, 59378
287940, 59378
287964, 59378
289604, 59378
290789, 59378
3402, 59325
6218, 59325
9046, 59325
16802, 59325
23043, 59325
33232, 59325
36818, 59325
41652, 59325
47915, 59325
51549, 59325
66478, 59325
66634, 59325
69801, 59325
78648, 59325
83798, 59325
90833, 59325
98692, 59325
102094, 59325
105309, 59325
113453, 59325
118348, 59325
118533, 59325
119075, 59325
127903, 59325
127960, 59325
128615, 59325
149885, 59325
150110, 59325
152477, 59325
177182, 59325
185471, 59325
196653, 59325
200062, 59325
202972, 59325
212565, 59325
212627, 59325
239245, 59325
252603, 59325
254786, 59325
259311, 59325
267421, 59325
269136, 59325
269144, 59325
269392, 59325
272850, 59325
274778, 59325
280573, 59325
198354, 59084
9843, 59029
12469, 59029
115817, 59029
123913, 59029
136515, 59029
144992, 59029
153738, 59029
178199, 59029
212197, 59029
238091, 59029
272753, 59029
276055, 59029
178558, 58817
184202, 58817
46740, 58808
48697, 58808
68295, 58808
78200, 58808
92518, 58808
92793, 58808
93907, 58808
95112, 58808
113598, 58808
113887, 58808
158261, 58808
206087, 58791
130107, 58739
62461, 58630
97897, 58630
184543, 58318
222590, 58318
74656, 58107
269998, 58107
4587, 57741
11218, 57741
13172, 57741
17251, 57741
25671, 57741
47517, 57741
49856, 57741
53558, 57741
55117, 57741
72056, 57741
74875, 57741
79602, 57741
86969, 57741
87269, 57741
89117, 57741
90742, 57741
92844, 57741
95040, 57741
95231, 57741
96475, 57741
99769, 57741
105842, 57741
106501, 57741
112534, 57741
115924, 57741
122411, 57741
123275, 57741
124551, 57741
126898, 57741
127136, 57741
127771, 57741
129166, 57741
129331, 57741
140052, 57741
140551, 57741
144005, 57741
144239, 57741
154905, 57741
158822, 57741
159365, 57741
167731, 57741
168512, 57741
170740, 57741
173761, 57741
177651, 57741
180992, 57741
183648, 57741
185805, 57741
188019, 57741
188311, 57741
188391, 57741
190957, 57741
193741, 57741
194044, 57741
195288, 57741
198514, 57741
204659, 57741
205371, 57741
207800, 57741
209708, 57741
212840, 57741
213020, 57741
218275, 57741
221018, 57741
232020, 57741
238848, 57741
250901, 57741
261334, 57741
262691, 57741
264088, 57741
268978, 57741
269007, 57741
271926, 57741
277896, 57741
294086, 57741
8264, 57478
20829, 57478
30203, 57478
51361, 57478
54844, 57478
55033, 57478
63233, 57478
70773, 57478
72296, 57478
74861, 57478
85463, 57478
92130, 57478
112138, 57478
126005, 57478
134477, 57478
136796, 57478
138213, 57478
151330, 57478
155191, 57478
180274, 57478
211954, 57478
213913, 57478
221021, 57478
236529, 57478
22778, 56589
23215, 56589
23413, 56589
28068, 56589
30764, 56589
31629, 56589
35491, 56589
37308, 56589
39879, 56589
41085, 56589
44064, 56589
47454, 56589
51397, 56589
56939, 56589
59583, 56589
181798, 56589
4305, 56588
6431, 56588
10646, 56588
37097, 56588
46847, 56588
47458, 56588
54057, 56588
55425, 56588
58163, 56588
65472, 56588
99508, 56588
110863, 56588
112802, 56588
17637, 56300
21559, 56300
22723, 56300
24283, 56300
27067, 56300
69708, 56300
204167, 56300
222194, 56300
230022, 56300
262615, 56300
6083, 55670
15188, 55033
20124, 55033
71568, 55029
170483, 54655
49108, 54570
130430, 54570
252973, 54516
193407, 54373
2655, 54282
261313, 54071
5298, 53952
6226, 53952
21806, 53952
33657, 53952
42444, 53952
48590, 53952
66736, 53952
69300, 53952
71383, 53952
73431, 53952
78125, 53952
82417, 53952
99464, 53952
122496, 53952
123057, 53529
280856, 53346
188186, 53236
93515, 53225
137315, 53200
152999, 53200
185964, 53200
211143, 53200
231327, 53200
284616, 53200
2893, 53033
127158, 53033
204968, 53033
10786, 53005
49907, 52396
50116, 52396
113605, 52352
151439, 52352
182528, 52352
8133, 52225
22372, 52104
31148, 52104
63974, 52104
188141, 52104
197180, 52104
221998, 52104
231342, 52104
246924, 52104
37640, 52016
82136, 52016
170237, 52016
173843, 52016
257759, 52016
273854, 52016
288981, 52016
293041, 52016
796, 51559
64524, 51535
15852, 51514
33636, 51514
43339, 51514
76077, 51514
54310, 51482
212, 51450
15204, 51450
119527, 51450
243751, 51450
285505, 51381
138060, 51274
150861, 51229
224190, 51229
7698, 51131
100378, 51104
123463, 50959
154358, 50959
203890, 50959
54286, 50905
126351, 50905
65096, 50886
80819, 50886
8012, 50683
12746, 50683
12809, 50683
13021, 50683
13168, 50683
18630, 50683
47693, 50683
60436, 50683
102509, 50683
123559, 50683
127130, 50683
152546, 50683
155209, 50683
160658, 50683
163303, 50683
166335, 50683
187601, 50683
194962, 50683
196055, 50683
203949, 50683
212298, 50683
250590, 50683
253375, 50683
193104, 50642
200162, 50642
222326, 50642
223791, 50642
245258, 50642
277142, 50642
285144, 50642
8095, 50467
14185, 50467
18996, 50467
43045, 50467
43807, 50467
44997, 50467
48154, 50467
54282, 50467
66097, 50467
69739, 50467
78258, 50467
88294, 50467
93018, 50467
103935, 50467
106840, 50467
112522, 50467
115046, 50467
117464, 50467
119976, 50467
137441, 50467
150829, 50467
182155, 50467
193473, 50467
200393, 50467
221139, 50467
226647, 50467
249099, 50467
259951, 50467
198762, 50434
24473, 50421
90519, 50391
31400, 50390
104372, 50390
197422, 50390
278931, 50390
171595, 50258
232823, 50258
206357, 50175
67354, 50128
295772, 49927
66696, 49912
14567, 49903
14755, 49903
15367, 49903
20040, 49903
30617, 49903
50862, 49903
26948, 49891
28840, 49891
98591, 49891
103997, 49891
113483, 49891
161459, 49891
2773, 49843
138921, 49843
173094, 49843
196648, 49843
278577, 49843
3010, 49831
14234, 49831
3927, 49730
4026, 49730
4409, 49730
6169, 49730
6840, 49716
134906, 49705
155621, 49705
260815, 49705
70191, 49691
124996, 49691
247681, 49691
8836, 49680
12092, 49680
43368, 49680
46458, 49680
49234, 49680
86815, 49680
88509, 49680
91276, 49680
92270, 49680
98132, 49680
116595, 49680
119081, 49680
121299, 49680
127761, 49680
128831, 49680
139341, 49680
160303, 49680
166742, 49680
194432, 49680
198022, 49680
208907, 49680
237190, 49680
72163, 49586
246518, 49441
8045, 49357
5804, 49282
12318, 49282
16129, 49282
57015, 49282
75076, 49282
81358, 49282
84408, 49282
91232, 49282
111763, 49282
112949, 49282
117274, 49282
163720, 49282
184185, 49282
236169, 49282
215930, 49270
58243, 49220
112079, 49220
141143, 49220
199404, 49220
271756, 49220
4513, 49060
20827, 48672
35289, 48672
181089, 48672
14892, 48656
101216, 48656
172865, 48636
12067, 48111
23319, 48111
23897, 48111
28831, 48111
63836, 48111
66535, 48111
85523, 48111
98473, 48111
109122, 48111
146325, 48111
148818, 48111
167781, 48111
211186, 48094
81481, 48069
252569, 48055
267246, 47989
2081, 47861
8765, 47685
18671, 47685
164851, 47685
165291, 47685
34580, 47682
83278, 47682
105397, 47682
24434, 47606
28627, 47606
39990, 47606
64457, 47606
64962, 47606
65082, 47606
86199, 47606
104958, 47606
127650, 47356
221585, 46857
27432, 46606
27975, 46606
31035, 46606
38268, 46606
40790, 46606
43579, 46606
44938, 46606
47676, 46606
49542, 46606
54984, 46606
59261, 46606
62272, 46606
63948, 46606
68593, 46606
108718, 46606
148819, 46498
47323, 46490
86451, 45532
269582, 45507
280505, 45507
39778, 45469
50087, 45469
52106, 45469
55739, 45469
62538, 45469
66401, 45469
75998, 45469
85615, 45469
92698, 45469
95064, 45469
132161, 45469
138149, 45469
256425, 45469
2500, 45425
276679, 45223
216397, 45105
261340, 45105
283797, 45105
4738, 44754
107545, 44691
235844, 44635
227566, 43737
84562, 43179
273150, 42847
251911, 41898
197131, 41855
237227, 41855
240175, 41855
272723, 41186
197117, 40800
245989, 40481
294812, 40451
294214, 39980
114657, 39833
196799, 39833
217270, 39833
292191, 39833
147133, 39458
99106, 39448
12544, 37863
16944, 37585
250245, 36942
200179, 34561
89221, 34218
47907, 33796
67440, 33796
68869, 33796
70334, 33796
138618, 33796
260159, 33796
43474, 32579
95876, 32579
223245, 31468
42300, 29575
50289, 29575
54800, 29575
55506, 29575
69256, 29575
100297, 29575
101099, 29575
105778, 29575
108820, 29575
116095, 29575
120350, 29575
127816, 29575
132335, 29575
132473, 29575
145184, 29575
153556, 29575
168074, 29575
171107, 29575
175120, 29575
185872, 29575
192856, 29575
200796, 29575
205410, 29575
225422, 29575
225606, 29575
227349, 29575
235861, 29575
246576, 29575
268958, 29575
282976, 29575
283051, 29575
289827, 29575
295047, 29575
134860, 29381
46041, 28663
143517, 28663
207149, 28663
259155, 28663
120139, 28295
175168, 28295
223188, 28295
266392, 28295
99016, 28257
123867, 28257
139743, 28257
150466, 28257
200694, 28257
265761, 28231
2056, 27664
229373, 27112
158748, 27044
108634, 27039
1156, 26787
4830, 26108
290836, 25518
3599, 25236
197936, 25212
7949, 24677
9292, 24677
9982, 24677
11322, 24677
5909, 24582
7631, 24582
3517, 24444
5429, 24403
5970, 24403
6059, 24403
6246, 24403
15161, 24274
17309, 24274
18552, 24274
19247, 24274
20256, 24274
20482, 24274
20964, 24274
21104, 24274
21190, 24274
21585, 24274
21657, 24274
21782, 24274
21816, 24274
21986, 24274
22618, 24274
22807, 24274
22821, 24274
22907, 24274
22914, 24274
22982, 24274
23035, 24274
23130, 24274
23598, 24274
23852, 24274
24451, 24274
24538, 24274
24610, 24274
26190, 24274
26501, 24274
26639, 24274
32821, 24274
53475, 24274
10643, 24228
11807, 24228
13409, 24228
2596, 24187
16053, 24160
17170, 24160
17589, 24160
18567, 24160
18577, 24160
18583, 24160
18666, 24160
18698, 24160
18710, 24160
18786, 24160
19061, 24160
19690, 24160
19748, 24160
20014, 24160
20282, 24160
20382, 24160
20434, 24160
20662, 24160
21226, 24160
22053, 24160
15656, 24138
8670, 24136
13803, 24136
13939, 24136
14230, 24136
14289, 24136
14557, 24136
14590, 24136
14667, 24136
15126, 24136
15444, 24136
15446, 24136
15580, 24136
15774, 24136
15872, 24136
15885, 24136
16066, 24136
16259, 24136
16276, 24136
16343, 24136
16589, 24136
16656, 24136
16758, 24136
17043, 24136
16533, 24012
16996, 24012
18287, 24012
19279, 24012
20171, 24012
20998, 24012
21086, 24012
22839, 24012
14040, 23991
15461, 23991
13271, 23921
13985, 23921
14137, 23921
14969, 23921
15805, 23921
15502, 23902
16935, 23902
16948, 23902
3466, 23865
14386, 23828
15384, 23808
5544, 23517
7988, 23508
12190, 23487
14571, 23487
15366, 23487
15804, 23487
15980, 23487
16492, 23487
16516, 23487
16553, 23487
16906, 23487
17156, 23487
17177, 23487
19217, 23487
20696, 23487
20249, 23466
11366, 23306
11403, 23306
11899, 23120
208589, 23074
9102, 23055
6423, 22878
22636, 22871
24419, 22871
19077, 22866
22079, 22866
23079, 22866
24444, 22866
25057, 22866
25612, 22866
5183, 22788
12616, 22678
16337, 22678
18973, 22678
21191, 22678
21601, 22678
21726, 22678
21758, 22678
22808, 22678
8932, 22529
15318, 22325
18950, 22325
19713, 22325
8273, 22312
8931, 22312
9377, 22312
11782, 22312
10762, 22255
13141, 22255
14191, 22255
14459, 22255
14621, 22255
15040, 22255
16789, 21903
2170, 21852
31907, 21723
14307, 21703
23109, 21703
23861, 21703
24862, 21703
25200, 21703
25760, 21703
26368, 21703
26651, 21703
26901, 21703
26913, 21703
27193, 21703
27340, 21703
28018, 21703
28909, 21703
28958, 21703
28975, 21703
29004, 21703
29007, 21703
29065, 21703
30959, 21703
31264, 21703
14316, 21700
16194, 21700
17055, 21700
18470, 21700
18511, 21700
19867, 21700
20436, 21700
20530, 21700
20745, 21700
20860, 21700
21066, 21700
21431, 21700
22012, 21700
22098, 21700
22183, 21700
23641, 21700
23732, 21700
24008, 21700
24120, 21700
24741, 21700
24922, 21700
25243, 21700
25460, 21700
25508, 21700
25604, 21700
26468, 21700
27509, 21700
27611, 21700
27999, 21700
28193, 21700
29080, 21700
34268, 21700
21460, 21676
22880, 21676
23775, 21676
24193, 21676
24655, 21676
24740, 21676
25480, 21676
25593, 21676
26549, 21676
26708, 21676
27120, 21676
27142, 21676
27342, 21676
28060, 21676
28349, 21676
29375, 21676
30073, 21676
31374, 21676
32511, 21676
1518, 21672
18322, 21540
19792, 21540
20119, 21540
20717, 21540
23738, 21540
25015, 21540
25638, 21540
26877, 21540
27876, 21540
14686, 21452
15145, 21452
18229, 21427
19450, 21427
257358, 21427
32420, 21237
36764, 21237
37645, 21237
38242, 21237
38854, 21237
39141, 21237
40166, 21237
41493, 21237
42523, 21237
43867, 21237
43898, 21237
43964, 21237
44177, 21237
46066, 21237
46363, 21237
48311, 21237
48696, 21237
49406, 21237
49987, 21237
50153, 21237
50428, 21237
50813, 21237
39533, 21219
25453, 21203
27115, 21203
29896, 21203
30347, 21203
30392, 21203
30635, 21203
30898, 21203
31286, 21203
31474, 21203
32626, 21203
33341, 21203
33466, 21203
35450, 21203
17145, 21179
17807, 21179
37232, 21176
37847, 21176
38962, 21176
39509, 21176
39981, 21176
40966, 21176
24946, 21103
32183, 21103
32793, 21095
30110, 21071
33494, 21071
35328, 21071
35816, 21071
36325, 21071
37457, 21071
37596, 21071
37876, 21071
43978, 21071
44920, 21071
33629, 21010
33639, 21010
34202, 21010
34406, 21010
35058, 21010
35278, 21010
37081, 21010
37103, 21010
37532, 21010
37681, 21010
37740, 21010
38321, 21010
38656, 21010
39450, 21010
39859, 21010
40707, 21010
40779, 21010
40833, 21010
41044, 21010
41437, 21010
41613, 21010
43092, 21010
43594, 21010
44083, 21010
44888, 21010
45942, 21010
46375, 21010
44171, 20996
45560, 20996
48077, 20996
48472, 20996
52122, 20996
36167, 20947
24073, 20879
24225, 20879
25976, 20879
27079, 20879
27092, 20879
29312, 20879
29600, 20879
29643, 20879
29743, 20879
30018, 20879
30214, 20879
30297, 20879
30466, 20879
30581, 20879
30704, 20879
31159, 20879
31191, 20879
31257, 20879
31469, 20879
31774, 20879
32022, 20879
32068, 20879
32139, 20879
32455, 20879
32493, 20879
33591, 20879
34019, 20879
34153, 20879
34171, 20879
34230, 20879
34233, 20879
34523, 20879
34540, 20879
35046, 20879
35095, 20879
35135, 20879
35285, 20879
35547, 20879
35656, 20879
36009, 20879
36091, 20879
36124, 20879
37383, 20879
37975, 20879
38043, 20879
38446, 20879
22806, 20815
30063, 20805
48988, 20791
15262, 20789
34733, 20789
36684, 20789
37401, 20789
37539, 20789
38060, 20789
39735, 20789
40071, 20789
40633, 20789
40649, 20789
40763, 20789
40880, 20789
41274, 20789
41432, 20789
41462, 20789
41716, 20789
41906, 20789
42781, 20789
43160, 20789
43772, 20789
44370, 20789
44773, 20789
45033, 20789
45865, 20789
46179, 20789
46482, 20789
46613, 20789
47013, 20789
47307, 20789
47524, 20789
47910, 20789
48153, 20789
48353, 20789
48489, 20789
48614, 20789
48996, 20789
49088, 20789
49107, 20789
49392, 20789
49394, 20789
49616, 20789
49839, 20789
49897, 20789
49947, 20789
50176, 20789
50387, 20789
50559, 20789
51087, 20789
51091, 20789
51347, 20789
52067, 20789
52995, 20789
53001, 20789
53120, 20789
53177, 20789
53868, 20789
55005, 20789
55532, 20789
55844, 20789
56008, 20789
56222, 20789
57707, 20789
58230, 20789
58289, 20789
58834, 20789
24696, 20770
40546, 20770
45840, 20770
16993, 20750
19257, 20750
23721, 20750
24507, 20750
24702, 20750
25054, 20750
26403, 20750
26497, 20750
26666, 20750
27807, 20750
27913, 20750
28447, 20750
28495, 20750
28680, 20750
29714, 20750
30086, 20750
30115, 20750
30237, 20750
30582, 20750
31025, 20750
31214, 20750
31322, 20750
31836, 20750
30867, 20638
35256, 20638
26739, 20612
29139, 20612
29443, 20612
29555, 20612
32015, 20612
32159, 20612
33359, 20612
34217, 20612
35972, 20612
36434, 20612
36444, 20612
36554, 20612
37780, 20612
37918, 20612
38454, 20612
47295, 20612
48115, 20612
14023, 20599
25936, 20574
26395, 20574
28050, 20574
29653, 20574
29876, 20574
30280, 20574
33160, 20574
33390, 20574
34998, 20574
26762, 20572
39959, 20565
34353, 20517
39431, 20517
41465, 20517
41535, 20517
42443, 20517
42722, 20517
42911, 20517
43062, 20517
43658, 20517
44143, 20517
44338, 20517
44643, 20517
45076, 20517
45385, 20517
45471, 20517
45543, 20517
46086, 20517
46287, 20517
47446, 20517
48556, 20517
48663, 20517
48822, 20517
49245, 20517
49813, 20517
50045, 20517
50482, 20517
53585, 20517
54048, 20517
28260, 20479
34871, 20479
46324, 20444
47413, 20444
23179, 20443
33122, 20443
28681, 20428
31825, 20428
40414, 20377
42421, 20377
44708, 20377
45769, 20377
46416, 20377
47284, 20377
48295, 20377
48304, 20377
48753, 20377
49744, 20377
49984, 20377
50988, 20377
51264, 20377
53011, 20377
41943, 20375
45592, 20375
45948, 20375
46895, 20375
48336, 20375
52049, 20375
38101, 20364
44822, 20364
47819, 20364
40241, 20346
21319, 20329
22126, 20329
26452, 20329
28914, 20329
31834, 20329
32478, 20329
33971, 20329
37405, 20329
40000, 20329
40819, 20329
41695, 20329
42046, 20329
42638, 20329
42928, 20329
43449, 20329
43736, 20329
43757, 20329
44192, 20329
44690, 20329
44933, 20329
45530, 20329
45632, 20329
47419, 20329
48272, 20329
48465, 20329
49098, 20329
49177, 20329
49888, 20329
50845, 20329
50995, 20329
51851, 20329
52381, 20329
52384, 20329
52877, 20329
53241, 20329
54035, 20329
55233, 20329
55591, 20329
55675, 20329
281534, 20329
45265, 20328
36144, 20326
39862, 20326
43622, 20326
43891, 20326
47443, 20326
47832, 20326
47949, 20326
49484, 20326
49536, 20326
49602, 20326
49617, 20326
50401, 20326
52320, 20326
52585, 20326
52993, 20326
55764, 20326
33144, 20273
28558, 20262
29150, 20262
32475, 20262
37577, 20262
29954, 20233
34447, 20233
38692, 20230
31827, 20201
13770, 20176
29494, 20161
31777, 20161
32196, 20161
32623, 20161
37426, 20161
39831, 20161
42089, 20161
42642, 20161
43439, 20161
44703, 20161
45418, 20161
45587, 20161
45709, 20161
46496, 20161
46788, 20161
47681, 20161
48724, 20161
49528, 20161
50561, 20161
52237, 20161
41355, 20123
42968, 20091
44184, 20091
44381, 20091
46502, 20091
49922, 20091
51281, 20091
53579, 20091
54869, 20091
55201, 20091
33726, 19955
34044, 19939
30356, 19918
42081, 19918
49767, 19918
36470, 19913
37529, 19913
38307, 19913
40553, 19913
43415, 19913
43707, 19913
45141, 19913
45459, 19913
45746, 19913
47078, 19913
47729, 19913
47888, 19913
48313, 19913
49175, 19913
49686, 19913
51081, 19913
51376, 19913
53445, 19913
58399, 19913
38080, 19911
39788, 19911
37163, 19871
32718, 19855
34834, 19855
45296, 19855
52134, 19855
54150, 19855
11269, 19825
11579, 19825
11746, 19825
11897, 19825
12042, 19825
12427, 19825
12569, 19825
12785, 19825
12829, 19825
12946, 19825
12975, 19825
13057, 19825
13278, 19825
13419, 19825
13558, 19825
13743, 19825
14018, 19825
14020, 19825
14282, 19825
14421, 19825
15662, 19825
37901, 19789
41631, 19789
34281, 19766
40187, 19766
41017, 19766
41428, 19766
42311, 19766
40978, 19719
34822, 19687
30338, 19673
34129, 19673
37723, 19673
40202, 19673
35569, 19666
38609, 19666
40218, 19666
41326, 19666
41508, 19666
41858, 19666
43018, 19666
43276, 19666
43703, 19666
45412, 19666
46724, 19666
47498, 19666
48836, 19666
50037, 19666
50378, 19666
46299, 19660
32612, 19653
33343, 19653
33347, 19653
33762, 19653
34972, 19653
35092, 19653
35425, 19653
39731, 19653
40120, 19653
40455, 19653
41344, 19653
43432, 19653
36359, 19631
33575, 19618
37806, 19618
39185, 19618
41657, 19618
25290, 19606
25486, 19606
29359, 19606
31365, 19606
31423, 19606
32699, 19606
34468, 19606
34582, 19606
36758, 19606
36806, 19606
37897, 19606
38070, 19606
38292, 19606
38469, 19606
38544, 19606
39715, 19606
39784, 19606
39885, 19606
39939, 19606
40641, 19606
41567, 19606
41896, 19606
42417, 19606
42760, 19606
42802, 19606
43630, 19606
43763, 19606
43768, 19606
43853, 19606
44052, 19606
44123, 19606
44199, 19606
44455, 19606
44628, 19606
44893, 19606
45853, 19606
45919, 19606
46371, 19606
46399, 19606
47485, 19606
48071, 19606
48104, 19606
48750, 19606
50333, 19606
50563, 19606
50676, 19606
24144, 19567
39635, 19552
41033, 19552
33955, 19462
10782, 19367
10978, 19367
11332, 19367
11675, 19367
12130, 19367
13011, 19367
7919, 19316
8091, 19316
8584, 19316
8751, 19316
8843, 19316
9750, 19316
9950, 19316
10074, 19316
10090, 19316
10257, 19316
10261, 19316
10342, 19316
10633, 19316
10704, 19316
10727, 19316
13489, 19316
20487, 19178
22471, 18613
10383, 18589
5917, 18585
7004, 18585
7908, 18585
8182, 18585
8296, 18585
9354, 18585
10043, 18585
19374, 18379
21130, 18379
22262, 18379
18357, 17574
21068, 17574
10829, 17377
91467, 16236
27966, 15144
30289, 15144
249162, 15042
24657, 12785
26353, 12785
27197, 12785
27609, 12785
32161, 12785
97487, 9387
20243, 9201
25988, 9201
27901, 9201
28169, 9201
28338, 9201
28428, 9201
222266, 8752
10660, 8575
9854, 8547
108082, 8404
255801, 8197
97032, 7993
240729, 7380
343, 7203
681, 6805
1294, 6805
119789, 6712
288820, 6712
19709, 6701
16184, 6678
23000, 6678
23058, 6678
23854, 6678
24380, 6678
240156, 6333
154741, 6280
82820, 6006
134715, 6006
159593, 6006
162674, 6006
203707, 6006
221645, 6006
230947, 6006
265566, 6006
282290, 6006
289737, 6006
55396, 5987
71655, 5987
214748, 5987
233722, 5987
249308, 5987
263799, 5987
278884, 5987
122115, 5978
210733, 5978
278406, 5978
824, 5611
1793, 5611
1820, 5611
2426, 5611
230812, 5580
245677, 5580
256144, 5580
261717, 5580
277059, 5580
119572, 5550
105601, 5510
150502, 5510
3790, 5505
1690, 5429
3265, 5296
53408, 5296
112437, 5296
122922, 5296
148381, 5296
227613, 5296
273152, 5296
640, 5264
189205, 5210
197251, 5210
93322, 5169
185224, 5158
278498, 5158
65077, 5155
145411, 5155
259321, 5155
289456, 5155
228058, 5139
83279, 5131
278120, 5099
285, 5097
659, 5097
714, 5097
991, 5097
2269, 5097
2594, 5097
10192, 5097
52454, 5097
52554, 5097
52679, 5097
54331, 5097
61708, 5097
65648, 5097
73602, 5097
78081, 5097
79592, 5097
88131, 5097
90141, 5097
90664, 5097
94685, 5097
99742, 5097
99895, 5097
99909, 5097
100222, 5097
100871, 5097
106467, 5097
107250, 5097
112498, 5097
115137, 5097
116090, 5097
116549, 5097
124757, 5097
129820, 5097
130139, 5097
135158, 5097
137743, 5097
138639, 5097
139058, 5097
142056, 5097
142387, 5097
143756, 5097
145495, 5097
147768, 5097
150385, 5097
151726, 5097
158737, 5097
160660, 5097
161309, 5097
161452, 5097
161474, 5097
163475, 5097
165165, 5097
169029, 5097
170248, 5097
171418, 5097
172977, 5097
173656, 5097
174981, 5097
178197, 5097
179236, 5097
185695, 5097
186937, 5097
189483, 5097
189775, 5097
190135, 5097
190159, 5097
193245, 5097
194871, 5097
194906, 5097
196220, 5097
198858, 5097
199922, 5097
200783, 5097
202589, 5097
205484, 5097
205810, 5097
206307, 5097
208109, 5097
208967, 5097
210688, 5097
211507, 5097
212473, 5097
212878, 5097
213756, 5097
215307, 5097
217417, 5097
217501, 5097
220598, 5097
220806, 5097
221906, 5097
222029, 5097
222939, 5097
223374, 5097
224479, 5097
225383, 5097
226880, 5097
229252, 5097
229467, 5097
234319, 5097
236719, 5097
237154, 5097
237557, 5097
237637, 5097
238721, 5097
238920, 5097
239441, 5097
244265, 5097
244445, 5097
247897, 5097
251714, 5097
256317, 5097
258921, 5097
262434, 5097
265440, 5097
273728, 5097
273734, 5097
279182, 5097
279819, 5097
280318, 5097
283228, 5097
286516, 5097
291220, 5097
292242, 5097
296366, 5097
198107, 5091
216279, 5091
225693, 5087
206910, 5058
214629, 5058
218952, 5058
255258, 5058
269660, 5058
163292, 4975
225463, 4957
102890, 4940
47210, 4905
116677, 4737
985, 4555
1376, 4555
1717, 4555
1827, 4555
2050, 4555
2442, 4555
2451, 4555
2630, 4555
2874, 4555
2910, 4555
3097, 4555
3107, 4555
3171, 4555
3288, 4555
3295, 4555
3439, 4555
3508, 4555
3540, 4555
3565, 4555
3738, 4555
3749, 4555
3783, 4555
3872, 4555
3935, 4555
3959, 4555
4059, 4555
4158, 4555
4233, 4555
4260, 4555
4317, 4555
4345, 4555
4353, 4555
4436, 4555
4522, 4555
4556, 4555
4557, 4555
4562, 4555
4611, 4555
4614, 4555
4636, 4555
4639, 4555
4654, 4555
4706, 4555
4736, 4555
4771, 4555
4865, 4555
4914, 4555
4922, 4555
4932, 4555
4980, 4555
5042, 4555
5089, 4555
5114, 4555
5132, 4555
5135, 4555
5212, 4555
5240, 4555
2718, 4502
2840, 4502
4411, 4502
1779, 4387
84980, 4334
194797, 4334
257814, 4334
140255, 4321
152900, 4321
201794, 4321
220736, 4321
217377, 4204
62246, 4099
64263, 4099
139494, 4099
261278, 4099
169569, 2708
26752, 2528
13378, 2294
31402, 1449
35240, 1449
