985, 119412
1376, 119412
1717, 119412
1827, 119412
2050, 119412
2442, 119412
2451, 119412
2630, 119412
2874, 119412
2910, 119412
3097, 119412
3107, 119412
3171, 119412
3288, 119412
3295, 119412
3439, 119412
3508, 119412
3540, 119412
3565, 119412
3738, 119412
3749, 119412
3783, 119412
3872, 119412
3935, 119412
3959, 119412
4059, 119412
4158, 119412
4233, 119412
4260, 119412
4317, 119412
4345, 119412
4353, 119412
4436, 119412
4522, 119412
4556, 119412
4557, 119412
4562, 119412
4611, 119412
4614, 119412
4636, 119412
4639, 119412
4654, 119412
4706, 119412
4736, 119412
4771, 119412
4865, 119412
4914, 119412
4922, 119412
4932, 119412
4980, 119412
5042, 119412
5089, 119412
5114, 119412
5132, 119412
5135, 119412
5212, 119412
5240, 119412
2718, 117534
2840, 117534
4411, 117534
1779, 111504
824, 104809
1793, 104809
1820, 104809
2426, 104809
1690, 79724
47907, 79720
67440, 79720
68869, 79720
70334, 79720
138618, 79720
260159, 79720
681, 77008
1294, 77008
114657, 74613
196799, 74613
217270, 74613
292191, 74613
42300, 73686
50289, 73686
54800, 73686
55506, 73686
69256, 73686
100297, 73686
101099, 73686
105778, 73686
108820, 73686
116095, 73686
120350, 73686
127816, 73686
132335, 73686
132473, 73686
145184, 73686
153556, 73686
168074, 73686
171107, 73686
175120, 73686
185872, 73686
192856, 73686
200796, 73686
205410, 73686
225422, 73686
225606, 73686
227349, 73686
235861, 73686
246576, 73686
268958, 73686
282976, 73686
283051, 73686
289827, 73686
295047, 73686
147133, 73274
134860, 70997
343, 69033
265761, 65534
99016, 64529
123867, 64529
139743, 64529
150466, 64529
200694, 64529
46041, 64354
143517, 64354
207149, 64354
259155, 64354
2056, 63769
120139, 61552
175168, 61552
223188, 61552
266392, 61552
3599, 60988
1156, 60717
290836, 59467
4830, 58110
7949, 55447
9292, 55447
9982, 55447
11322, 55447
9102, 55155
5544, 54548
7988, 54251
35569, 53929
38609, 53929
40218, 53929
41326, 53929
41508, 53929
41858, 53929
43018, 53929
43276, 53929
43703, 53929
45412, 53929
46724, 53929
47498, 53929
48836, 53929
50037, 53929
50378, 53929
44171, 53830
45560, 53830
48077, 53830
48472, 53830
52122, 53830
197936, 53777
5429, 53558
5970, 53558
6059, 53558
6246, 53558
8670, 52821
13803, 52821
13939, 52821
14230, 52821
14289, 52821
14557, 52821
14590, 52821
14667, 52821
15126, 52821
15444, 52821
15446, 52821
15580, 52821
15774, 52821
15872, 52821
15885, 52821
16066, 52821
16259, 52821
16276, 52821
16343, 52821
16589, 52821
16656, 52821
16758, 52821
17043, 52821
7631, 52663
10643, 52525
11807, 52525
13409, 52525
36470, 52361
37529, 52361
38307, 52361
40553, 52361
43415, 52361
43707, 52361
45141, 52361
45459, 52361
45746, 52361
47078, 52361
47729, 52361
47888, 52361
48313, 52361
49175, 52361
49686, 52361
51081, 52361
51376, 52361
53445, 52361
58399, 52361
10762, 52338
13141, 52338
14191, 52338
14459, 52338
14621, 52338
15040, 52338
32718, 52311
34834, 52311
37163, 52311
45296, 52311
52134, 52311
54150, 52311
48988, 52275
24696, 52274
40546, 52274
45840, 52274
15262, 52216
34733, 52216
36684, 52216
37401, 52216
37539, 52216
38060, 52216
39735, 52216
40071, 52216
40633, 52216
40649, 52216
40763, 52216
40880, 52216
41274, 52216
41432, 52216
41462, 52216
41716, 52216
41906, 52216
42781, 52216
43160, 52216
43772, 52216
44370, 52216
44773, 52216
45033, 52216
45865, 52216
46179, 52216
46482, 52216
46613, 52216
47013, 52216
47307, 52216
47524, 52216
47910, 52216
48153, 52216
48353, 52216
48489, 52216
48614, 52216
48996, 52216
49088, 52216
49107, 52216
49392, 52216
49394, 52216
49616, 52216
49839, 52216
49897, 52216
49947, 52216
50176, 52216
50387, 52216
50559, 52216
51087, 52216
51091, 52216
51347, 52216
52067, 52216
52995, 52216
53001, 52216
53120, 52216
53177, 52216
53868, 52216
55005, 52216
55532, 52216
55844, 52216
56008, 52216
56222, 52216
57707, 52216
58230, 52216
58289, 52216
58834, 52216
3466, 52006
13271, 51706
13985, 51706
14137, 51706
14969, 51706
15805, 51706
15502, 51532
16935, 51532
16948, 51532
1518, 50874
8273, 50800
8931, 50800
9377, 50800
11782, 50800
11366, 50780
11403, 50780
12190, 50558
14571, 50558
15366, 50558
15804, 50558
15980, 50558
16492, 50558
16516, 50558
16553, 50558
16906, 50558
17156, 50558
17177, 50558
19217, 50558
20696, 50558
6423, 50481
20249, 50419
3517, 50389
2596, 50379
16053, 49881
17170, 49881
17589, 49881
18567, 49881
18577, 49881
18583, 49881
18666, 49881
18698, 49881
18710, 49881
18786, 49881
19061, 49881
19690, 49881
19748, 49881
20014, 49881
20282, 49881
20382, 49881
20434, 49881
20662, 49881
21226, 49881
22053, 49881
15656, 49871
42968, 49868
44184, 49868
44381, 49868
46502, 49868
49922, 49868
51281, 49868
53579, 49868
54869, 49868
55201, 49868
40414, 49811
42421, 49811
44708, 49811
45769, 49811
46416, 49811
47284, 49811
48295, 49811
48304, 49811
48753, 49811
49744, 49811
49984, 49811
50988, 49811
51264, 49811
53011, 49811
41943, 49776
45592, 49776
45948, 49776
46895, 49776
48336, 49776
52049, 49776
25936, 49756
26395, 49756
28050, 49756
29653, 49756
29876, 49756
30280, 49756
33160, 49756
33390, 49756
34998, 49756
5909, 49729
34353, 49681
39431, 49681
41465, 49681
41535, 49681
42443, 49681
42722, 49681
42911, 49681
43062, 49681
43658, 49681
44143, 49681
44338, 49681
44643, 49681
45076, 49681
45385, 49681
45471, 49681
45543, 49681
46086, 49681
46287, 49681
47446, 49681
48556, 49681
48663, 49681
48822, 49681
49245, 49681
49813, 49681
50045, 49681
50482, 49681
53585, 49681
54048, 49681
38101, 49669
44822, 49669
47819, 49669
5183, 49619
46324, 49610
47413, 49610
15384, 49576
14386, 49549
16533, 49492
16996, 49492
18287, 49492
19279, 49492
20171, 49492
20998, 49492
21086, 49492
22839, 49492
28260, 49482
34871, 49482
23179, 49403
33122, 49403
28681, 49347
40241, 49029
2170, 48971
36167, 48591
24073, 48478
24225, 48478
25976, 48478
27079, 48478
27092, 48478
29312, 48478
29600, 48478
29643, 48478
29743, 48478
30018, 48478
30214, 48478
30297, 48478
30466, 48478
30581, 48478
30704, 48478
31159, 48478
31191, 48478
31257, 48478
31469, 48478
31774, 48478
32022, 48478
32068, 48478
32139, 48478
32455, 48478
32493, 48478
33591, 48478
34019, 48478
34153, 48478
34171, 48478
34230, 48478
34233, 48478
34523, 48478
34540, 48478
35046, 48478
35095, 48478
35135, 48478
35285, 48478
35547, 48478
35656, 48478
36009, 48478
36091, 48478
36124, 48478
37383, 48478
37975, 48478
38043, 48478
38446, 48478
14307, 48459
23109, 48459
23861, 48459
24862, 48459
25200, 48459
25760, 48459
26368, 48459
26651, 48459
26901, 48459
26913, 48459
27193, 48459
27340, 48459
28018, 48459
28909, 48459
28958, 48459
28975, 48459
29004, 48459
29007, 48459
29065, 48459
30959, 48459
31264, 48459
21460, 48401
22880, 48401
23775, 48401
24193, 48401
24655, 48401
24740, 48401
25480, 48401
25593, 48401
26549, 48401
26708, 48401
27120, 48401
27142, 48401
27342, 48401
28060, 48401
28349, 48401
29375, 48401
30073, 48401
31374, 48401
32511, 48401
28558, 48350
29150, 48350
32475, 48350
37577, 48350
22806, 48259
11899, 48257
29954, 48179
34447, 48179
38692, 48162
15161, 48155
17309, 48155
18552, 48155
19247, 48155
20256, 48155
20482, 48155
20964, 48155
21104, 48155
21190, 48155
21585, 48155
21657, 48155
21782, 48155
21816, 48155
21986, 48155
22618, 48155
22807, 48155
22821, 48155
22907, 48155
22914, 48155
22982, 48155
23035, 48155
23130, 48155
23598, 48155
23852, 48155
24451, 48155
24538, 48155
24610, 48155
26190, 48155
26501, 48155
26639, 48155
32821, 48155
53475, 48155
18322, 48030
19792, 48030
20119, 48030
20717, 48030
23738, 48030
25015, 48030
25638, 48030
26877, 48030
27876, 48030
14040, 48024
15461, 48024
21319, 47915
22126, 47915
26452, 47915
28914, 47915
31834, 47915
32478, 47915
33971, 47915
37405, 47915
40000, 47915
40819, 47915
41695, 47915
42046, 47915
42638, 47915
42928, 47915
43449, 47915
43736, 47915
43757, 47915
44192, 47915
44690, 47915
44933, 47915
45530, 47915
45632, 47915
47419, 47915
48272, 47915
48465, 47915
49098, 47915
49177, 47915
49888, 47915
50845, 47915
50995, 47915
51851, 47915
52381, 47915
52384, 47915
52877, 47915
53241, 47915
54035, 47915
55233, 47915
55591, 47915
55675, 47915
281534, 47915
36144, 47912
39862, 47912
43622, 47912
43891, 47912
47443, 47912
47832, 47912
47949, 47912
49484, 47912
49536, 47912
49602, 47912
49617, 47912
50401, 47912
52320, 47912
52585, 47912
52993, 47912
55764, 47912
14023, 47867
25453, 47644
27115, 47644
29896, 47644
30347, 47644
30392, 47644
30635, 47644
30898, 47644
31286, 47644
31474, 47644
32626, 47644
33341, 47644
33466, 47644
35450, 47644
14316, 47546
16194, 47546
17055, 47546
18470, 47546
18511, 47546
19867, 47546
20436, 47546
20530, 47546
20745, 47546
20860, 47546
21066, 47546
21431, 47546
22012, 47546
22098, 47546
22183, 47546
23641, 47546
23732, 47546
24008, 47546
24120, 47546
24741, 47546
24922, 47546
25243, 47546
25460, 47546
25508, 47546
25604, 47546
26468, 47546
27509, 47546
27611, 47546
27999, 47546
28193, 47546
29080, 47546
34268, 47546
24946, 47467
32183, 47467
32793, 47413
31907, 47280
17145, 47179
17807, 47179
45265, 47049
30063, 46965
14686, 46956
15145, 46956
18229, 46886
19450, 46886
257358, 46886
16993, 46777
19257, 46777
23721, 46777
24507, 46777
24702, 46777
25054, 46777
26403, 46777
26497, 46777
26666, 46777
27807, 46777
27913, 46777
28447, 46777
28495, 46777
28680, 46777
29714, 46777
30086, 46777
30115, 46777
30237, 46777
30582, 46777
31025, 46777
31214, 46777
31322, 46777
31836, 46777
24144, 46746
19077, 46726
22079, 46726
23079, 46726
24444, 46726
25057, 46726
25612, 46726
12616, 46623
16337, 46623
18973, 46623
21191, 46623
21601, 46623
21726, 46623
21758, 46623
22808, 46623
22636, 46581
24419, 46581
30110, 46397
33494, 46397
35328, 46397
35816, 46397
36325, 46397
37457, 46397
37596, 46397
37876, 46397
43978, 46397
44920, 46397
11269, 46372
11579, 46372
11746, 46372
11897, 46372
12042, 46372
12427, 46372
12569, 46372
12785, 46372
12829, 46372
12946, 46372
12975, 46372
13057, 46372
13278, 46372
13419, 46372
13558, 46372
13743, 46372
14018, 46372
14020, 46372
14282, 46372
14421, 46372
15662, 46372
33629, 46219
33639, 46219
34202, 46219
34406, 46219
35058, 46219
35278, 46219
37081, 46219
37103, 46219
37532, 46219
37681, 46219
37740, 46219
38321, 46219
38656, 46219
39450, 46219
39859, 46219
40707, 46219
40779, 46219
40833, 46219
41044, 46219
41437, 46219
41613, 46219
43092, 46219
43594, 46219
44083, 46219
44888, 46219
45942, 46219
46375, 46219
208589, 46150
15318, 45843
18950, 45843
19713, 45843
32420, 45841
36764, 45841
37645, 45841
38242, 45841
38854, 45841
39141, 45841
40166, 45841
41493, 45841
42523, 45841
43867, 45841
43898, 45841
43964, 45841
44177, 45841
46066, 45841
46363, 45841
48311, 45841
48696, 45841
49406, 45841
49987, 45841
50153, 45841
50428, 45841
50813, 45841
30867, 45820
35256, 45820
26739, 45813
29139, 45813
29443, 45813
29555, 45813
32015, 45813
32159, 45813
33359, 45813
34217, 45813
35972, 45813
36434, 45813
36444, 45813
36554, 45813
37780, 45813
37918, 45813
38454, 45813
47295, 45813
48115, 45813
37232, 45808
37847, 45808
38962, 45808
39509, 45808
39981, 45808
40966, 45808
33144, 45657
29494, 45490
31777, 45490
32196, 45490
32623, 45490
37426, 45490
39831, 45490
42089, 45490
42642, 45490
43439, 45490
44703, 45490
45418, 45490
45587, 45490
45709, 45490
46496, 45490
46788, 45490
47681, 45490
48724, 45490
49528, 45490
50561, 45490
52237, 45490
31827, 45471
31825, 45433
41355, 45301
34822, 44914
39533, 44910
8932, 44781
25290, 44730
25486, 44730
29359, 44730
31365, 44730
31423, 44730
32699, 44730
34468, 44730
34582, 44730
36758, 44730
36806, 44730
37897, 44730
38070, 44730
38292, 44730
38469, 44730
38544, 44730
39715, 44730
39784, 44730
39885, 44730
39939, 44730
40641, 44730
41567, 44730
41896, 44730
42417, 44730
42760, 44730
42802, 44730
43630, 44730
43763, 44730
43768, 44730
43853, 44730
44052, 44730
44123, 44730
44199, 44730
44455, 44730
44628, 44730
44893, 44730
45853, 44730
45919, 44730
46371, 44730
46399, 44730
47485, 44730
48071, 44730
48104, 44730
48750, 44730
50333, 44730
50563, 44730
50676, 44730
16789, 44702
33575, 44649
37806, 44649
39185, 44649
41657, 44649
34281, 44579
40187, 44579
41017, 44579
41428, 44579
42311, 44579
10782, 44288
10978, 44288
11332, 44288
11675, 44288
12130, 44288
13011, 44288
46299, 44242
40978, 44109
32612, 43915
33343, 43915
33347, 43915
33762, 43915
34972, 43915
35092, 43915
35425, 43915
39731, 43915
40120, 43915
40455, 43915
41344, 43915
43432, 43915
33955, 43845
30338, 43835
34129, 43835
37723, 43835
40202, 43835
7919, 43796
8091, 43796
8584, 43796
8751, 43796
8843, 43796
9750, 43796
9950, 43796
10074, 43796
10090, 43796
10257, 43796
10261, 43796
10342, 43796
10633, 43796
10704, 43796
10727, 43796
13489, 43796
33726, 43681
34044, 43631
18357, 43571
21068, 43571
38080, 43479
39788, 43479
30356, 43379
42081, 43379
49767, 43379
39635, 43299
41033, 43299
26762, 42977
20487, 42804
39959, 42729
37901, 42701
41631, 42701
13770, 42619
22471, 42348
36359, 42294
10383, 40963
5917, 40459
7004, 40459
7908, 40459
8182, 40459
8296, 40459
9354, 40459
10043, 40459
19374, 39444
21130, 39444
22262, 39444
249162, 37977
27966, 33455
30289, 33455
10829, 32660
262845, 32432
9843, 32110
12469, 32110
115817, 32110
123913, 32110
136515, 32110
144992, 32110
153738, 32110
178199, 32110
212197, 32110
238091, 32110
272753, 32110
276055, 32110
178558, 31933
184202, 31933
74656, 31350
269998, 31350
4305, 30189
6431, 30189
10646, 30189
37097, 30189
46847, 30189
47458, 30189
54057, 30189
55425, 30189
58163, 30189
65472, 30189
99508, 30189
110863, 30189
112802, 30189
24852, 30117
32382, 30117
81813, 30117
151326, 30117
179959, 30117
187813, 30117
196677, 30117
204884, 30117
207998, 30117
208011, 30117
219929, 30117
223388, 30117
229014, 30117
235679, 30117
240091, 30117
248924, 30117
251779, 30117
260568, 30117
292037, 30117
296057, 30117
13094, 29991
49108, 29556
130430, 29556
46740, 29406
48697, 29406
68295, 29406
78200, 29406
92518, 29406
92793, 29406
93907, 29406
95112, 29406
113598, 29406
113887, 29406
158261, 29406
31400, 29301
104372, 29301
197422, 29301
278931, 29301
62461, 29295
97897, 29295
198762, 29254
6189, 29250
7638, 29250
10013, 29250
15354, 29250
16804, 29250
22515, 29250
23697, 29250
24526, 29250
26196, 29250
37729, 29250
37944, 29250
41860, 29250
47265, 29250
48228, 29250
49601, 29250
50562, 29250
52025, 29250
52592, 29250
54003, 29250
54229, 29250
60445, 29250
62871, 29250
64055, 29250
64681, 29250
70201, 29250
70328, 29250
79651, 29250
84053, 29250
92280, 29250
95524, 29250
99941, 29250
103220, 29250
104399, 29250
107978, 29250
109071, 29250
110022, 29250
110954, 29250
114404, 29250
114536, 29250
116587, 29250
117636, 29250
119700, 29250
119811, 29250
121204, 29250
121530, 29250
124234, 29250
124963, 29250
126896, 29250
129040, 29250
129251, 29250
129560, 29250
135019, 29250
138429, 29250
138577, 29250
142354, 29250
144263, 29250
144534, 29250
147839, 29250
148462, 29250
152756, 29250
153284, 29250
154367, 29250
155329, 29250
159307, 29250
160566, 29250
160874, 29250
163986, 29250
165147, 29250
166058, 29250
166321, 29250
169947, 29250
177607, 29250
184952, 29250
184969, 29250
189705, 29250
194615, 29250
196160, 29250
200022, 29250
202892, 29250
208143, 29250
208654, 29250
208959, 29250
211415, 29250
212416, 29250
212995, 29250
213377, 29250
214404, 29250
216539, 29250
218293, 29250
225388, 29250
228223, 29250
236378, 29250
236398, 29250
237000, 29250
238350, 29250
240362, 29250
240918, 29250
243336, 29250
243767, 29250
243820, 29250
245603, 29250
248213, 29250
248894, 29250
255463, 29250
255593, 29250
256954, 29250
261696, 29250
263266, 29250
264026, 29250
266246, 29250
267497, 29250
268124, 29250
269617, 29250
270151, 29250
272045, 29250
272187, 29250
273892, 29250
274461, 29250
280022, 29250
281539, 29250
286895, 29250
287446, 29250
287798, 29250
287940, 29250
287964, 29250
289604, 29250
290789, 29250
3402, 29229
6218, 29229
9046, 29229
16802, 29229
23043, 29229
33232, 29229
36818, 29229
41652, 29229
47915, 29229
51549, 29229
66478, 29229
66634, 29229
69801, 29229
78648, 29229
83798, 29229
90833, 29229
98692, 29229
102094, 29229
105309, 29229
113453, 29229
118348, 29229
118533, 29229
119075, 29229
127903, 29229
127960, 29229
128615, 29229
149885, 29229
150110, 29229
152477, 29229
177182, 29229
185471, 29229
196653, 29229
200062, 29229
202972, 29229
212565, 29229
212627, 29229
239245, 29229
252603, 29229
254786, 29229
259311, 29229
267421, 29229
269136, 29229
269144, 29229
269392, 29229
272850, 29229
274778, 29229
280573, 29229
4587, 28916
11218, 28916
13172, 28916
17251, 28916
25671, 28916
47517, 28916
49856, 28916
53558, 28916
55117, 28916
72056, 28916
74875, 28916
79602, 28916
86969, 28916
87269, 28916
89117, 28916
90742, 28916
92844, 28916
95040, 28916
95231, 28916
96475, 28916
99769, 28916
105842, 28916
106501, 28916
112534, 28916
115924, 28916
122411, 28916
123275, 28916
124551, 28916
126898, 28916
127136, 28916
127771, 28916
129166, 28916
129331, 28916
140052, 28916
140551, 28916
144005, 28916
144239, 28916
154905, 28916
158822, 28916
159365, 28916
167731, 28916
168512, 28916
170740, 28916
173761, 28916
177651, 28916
180992, 28916
183648, 28916
185805, 28916
188019, 28916
188311, 28916
188391, 28916
190957, 28916
193741, 28916
194044, 28916
195288, 28916
198514, 28916
204659, 28916
205371, 28916
207800, 28916
209708, 28916
212840, 28916
213020, 28916
218275, 28916
221018, 28916
232020, 28916
238848, 28916
250901, 28916
261334, 28916
262691, 28916
264088, 28916
268978, 28916
269007, 28916
271926, 28916
277896, 28916
294086, 28916
8264, 28654
20829, 28654
30203, 28654
51361, 28654
54844, 28654
55033, 28654
63233, 28654
70773, 28654
72296, 28654
74861, 28654
85463, 28654
92130, 28654
112138, 28654
126005, 28654
134477, 28654
136796, 28654
138213, 28654
151330, 28654
155191, 28654
180274, 28654
211954, 28654
213913, 28654
221021, 28654
236529, 28654
24657, 28557
26353, 28557
27197, 28557
27609, 28557
32161, 28557
5298, 28276
6226, 28276
21806, 28276
33657, 28276
42444, 28276
48590, 28276
66736, 28276
69300, 28276
71383, 28276
73431, 28276
78125, 28276
82417, 28276
99464, 28276
122496, 28276
170483, 27773
6083, 27577
10786, 27502
3010, 27350
14234, 27350
22778, 27318
23215, 27318
23413, 27318
28068, 27318
30764, 27318
31629, 27318
35491, 27318
37308, 27318
39879, 27318
41085, 27318
44064, 27318
47454, 27318
51397, 27318
56939, 27318
59583, 27318
181798, 27318
15188, 27218
20124, 27218
17637, 27174
21559, 27174
22723, 27174
24283, 27174
27067, 27174
69708, 27174
204167, 27174
222194, 27174
230022, 27174
262615, 27174
71568, 27173
8133, 26755
8095, 26736
14185, 26736
18996, 26736
43045, 26736
43807, 26736
44997, 26736
48154, 26736
54282, 26736
66097, 26736
69739, 26736
78258, 26736
88294, 26736
93018, 26736
103935, 26736
106840, 26736
112522, 26736
115046, 26736
117464, 26736
119976, 26736
137441, 26736
150829, 26736
182155, 26736
193473, 26736
200393, 26736
221139, 26736
226647, 26736
249099, 26736
259951, 26736
81481, 26690
2655, 26578
171595, 26522
232823, 26522
39778, 26519
50087, 26519
52106, 26519
55739, 26519
62538, 26519
66401, 26519
75998, 26519
85615, 26519
92698, 26519
95064, 26519
132161, 26519
138149, 26519
256425, 26519
137315, 26517
152999, 26517
185964, 26517
211143, 26517
231327, 26517
284616, 26517
252973, 26509
27432, 26476
27975, 26476
31035, 26476
38268, 26476
40790, 26476
43579, 26476
44938, 26476
47676, 26476
49542, 26476
54984, 26476
59261, 26476
62272, 26476
63948, 26476
68593, 26476
108718, 26476
7698, 26465
15852, 26419
33636, 26419
43339, 26419
76077, 26419
86451, 26411
12067, 26398
23319, 26398
23897, 26398
28831, 26398
63836, 26398
66535, 26398
85523, 26398
98473, 26398
109122, 26398
146325, 26398
148818, 26398
167781, 26398
47323, 26389
295772, 26380
14567, 26360
14755, 26360
15367, 26360
20040, 26360
30617, 26360
50862, 26360
267246, 26349
26948, 26344
28840, 26344
98591, 26344
103997, 26344
113483, 26344
161459, 26344
276679, 26341
123463, 26308
154358, 26308
203890, 26308
22372, 26272
31148, 26272
63974, 26272
188141, 26272
197180, 26272
221998, 26272
231342, 26272
246924, 26272
148819, 26270
66696, 26255
261313, 26204
37640, 25814
82136, 25814
170237, 25814
173843, 25814
257759, 25814
273854, 25814
288981, 25814
293041, 25814
212, 25739
15204, 25739
119527, 25739
243751, 25739
123057, 25695
34580, 25683
83278, 25683
105397, 25683
8765, 25655
18671, 25655
164851, 25655
165291, 25655
84562, 25628
24434, 25613
28627, 25613
39990, 25613
64457, 25613
64962, 25613
65082, 25613
86199, 25613
104958, 25613
188186, 25301
2893, 25191
127158, 25191
204968, 25191
113605, 25123
151439, 25123
182528, 25123
14892, 25032
101216, 25032
24473, 24984
8012, 24979
12746, 24979
12809, 24979
13021, 24979
13168, 24979
18630, 24979
47693, 24979
60436, 24979
102509, 24979
123559, 24979
127130, 24979
152546, 24979
155209, 24979
160658, 24979
163303, 24979
166335, 24979
187601, 24979
194962, 24979
196055, 24979
203949, 24979
212298, 24979
250590, 24979
253375, 24979
70191, 24977
124996, 24977
247681, 24977
113482, 24971
114108, 24971
133734, 24971
141930, 24971
150063, 24971
164301, 24971
170123, 24971
188904, 24971
201907, 24971
216255, 24971
243909, 24971
244332, 24971
250699, 24971
255105, 24971
267472, 24971
269491, 24971
283698, 24971
285845, 24971
296019, 24971
20827, 24966
35289, 24966
181089, 24966
96084, 24964
166984, 24964
174729, 24964
196044, 24964
200412, 24964
201736, 24964
231503, 24964
255816, 24964
292893, 24964
95404, 24949
96495, 24949
99129, 24949
105871, 24949
118806, 24949
134870, 24949
142419, 24949
150564, 24949
152705, 24949
172311, 24949
173868, 24949
201763, 24949
206606, 24949
208741, 24949
211006, 24949
222788, 24949
228653, 24949
229636, 24949
232405, 24949
233462, 24949
248785, 24949
249539, 24949
253800, 24949
255331, 24949
259245, 24949
268007, 24949
268400, 24949
269228, 24949
275371, 24949
276996, 24949
279646, 24949
282796, 24949
283346, 24949
284563, 24949
288337, 24949
290745, 24949
193104, 24918
200162, 24918
222326, 24918
223791, 24918
245258, 24918
277142, 24918
285144, 24918
172865, 24904
121970, 24903
148412, 24903
152204, 24903
162358, 24903
179280, 24903
235784, 24903
246226, 24903
276358, 24903
290288, 24903
294876, 24903
126917, 24894
133092, 24894
142661, 24894
156569, 24894
160859, 24894
162508, 24894
164514, 24894
176249, 24894
178996, 24894
183417, 24894
191916, 24894
211297, 24894
229731, 24894
231613, 24894
252827, 24894
254710, 24894
258267, 24894
281275, 24894
288705, 24894
293833, 24894
54310, 24857
179632, 24852
188623, 24852
64524, 24851
216397, 24689
261340, 24689
283797, 24689
227566, 24677
152882, 24671
206511, 24671
208184, 24671
286881, 24671
79894, 24666
97140, 24666
103017, 24666
106026, 24666
109792, 24666
115672, 24666
119086, 24666
124629, 24666
127237, 24666
130387, 24666
132340, 24666
135269, 24666
136163, 24666
136907, 24666
140504, 24666
140937, 24666
142384, 24666
145980, 24666
146076, 24666
146713, 24666
146998, 24666
150409, 24666
150785, 24666
150898, 24666
151408, 24666
152384, 24666
156575, 24666
156678, 24666
157062, 24666
158349, 24666
160977, 24666
162065, 24666
165471, 24666
166905, 24666
168261, 24666
169003, 24666
173829, 24666
175386, 24666
177309, 24666
179405, 24666
179671, 24666
180149, 24666
181135, 24666
182008, 24666
183212, 24666
183988, 24666
186016, 24666
186345, 24666
186587, 24666
187138, 24666
188261, 24666
188485, 24666
188850, 24666
188926, 24666
189623, 24666
190872, 24666
191147, 24666
191306, 24666
191635, 24666
192412, 24666
194838, 24666
194974, 24666
195294, 24666
195423, 24666
195856, 24666
197430, 24666
198129, 24666
198578, 24666
198585, 24666
198645, 24666
199386, 24666
199600, 24666
202730, 24666
203045, 24666
203610, 24666
205215, 24666
206634, 24666
206773, 24666
206798, 24666
207086, 24666
207194, 24666
207737, 24666
208948, 24666
209158, 24666
209184, 24666
209866, 24666
210290, 24666
213716, 24666
213911, 24666
214751, 24666
215497, 24666
216040, 24666
217419, 24666
218173, 24666
219641, 24666
220155, 24666
221609, 24666
223512, 24666
223624, 24666
224848, 24666
226755, 24666
227712, 24666
227762, 24666
227795, 24666
229311, 24666
230348, 24666
230470, 24666
231837, 24666
232366, 24666
238536, 24666
238717, 24666
239065, 24666
240097, 24666
240206, 24666
240814, 24666
241980, 24666
242291, 24666
242342, 24666
243162, 24666
243168, 24666
243170, 24666
243262, 24666
246087, 24666
246189, 24666
247690, 24666
248872, 24666
250139, 24666
253121, 24666
255016, 24666
255478, 24666
256016, 24666
256167, 24666
256583, 24666
256818, 24666
257724, 24666
257733, 24666
258130, 24666
258691, 24666
259040, 24666
259061, 24666
260368, 24666
260633, 24666
260708, 24666
261393, 24666
261473, 24666
261496, 24666
262879, 24666
263236, 24666
263238, 24666
264692, 24666
264714, 24666
265481, 24666
266635, 24666
267983, 24666
269614, 24666
270366, 24666
270615, 24666
271498, 24666
272121, 24666
272271, 24666
272456, 24666
273844, 24666
274211, 24666
274376, 24666
275470, 24666
277203, 24666
277303, 24666
278490, 24666
278689, 24666
278833, 24666
279122, 24666
282168, 24666
282890, 24666
283370, 24666
283691, 24666
284449, 24666
285191, 24666
285500, 24666
285886, 24666
286083, 24666
287759, 24666
288374, 24666
288704, 24666
288917, 24666
289801, 24666
289949, 24666
290179, 24666
290607, 24666
290717, 24666
292106, 24666
293371, 24666
293513, 24666
294120, 24666
294901, 24666
296587, 24666
274361, 24623
2713, 24593
111889, 24593
114423, 24593
114434, 24593
118071, 24593
118315, 24593
118877, 24593
118949, 24593
120679, 24593
121102, 24593
122447, 24593
125021, 24593
128303, 24593
129861, 24593
130698, 24593
131461, 24593
131497, 24593
133203, 24593
133447, 24593
134998, 24593
135155, 24593
135777, 24593
136241, 24593
136720, 24593
137624, 24593
137805, 24593
138153, 24593
140134, 24593
140214, 24593
141159, 24593
141753, 24593
141817, 24593
141960, 24593
142084, 24593
143080, 24593
143107, 24593
143678, 24593
143876, 24593
144210, 24593
144618, 24593
145686, 24593
145734, 24593
145973, 24593
146670, 24593
147678, 24593
147879, 24593
147987, 24593
148007, 24593
148012, 24593
148627, 24593
149603, 24593
149946, 24593
150081, 24593
150183, 24593
150266, 24593
150608, 24593
150717, 24593
151949, 24593
151966, 24593
152975, 24593
153227, 24593
153593, 24593
153611, 24593
153638, 24593
153929, 24593
154053, 24593
154308, 24593
154755, 24593
154810, 24593
154844, 24593
155246, 24593
155665, 24593
155827, 24593
156677, 24593
156703, 24593
156861, 24593
157249, 24593
157451, 24593
157553, 24593
157591, 24593
157694, 24593
157866, 24593
158414, 24593
159075, 24593
160492, 24593
160742, 24593
161139, 24593
162166, 24593
162360, 24593
162591, 24593
162631, 24593
163330, 24593
163591, 24593
164659, 24593
164837, 24593
165520, 24593
165902, 24593
165965, 24593
166182, 24593
166722, 24593
167120, 24593
167599, 24593
167958, 24593
168096, 24593
168348, 24593
169976, 24593
170009, 24593
170011, 24593
170193, 24593
170235, 24593
171266, 24593
172057, 24593
172305, 24593
172500, 24593
173260, 24593
173572, 24593
173621, 24593
173774, 24593
174121, 24593
174186, 24593
175014, 24593
175430, 24593
175896, 24593
176782, 24593
177155, 24593
177257, 24593
178330, 24593
178659, 24593
179057, 24593
179143, 24593
179227, 24593
179305, 24593
180083, 24593
180219, 24593
180449, 24593
180589, 24593
181159, 24593
181272, 24593
181867, 24593
183489, 24593
183607, 24593
183637, 24593
183696, 24593
184967, 24593
185552, 24593
185917, 24593
186162, 24593
186571, 24593
186628, 24593
187353, 24593
187655, 24593
188463, 24593
188574, 24593
188686, 24593
189464, 24593
189872, 24593
190473, 24593
190479, 24593
191522, 24593
191625, 24593
192051, 24593
192286, 24593
192484, 24593
192519, 24593
192718, 24593
192809, 24593
193089, 24593
193649, 24593
193913, 24593
194297, 24593
194417, 24593
194627, 24593
194774, 24593
194817, 24593
194904, 24593
196026, 24593
196258, 24593
196294, 24593
197342, 24593
199072, 24593
199364, 24593
199607, 24593
200488, 24593
200995, 24593
201239, 24593
201880, 24593
203266, 24593
204251, 24593
204597, 24593
205499, 24593
205842, 24593
205909, 24593
206981, 24593
207444, 24593
207561, 24593
207838, 24593
207984, 24593
208058, 24593
208336, 24593
208607, 24593
208692, 24593
210292, 24593
210393, 24593
210817, 24593
210939, 24593
210944, 24593
211497, 24593
211661, 24593
211883, 24593
212334, 24593
212494, 24593
212560, 24593
212599, 24593
212603, 24593
212713, 24593
213814, 24593
213899, 24593
213925, 24593
214057, 24593
214680, 24593
214759, 24593
215675, 24593
215914, 24593
216593, 24593
216774, 24593
217345, 24593
217976, 24593
218270, 24593
218323, 24593
218820, 24593
219558, 24593
219561, 24593
220159, 24593
220347, 24593
220382, 24593
222070, 24593
222404, 24593
222509, 24593
222602, 24593
222662, 24593
222901, 24593
223217, 24593
223249, 24593
223954, 24593
224270, 24593
224359, 24593
224820, 24593
225080, 24593
225230, 24593
225377, 24593
225431, 24593
225675, 24593
225972, 24593
226057, 24593
226149, 24593
226287, 24593
226422, 24593
226438, 24593
226682, 24593
226784, 24593
226859, 24593
227575, 24593
227917, 24593
228786, 24593
229344, 24593
229836, 24593
229976, 24593
230020, 24593
230159, 24593
230285, 24593
230596, 24593
230804, 24593
231076, 24593
231088, 24593
231119, 24593
231158, 24593
231416, 24593
231460, 24593
231482, 24593
231708, 24593
232100, 24593
232175, 24593
232516, 24593
232774, 24593
233323, 24593
233456, 24593
233651, 24593
233887, 24593
234152, 24593
234156, 24593
234714, 24593
235170, 24593
237424, 24593
238123, 24593
238323, 24593
239118, 24593
239119, 24593
239490, 24593
240416, 24593
240439, 24593
240505, 24593
240580, 24593
240652, 24593
240761, 24593
241076, 24593
241899, 24593
242244, 24593
242383, 24593
242468, 24593
242717, 24593
243072, 24593
243205, 24593
243219, 24593
243583, 24593
243930, 24593
244608, 24593
244650, 24593
244957, 24593
245929, 24593
246969, 24593
246996, 24593
247076, 24593
247215, 24593
247334, 24593
247346, 24593
248056, 24593
248691, 24593
248740, 24593
249371, 24593
249669, 24593
249931, 24593
250003, 24593
250197, 24593
250861, 24593
251044, 24593
251442, 24593
251620, 24593
251640, 24593
251894, 24593
251995, 24593
252466, 24593
253542, 24593
254050, 24593
254168, 24593
254325, 24593
254462, 24593
254573, 24593
254643, 24593
254821, 24593
255253, 24593
255605, 24593
256032, 24593
256052, 24593
256092, 24593
256687, 24593
256766, 24593
256807, 24593
256858, 24593
256915, 24593
257042, 24593
257103, 24593
257252, 24593
257266, 24593
257448, 24593
258058, 24593
258210, 24593
258431, 24593
258690, 24593
259379, 24593
260401, 24593
260780, 24593
260792, 24593
261649, 24593
261909, 24593
261931, 24593
261933, 24593
261946, 24593
262011, 24593
263842, 24593
264177, 24593
265161, 24593
265478, 24593
265627, 24593
265724, 24593
266519, 24593
266775, 24593
266876, 24593
267134, 24593
267510, 24593
267743, 24593
267780, 24593
268056, 24593
269014, 24593
269030, 24593
269102, 24593
269743, 24593
269807, 24593
270733, 24593
270839, 24593
271075, 24593
271191, 24593
271239, 24593
271687, 24593
271882, 24593
272157, 24593
273151, 24593
273193, 24593
273322, 24593
273755, 24593
274249, 24593
274277, 24593
275011, 24593
275436, 24593
275923, 24593
276390, 24593
276637, 24593
276792, 24593
276910, 24593
277069, 24593
277539, 24593
277987, 24593
278493, 24593
278553, 24593
278608, 24593
278615, 24593
279289, 24593
280077, 24593
281022, 24593
281031, 24593
281477, 24593
281968, 24593
282022, 24593
282522, 24593
282675, 24593
283240, 24593
283432, 24593
283672, 24593
284018, 24593
284024, 24593
284046, 24593
284197, 24593
284488, 24593
284930, 24593
285035, 24593
285212, 24593
285504, 24593
285513, 24593
285679, 24593
286220, 24593
286814, 24593
286974, 24593
287352, 24593
287450, 24593
287835, 24593
288222, 24593
288457, 24593
289288, 24593
289405, 24593
289487, 24593
290116, 24593
290198, 24593
291384, 24593
291401, 24593
291796, 24593
291890, 24593
291983, 24593
291996, 24593
292205, 24593
293162, 24593
293559, 24593
293626, 24593
293684, 24593
293831, 24593
293874, 24593
293880, 24593
294098, 24593
294541, 24593
294946, 24593
295295, 24593
295367, 24593
295806, 24593
153899, 24558
160313, 24558
177311, 24558
200947, 24558
221401, 24558
250265, 24558
278596, 24558
280050, 24558
288324, 24558
292922, 24558
182081, 24474
225887, 24474
272202, 24474
142301, 24458
154004, 24458
199439, 24458
91648, 24432
101219, 24432
108939, 24432
110511, 24432
110530, 24432
114228, 24432
114294, 24432
116600, 24432
120113, 24432
135364, 24432
138318, 24432
139005, 24432
139532, 24432
147171, 24432
148952, 24432
149267, 24432
149931, 24432
150368, 24432
150740, 24432
152845, 24432
157505, 24432
159721, 24432
160816, 24432
161930, 24432
166786, 24432
166993, 24432
168416, 24432
169483, 24432
170686, 24432
177461, 24432
178649, 24432
180703, 24432
183033, 24432
184152, 24432
185795, 24432
189181, 24432
198341, 24432
200359, 24432
202686, 24432
202852, 24432
203089, 24432
208805, 24432
220684, 24432
222021, 24432
224728, 24432
227245, 24432
227492, 24432
229124, 24432
234329, 24432
237985, 24432
242525, 24432
243898, 24432
244454, 24432
250357, 24432
250612, 24432
252875, 24432
253912, 24432
254302, 24432
254941, 24432
257704, 24432
259637, 24432
262035, 24432
262365, 24432
264103, 24432
265829, 24432
266370, 24432
267710, 24432
278336, 24432
279897, 24432
280863, 24432
281312, 24432
282021, 24432
284176, 24432
288035, 24432
290793, 24432
291072, 24432
294421, 24432
295524, 24432
94687, 24419
112016, 24419
112037, 24419
113154, 24419
114449, 24419
115531, 24419
120517, 24419
124130, 24419
135270, 24419
136638, 24419
141126, 24419
144940, 24419
147825, 24419
160506, 24419
163445, 24419
164727, 24419
165569, 24419
169485, 24419
169690, 24419
181140, 24419
182851, 24419
186047, 24419
187955, 24419
198185, 24419
198918, 24419
199390, 24419
200028, 24419
200569, 24419
200722, 24419
201251, 24419
202010, 24419
204523, 24419
209468, 24419
214957, 24419
216856, 24419
220784, 24419
220896, 24419
222378, 24419
231198, 24419
232320, 24419
233368, 24419
233748, 24419
234331, 24419
236734, 24419
243830, 24419
244667, 24419
256337, 24419
268659, 24419
271334, 24419
272737, 24419
282542, 24419
285095, 24419
285182, 24419
290796, 24419
291515, 24419
796, 24416
193407, 24341
2081, 24333
91504, 24251
111028, 24251
252686, 24251
270361, 24251
284394, 24251
285432, 24251
100944, 24238
121622, 24238
122953, 24238
125722, 24238
126070, 24238
128967, 24238
130661, 24238
133119, 24238
138969, 24238
216498, 24238
219151, 24238
266406, 24238
286375, 24238
152818, 24209
87580, 24198
227784, 24198
246821, 24198
254315, 24198
230191, 24157
253385, 24157
140961, 24154
149445, 24154
181012, 24154
206098, 24154
215532, 24154
244882, 24154
256259, 24154
5804, 24150
12318, 24150
16129, 24150
57015, 24150
75076, 24150
81358, 24150
84408, 24150
91232, 24150
111763, 24150
112949, 24150
117274, 24150
163720, 24150
184185, 24150
236169, 24150
163081, 24095
131255, 24089
156671, 24089
162179, 24089
168290, 24089
54286, 24082
126351, 24082
58243, 24052
112079, 24052
141143, 24052
199404, 24052
271756, 24052
223151, 24035
235683, 24035
252415, 24035
8045, 23927
67354, 23923
143188, 23914
172762, 23914
209483, 23914
215894, 23914
266833, 23914
206357, 23897
135097, 23886
144049, 23886
164234, 23886
197572, 23886
206368, 23886
208375, 23886
220060, 23886
230117, 23886
233157, 23886
211186, 23853
146694, 23826
169699, 23826
182638, 23826
194308, 23826
202283, 23826
202625, 23826
219014, 23826
223527, 23826
230083, 23826
238497, 23826
254824, 23826
261558, 23826
264583, 23826
279325, 23826
130552, 23805
136313, 23805
139618, 23805
142793, 23805
146711, 23805
147057, 23805
150643, 23805
166531, 23805
169644, 23805
177149, 23805
186522, 23805
210538, 23805
215294, 23805
226115, 23805
226460, 23805
228340, 23805
236212, 23805
245300, 23805
253314, 23805
255641, 23805
261237, 23805
263135, 23805
290299, 23805
295636, 23805
96716, 23781
105224, 23781
116887, 23781
122958, 23781
125300, 23781
125744, 23781
126365, 23781
126888, 23781
127271, 23781
128155, 23781
130100, 23781
130292, 23781
130645, 23781
133459, 23781
133627, 23781
133810, 23781
134737, 23781
135313, 23781
135729, 23781
136254, 23781
136367, 23781
138271, 23781
139089, 23781
139112, 23781
140570, 23781
141358, 23781
141837, 23781
142731, 23781
143417, 23781
144369, 23781
145502, 23781
145634, 23781
145937, 23781
146328, 23781
146846, 23781
147429, 23781
147898, 23781
148210, 23781
148847, 23781
149635, 23781
149711, 23781
150033, 23781
150224, 23781
150452, 23781
151277, 23781
152407, 23781
152554, 23781
154040, 23781
154199, 23781
154894, 23781
155695, 23781
157222, 23781
158099, 23781
159490, 23781
159493, 23781
159668, 23781
159874, 23781
160353, 23781
160693, 23781
160939, 23781
163018, 23781
163335, 23781
164789, 23781
165383, 23781
165449, 23781
166642, 23781
168065, 23781
168765, 23781
169973, 23781
170243, 23781
170875, 23781
172667, 23781
173379, 23781
174057, 23781
174300, 23781
174979, 23781
176171, 23781
177290, 23781
177319, 23781
178106, 23781
179332, 23781
179416, 23781
180685, 23781
183225, 23781
183304, 23781
184089, 23781
185946, 23781
186573, 23781
187422, 23781
187614, 23781
188056, 23781
189424, 23781
191078, 23781
191230, 23781
192161, 23781
192275, 23781
192514, 23781
193558, 23781
193782, 23781
193842, 23781
193917, 23781
195643, 23781
202755, 23781
204123, 23781
206147, 23781
209301, 23781
211504, 23781
211597, 23781
211920, 23781
214377, 23781
216542, 23781
216776, 23781
217868, 23781
218135, 23781
219148, 23781
221349, 23781
221482, 23781
222648, 23781
233796, 23781
234313, 23781
236670, 23781
237149, 23781
238030, 23781
238879, 23781
239862, 23781
240742, 23781
242111, 23781
242578, 23781
243266, 23781
243818, 23781
244261, 23781
246421, 23781
247759, 23781
247886, 23781
248433, 23781
249415, 23781
249577, 23781
252303, 23781
252797, 23781
253194, 23781
253458, 23781
254118, 23781
256022, 23781
256169, 23781
258585, 23781
259316, 23781
260056, 23781
267717, 23781
268678, 23781
269845, 23781
272262, 23781
276611, 23781
277524, 23781
279013, 23781
279583, 23781
279859, 23781
281020, 23781
284683, 23781
284954, 23781
286791, 23781
292978, 23781
2773, 23719
138921, 23719
173094, 23719
196648, 23719
278577, 23719
134906, 23652
155621, 23652
260815, 23652
144139, 23642
151769, 23642
172914, 23642
181207, 23642
200990, 23642
211548, 23642
252635, 23642
254216, 23561
90519, 23487
194310, 23448
283655, 23448
269582, 23370
280505, 23370
8836, 23362
12092, 23362
43368, 23362
46458, 23362
49234, 23362
86815, 23362
88509, 23362
91276, 23362
92270, 23362
98132, 23362
116595, 23362
119081, 23362
121299, 23362
127761, 23362
128831, 23362
139341, 23362
160303, 23362
166742, 23362
194432, 23362
198022, 23362
208907, 23362
237190, 23362
197030, 23345
65096, 23276
80819, 23276
235844, 23269
4513, 23263
251911, 23232
107545, 23173
197117, 23165
247091, 23134
252569, 23131
6840, 23087
3927, 23032
4026, 23032
4409, 23032
6169, 23032
134208, 23032
151690, 23032
194531, 23032
144045, 23019
146673, 23019
186055, 23019
208550, 23019
215701, 23019
219312, 23019
243917, 23019
247480, 23019
255875, 23019
280176, 23019
288150, 23019
293557, 23019
49907, 22917
50116, 22917
72163, 22835
137457, 22788
127650, 22677
138060, 22644
219996, 22642
150861, 22572
224190, 22572
2500, 22554
289714, 22397
215930, 22328
106966, 22191
114852, 22191
114876, 22191
116867, 22191
142020, 22191
143544, 22191
148332, 22191
154598, 22191
165001, 22191
168142, 22191
171761, 22191
174109, 22191
174535, 22191
174539, 22191
174558, 22191
176855, 22191
181661, 22191
182285, 22191
182388, 22191
190388, 22191
190922, 22191
193216, 22191
193948, 22191
196530, 22191
199773, 22191
200939, 22191
201191, 22191
202815, 22191
203515, 22191
210139, 22191
215757, 22191
220156, 22191
239085, 22191
242370, 22191
244651, 22191
252468, 22191
252498, 22191
255803, 22191
260117, 22191
264955, 22191
276412, 22191
277396, 22191
141953, 22187
160179, 22187
161903, 22187
163090, 22187
177144, 22187
197770, 22187
235962, 22187
253135, 22187
256456, 22187
266207, 22187
280136, 22187
245989, 22184
9854, 22178
4738, 22147
131960, 22142
136417, 22142
159274, 22142
208681, 22142
228063, 22142
228507, 22142
242698, 22142
261777, 22142
12544, 22093
81306, 22030
136373, 22030
222272, 22030
287978, 22030
143126, 21952
198600, 21949
205978, 21949
252295, 21949
256611, 21949
247029, 21935
249746, 21935
3790, 21923
1400, 21914
136877, 21914
150014, 21914
150633, 21914
238971, 21914
247278, 21914
197131, 21907
237227, 21907
240175, 21907
214430, 21898
118547, 21891
120043, 21891
120146, 21891
136621, 21891
141663, 21891
142169, 21891
149105, 21891
153361, 21891
161972, 21891
178512, 21891
202637, 21891
202638, 21891
203751, 21891
206241, 21891
249347, 21891
273315, 21891
221585, 21889
86895, 21876
91170, 21876
122550, 21874
132962, 21874
141213, 21874
147892, 21874
167963, 21874
195505, 21874
99106, 21857
97678, 21823
203010, 21823
89706, 21791
128392, 21768
183370, 21768
205771, 21768
211822, 21768
279428, 21768
281156, 21768
293794, 21768
228849, 21764
123048, 21748
210484, 21748
89137, 21718
228105, 21718
20243, 21679
25988, 21679
27901, 21679
28169, 21679
28338, 21679
28428, 21679
264446, 21651
132501, 21635
252962, 21635
159722, 21569
272723, 21498
273150, 21479
284795, 21354
233817, 21284
177037, 21277
97032, 21079
294812, 20784
118207, 20116
135163, 20116
175637, 20116
221574, 20116
235670, 20116
288835, 20116
89221, 19948
166456, 19899
252489, 19899
285505, 19638
125915, 19593
223245, 19570
222395, 19415
163997, 19129
167933, 19129
94137, 19056
183452, 19056
230198, 19056
294310, 19056
287751, 19047
43474, 19035
95876, 19035
249736, 18974
141651, 18968
207103, 18968
270833, 18968
228854, 18909
206675, 18831
81151, 18717
130376, 18717
233522, 18717
137703, 18638
204882, 18632
125822, 18575
144927, 18575
159418, 18575
171785, 18575
174788, 18575
207661, 18575
242974, 18575
206087, 18553
198354, 18515
93515, 18184
10660, 18089
184543, 18053
222590, 18053
280856, 17958
124782, 17923
167355, 17923
252553, 17845
130107, 17835
100378, 17667
246518, 17665
166874, 17564
250859, 17514
16944, 17503
250245, 17490
213492, 17462
250100, 17451
268279, 17363
268780, 17363
158748, 17093
200179, 16471
19709, 16246
16184, 16244
23000, 16244
23058, 16244
23854, 16244
24380, 16244
145681, 16228
282800, 15915
114832, 13873
162163, 13873
168312, 13873
194476, 13873
202687, 13873
221176, 13873
240978, 13873
271964, 13873
266931, 13640
196618, 13614
196483, 10594
250350, 10594
126900, 10096
142560, 9628
200319, 9628
13378, 8109
26752, 7962
91467, 7926
210952, 7539
108082, 6788
255801, 6455
240729, 6264
230812, 5673
245677, 5673
256144, 5673
261717, 5673
277059, 5673
105601, 5670
150502, 5670
97487, 5638
119572, 5581
35240, 5544
119789, 5534
288820, 5534
31402, 5497
640, 5431
53408, 5364
112437, 5364
148381, 5364
227613, 5364
3265, 5340
122922, 5340
273152, 5340
93322, 5100
240156, 5046
47210, 5021
154741, 4979
116677, 4863
222266, 4820
2882, 4799
285, 4729
659, 4729
714, 4729
991, 4729
2269, 4729
2594, 4729
10192, 4729
52454, 4729
52554, 4729
52679, 4729
54331, 4729
61708, 4729
65648, 4729
73602, 4729
78081, 4729
79592, 4729
88131, 4729
90141, 4729
90664, 4729
94685, 4729
99742, 4729
99895, 4729
99909, 4729
100222, 4729
100871, 4729
106467, 4729
107250, 4729
112498, 4729
115137, 4729
116090, 4729
116549, 4729
124757, 4729
129820, 4729
130139, 4729
135158, 4729
137743, 4729
138639, 4729
139058, 4729
142056, 4729
142387, 4729
143756, 4729
145495, 4729
147768, 4729
150385, 4729
151726, 4729
158737, 4729
160660, 4729
161309, 4729
161452, 4729
161474, 4729
163475, 4729
165165, 4729
169029, 4729
170248, 4729
171418, 4729
172977, 4729
173656, 4729
174981, 4729
178197, 4729
179236, 4729
185695, 4729
186937, 4729
189483, 4729
189775, 4729
190135, 4729
190159, 4729
193245, 4729
194871, 4729
194906, 4729
196220, 4729
198858, 4729
199922, 4729
200783, 4729
202589, 4729
205484, 4729
205810, 4729
206307, 4729
208109, 4729
208967, 4729
210688, 4729
211507, 4729
212473, 4729
212878, 4729
213756, 4729
215307, 4729
217417, 4729
217501, 4729
220598, 4729
220806, 4729
221906, 4729
222029, 4729
222939, 4729
223374, 4729
224479, 4729
225383, 4729
226880, 4729
229252, 4729
229467, 4729
234319, 4729
236719, 4729
237154, 4729
237557, 4729
237637, 4729
238721, 4729
238920, 4729
239441, 4729
244265, 4729
244445, 4729
247897, 4729
251714, 4729
256317, 4729
258921, 4729
262434, 4729
265440, 4729
273728, 4729
273734, 4729
279182, 4729
279819, 4729
280318, 4729
283228, 4729
286516, 4729
291220, 4729
292242, 4729
296366, 4729
206910, 4694
214629, 4694
218952, 4694
255258, 4694
269660, 4694
198107, 4684
216279, 4684
82820, 4632
134715, 4632
159593, 4632
162674, 4632
203707, 4632
221645, 4632
230947, 4632
265566, 4632
282290, 4632
289737, 4632
83279, 4617
140255, 4564
152900, 4564
201794, 4564
220736, 4564
102890, 4473
55396, 4457
71655, 4457
214748, 4457
233722, 4457
249308, 4457
263799, 4457
278884, 4457
189205, 4434
197251, 4434
84980, 4418
194797, 4418
257814, 4418
27957, 4413
29547, 4413
30718, 4413
163292, 4380
228058, 4371
122115, 4357
210733, 4357
278406, 4357
62246, 4350
64263, 4350
139494, 4350
261278, 4350
278120, 4333
6887, 4230
6075, 4228
24278, 4228
65077, 4155
145411, 4155
259321, 4155
289456, 4155
185224, 4105
278498, 4105
225693, 4063
5186, 3991
225463, 3970
18533, 3498
18758, 3498
87684, 3498
128171, 3498
130649, 3498
141730, 3498
142052, 3498
147108, 3498
17977, 3496
72277, 3494
75465, 3494
105740, 3494
109042, 3494
122614, 3494
139573, 3494
177613, 3494
205471, 3494
275601, 3494
64935, 3459
163690, 3393
217377, 3313
7312, 3280
146857, 3274
232519, 3274
11998, 3234
22795, 3234
99309, 3234
211900, 3234
83147, 3212
8326, 3203
21323, 3203
24992, 3203
25278, 3203
38634, 3203
38851, 3203
110281, 3203
148026, 3201
260883, 3201
262243, 3201
274611, 3201
288400, 3201
289934, 3201
290633, 3201
20631, 3193
24443, 3193
25302, 3193
26278, 3193
30257, 3193
34142, 3193
36987, 3193
37838, 3193
44322, 3193
52829, 3193
56074, 3193
59706, 3193
60876, 3193
71605, 3193
78919, 3193
94278, 3193
99124, 3193
108458, 3193
119015, 3193
126621, 3193
127898, 3193
137346, 3193
138843, 3193
156913, 3193
169681, 3193
185707, 3193
202787, 3193
203044, 3193
221637, 3193
224789, 3193
232487, 3193
237983, 3193
246137, 3193
149411, 3143
170782, 3143
193464, 3143
209039, 3143
218831, 3143
220641, 3143
226002, 3143
235430, 3143
239737, 3143
242282, 3143
253507, 3143
259186, 3143
263954, 3143
274780, 3143
275385, 3143
290213, 3130
153957, 3121
154934, 3121
158603, 3121
158900, 3121
176224, 3121
179014, 3121
185215, 3121
188696, 3121
193229, 3121
194820, 3121
197367, 3121
220419, 3121
231155, 3121
243711, 3121
248983, 3121
249379, 3121
255262, 3121
255497, 3121
260085, 3121
260391, 3121
267129, 3121
271213, 3121
271377, 3121
271661, 3121
273654, 3121
274657, 3121
280141, 3121
280703, 3121
286437, 3121
292410, 3121
292752, 3121
295824, 3121
69841, 3117
73296, 3117
74799, 3117
82745, 3117
97479, 3117
116202, 3117
147348, 3117
159564, 3117
163336, 3117
163340, 3117
172003, 3117
185559, 3117
261412, 3117
81864, 3107
90556, 3107
197272, 3100
28477, 3098
53873, 3098
54192, 3098
64128, 3098
73797, 3098
79607, 3098
13227, 3091
31530, 3091
46915, 3091
51889, 3091
56470, 3091
86853, 3091
101949, 3091
200130, 3091
180520, 3085
158066, 3075
110261, 3063
184372, 3063
202833, 3063
212271, 3063
219688, 3063
227448, 3063
250372, 3063
275278, 3063
282211, 3063
285692, 3063
287552, 3063
103223, 3060
125950, 3060
172249, 3060
177713, 3060
189366, 3060
192364, 3060
193261, 3060
196968, 3060
207358, 3060
208072, 3060
208795, 3060
215010, 3060
216081, 3060
217534, 3060
227852, 3060
229713, 3060
231269, 3060
231332, 3060
237618, 3060
238299, 3060
238877, 3060
238973, 3060
250096, 3060
251188, 3060
253018, 3060
253267, 3060
254119, 3060
256581, 3060
261713, 3060
262414, 3060
263582, 3060
263967, 3060
264666, 3060
264926, 3060
266627, 3060
266798, 3060
267502, 3060
268217, 3060
270720, 3060
276605, 3060
279189, 3060
279353, 3060
280726, 3060
284217, 3060
287712, 3060
292363, 3060
90693, 3056
124778, 3056
117588, 3053
118158, 3053
124485, 3053
158695, 3053
256108, 3053
126129, 3042
203681, 3042
209144, 3042
10848, 3031
14267, 3031
20650, 3031
23247, 3031
40638, 3031
44695, 3031
46006, 3031
59386, 3031
61791, 3031
66417, 3031
70916, 3031
73465, 3031
76528, 3031
80944, 3031
83074, 3031
85654, 3031
86553, 3031
87962, 3031
93244, 3031
95990, 3031
96502, 3031
97713, 3031
107016, 3031
114754, 3031
120204, 3031
132088, 3031
135673, 3031
139599, 3031
151393, 3031
160665, 3031
160691, 3031
160759, 3031
165474, 3031
174289, 3031
208801, 3031
211686, 3031
211793, 3031
227010, 3031
243949, 3031
277399, 3031
134629, 3030
101587, 3028
118237, 3028
131148, 3028
137398, 3028
142952, 3028
145586, 3028
148582, 3028
176428, 3028
177031, 3028
190335, 3028
205306, 3028
239624, 3021
127531, 3004
105437, 3002
121251, 3002
140654, 3002
176675, 3002
179447, 3002
180601, 3002
183589, 3002
184314, 3002
200388, 3002
204506, 3002
204603, 3002
205356, 3002
214097, 3002
225246, 3002
229903, 3002
230235, 3002
234111, 3002
238403, 3002
244596, 3002
259928, 3002
260677, 3002
264405, 3002
276249, 3002
285394, 3002
92088, 2964
147521, 2940
294214, 2831
46207, 2819
57368, 2819
59745, 2819
60534, 2819
70928, 2819
47179, 2813
73281, 2813
45489, 2806
48135, 2806
48560, 2806
50489, 2806
51176, 2806
51219, 2806
51486, 2806
51842, 2806
52104, 2806
55546, 2806
56087, 2806
56236, 2806
57202, 2806
57217, 2806
59618, 2806
60026, 2806
60680, 2806
61122, 2806
62139, 2806
62193, 2806
62300, 2806
62338, 2806
62507, 2806
63133, 2806
63504, 2806
63985, 2806
65339, 2806
66267, 2806
66378, 2806
66487, 2806
67040, 2806
67948, 2806
68913, 2806
68952, 2806
69278, 2806
69839, 2806
70045, 2806
70349, 2806
72838, 2806
72977, 2806
73322, 2806
73829, 2806
74252, 2806
74834, 2806
75370, 2806
82240, 2806
32479, 2798
39298, 2798
49908, 2798
52692, 2798
55289, 2798
55753, 2798
56561, 2798
58886, 2798
63449, 2798
67544, 2798
71461, 2798
23691, 2790
51923, 2790
62644, 2790
42237, 2755
246494, 2711
61187, 2695
38228, 2646
38818, 2646
41960, 2646
43254, 2646
43872, 2646
44293, 2646
45072, 2646
45251, 2646
46054, 2646
47306, 2646
47462, 2646
47866, 2646
47914, 2646
48120, 2646
48580, 2646
49707, 2646
50591, 2646
50976, 2646
51414, 2646
51941, 2646
52376, 2646
52913, 2646
53252, 2646
54588, 2646
54599, 2646
56746, 2646
56888, 2646
58343, 2646
58409, 2646
60339, 2646
60824, 2646
62646, 2646
62727, 2646
63372, 2646
64985, 2646
66111, 2646
39317, 2626
40831, 2626
44215, 2626
47067, 2626
49295, 2626
49950, 2626
53534, 2626
54071, 2626
54095, 2626
54563, 2626
55438, 2626
60907, 2626
45938, 2619
46902, 2619
47828, 2619
54554, 2619
55402, 2619
222909, 2597
289723, 2597
51198, 2545
34077, 2494
36634, 2494
37667, 2494
39877, 2494
42948, 2494
43673, 2494
43806, 2494
44309, 2494
46280, 2494
48706, 2494
49076, 2494
50166, 2494
51172, 2494
51342, 2494
52571, 2494
54422, 2494
55623, 2494
60867, 2494
48035, 2462
52212, 2462
57567, 2462
59795, 2462
61943, 2462
40551, 2458
44884, 2458
51951, 2458
39985, 2445
47367, 2445
47425, 2445
47547, 2445
47798, 2445
55264, 2445
71088, 2432
43488, 2429
46423, 2429
49084, 2429
51499, 2429
54343, 2429
54568, 2429
56738, 2429
57385, 2429
58489, 2429
58826, 2429
59926, 2429
60370, 2429
63525, 2429
64267, 2429
64657, 2429
64861, 2429
64892, 2429
65174, 2429
65577, 2429
66864, 2429
71686, 2429
81290, 2429
39793, 2384
41955, 2384
42422, 2384
42998, 2384
45256, 2384
30934, 2360
34211, 2360
43822, 2360
39250, 2336
28619, 2308
39824, 2308
40266, 2308
41474, 2308
43036, 2308
36791, 2306
39657, 2306
39913, 2306
41201, 2306
44018, 2306
46001, 2306
46078, 2306
46850, 2306
179967, 2303
23509, 2229
28573, 2229
29160, 2229
29178, 2229
29480, 2229
31331, 2229
31357, 2229
54735, 2104
33231, 2032
169569, 1959
229373, 1951
43986, 1868
32752, 1859
34359, 1859
34550, 1859
38882, 1859
39165, 1859
40321, 1859
40510, 1859
41039, 1859
41089, 1859
41448, 1859
41819, 1859
41973, 1859
41979, 1859
42865, 1859
43032, 1859
43686, 1859
44088, 1859
44813, 1859
45036, 1859
45202, 1859
45298, 1859
45303, 1859
46148, 1859
47659, 1859
47938, 1859
48097, 1859
48407, 1859
25851, 1831
35228, 1831
38075, 1831
38471, 1831
38525, 1831
39300, 1831
40918, 1831
41425, 1831
41825, 1831
35474, 1785
39325, 1785
40078, 1785
40549, 1785
41151, 1785
41376, 1785
41962, 1785
42013, 1785
42321, 1785
45113, 1785
46632, 1785
48282, 1785
49703, 1785
32964, 1669
33209, 1669
37860, 1669
38354, 1669
39797, 1669
32246, 1633
33176, 1633
36123, 1633
37131, 1633
39796, 1633
39858, 1633
40130, 1633
41060, 1633
41414, 1633
42910, 1633
43395, 1633
44439, 1633
45013, 1633
45906, 1633
46718, 1633
33860, 1604
42388, 1604
32158, 1594
34053, 1594
35381, 1594
38246, 1594
38490, 1594
40042, 1594
33910, 1578
34786, 1578
35349, 1578
35875, 1578
35932, 1578
36562, 1578
36729, 1578
37642, 1578
37809, 1578
38717, 1578
38934, 1578
38984, 1578
39925, 1578
40434, 1578
40694, 1578
40732, 1578
40884, 1578
41127, 1578
41840, 1578
42292, 1578
48791, 1578
38216, 1571
32551, 1570
36375, 1570
37698, 1570
38830, 1570
31026, 1568
38502, 1568
39182, 1568
37319, 1564
37644, 1564
37950, 1564
39107, 1564
34111, 1558
40234, 1558
40515, 1558
41792, 1558
42035, 1558
42772, 1558
30793, 1550
27645, 1545
37533, 1545
38835, 1545
39258, 1545
41138, 1545
37249, 1543
37260, 1543
37387, 1543
37836, 1543
38195, 1543
38742, 1543
38805, 1543
39161, 1543
39341, 1543
39633, 1543
40722, 1543
42600, 1543
47030, 1543
30676, 1541
33692, 1541
34774, 1541
34779, 1541
35688, 1541
35912, 1541
36763, 1541
36927, 1541
37437, 1541
37972, 1541
38193, 1541
39776, 1541
31768, 1516
34256, 1516
38902, 1516
41224, 1516
42731, 1516
44636, 1516
45535, 1516
45991, 1516
46302, 1516
46387, 1516
46943, 1516
50394, 1516
36345, 1504
39234, 1504
40349, 1504
31691, 1503
32642, 1503
36205, 1503
40845, 1503
40938, 1503
42529, 1503
42961, 1503
44203, 1503
45574, 1503
46074, 1503
46750, 1503
47149, 1503
37578, 1494
40765, 1494
42473, 1494
33439, 1489
34533, 1489
35258, 1489
36176, 1489
36209, 1489
37053, 1489
37071, 1489
37358, 1489
37796, 1489
37892, 1489
38143, 1489
38364, 1489
38936, 1489
38995, 1489
40173, 1489
40500, 1489
40789, 1489
41311, 1489
41507, 1489
41588, 1489
42298, 1489
42943, 1489
43819, 1489
29828, 1482
31927, 1482
33559, 1482
34441, 1482
35652, 1482
36550, 1482
37472, 1482
31582, 1481
32398, 1477
38131, 1477
39845, 1477
42194, 1477
42271, 1477
44022, 1477
46913, 1477
33815, 1473
34375, 1473
34473, 1473
36128, 1473
39406, 1473
41050, 1473
42869, 1473
25563, 1437
33358, 1437
35116, 1437
35384, 1437
36872, 1437
36994, 1437
34631, 1420
35065, 1420
35201, 1420
35660, 1420
37171, 1420
41133, 1420
42445, 1420
38513, 1363
39143, 1363
33136, 1330
28877, 1297
29322, 1297
33127, 1297
28799, 1287
30007, 1287
35024, 1274
44397, 1274
20777, 1260
25494, 1260
25934, 1260
26820, 1260
26905, 1260
27319, 1260
28155, 1260
28422, 1260
28762, 1260
28882, 1260
28979, 1260
32030, 1260
23887, 1214
23958, 1214
25802, 1214
27919, 1214
29251, 1214
27338, 1187
23321, 1184
19111, 1136
25000, 1136
25206, 1136
25352, 1136
30205, 1136
19721, 1097
18459, 1094
20310, 1071
23047, 1071
18897, 1051
15477, 1047
22503, 1047
22620, 1047
24984, 1047
15668, 1022
22587, 1022
26290, 1022
16975, 1012
17256, 1012
20221, 1012
20431, 1012
21394, 1012
24246, 1012
