63267, 119237
52870, 119102
133844, 119102
172739, 119102
174820, 119102
261487, 119102
290049, 119102
135575, 117677
159603, 117677
269695, 117677
280317, 117677
187003, 115719
240340, 112099
42128, 111929
67827, 111929
74490, 111929
79455, 111929
84209, 111929
96662, 111929
106454, 111929
120658, 111929
129018, 111929
136870, 111929
138600, 111929
140574, 111929
141110, 111929
146482, 111929
150566, 111929
151797, 111929
155937, 111929
158784, 111929
167331, 111929
167693, 111929
168006, 111929
179311, 111929
179954, 111929
181696, 111929
184374, 111929
184712, 111929
189496, 111929
192285, 111929
192915, 111929
197605, 111929
202928, 111929
210641, 111929
216789, 111929
220502, 111929
221830, 111929
222270, 111929
222817, 111929
230209, 111929
242601, 111929
243717, 111929
245026, 111929
249279, 111929
250346, 111929
264276, 111929
277996, 111929
281144, 111929
288165, 111929
293275, 111929
296580, 111929
72937, 110754
214880, 110754
223048, 109058
168246, 12967
112402, 12942
68167, 12401
137386, 12401
143654, 12401
151426, 12401
206999, 12401
279827, 12401
293059, 12401
53467, 12372
61233, 12372
79244, 12372
124933, 12372
162786, 12372
258604, 12372
104011, 11986
126757, 11986
180986, 11735
106001, 11705
110843, 11705
153520, 11705
181679, 11705
126501, 10549
158344, 10549
50009, 10547
242188, 10547
10823, 10261
156430, 10261
167202, 10261
295034, 10261
41707, 10234
66867, 10234
115239, 10170
188187, 10170
190307, 10170
250894, 10170
274251, 10170
276274, 10170
8335, 10026
8523, 10026
131311, 10026
260064, 10026
30351, 10004
61766, 10004
65614, 10004
126807, 10004
19914, 9974
29377, 9974
55954, 9974
61128, 9974
62041, 9974
81345, 9974
105233, 9974
107185, 9974
107879, 9974
158297, 9974
173004, 9974
188302, 9974
227682, 9974
256596, 9974
257766, 9974
6512, 9885
80127, 9885
5539, 9845
19048, 9845
60425, 9845
130416, 9845
154161, 9607
122374, 9548
217798, 9548
224571, 9548
286092, 9548
68962, 9432
171822, 9432
199110, 9432
26510, 9358
130666, 9358
135831, 9358
242237, 9358
264300, 9358
269017, 9358
271442, 9358
295024, 9358
127380, 9325
154145, 9325
10277, 9174
5262, 9124
6344, 9124
57195, 9124
140270, 9124
156996, 9124
220506, 9124
223014, 9124
251448, 9124
278648, 9124
67332, 9118
111230, 9118
144525, 9110
12576, 9100
21821, 9100
29544, 9100
54659, 9100
131276, 9100
150107, 9100
159195, 9100
245399, 9100
50272, 9020
73142, 9020
80875, 9020
146190, 9020
208540, 9020
253036, 9020
258330, 9020
167360, 9009
188114, 9002
251834, 9002
4432, 8947
19146, 8947
26958, 8947
64871, 8947
177269, 8931
276424, 8931
276685, 8931
55960, 8886
194887, 8886
236652, 8886
272623, 8886
277024, 8886
61327, 8885
10774, 8668
170026, 8668
171204, 8668
216071, 8668
29921, 8631
47123, 8512
56215, 8512
178295, 8512
169623, 8303
184950, 8303
152929, 8270
180472, 8270
39323, 8259
51974, 8259
59421, 8259
88047, 8259
151188, 8259
153632, 8259
207267, 8259
211976, 8259
227500, 8259
229989, 8259
260148, 8259
284741, 8259
52304, 8258
257427, 8258
73307, 8246
111817, 8246
197351, 8246
95409, 8245
65994, 8228
166132, 8228
206971, 8228
228873, 8228
259731, 8228
76598, 8127
255226, 8127
70827, 8123
174873, 8123
19619, 8107
103435, 8107
150575, 8107
154808, 8107
218407, 8107
235042, 8107
282874, 8107
39987, 8082
110595, 8082
222759, 8082
271868, 8082
278867, 8082
57717, 8056
114990, 8056
62049, 8040
139445, 7892
27828, 7888
122931, 7888
184290, 7865
48244, 7801
279980, 7769
217907, 7700
222608, 7700
69257, 7676
187930, 7676
257397, 7676
269440, 7676
277388, 7607
9936, 7578
21710, 7521
80914, 7521
132293, 7521
40463, 7501
56354, 7501
87275, 7501
97856, 7501
101841, 7501
119078, 7501
135125, 7501
159292, 7501
161824, 7501
169827, 7501
208017, 7501
218780, 7501
249258, 7501
292298, 7501
239561, 7497
153191, 7464
160032, 7464
216369, 7464
100597, 7452
124153, 7439
161316, 7439
27759, 7426
80357, 7426
151879, 7426
95731, 7413
272933, 7413
57108, 7387
112780, 7387
151896, 7387
160719, 7387
173208, 7387
277068, 7387
120772, 7345
8071, 7342
33750, 7342
41585, 7342
54683, 7342
74059, 7342
82857, 7342
83007, 7342
105244, 7342
121403, 7342
123147, 7342
133669, 7342
204927, 7342
282258, 7342
41129, 7334
147138, 7334
162000, 7334
107669, 7317
162683, 7317
169805, 7317
85079, 7275
259246, 7275
69287, 7264
147796, 7264
77407, 7202
261075, 7197
254715, 7034
38249, 7027
283806, 7027
294136, 6957
92389, 6873
110265, 6873
170383, 6873
169004, 6858
37602, 6853
66199, 6835
118980, 6831
43657, 6788
77795, 6788
93195, 6788
98749, 6788
104718, 6788
118667, 6788
124444, 6788
147266, 6788
229827, 6788
242617, 6788
287065, 6788
290641, 6788
4062, 6701
7913, 6701
21519, 6701
30697, 6701
31073, 6701
62880, 6701
106553, 6701
117067, 6701
166924, 6701
174327, 6701
205832, 6701
208363, 6701
209734, 6701
231294, 6701
261769, 6701
281609, 6701
284236, 6701
19922, 6641
82627, 6641
132551, 6641
138411, 6641
141127, 6641
188276, 6641
204700, 6641
233872, 6641
234928, 6641
244636, 6641
294316, 6641
66017, 6604
183344, 6604
21907, 6540
124826, 6538
138138, 6538
234641, 6538
11585, 6517
70607, 6479
230356, 6479
276676, 6479
280081, 6479
95843, 6439
294453, 6439
214919, 6435
214305, 6399
36052, 6372
74737, 6372
97263, 6372
170902, 6372
5319, 6284
9410, 6284
72590, 6284
86918, 6284
115526, 6284
241422, 6175
26, 6164
19076, 6164
71812, 6164
229987, 6164
22709, 6126
31829, 6126
42125, 6126
52493, 6126
92485, 6126
105895, 6126
107458, 6126
144609, 6126
150254, 6126
158608, 6126
163630, 6126
201093, 6126
230446, 6126
237085, 6126
255745, 6126
271005, 6126
274006, 6126
280357, 6126
290962, 6126
18421, 6073
96907, 6073
153810, 6073
205176, 6073
41764, 6065
71282, 6065
195573, 6065
218126, 6065
221827, 6065
256385, 6065
261616, 6065
291268, 6065
31528, 6038
271624, 6038
283547, 6030
78169, 6017
80342, 6017
105742, 6017
121768, 6017
125228, 6017
131649, 6017
164595, 6017
166756, 6017
186895, 6017
190410, 6017
200838, 6017
201988, 6017
250660, 6017
271850, 6017
289209, 6017
154029, 5984
43885, 5978
244970, 5978
127166, 5972
99057, 5958
63547, 5953
75207, 5953
88687, 5924
198955, 5862
94798, 5800
171954, 5753
123282, 5746
133239, 5746
153462, 5746
187791, 5746
211662, 5746
222747, 5746
234228, 5746
65776, 5745
288774, 5745
54994, 5733
66357, 5733
79185, 5733
101620, 5733
114127, 5733
178791, 5733
238890, 5733
125230, 5710
39914, 5701
65581, 5701
70326, 5701
70628, 5701
42889, 5691
47582, 5691
77006, 5691
83656, 5691
153181, 5691
164492, 5691
189753, 5691
33244, 5671
83894, 5540
140874, 5540
181520, 5540
274941, 5540
46460, 5526
57650, 5526
83951, 5526
96893, 5526
98430, 5526
146366, 5526
147111, 5526
156590, 5526
175845, 5526
265511, 5526
265648, 5526
275392, 5526
282920, 5526
155008, 5490
257411, 5490
13294, 5437
28603, 5437
103100, 5437
124613, 5437
232195, 5437
120087, 5417
83716, 5300
85150, 5295
150099, 5295
12732, 5224
149298, 5224
160909, 5210
36995, 5194
42385, 5194
143210, 5194
280672, 5194
50060, 5178
113704, 5178
122535, 5178
155963, 5178
213959, 5178
218247, 5178
262196, 5178
295997, 5178
14218, 5156
21869, 5156
25427, 5156
49492, 5156
53484, 5156
77633, 5156
133913, 5156
134365, 5156
137553, 5156
149598, 5156
168725, 5156
178073, 5156
203059, 5156
216090, 5156
272120, 5156
24684, 5124
201005, 5124
249070, 5124
295449, 5124
25443, 5101
177841, 5101
266056, 5091
39964, 5013
51906, 5013
52980, 5013
65953, 5013
68615, 5013
102470, 5013
118786, 5013
132154, 5013
137224, 5013
154374, 5013
156183, 5013
158910, 5013
168488, 5013
172681, 5013
173274, 5013
192408, 5013
196457, 5013
198159, 5013
203181, 5013
203973, 5013
217583, 5013
219856, 5013
229316, 5013
261255, 5013
270303, 5013
282894, 5013
92963, 4997
169503, 4997
255025, 4997
110339, 4980
151146, 4980
196517, 4936
244147, 4936
232416, 4896
66425, 4891
170968, 4870
9941, 4841
26165, 4841
25236, 4822
28717, 4788
143606, 4767
2023, 4742
14867, 4742
44348, 4742
45186, 4742
56977, 4742
149228, 4729
293650, 4729
194807, 4721
62876, 4706
147240, 4706
236633, 4706
63466, 4635
119023, 4635
245748, 4635
106047, 4631
29134, 4603
70398, 4603
70547, 4603
210340, 4603
214196, 4574
37656, 4482
223384, 4482
294030, 4482
229702, 4444
95417, 4377
142245, 4356
23214, 4349
24837, 4349
27315, 4349
27715, 4349
38799, 4349
51707, 4349
53982, 4349
56551, 4349
73548, 4349
76850, 4349
83797, 4349
87687, 4349
96884, 4349
103450, 4349
108673, 4349
119509, 4349
121953, 4349
123240, 4349
135762, 4349
137755, 4349
152011, 4349
154743, 4349
164914, 4349
167551, 4349
181313, 4349
223917, 4349
233558, 4349
234594, 4349
245493, 4349
51368, 4295
274263, 4261
32438, 4248
109430, 4225
16824, 4223
31954, 4223
134172, 4223
162633, 4223
227792, 4223
285474, 4223
168422, 4212
149821, 4184
32050, 4108
290635, 4050
131904, 4046
234781, 4046
272664, 3997
105260, 3986
89165, 3985
266118, 3984
57885, 3981
10140, 3972
40524, 3960
82740, 3946
262155, 3946
28757, 3938
90128, 3938
109869, 3938
190993, 3938
21008, 3937
86205, 3937
21348, 3927
180309, 3912
294737, 3904
40157, 3895
204520, 3881
246065, 3871
275951, 3871
117892, 3864
224080, 3863
282723, 3863
289526, 3855
84319, 3850
83830, 3849
73123, 3842
112042, 3842
134224, 3842
139008, 3842
228756, 3842
70808, 3839
155925, 3839
181602, 3839
193873, 3839
210501, 3839
237565, 3839
255544, 3839
64882, 3838
134502, 3832
237806, 3832
247410, 3832
285539, 3832
74790, 3829
130896, 3825
34075, 3784
36416, 3784
50198, 3784
51653, 3784
66907, 3784
182551, 3784
9147, 3782
44269, 3782
86544, 3782
54894, 3779
49784, 3769
144063, 3769
94876, 3762
180218, 3756
65335, 3751
172047, 3751
192611, 3751
240641, 3751
244254, 3751
292438, 3751
86412, 3748
96824, 3748
7527, 3739
107036, 3736
132720, 3714
60693, 3707
26139, 3699
66175, 3699
105295, 3699
110178, 3699
116138, 3699
187809, 3699
285888, 3677
12506, 3673
22747, 3673
35596, 3673
287903, 3673
296575, 3661
9688, 3649
198973, 3636
46857, 3627
273438, 3627
150076, 3624
75072, 3622
95314, 3622
158596, 3622
73344, 3621
38283, 3619
156416, 3597
23041, 3595
26255, 3595
49090, 3595
55641, 3595
65186, 3595
87615, 3595
104763, 3595
227142, 3595
282930, 3595
207025, 3569
183530, 3555
223357, 3555
136261, 3553
48610, 3534
105412, 3534
268277, 3517
137548, 3491
30418, 3480
39822, 3480
136797, 3480
171207, 3480
242465, 3480
258295, 3480
279549, 3480
286670, 3472
194119, 3465
22590, 3461
100436, 3461
215127, 3461
229239, 3460
214515, 3458
231052, 3453
209245, 3452
218746, 3452
268968, 3452
74626, 3447
75310, 3447
123379, 3447
128518, 3447
58538, 3441
195733, 3439
16754, 3438
109736, 3438
262509, 3438
23542, 3437
24207, 3437
75227, 3437
140386, 3437
149981, 3437
153047, 3437
166664, 3437
185603, 3437
192550, 3437
208192, 3437
233132, 3437
233583, 3437
237297, 3437
238798, 3437
260431, 3437
270262, 3437
272125, 3437
272891, 3437
275676, 3437
160221, 3421
98865, 3415
281224, 3415
285235, 3415
52468, 3404
117472, 3404
219631, 3404
106495, 3403
201224, 3403
277758, 3403
282906, 3403
112161, 3401
60047, 3397
72381, 3397
87335, 3397
155417, 3397
174061, 3397
198847, 3397
221387, 3397
277828, 3397
285311, 3397
104473, 3396
211125, 3396
283517, 3396
62946, 3391
124064, 3389
124954, 3389
153236, 3388
272024, 3388
121932, 3379
182538, 3360
190014, 3360
246533, 3360
267106, 3360
188972, 3357
282190, 3347
62008, 3338
70965, 3321
115125, 3315
144888, 3315
89826, 3311
126781, 3311
112999, 3290
120372, 3290
172021, 3290
173186, 3290
183309, 3290
232464, 3290
233436, 3290
240350, 3290
289566, 3290
225661, 3288
261175, 3288
97882, 3282
131609, 3282
131875, 3282
183372, 3282
222775, 3282
91269, 3268
94542, 3268
209610, 3268
249604, 3268
112077, 3262
141955, 3262
142214, 3262
158572, 3262
190118, 3262
227970, 3262
234094, 3262
236938, 3262
290904, 3262
134232, 3255
19178, 3245
151845, 3241
211373, 3238
236338, 3238
58437, 3233
28191, 3225
54875, 3225
93458, 3225
152177, 3225
195127, 3225
70747, 3221
15556, 3220
204199, 3220
254275, 3219
49358, 3207
113296, 3207
180931, 3207
246741, 3207
288382, 3207
74242, 3205
41655, 3201
130853, 3201
282620, 3201
59737, 3195
84454, 3187
172080, 3187
225005, 3187
243736, 3187
274614, 3187
15484, 3178
58546, 3178
289283, 3166
5334, 3164
291027, 3161
273000, 3159
123992, 3158
208873, 3158
225181, 3158
93109, 3147
138303, 3147
152978, 3147
277673, 3147
71795, 3143
134503, 3133
56274, 3124
95388, 3124
206119, 3124
115781, 3122
177376, 3122
214888, 3122
227419, 3122
253927, 3122
47006, 3120
72572, 3115
144552, 3115
282981, 3115
148058, 3111
173081, 3111
286266, 3111
270735, 3107
146080, 3099
224519, 3099
248203, 3099
258252, 3099
116745, 3092
187808, 3092
218579, 3090
16210, 3084
31164, 3084
244994, 3084
145414, 3077
273665, 3075
204038, 3069
54289, 3067
175897, 3067
118246, 3062
197095, 3062
116289, 3058
73261, 3050
74207, 3045
178759, 3040
272124, 3040
130856, 3038
178535, 3037
122844, 3029
193160, 3029
237946, 3029
283692, 3029
295827, 3029
41386, 3025
180682, 3025
188081, 3025
209120, 3025
245632, 3025
67767, 3017
21072, 3014
107763, 3014
281245, 3014
115622, 3012
267851, 3012
176448, 2998
197566, 2995
64230, 2989
131432, 2966
170590, 2962
251984, 2962
165181, 2958
183857, 2954
123139, 2949
95581, 2946
145317, 2931
290518, 2931
56994, 2929
108321, 2929
214224, 2929
214326, 2929
172765, 2924
45209, 2921
205455, 2910
244553, 2904
78515, 2897
27147, 2896
158178, 2892
198034, 2892
196481, 2884
212635, 2882
93981, 2863
212026, 2863
260096, 2863
209910, 2862
268313, 2862
243381, 2840
45627, 2836
125866, 2836
215263, 2836
290622, 2836
130859, 2834
37166, 2832
79852, 2832
233222, 2832
175861, 2824
124990, 2823
280117, 2821
64202, 2819
193964, 2807
241151, 2806
83823, 2790
233359, 2785
247712, 2785
92500, 2777
96636, 2777
33129, 2774
62163, 2774
169652, 2771
262827, 2771
201672, 2769
232525, 2744
68515, 2737
263171, 2733
80872, 2726
255577, 2710
213137, 2702
113104, 2679
157655, 2677
74753, 2669
230960, 2666
270415, 2663
56218, 2660
162798, 2657
240138, 2657
277343, 2643
158707, 2642
44639, 2636
132038, 2636
11046, 2628
144911, 2628
239156, 2628
139526, 2619
171090, 2619
178819, 2619
191765, 2619
199028, 2619
240516, 2619
282064, 2619
209118, 2618
30865, 2613
52107, 2613
119112, 2613
140915, 2613
157580, 2613
175573, 2613
178997, 2613
222585, 2613
256054, 2613
272421, 2613
240866, 2608
27228, 2596
82310, 2596
142971, 2596
225568, 2596
59477, 2593
114466, 2593
116058, 2593
207376, 2593
74845, 2587
227738, 2579
116753, 2563
199413, 2560
176048, 2537
35691, 2530
61799, 2530
210355, 2508
29596, 2507
188216, 2503
295398, 2503
776, 2500
11794, 2500
96854, 2500
120276, 2500
192153, 2500
207018, 2500
222606, 2500
223162, 2500
227640, 2500
243080, 2500
256325, 2500
262423, 2500
285445, 2500
2924, 2492
74208, 2491
71360, 2490
96133, 2490
55882, 2488
250884, 2488
237304, 2478
32663, 2473
43387, 2473
103251, 2470
202310, 2470
122167, 2463
164402, 2463
79562, 2459
250746, 2451
162780, 2444
204338, 2441
245704, 2440
163223, 2436
74224, 2430
77014, 2430
223037, 2430
64503, 2424
134899, 2423
75944, 2420
124982, 2420
212924, 2420
97241, 2414
78261, 2413
238826, 2409
112548, 2408
248876, 2408
97805, 2406
291349, 2406
286016, 2395
69044, 2391
184770, 2391
186688, 2391
231167, 2379
288083, 2377
236601, 2364
161964, 2358
26450, 2357
161069, 2357
177470, 2357
55034, 2352
223719, 2352
62851, 2348
175711, 2343
252366, 2343
214170, 2342
246030, 2342
100019, 2336
48090, 2335
285496, 2332
16304, 2330
16449, 2330
75040, 2327
127012, 2327
213889, 2327
245886, 2327
252006, 2327
264504, 2327
281693, 2327
285984, 2327
107533, 2319
241280, 2319
162864, 2317
228681, 2317
188461, 2315
142393, 2313
137107, 2309
86752, 2305
98501, 2293
126345, 2293
119320, 2284
97756, 2282
31406, 2266
41377, 2258
164449, 2258
283123, 2258
159764, 2254
167685, 2254
65618, 2253
260442, 2253
142483, 2252
274338, 2242
28386, 2224
98552, 2220
28851, 2215
95571, 2208
60473, 2207
8608, 2198
65255, 2198
244224, 2188
14619, 2187
137700, 2187
236208, 2187
164250, 2180
211944, 2177
111534, 2171
27481, 2164
73077, 2164
84237, 2158
38579, 2157
146022, 2157
161107, 2157
219713, 2157
233224, 2157
263217, 2149
2383, 2143
67586, 2142
24973, 2136
281193, 2136
145428, 2133
40903, 2121
41694, 2119
46065, 2119
48125, 2119
76832, 2119
84706, 2119
95115, 2115
120845, 2115
281581, 2113
293838, 2113
119481, 2109
125857, 2108
254817, 2107
142166, 2099
241627, 2099
263969, 2099
64624, 2094
215506, 2094
214542, 2088
60005, 2085
272934, 2083
30123, 2079
104423, 2079
158518, 2079
204189, 2079
255643, 2079
255798, 2079
224026, 2070
232863, 2070
128438, 2065
202252, 2065
199630, 2059
207974, 2059
217703, 2056
81989, 2054
175593, 2050
21626, 2047
140960, 2047
150392, 2047
287785, 2047
228070, 2046
53574, 2045
83609, 2045
240837, 2045
179776, 2042
75033, 2039
293184, 2039
235036, 2036
122237, 2035
253562, 2035
83765, 2034
205089, 2034
69260, 2033
235018, 2033
187981, 2031
228181, 2031
248927, 2031
48920, 2027
199051, 2026
146838, 2024
34310, 2013
44141, 2013
124911, 2013
219326, 2009
251944, 2009
258680, 2009
296268, 2009
291087, 2008
174483, 2004
295909, 2004
287641, 2001
45737, 1995
199102, 1993
193876, 1987
218128, 1987
213521, 1986
275810, 1986
39241, 1982
118610, 1982
195870, 1982
78617, 1979
111709, 1978
88829, 1976
132240, 1975
151824, 1971
170744, 1971
209775, 1967
129077, 1966
263658, 1954
124607, 1949
21717, 1947
32197, 1943
206394, 1943
200704, 1940
29910, 1938
293413, 1938
21921, 1925
34170, 1920
76276, 1920
122002, 1920
122867, 1920
181349, 1920
193301, 1920
218477, 1920
284057, 1915
225459, 1901
49978, 1895
82090, 1895
145522, 1895
150372, 1895
209057, 1895
266126, 1895
117395, 1890
172495, 1890
286485, 1878
84670, 1877
189617, 1877
24510, 1871
248526, 1871
75774, 1863
100037, 1861
246125, 1861
289969, 1861
148353, 1857
33706, 1855
132127, 1855
217439, 1855
228111, 1855
268293, 1855
226331, 1852
17292, 1850
261348, 1850
243901, 1847
196635, 1846
200696, 1839
240646, 1838
221782, 1837
196593, 1835
63515, 1834
121780, 1834
191789, 1834
192101, 1834
194500, 1834
198902, 1834
199293, 1834
202994, 1834
211404, 1834
246158, 1834
250066, 1834
268546, 1834
233956, 1833
240569, 1833
79363, 1826
145312, 1826
204994, 1826
97555, 1825
294554, 1824
284649, 1819
289151, 1819
223573, 1818
260395, 1818
265703, 1816
276408, 1816
289684, 1816
290720, 1816
41433, 1815
80066, 1815
280813, 1815
86266, 1814
78551, 1813
164987, 1808
295861, 1805
133713, 1802
66900, 1800
50062, 1799
112106, 1799
114863, 1799
148133, 1799
150004, 1799
153478, 1799
164370, 1799
253430, 1799
64883, 1795
89228, 1795
28218, 1794
214649, 1794
269029, 1794
286409, 1793
206611, 1790
63676, 1789
82562, 1789
258368, 1786
267605, 1786
280395, 1786
65883, 1784
103728, 1783
203611, 1783
75832, 1782
150391, 1782
60554, 1781
230638, 1781
81852, 1777
164097, 1777
285973, 1777
287823, 1777
86311, 1776
203331, 1776
166936, 1775
207964, 1775
269899, 1775
269289, 1774
275010, 1774
45868, 1773
144874, 1773
258679, 1773
49906, 1770
76174, 1770
95866, 1770
114382, 1770
117672, 1770
181052, 1770
183700, 1770
206396, 1770
232194, 1770
252607, 1770
266755, 1770
273286, 1770
281912, 1770
131561, 1769
158895, 1769
170112, 1769
260910, 1769
273186, 1769
229283, 1768
50866, 1766
68914, 1766
75095, 1766
91659, 1766
97070, 1766
97569, 1766
105621, 1766
120718, 1766
156833, 1766
194635, 1766
222977, 1766
230297, 1766
236301, 1766
245897, 1766
259616, 1766
261795, 1766
269671, 1766
287949, 1766
288219, 1766
292969, 1766
116315, 1760
150212, 1760
186896, 1760
217500, 1760
231771, 1760
232402, 1760
92067, 1758
124113, 1758
130990, 1758
166260, 1758
237268, 1758
239761, 1758
259221, 1758
48636, 1755
90164, 1755
176749, 1755
183098, 1755
186179, 1755
204084, 1755
294675, 1755
294939, 1755
64354, 1753
80682, 1753
109763, 1753
122201, 1753
144080, 1753
161621, 1753
177224, 1753
188856, 1753
223433, 1753
56179, 1751
8718, 1749
9283, 1749
12823, 1749
13850, 1749
19118, 1749
57430, 1749
86731, 1749
295590, 1749
128874, 1748
147129, 1747
166459, 1747
181726, 1747
76019, 1746
92411, 1746
94697, 1746
168283, 1746
208237, 1746
257330, 1746
267761, 1746
19733, 1743
79239, 1743
213364, 1743
140033, 1736
171856, 1735
97456, 1734
107309, 1734
122954, 1734
141365, 1734
146630, 1734
149833, 1734
182298, 1734
204531, 1734
213497, 1734
228414, 1734
269040, 1734
277128, 1734
61299, 1733
44405, 1728
129049, 1728
184017, 1728
68273, 1726
95478, 1726
186642, 1726
200548, 1726
211895, 1726
201642, 1724
233471, 1724
264121, 1724
144376, 1721
185622, 1720
232015, 1720
125076, 1717
188640, 1717
215859, 1717
77629, 1711
80359, 1711
86432, 1711
95706, 1711
155588, 1711
192341, 1711
263903, 1711
219174, 1707
243954, 1707
209023, 1705
13318, 1704
35351, 1704
213513, 1704
90022, 1703
157823, 1703
205430, 1703
213838, 1703
171257, 1701
195782, 1701
108664, 1700
61425, 1699
113602, 1699
223584, 1699
226819, 1699
280205, 1699
249769, 1697
268797, 1695
79403, 1691
112307, 1690
249952, 1690
92978, 1689
97578, 1686
147510, 1686
268292, 1686
87984, 1683
104237, 1683
222282, 1683
32965, 1682
148758, 1682
145639, 1681
184167, 1681
229566, 1681
267485, 1681
284298, 1680
57071, 1679
61411, 1679
66494, 1679
18228, 1675
89264, 1672
133393, 1672
49884, 1671
86142, 1671
91448, 1671
181001, 1671
181623, 1671
182773, 1671
183403, 1671
289602, 1671
195380, 1668
120525, 1664
282270, 1664
36591, 1661
56921, 1660
59283, 1660
71357, 1660
89107, 1660
89226, 1660
89422, 1660
97670, 1660
107203, 1660
109622, 1660
112456, 1660
119981, 1660
121689, 1660
134659, 1660
138739, 1660
139606, 1660
140059, 1660
143045, 1660
144895, 1660
150208, 1660
166662, 1660
173904, 1660
181208, 1660
190423, 1660
213184, 1660
224558, 1660
227051, 1660
230950, 1660
236236, 1660
238570, 1660
256471, 1660
263972, 1660
264320, 1660
272542, 1660
273812, 1660
284845, 1660
288592, 1660
293834, 1660
20709, 1659
249722, 1659
251359, 1659
144334, 1658
185596, 1658
229450, 1658
261445, 1658
29593, 1656
104898, 1656
121125, 1656
132112, 1656
156777, 1656
167216, 1656
170881, 1656
236512, 1656
243822, 1656
281720, 1656
286257, 1656
287346, 1656
140634, 1653
103005, 1651
136203, 1651
150193, 1651
180169, 1651
184213, 1651
218084, 1651
222352, 1651
140965, 1650
161604, 1650
168743, 1650
277881, 1650
82758, 1648
281578, 1646
30444, 1643
80391, 1643
119463, 1643
130584, 1643
136197, 1643
154738, 1643
161279, 1643
162825, 1643
226303, 1643
287492, 1643
289263, 1643
290552, 1643
157408, 1639
281032, 1639
266908, 1638
223805, 1637
63825, 1636
24951, 1635
144012, 1635
169421, 1635
129246, 1633
188712, 1632
240964, 1632
54405, 1628
73513, 1628
80390, 1628
132143, 1628
133920, 1628
134276, 1628
135204, 1628
141084, 1628
151137, 1628
156312, 1628
170075, 1628
173772, 1628
193745, 1628
256768, 1628
296126, 1628
40181, 1627
67892, 1627
74906, 1627
83158, 1627
83866, 1627
84049, 1627
84629, 1627
94826, 1627
97228, 1627
98408, 1627
112162, 1627
114597, 1627
117981, 1627
118939, 1627
122531, 1627
130417, 1627
148511, 1627
149957, 1627
162851, 1627
165482, 1627
173181, 1627
174104, 1627
174174, 1627
177975, 1627
180837, 1627
185286, 1627
190367, 1627
194985, 1627
204060, 1627
204468, 1627
239196, 1627
252285, 1627
257010, 1627
257092, 1627
260651, 1627
261755, 1627
273980, 1627
292069, 1627
34028, 1626
44879, 1626
48725, 1626
50983, 1626
54550, 1626
58713, 1626
64129, 1626
66374, 1626
80726, 1626
91007, 1626
91533, 1626
95284, 1626
98286, 1626
101187, 1626
101360, 1626
101819, 1626
104831, 1626
105156, 1626
106841, 1626
114889, 1626
115060, 1626
118254, 1626
119563, 1626
121153, 1626
127598, 1626
129355, 1626
132527, 1626
137206, 1626
139580, 1626
139950, 1626
141757, 1626
142308, 1626
143989, 1626
144431, 1626
150035, 1626
157540, 1626
161245, 1626
171584, 1626
172122, 1626
181045, 1626
183022, 1626
190342, 1626
193601, 1626
198714, 1626
200418, 1626
208644, 1626
209793, 1626
212004, 1626
214719, 1626
244647, 1626
253418, 1626
253717, 1626
272227, 1626
273705, 1626
273823, 1626
274595, 1626
276790, 1626
287436, 1626
293069, 1626
294115, 1626
1555, 1624
25673, 1624
25882, 1624
38420, 1624
89948, 1624
96762, 1624
119641, 1624
120678, 1624
127119, 1624
128042, 1624
142090, 1624
180440, 1624
196903, 1624
216205, 1624
218138, 1624
234362, 1624
237947, 1624
241244, 1624
266188, 1624
282032, 1624
288696, 1624
248083, 1620
83993, 1618
174321, 1618
280284, 1618
27398, 1617
79428, 1617
111913, 1617
123927, 1617
184878, 1617
189708, 1617
85188, 1614
175326, 1614
238087, 1614
292151, 1614
115524, 1613
100018, 1612
238053, 1611
284248, 1611
260641, 1609
171084, 1606
281519, 1606
294745, 1606
149138, 1605
151245, 1605
167317, 1605
200592, 1605
82097, 1602
122628, 1602
161289, 1602
189056, 1602
204924, 1602
226666, 1602
267850, 1602
275715, 1602
288419, 1602
124835, 1598
147684, 1598
295643, 1598
139581, 1597
104861, 1596
151106, 1596
110055, 1595
240207, 1595
280076, 1595
119646, 1594
134190, 1594
227942, 1594
170025, 1591
76581, 1590
263072, 1590
45569, 1589
117823, 1587
115267, 1583
21176, 1578
50634, 1578
286206, 1578
135649, 1577
206591, 1576
71551, 1575
163722, 1575
176523, 1575
182040, 1575
226756, 1575
274166, 1575
60314, 1574
77351, 1574
102105, 1574
112876, 1574
140460, 1574
181842, 1574
212361, 1574
261934, 1574
282116, 1574
67080, 1573
103303, 1573
119436, 1573
129173, 1573
133277, 1573
144796, 1573
157704, 1573
244641, 1573
248248, 1573
168926, 1572
288956, 1572
290511, 1572
68584, 1571
73660, 1571
134137, 1571
156045, 1571
166288, 1571
223768, 1571
244626, 1570
245444, 1570
102995, 1567
104758, 1567
129528, 1567
135943, 1567
146695, 1567
161020, 1567
178836, 1567
182180, 1567
241321, 1567
243655, 1567
251290, 1567
269631, 1567
156029, 1565
167109, 1565
50039, 1563
63431, 1563
125957, 1563
129248, 1563
177113, 1563
234548, 1563
296524, 1563
173602, 1562
179183, 1562
293517, 1562
185167, 1559
212529, 1557
214111, 1557
232724, 1557
250639, 1557
253033, 1557
275016, 1557
16945, 1556
187474, 1556
296467, 1555
111684, 1554
183964, 1554
190601, 1554
69384, 1552
74998, 1552
89588, 1552
276598, 1552
124039, 1548
76204, 1547
76838, 1547
77547, 1547
80334, 1547
85108, 1547
85389, 1547
96645, 1547
97163, 1547
116333, 1547
122911, 1547
127725, 1547
131409, 1547
137109, 1547
142878, 1547
143526, 1547
147208, 1547
150699, 1547
151508, 1547
156108, 1547
157891, 1547
170787, 1547
176186, 1547
176288, 1547
178735, 1547
192613, 1547
201038, 1547
202678, 1547
203334, 1547
204592, 1547
207631, 1547
218439, 1547
230257, 1547
231557, 1547
249517, 1547
251039, 1547
255618, 1547
260866, 1547
271845, 1547
283373, 1547
290246, 1547
293228, 1547
296135, 1547
105132, 1546
65486, 1545
113864, 1545
142980, 1545
170993, 1544
293193, 1544
269947, 1540
272637, 1540
287323, 1540
118467, 1539
169912, 1539
180632, 1539
6251, 1538
56749, 1537
251532, 1536
284539, 1536
16855, 1534
242191, 1534
69791, 1533
79110, 1533
82396, 1533
96030, 1533
143968, 1533
181864, 1533
194299, 1533
249530, 1533
63342, 1532
67102, 1530
72968, 1530
105183, 1530
113806, 1530
128891, 1530
150411, 1530
154114, 1530
161046, 1530
182018, 1530
182666, 1530
188416, 1530
194121, 1530
194568, 1530
208009, 1530
211374, 1530
215278, 1530
215896, 1530
224442, 1530
228913, 1530
230350, 1530
235330, 1530
263197, 1530
267326, 1530
270514, 1530
273129, 1530
275522, 1530
278977, 1530
280024, 1530
282328, 1530
289424, 1530
293715, 1530
62824, 1529
157856, 1529
286330, 1529
35184, 1528
46719, 1528
74163, 1528
84102, 1528
120935, 1528
132256, 1528
159191, 1528
187445, 1528
196783, 1528
250726, 1528
128754, 1526
106156, 1524
177855, 1524
105686, 1516
83539, 1515
98278, 1515
173446, 1515
179342, 1515
249350, 1515
83235, 1512
135941, 1512
165032, 1512
184276, 1512
205528, 1512
240550, 1512
276778, 1512
291074, 1512
93431, 1510
123502, 1510
177839, 1508
241196, 1508
40719, 1507
77993, 1507
106421, 1507
148152, 1507
173694, 1507
185812, 1507
200631, 1507
204582, 1507
210344, 1507
213409, 1507
217855, 1507
218170, 1507
240076, 1507
281875, 1507
27288, 1506
245605, 1506
291472, 1506
77680, 1505
215790, 1505
189259, 1504
119758, 1501
225809, 1501
225857, 1501
82614, 1499
94640, 1499
122832, 1499
129567, 1499
147176, 1499
183127, 1499
183852, 1499
184021, 1499
204952, 1499
236528, 1499
88220, 1497
95317, 1497
138966, 1497
177189, 1497
218584, 1496
275173, 1496
268351, 1495
251169, 1490
147344, 1489
246801, 1489
160620, 1488
77319, 1487
291134, 1487
128889, 1485
277579, 1485
286217, 1483
133629, 1482
232985, 1482
240026, 1482
66714, 1481
104809, 1481
118411, 1481
197120, 1481
213920, 1481
227258, 1481
228001, 1481
230961, 1481
17855, 1479
127152, 1478
155278, 1478
240239, 1478
285082, 1478
263505, 1476
9603, 1475
46085, 1475
95235, 1475
117640, 1475
206360, 1475
85635, 1473
185783, 1471
272427, 1471
14017, 1467
57106, 1467
133795, 1465
242522, 1465
283999, 1464
140201, 1463
243762, 1462
195842, 1461
151838, 1459
157490, 1459
184023, 1459
239655, 1459
56625, 1458
86614, 1458
132693, 1458
144069, 1458
176296, 1458
207039, 1458
234930, 1458
262134, 1458
269799, 1458
283103, 1458
125314, 1457
190528, 1457
207429, 1457
157666, 1456
196358, 1456
294648, 1456
114703, 1454
122684, 1454
135990, 1454
150921, 1454
166398, 1454
176605, 1454
186483, 1454
208914, 1454
209189, 1454
115147, 1450
147166, 1450
170116, 1450
230659, 1450
279415, 1450
200878, 1449
211947, 1449
169453, 1445
34981, 1444
45503, 1444
73385, 1444
126818, 1444
196700, 1444
133929, 1442
196075, 1442
290647, 1442
111660, 1439
208819, 1439
276571, 1439
290976, 1439
27196, 1438
270439, 1437
110747, 1436
14498, 1435
69281, 1435
85656, 1435
98345, 1435
110654, 1435
114587, 1435
195855, 1435
291024, 1435
6096, 1434
295482, 1432
15779, 1431
59611, 1431
65328, 1431
75184, 1431
89512, 1431
91016, 1431
95287, 1431
103415, 1431
107208, 1431
108029, 1431
111932, 1431
114560, 1431
119620, 1431
126185, 1431
132782, 1431
134828, 1431
146898, 1431
146992, 1431
164730, 1431
168993, 1431
171391, 1431
172431, 1431
174885, 1431
175263, 1431
186625, 1431
204282, 1431
207449, 1431
219377, 1431
224555, 1431
235032, 1431
255447, 1431
259214, 1431
236856, 1430
275964, 1430
79526, 1428
101566, 1428
118808, 1428
200859, 1428
232126, 1428
239014, 1428
89255, 1427
94635, 1424
289662, 1424
58671, 1423
158759, 1423
291735, 1423
182330, 1422
224419, 1421
87296, 1419
107645, 1419
265322, 1419
37430, 1418
42691, 1418
114432, 1418
183957, 1418
197060, 1418
199772, 1418
205868, 1418
238288, 1418
250923, 1418
267099, 1418
279515, 1418
289812, 1418
56069, 1413
282355, 1411
65393, 1410
70626, 1410
95854, 1410
104651, 1410
143547, 1410
160718, 1410
214874, 1410
218215, 1410
225449, 1410
230674, 1410
236960, 1410
242798, 1410
282585, 1410
290759, 1410
30765, 1409
225797, 1406
239730, 1406
57004, 1405
87454, 1405
87946, 1405
140088, 1405
141705, 1405
145019, 1405
148922, 1405
174150, 1405
192904, 1405
202333, 1405
210526, 1405
221316, 1405
233744, 1405
245487, 1405
252404, 1405
119987, 1404
86686, 1403
144750, 1403
174072, 1403
89186, 1402
279295, 1402
96603, 1401
182010, 1401
52014, 1398
147436, 1398
259338, 1396
3448, 1394
231196, 1394
250174, 1394
117802, 1393
146913, 1392
158498, 1392
226753, 1392
254229, 1392
282829, 1392
148774, 1391
152350, 1391
259651, 1391
276171, 1391
134983, 1390
144700, 1390
199665, 1390
219691, 1390
246786, 1390
251337, 1390
157097, 1389
156743, 1388
91589, 1387
10401, 1384
15925, 1384
73737, 1384
130278, 1384
195023, 1384
213672, 1384
230492, 1384
261350, 1378
104350, 1377
195968, 1375
268947, 1374
289241, 1373
56993, 1370
166875, 1370
188892, 1370
243693, 1370
57884, 1369
119574, 1369
142831, 1369
171756, 1369
242810, 1369
137320, 1366
244441, 1366
88813, 1365
174684, 1365
110498, 1363
288900, 1363
138993, 1360
238159, 1360
275176, 1360
1171, 1359
83867, 1359
160227, 1359
170909, 1359
221024, 1359
279865, 1358
175405, 1356
218999, 1356
277931, 1356
274438, 1355
19696, 1352
66687, 1352
88911, 1352
103362, 1352
129699, 1352
151350, 1352
172556, 1352
209065, 1352
226396, 1352
251524, 1352
252133, 1352
261553, 1352
283383, 1352
291774, 1352
9788, 1350
12282, 1350
53327, 1350
70685, 1350
101498, 1350
102702, 1350
107461, 1350
113640, 1350
159045, 1350
160998, 1350
171859, 1350
181717, 1350
194483, 1350
206142, 1350
222049, 1350
227907, 1350
262150, 1350
265571, 1350
273806, 1350
289522, 1350
63484, 1349
149014, 1349
156644, 1349
192255, 1349
207572, 1348
205130, 1347
201946, 1346
99914, 1345
238456, 1345
52738, 1344
48819, 1343
63936, 1342
294405, 1342
61082, 1338
85459, 1338
97392, 1338
121084, 1338
129834, 1338
152402, 1338
154813, 1338
172129, 1338
178579, 1338
178744, 1338
183786, 1338
186484, 1338
222559, 1338
223201, 1338
230436, 1338
242462, 1338
254250, 1338
257810, 1338
257919, 1338
276161, 1338
278016, 1338
281918, 1338
84401, 1335
112093, 1335
126374, 1335
242165, 1335
144284, 1334
161049, 1333
210921, 1333
32539, 1332
32647, 1332
35584, 1332
37297, 1332
37988, 1332
59723, 1332
63643, 1332
76661, 1332
114379, 1332
287812, 1332
51607, 1331
276581, 1331
207643, 1330
260301, 1330
101488, 1327
196249, 1327
86316, 1326
259473, 1326
259966, 1326
272624, 1326
230397, 1325
287872, 1325
293523, 1325
98094, 1324
270433, 1322
21303, 1320
157859, 1320
169368, 1320
184605, 1320
193204, 1320
216364, 1320
238012, 1320
244029, 1320
87872, 1319
230036, 1319
275198, 1319
25767, 1318
37899, 1318
47655, 1318
101845, 1318
9136, 1317
13515, 1317
30094, 1317
42528, 1317
47894, 1317
51790, 1317
53291, 1317
53963, 1317
69967, 1317
72140, 1317
74593, 1317
80244, 1317
88256, 1317
91904, 1317
98301, 1317
100670, 1317
106261, 1317
108422, 1317
114668, 1317
127202, 1317
137661, 1317
145013, 1317
155315, 1317
172105, 1317
172732, 1317
174273, 1317
183155, 1317
184569, 1317
187979, 1317
191229, 1317
191985, 1317
229676, 1317
235499, 1317
244079, 1317
252550, 1317
269008, 1317
270083, 1317
290405, 1317
292322, 1317
294643, 1317
82879, 1316
87573, 1316
96041, 1316
101299, 1316
120746, 1316
156346, 1316
156750, 1316
168739, 1316
190519, 1316
191637, 1316
230280, 1316
231548, 1316
241271, 1316
266216, 1316
234933, 1315
253510, 1315
41113, 1314
290915, 1314
131210, 1313
23265, 1312
23722, 1312
106585, 1312
241105, 1312
250324, 1312
275009, 1312
23452, 1311
284819, 1311
290066, 1311
43165, 1309
58853, 1309
67227, 1309
113266, 1309
119743, 1309
136953, 1309
140223, 1309
165835, 1309
182376, 1309
206250, 1309
239527, 1309
249923, 1309
251250, 1309
275149, 1309
278832, 1309
31636, 1308
34820, 1308
40005, 1308
40038, 1308
43321, 1308
46170, 1308
58806, 1308
68998, 1308
72582, 1308
75980, 1308
76560, 1308
78238, 1308
86124, 1308
90351, 1308
96511, 1308
106920, 1308
111635, 1308
120447, 1308
132248, 1308
133950, 1308
135360, 1308
137906, 1308
139674, 1308
143735, 1308
149150, 1308
169957, 1308
171974, 1308
181218, 1308
183102, 1308
185802, 1308
199614, 1308
199945, 1308
208268, 1308
214538, 1308
226168, 1308
246897, 1308
277707, 1308
60558, 1307
88287, 1307
97108, 1307
107849, 1307
120444, 1307
212084, 1307
213776, 1307
263273, 1307
27652, 1306
38104, 1306
86909, 1306
89043, 1306
93116, 1306
102643, 1306
119246, 1306
127013, 1306
151673, 1306
162329, 1306
170317, 1306
211695, 1306
213817, 1306
260969, 1306
261533, 1306
264299, 1306
191674, 1304
195884, 1304
49803, 1303
228458, 1303
238683, 1303
263015, 1303
284330, 1303
203550, 1302
152014, 1300
169579, 1300
272892, 1300
291877, 1300
36025, 1299
64051, 1299
67238, 1299
103777, 1299
110838, 1299
200464, 1299
216271, 1299
238770, 1299
105991, 1298
127564, 1298
139437, 1298
267020, 1298
35451, 1297
97851, 1297
180934, 1296
197998, 1296
107107, 1295
42721, 1294
100694, 1294
101606, 1294
113382, 1294
146079, 1294
152292, 1294
209146, 1294
214468, 1294
221522, 1294
223185, 1294
268901, 1294
272428, 1294
286124, 1294
204422, 1293
261555, 1293
261691, 1293
77648, 1292
202702, 1292
24932, 1291
41015, 1291
61051, 1291
62800, 1291
106201, 1291
109718, 1291
119371, 1291
123620, 1291
142237, 1291
151286, 1291
199128, 1291
217088, 1291
248907, 1291
268609, 1291
281934, 1291
33098, 1287
42314, 1287
49971, 1287
65517, 1287
69483, 1287
70528, 1287
72367, 1287
76136, 1287
84573, 1287
95539, 1287
117350, 1287
127899, 1287
134761, 1287
137010, 1287
141429, 1287
169057, 1287
171778, 1287
173605, 1287
178657, 1287
187616, 1287
187931, 1287
192171, 1287
266086, 1287
129110, 1286
181204, 1286
210274, 1286
222928, 1286
228614, 1286
233058, 1286
240092, 1286
250561, 1286
53319, 1284
167405, 1284
220557, 1284
40974, 1282
172469, 1282
187998, 1282
288976, 1282
252638, 1280
260755, 1280
28967, 1279
105326, 1279
268838, 1279
290424, 1279
172196, 1276
274574, 1276
287794, 1276
94160, 1275
115018, 1275
136338, 1275
155132, 1275
178641, 1275
226404, 1275
284792, 1275
74592, 1274
93288, 1274
95437, 1274
196592, 1274
223740, 1274
229890, 1274
257455, 1274
291169, 1274
126051, 1273
131010, 1273
250468, 1273
279597, 1273
10629, 1272
37264, 1272
271511, 1271
154314, 1270
215396, 1270
264152, 1270
19478, 1269
125011, 1268
130054, 1268
162254, 1268
194953, 1268
275069, 1268
198689, 1266
47767, 1263
119002, 1263
126225, 1263
153461, 1263
181699, 1263
11802, 1262
182067, 1262
250411, 1262
132581, 1261
172953, 1261
238932, 1260
99957, 1259
228810, 1259
240796, 1259
107097, 1258
86955, 1257
20166, 1256
152153, 1254
296569, 1254
268452, 1252
13038, 1251
49017, 1251
69939, 1251
123287, 1251
198599, 1251
261646, 1251
272592, 1251
276763, 1251
30484, 1249
51704, 1249
68198, 1249
76120, 1249
102917, 1249
114191, 1249
226878, 1249
229520, 1249
235227, 1249
241848, 1249
268173, 1249
44721, 1247
78054, 1247
95767, 1247
103331, 1247
150821, 1247
41641, 1246
110788, 1246
170627, 1246
170784, 1246
190623, 1246
200828, 1246
209234, 1246
215106, 1246
217645, 1246
238925, 1246
239241, 1246
21127, 1245
137896, 1245
168885, 1245
64670, 1244
83630, 1244
79047, 1241
32116, 1240
37912, 1240
65207, 1240
66135, 1240
77377, 1240
80822, 1240
87080, 1240
21481, 1239
85846, 1237
108759, 1237
140837, 1237
156476, 1237
265138, 1237
199937, 1234
27856, 1232
114044, 1232
111344, 1230
239432, 1230
34491, 1228
116339, 1228
145785, 1228
160196, 1228
166871, 1228
169209, 1228
196943, 1228
216602, 1228
217578, 1228
106956, 1227
247228, 1227
283723, 1227
84930, 1226
87037, 1226
115441, 1226
117928, 1226
126392, 1226
132499, 1226
154554, 1226
164028, 1226
167577, 1226
174834, 1226
180041, 1226
181792, 1226
184772, 1226
186050, 1226
189537, 1226
193242, 1226
196197, 1226
196927, 1226
211303, 1226
218396, 1226
238572, 1226
239209, 1226
247512, 1226
253823, 1226
259091, 1226
272714, 1226
273410, 1226
284998, 1226
285170, 1226
288277, 1226
31144, 1225
42120, 1224
56361, 1224
102481, 1224
150351, 1224
247006, 1224
64720, 1223
68073, 1223
147382, 1223
195602, 1223
70906, 1221
85062, 1221
97521, 1221
117311, 1221
155786, 1221
83911, 1219
172408, 1219
237203, 1219
21384, 1218
50200, 1218
64001, 1218
72233, 1218
92558, 1218
120948, 1218
122030, 1218
129652, 1218
140301, 1218
142898, 1218
167247, 1218
197193, 1218
202206, 1218
205595, 1218
214787, 1218
226940, 1218
237525, 1218
248095, 1218
264496, 1218
281780, 1218
283488, 1218
70485, 1217
235331, 1217
259636, 1217
271027, 1216
60857, 1214
89704, 1214
96984, 1214
109205, 1214
112959, 1214
128350, 1214
128471, 1214
135278, 1214
138788, 1214
141763, 1214
159957, 1214
165669, 1214
171423, 1214
187707, 1214
216385, 1214
222334, 1214
249855, 1214
275748, 1214
27082, 1213
45778, 1212
190736, 1211
45818, 1209
91029, 1209
106480, 1209
110971, 1209
177897, 1208
25725, 1207
76904, 1207
149305, 1207
173657, 1207
203230, 1207
259377, 1207
39548, 1206
174017, 1206
205525, 1206
81192, 1205
115597, 1205
130481, 1205
211187, 1205
244554, 1205
14970, 1204
280367, 1204
157571, 1203
276267, 1203
146990, 1201
138808, 1199
48892, 1198
63741, 1198
187902, 1198
216702, 1198
72001, 1197
104788, 1197
112369, 1197
118940, 1197
43515, 1196
117130, 1196
131175, 1196
223581, 1196
256788, 1196
273582, 1196
29131, 1195
69016, 1195
85841, 1195
162869, 1194
169550, 1194
207525, 1194
270056, 1194
76469, 1192
81735, 1192
96208, 1192
111711, 1192
116198, 1192
119300, 1192
129489, 1192
197306, 1192
202582, 1192
208749, 1192
271503, 1192
99677, 1191
205731, 1190
213339, 1190
273781, 1190
45019, 1189
84050, 1189
93271, 1189
98472, 1189
108349, 1189
180966, 1188
219776, 1188
241025, 1188
279381, 1188
283519, 1188
284612, 1188
86247, 1186
101703, 1186
140933, 1186
263313, 1186
282101, 1186
9687, 1185
17268, 1185
109677, 1185
49781, 1184
77882, 1184
48964, 1183
54497, 1183
59534, 1183
77804, 1183
77805, 1183
87631, 1183
96299, 1183
113479, 1183
113680, 1183
119082, 1183
170129, 1183
177874, 1183
185395, 1183
206666, 1183
210405, 1183
235864, 1183
241156, 1183
248950, 1183
254522, 1183
257653, 1183
264166, 1183
21268, 1181
110779, 1181
120492, 1181
173430, 1181
173462, 1181
190878, 1181
36458, 1180
51167, 1180
70937, 1180
74278, 1180
123551, 1180
147677, 1180
95465, 1178
8017, 1177
31266, 1177
42515, 1177
84652, 1177
146200, 1177
177903, 1177
229743, 1177
79884, 1176
122170, 1176
260433, 1176
174481, 1175
237714, 1175
239463, 1175
3741, 1174
7364, 1174
43816, 1174
75019, 1174
75480, 1174
93765, 1174
95962, 1174
154028, 1174
169167, 1174
183227, 1174
210019, 1174
214522, 1174
235279, 1174
253665, 1174
282369, 1174
294143, 1174
65294, 1173
115233, 1171
41581, 1168
74222, 1168
171783, 1168
14489, 1167
73049, 1167
113761, 1167
114398, 1167
282568, 1167
28399, 1166
41087, 1165
47858, 1165
92415, 1165
160981, 1165
218825, 1165
28315, 1164
132700, 1164
242826, 1164
141992, 1163
38257, 1162
142092, 1162
149858, 1162
165775, 1162
257215, 1162
272987, 1162
76915, 1161
242025, 1161
257485, 1161
262231, 1161
126638, 1160
254962, 1160
87799, 1159
121184, 1159
210406, 1159
252986, 1159
207812, 1158
287545, 1158
80221, 1157
137835, 1157
142758, 1156
216412, 1156
257328, 1156
41523, 1155
43526, 1155
189163, 1155
194698, 1155
222661, 1155
277807, 1155
17135, 1154
277666, 1154
47448, 1153
80646, 1153
129509, 1153
171396, 1153
194677, 1153
221744, 1153
225663, 1153
241674, 1153
289678, 1153
11114, 1152
23498, 1152
46713, 1152
104224, 1152
110668, 1152
155956, 1152
160606, 1152
188239, 1152
210788, 1152
248694, 1152
259396, 1152
296272, 1152
93841, 1150
107215, 1150
107683, 1150
148933, 1150
181389, 1150
206135, 1150
268587, 1150
26094, 1149
51301, 1149
91909, 1149
101409, 1149
101413, 1149
107693, 1149
107918, 1149
111964, 1149
195812, 1149
221928, 1149
238461, 1149
259586, 1149
264191, 1149
275177, 1149
289786, 1149
40689, 1148
70887, 1148
226802, 1148
260203, 1147
276046, 1147
281816, 1147
43538, 1145
49271, 1145
54830, 1145
64742, 1145
84513, 1145
90412, 1145
93605, 1145
112686, 1145
138815, 1145
155416, 1145
172940, 1145
180757, 1145
293037, 1145
133503, 1144
34738, 1143
45609, 1143
53950, 1143
95118, 1143
99049, 1143
142692, 1143
151946, 1143
197496, 1143
231726, 1143
267273, 1143
292170, 1143
119131, 1142
187712, 1142
16127, 1141
62362, 1141
89501, 1141
110171, 1141
112965, 1141
228094, 1141
240949, 1141
26810, 1140
105441, 1140
149280, 1140
11868, 1138
17347, 1138
34872, 1138
36969, 1138
37407, 1138
39852, 1138
40640, 1138
43545, 1138
51912, 1138
58621, 1138
64634, 1138
68082, 1138
87094, 1138
90434, 1138
103538, 1138
106669, 1138
108696, 1138
118349, 1138
120597, 1138
122699, 1138
132347, 1138
148428, 1138
154012, 1138
169741, 1138
171932, 1138
186274, 1138
199061, 1138
204945, 1138
209055, 1138
212244, 1138
231230, 1138
236075, 1138
236286, 1138
263124, 1138
280489, 1138
291743, 1138
96161, 1137
99812, 1137
247446, 1137
24770, 1135
37494, 1135
45068, 1135
47816, 1135
50295, 1135
54298, 1135
58416, 1135
71404, 1135
74690, 1135
75348, 1135
84877, 1135
90995, 1135
101995, 1135
107824, 1135
118682, 1135
128145, 1135
133766, 1135
133840, 1135
136906, 1135
139976, 1135
141345, 1135
146315, 1135
151539, 1135
151587, 1135
157236, 1135
168718, 1135
183955, 1135
184065, 1135
209255, 1135
209608, 1135
230366, 1135
273251, 1135
280490, 1135
283848, 1135
294577, 1135
294887, 1135
32296, 1134
41592, 1134
58617, 1134
146213, 1134
238584, 1134
10994, 1133
80379, 1133
122831, 1133
180634, 1133
190240, 1133
232438, 1132
73379, 1131
80303, 1130
82265, 1130
101830, 1130
200790, 1130
208626, 1130
225929, 1130
85977, 1129
209760, 1129
213849, 1129
125252, 1128
26654, 1127
42883, 1127
108099, 1127
109539, 1127
111670, 1127
145251, 1127
257981, 1127
56849, 1126
57898, 1126
80125, 1126
107415, 1126
133667, 1126
157502, 1126
184392, 1126
203120, 1126
225365, 1126
237860, 1126
243167, 1126
244234, 1126
39355, 1125
45436, 1125
60514, 1125
85228, 1125
100592, 1125
123539, 1125
127033, 1125
137841, 1125
143533, 1125
144360, 1125
158464, 1125
190765, 1125
208476, 1125
287073, 1125
288875, 1125
40682, 1124
124970, 1123
295691, 1123
36596, 1122
58804, 1118
103869, 1118
127572, 1118
208193, 1118
246572, 1118
127263, 1117
253044, 1117
264420, 1117
65791, 1116
76308, 1116
116388, 1116
175376, 1116
48494, 1115
57029, 1115
77770, 1115
80442, 1115
81108, 1115
95457, 1115
101525, 1115
113280, 1115
119754, 1115
125594, 1115
139471, 1115
158018, 1115
176975, 1115
189545, 1115
225095, 1115
225814, 1115
248172, 1115
257028, 1115
291127, 1115
22467, 1114
131403, 1114
71990, 1113
163407, 1113
212762, 1113
23894, 1112
133448, 1112
174738, 1112
223510, 1112
266105, 1112
288053, 1112
295447, 1112
115303, 1110
117630, 1110
197491, 1110
288005, 1110
48394, 1109
193020, 1109
225042, 1109
288335, 1109
56108, 1106
59009, 1106
72358, 1106
93495, 1106
104960, 1106
151389, 1106
167371, 1106
226023, 1106
230400, 1106
258626, 1106
80017, 1105
205627, 1105
259398, 1105
15848, 1104
41547, 1104
109754, 1104
111906, 1104
150931, 1104
163464, 1104
188484, 1104
217106, 1104
227849, 1104
264841, 1104
79805, 1102
79984, 1102
100371, 1102
115611, 1102
229292, 1101
201139, 1100
221032, 1100
239401, 1100
8686, 1099
15480, 1099
65140, 1099
74158, 1099
127603, 1099
187722, 1099
247744, 1099
47674, 1097
127549, 1097
130628, 1097
143602, 1097
177192, 1097
238273, 1097
63209, 1096
70968, 1096
113534, 1095
212660, 1095
247529, 1095
275537, 1095
284828, 1095
293749, 1095
59021, 1094
102523, 1094
226043, 1094
29181, 1093
118268, 1093
119069, 1093
126720, 1093
135660, 1093
29929, 1091
37277, 1091
136935, 1090
142503, 1090
261819, 1090
185111, 1089
287643, 1089
120763, 1088
173345, 1088
271525, 1088
42804, 1086
51659, 1086
60366, 1086
70140, 1086
71856, 1086
79198, 1086
85655, 1086
155895, 1086
182337, 1086
185140, 1086
252144, 1086
46191, 1085
70938, 1085
88430, 1085
93704, 1085
102573, 1085
111227, 1085
122208, 1085
193641, 1085
222236, 1085
239829, 1085
268508, 1085
79096, 1084
187679, 1084
216783, 1084
155338, 1082
179186, 1082
194973, 1081
281093, 1081
202040, 1080
284193, 1080
60113, 1079
208416, 1079
209685, 1079
253065, 1079
274616, 1079
48522, 1078
55573, 1078
72837, 1078
115589, 1078
162228, 1078
167523, 1078
207626, 1078
252634, 1078
253645, 1078
284586, 1078
10521, 1077
27323, 1077
29791, 1075
121100, 1075
128211, 1075
196020, 1075
178757, 1074
201442, 1074
214813, 1074
252456, 1074
226019, 1073
111258, 1072
178763, 1072
79989, 1071
88544, 1071
111917, 1071
128617, 1071
212698, 1071
106947, 1070
128863, 1070
274664, 1070
279347, 1070
123189, 1069
40817, 1068
78574, 1068
208582, 1068
219049, 1068
225935, 1068
251931, 1068
108767, 1067
222892, 1067
290231, 1067
121413, 1066
85201, 1065
94022, 1065
136294, 1065
141617, 1065
143591, 1065
144536, 1065
153541, 1065
154546, 1065
157869, 1065
167608, 1065
183757, 1065
188062, 1065
195568, 1065
201133, 1065
203658, 1065
207545, 1065
250702, 1065
259028, 1065
264095, 1065
280512, 1065
282984, 1065
287181, 1065
292777, 1065
160838, 1064
92189, 1063
213491, 1063
232870, 1063
110020, 1062
89278, 1061
99368, 1061
190385, 1061
200723, 1061
255534, 1061
267265, 1061
276875, 1061
158491, 1060
295600, 1060
155356, 1058
175200, 1058
54434, 1057
54664, 1057
168394, 1057
214728, 1057
217152, 1057
222724, 1057
244434, 1057
273144, 1057
62212, 1056
69797, 1056
98016, 1056
120284, 1056
122657, 1056
131183, 1056
185628, 1056
193989, 1056
46392, 1055
47477, 1055
59707, 1055
60325, 1055
65009, 1055
85353, 1055
93610, 1055
113834, 1055
125344, 1055
135488, 1055
146083, 1055
146839, 1055
160425, 1055
162415, 1055
168021, 1055
191389, 1055
205082, 1055
206527, 1055
240803, 1055
252741, 1055
260189, 1055
267417, 1055
294341, 1055
55094, 1054
66388, 1054
293765, 1054
61603, 1053
113639, 1053
136770, 1053
247100, 1053
268922, 1053
110987, 1052
165061, 1052
234414, 1052
263244, 1052
104791, 1051
127341, 1051
164623, 1051
185912, 1051
195610, 1051
218383, 1051
95537, 1050
128630, 1050
61752, 1048
83146, 1048
292915, 1048
41147, 1047
62320, 1047
107010, 1047
134779, 1047
170269, 1047
246075, 1047
249864, 1047
277114, 1047
286780, 1047
267551, 1046
21299, 1045
50018, 1045
119157, 1045
139202, 1045
143418, 1045
189654, 1045
215931, 1045
226525, 1045
263435, 1045
266174, 1045
286368, 1045
118849, 1044
28674, 1043
48307, 1043
150275, 1043
160625, 1043
203666, 1043
41618, 1042
111547, 1042
162485, 1042
74981, 1041
127803, 1041
148927, 1041
239649, 1041
262967, 1041
62140, 1039
98064, 1039
100813, 1039
107516, 1039
241965, 1039
273234, 1039
4882, 1038
42962, 1038
67441, 1038
73052, 1038
159228, 1038
169630, 1038
252859, 1038
33742, 1037
70249, 1037
234542, 1037
147674, 1036
217048, 1036
283142, 1036
62287, 1035
148807, 1035
209521, 1035
232782, 1035
252461, 1035
45406, 1034
49205, 1034
51712, 1034
54693, 1034
58519, 1034
62797, 1034
77404, 1034
163818, 1034
175377, 1034
249270, 1034
283322, 1034
284702, 1034
197150, 1033
225720, 1033
241364, 1033
253502, 1033
264890, 1033
274199, 1033
209331, 1032
293280, 1032
71787, 1031
77174, 1031
218397, 1031
219452, 1031
234328, 1031
291498, 1031
85244, 1030
158302, 1030
252243, 1030
290370, 1030
79582, 1029
88851, 1029
93085, 1029
93450, 1029
166299, 1029
171616, 1029
199346, 1029
229381, 1029
256756, 1029
268011, 1029
276086, 1029
9768, 1028
106044, 1028
192105, 1028
201804, 1028
5945, 1027
61762, 1027
88650, 1027
165834, 1027
195185, 1027
236810, 1027
118316, 1024
131552, 1024
213563, 1024
211261, 1023
78334, 1022
93065, 1022
110404, 1022
113883, 1022
149104, 1022
172837, 1022
193005, 1022
270690, 1022
16248, 1021
31761, 1021
49117, 1021
71703, 1021
81296, 1021
126665, 1021
131089, 1021
152716, 1021
153868, 1021
193339, 1021
200163, 1021
225243, 1021
227065, 1021
243532, 1021
247570, 1021
267988, 1021
275780, 1021
286422, 1021
228995, 1020
142495, 1019
147771, 1019
161570, 1019
218686, 1019
265310, 1019
23700, 1018
28846, 1018
35986, 1018
38814, 1018
41911, 1018
50913, 1018
58337, 1018
103645, 1018
117161, 1018
122306, 1018
163171, 1018
187927, 1018
208096, 1018
208415, 1018
214531, 1018
219687, 1018
239912, 1018
242684, 1018
291775, 1018
51666, 1017
170456, 1017
68855, 1015
71603, 1015
118750, 1015
162036, 1015
181123, 1015
212423, 1015
257326, 1015
266706, 1015
291079, 1015
291363, 1015
53383, 1014
153994, 1014
213267, 1014
219285, 1014
250243, 1014
264097, 1014
266422, 1014
273572, 1014
282709, 1014
293108, 1014
32008, 1013
32853, 1013
39588, 1013
43713, 1013
158770, 1013
282185, 1013
45545, 1012
45676, 1012
58392, 1012
58843, 1012
59038, 1012
63988, 1012
69586, 1012
97055, 1012
143823, 1012
227709, 1011
29586, 1010
38397, 1010
57434, 1010
67696, 1010
67973, 1010
80592, 1010
105099, 1010
108695, 1010
130687, 1010
132384, 1010
154737, 1010
162169, 1010
164106, 1010
173387, 1010
176966, 1010
191221, 1010
275241, 1010
279797, 1010
46055, 1009
159801, 1009
222146, 1009
250118, 1009
275103, 1009
285992, 1008
91045, 1007
202347, 1007
12585, 1006
59692, 1006
63461, 1006
73910, 1006
83016, 1006
87515, 1006
89157, 1006
89581, 1006
97323, 1006
110504, 1006
128284, 1006
132491, 1006
143425, 1006
181476, 1006
43256, 1005
86692, 1005
153129, 1005
165592, 1005
185659, 1005
200738, 1005
220030, 1005
221889, 1005
234534, 1005
239360, 1005
241837, 1005
254718, 1005
265045, 1005
272213, 1005
274202, 1005
51571, 1004
56230, 1004
68482, 1004
223874, 1004
25083, 1003
34815, 1003
229972, 1003
19843, 1002
22138, 1002
59666, 1002
76242, 1002
227867, 1002
244365, 1002
48874, 1001
227422, 1001
265717, 1000
