9133, 147592
15414, 146941
73375, 146941
135681, 144300
15491, 142283
113037, 140337
162878, 140337
286050, 140337
7389, 139815
280065, 139779
6259, 138800
3062, 138632
16014, 138632
19020, 138632
23121, 138632
90389, 138103
170777, 138103
223572, 138103
236490, 138103
252897, 136575
198556, 135512
12638, 134625
13586, 134625
17420, 134625
19993, 134625
21455, 134625
22258, 134625
22290, 134625
62591, 134625
77890, 134625
204860, 132393
15121, 128507
7706, 127219
91355, 127219
35443, 126321
5566, 124979
15490, 124979
9216, 123602
11452, 123602
24907, 123602
47795, 123602
49475, 123602
55720, 123602
88015, 123602
34107, 117960
78228, 117960
13987, 117850
20616, 117850
22341, 117850
57445, 117850
47686, 117596
68395, 117596
23923, 114341
51307, 113866
61426, 113866
65316, 113866
127705, 113866
189998, 112453
70953, 112225
85186, 112225
81082, 111853
101978, 111853
190707, 111853
83633, 111113
138364, 109962
189894, 109936
129378, 108453
78588, 105455
45492, 91630
49810, 91630
53175, 91630
66946, 91630
74624, 91630
75643, 91630
76916, 91630
78276, 91630
108549, 91630
122643, 91630
130930, 91630
145985, 91630
147324, 91630
149063, 91630
177894, 91630
181641, 91630
194074, 91630
230012, 91630
249188, 91630
284095, 91630
19481, 90085
37110, 90085
74427, 90085
75859, 90085
129085, 90085
53366, 89831
3472, 89261
16909, 89261
90934, 88886
110686, 88886
145903, 88886
147969, 88886
161131, 88886
163460, 88886
171522, 88886
173017, 88886
181921, 88886
184148, 88886
188947, 88886
189409, 88886
189839, 88886
198448, 88886
200146, 88886
211500, 88886
227318, 88886
228149, 88886
229907, 88886
231508, 88886
232994, 88886
242128, 88886
243407, 88886
244288, 88886
254884, 88886
263361, 88886
264968, 88886
281341, 88886
284187, 88886
284605, 88886
44068, 87049
73562, 87049
85202, 87049
96004, 87049
103564, 87049
107870, 87049
112152, 87049
125570, 87049
127568, 87049
132204, 87049
143603, 87049
146451, 87049
150291, 87049
154677, 87049
154734, 87049
156380, 87049
159239, 87049
162862, 87049
166567, 87049
169223, 87049
171652, 87049
172388, 87049
174358, 87049
178841, 87049
181017, 87049
183918, 87049
185407, 87049
185904, 87049
189624, 87049
189830, 87049
189974, 87049
190207, 87049
192923, 87049
194577, 87049
195657, 87049
195742, 87049
197416, 87049
203207, 87049
203991, 87049
214085, 87049
214979, 87049
215837, 87049
219506, 87049
221095, 87049
223587, 87049
224023, 87049
225959, 87049
231057, 87049
232521, 87049
233930, 87049
237171, 87049
238409, 87049
239444, 87049
243240, 87049
244312, 87049
246994, 87049
249214, 87049
252106, 87049
254328, 87049
255034, 87049
255485, 87049
256952, 87049
258554, 87049
266918, 87049
267958, 87049
268953, 87049
269563, 87049
270038, 87049
272991, 87049
274038, 87049
277619, 87049
279272, 87049
284327, 87049
286803, 87049
287882, 87049
289370, 87049
289631, 87049
289778, 87049
290406, 87049
290854, 87049
291146, 87049
291468, 87049
186783, 85920
274326, 85920
9965, 85829
122428, 85489
136949, 85489
140665, 85489
149381, 85489
162010, 85489
166233, 85489
178837, 85489
182746, 85489
285898, 85489
76066, 85486
125163, 85429
192698, 85429
202147, 85429
216201, 85429
217705, 85429
184727, 85419
253784, 85419
292393, 85419
293076, 85419
293539, 85419
93702, 85323
107609, 85323
107829, 85323
116160, 85323
139030, 85323
232741, 85323
272838, 85323
275530, 85323
285562, 85323
287838, 85323
287854, 85323
292769, 85323
226714, 85282
277349, 85280
295572, 85280
119617, 85261
79204, 85056
287888, 85056
113301, 85037
119999, 85037
130593, 85037
166574, 85037
215579, 85037
269988, 85037
102974, 84489
114869, 84489
145819, 84489
171949, 84489
182997, 84489
191566, 84489
230545, 84489
251526, 84489
275584, 84489
1711, 84203
2187, 84203
2556, 84203
3735, 84203
156282, 84198
185067, 84198
210613, 84198
215188, 84198
223351, 84198
255234, 84198
255992, 84198
272003, 84198
277798, 84198
279430, 84198
285745, 84198
58528, 84173
247637, 83983
85072, 83934
100686, 83934
110884, 83934
150008, 83934
183813, 83934
192358, 83934
206701, 83934
210680, 83934
245697, 83934
248421, 83934
266966, 83934
276777, 83934
287063, 83934
81985, 83928
103712, 83824
1174, 83699
72061, 83699
194087, 83699
87290, 83403
108198, 83403
128733, 83403
144409, 83403
86423, 83323
92920, 83323
147867, 83323
148809, 83323
159791, 83323
285841, 83323
115733, 83134
116187, 83134
122680, 83134
267634, 83134
149636, 83003
150150, 83003
151808, 83003
195798, 83003
199641, 83003
211582, 83003
220886, 83003
32387, 82887
78193, 82887
88715, 82887
136982, 82887
150306, 82887
182333, 82887
182965, 82887
195374, 82887
197334, 82887
218372, 82887
256700, 82887
272538, 82887
282262, 82887
137459, 82639
234748, 82333
202171, 82079
213312, 82079
161244, 81970
95788, 81932
129458, 81932
137969, 81932
150387, 81932
156406, 81932
160437, 81932
163415, 81932
185292, 81932
224618, 81932
274871, 81932
276918, 81932
296445, 81932
57962, 81571
36367, 81451
41975, 81451
58155, 81451
66756, 81451
72527, 81451
77716, 81451
78395, 81451
86780, 81451
105534, 81451
120691, 81451
140711, 81451
145143, 81451
152096, 81451
162352, 81451
163606, 81451
205814, 81451
217736, 81451
251886, 81451
116979, 81420
234312, 81420
243682, 81420
248543, 81420
249718, 81420
256102, 81420
259604, 81420
262732, 81420
267771, 81420
271480, 81420
273651, 81420
277141, 81420
285549, 81420
287707, 81420
166135, 81223
5934, 81147
76548, 81147
120049, 80906
129297, 80906
139696, 80906
140735, 80906
144086, 80906
148546, 80906
152809, 80906
157609, 80906
167449, 80906
171573, 80906
176250, 80906
190629, 80906
201138, 80906
219031, 80906
220375, 80906
225669, 80906
236604, 80906
2957, 80737
5202, 80737
5661, 80737
9625, 80737
18054, 80737
18972, 80737
19288, 80737
20353, 80737
21466, 80737
24318, 80737
37969, 80737
161884, 80737
61784, 80664
100939, 80664
103703, 80664
181271, 80664
217668, 80664
223408, 80664
67394, 80618
36061, 80229
190642, 80107
199080, 79622
130516, 79538
5967, 78645
198713, 78615
65431, 78511
65710, 78142
73420, 78142
75853, 78142
77928, 78142
170013, 78124
8189, 77805
56185, 77805
59955, 77805
64810, 77805
68689, 77805
46899, 77690
33614, 77648
36496, 77648
39500, 77648
40433, 77648
42063, 77648
42566, 77648
43818, 77648
55270, 77648
62084, 77648
68941, 77648
69910, 77648
70310, 77648
82217, 77648
83773, 77648
115648, 77648
159213, 77648
33379, 77625
77163, 77625
88833, 77625
126942, 77625
219695, 77625
265446, 77625
266004, 77625
246614, 77339
256670, 77339
292520, 77339
105978, 77270
196437, 77270
202353, 77270
204179, 77270
216184, 77270
217133, 77270
222951, 77270
228372, 77270
233828, 77270
236584, 77270
246702, 77270
249140, 77270
267026, 77270
278778, 77270
280658, 77270
55219, 77246
68769, 76956
78185, 76956
82971, 76956
89481, 76956
90837, 76956
199233, 76956
163277, 76924
201404, 76924
238834, 76924
269781, 76924
5214, 76706
132884, 76395
187040, 76374
202835, 76374
212551, 76374
226332, 76374
228000, 76374
236611, 76374
240825, 76374
247180, 76374
249911, 76374
254392, 76374
261902, 76374
263438, 76374
265309, 76374
266848, 76374
270054, 76374
270364, 76374
273646, 76374
276066, 76374
278262, 76374
282378, 76374
292971, 76374
293573, 76374
295844, 76374
82718, 76335
31387, 76166
79224, 76166
82028, 76166
115253, 76166
144162, 76166
154138, 76166
160056, 76166
259793, 75859
52919, 75450
66120, 75450
148075, 75450
150187, 75450
160565, 75450
179110, 75450
258833, 75450
242265, 75213
33520, 75169
39037, 75169
39327, 75169
43039, 75169
48343, 75169
55304, 75169
67355, 75169
68628, 75169
88602, 75169
97137, 75169
98360, 75169
98522, 75169
166546, 75169
257268, 75169
53029, 75159
85032, 75159
122705, 74100
27576, 73939
28494, 73939
188105, 73859
249354, 73859
24152, 72353
30326, 72353
32662, 72353
52499, 72353
96130, 72353
209738, 72353
78137, 72330
64837, 71755
218012, 71585
22551, 71002
34008, 70600
69537, 70358
88136, 70358
112982, 70358
15369, 70191
22213, 69863
26954, 69863
29470, 69863
290207, 69574
110908, 69502
82880, 69468
87095, 69468
235355, 69066
120059, 68754
21978, 68531
249653, 68513
125910, 67912
126385, 67866
115404, 67859
133786, 67859
144011, 67859
150709, 67859
215763, 67859
221137, 67859
226121, 67859
241758, 67859
257453, 67859
276535, 67859
291374, 67859
257915, 67709
77059, 66917
292222, 66229
7113, 66117
37598, 65647
219126, 65454
280203, 62092
49588, 61616
100405, 61616
223631, 61616
85937, 61277
87402, 61277
117449, 61277
146057, 61277
170326, 61277
247328, 61277
283699, 61277
285046, 61277
95779, 60898
192507, 60306
192464, 59560
195209, 58417
136537, 58306
170971, 58306
217323, 58306
268157, 58306
140380, 58159
288085, 57887
280477, 53851
283141, 47782
2082, 45920
17377, 45155
167626, 45097
228835, 44700
212812, 44146
168841, 41815
242182, 41815
176565, 36074
66680, 35583
94110, 35583
133138, 35583
158944, 35583
203809, 35583
211120, 35583
231424, 35583
231426, 35583
235653, 35583
274310, 35583
510, 34592
184116, 33160
68948, 32255
40156, 26164
33444, 24773
14643, 24753
16327, 24471
210145, 24471
279729, 24471
3, 22831
131616, 22831
159611, 22831
210007, 22831
60169, 22749
66899, 22749
15063, 22723
18033, 22723
19009, 22723
24224, 22723
30685, 22723
34559, 22723
44877, 22723
50104, 22723
56117, 22723
56489, 22723
65306, 22723
71072, 22723
77901, 22723
81451, 22723
100943, 22723
111282, 22723
140316, 22723
141742, 22723
144769, 22723
150106, 22723
154113, 22723
194937, 22723
201555, 22723
203543, 22723
205219, 22723
241186, 22723
251075, 22723
254280, 22723
264179, 22723
293246, 22723
27278, 22548
28328, 22548
36676, 22548
66169, 22548
69592, 22548
71825, 22548
78782, 22548
89210, 22548
96930, 22548
111380, 22548
115057, 22548
121760, 22548
138782, 22548
148519, 22548
148970, 22548
153644, 22548
155088, 22548
158797, 22548
164498, 22548
173312, 22548
174216, 22548
204164, 22548
204210, 22548
213532, 22548
237994, 22548
247802, 22548
255533, 22548
265220, 22548
279525, 22548
281081, 22548
293396, 22548
25476, 21831
627, 21577
101550, 21577
122427, 21577
129759, 21577
134289, 21577
134767, 21577
168868, 21577
169733, 21577
174807, 21577
219767, 21577
223563, 21577
229785, 21577
256964, 21577
287879, 21577
16138, 21450
27798, 21450
60093, 21450
82528, 21450
150997, 21450
279990, 21348
211696, 21066
47992, 21028
137259, 21028
161416, 21028
163264, 21028
182069, 21028
190975, 21028
202820, 21028
213924, 21028
250820, 21028
268040, 21028
262170, 20995
45989, 20983
19036, 20912
25644, 20912
91093, 20912
98225, 20912
226182, 20912
197708, 20748
36840, 20686
40525, 20686
42980, 20686
43708, 20686
92393, 20686
96270, 20686
120724, 20686
7098, 20677
24965, 20677
51887, 20677
119304, 20677
20986, 20616
27760, 20616
28522, 20616
31851, 20616
37290, 20616
38344, 20616
40383, 20616
42890, 20616
44306, 20616
44563, 20616
48825, 20616
51457, 20616
53246, 20616
59376, 20616
60999, 20616
62534, 20616
67457, 20616
69490, 20616
69873, 20616
72664, 20616
77970, 20616
80285, 20616
81872, 20616
87603, 20616
90236, 20616
91043, 20616
91330, 20616
92944, 20616
93395, 20616
94750, 20616
114735, 20616
116164, 20616
116786, 20616
117265, 20616
127962, 20616
130681, 20616
134787, 20616
138597, 20616
139160, 20616
139448, 20616
143867, 20616
151705, 20616
154125, 20616
157829, 20616
160194, 20616
161941, 20616
193409, 20616
199090, 20616
200601, 20616
208592, 20616
215423, 20616
218619, 20616
243772, 20616
245731, 20616
255292, 20616
263667, 20616
286032, 20616
290111, 20616
93343, 20554
141965, 20554
60933, 20550
2038, 20493
59814, 20190
68478, 20190
167555, 20190
184228, 20190
29025, 20143
31032, 20143
38470, 20143
46572, 20143
56132, 20143
65573, 20143
85406, 20143
85653, 20143
86923, 20143
104144, 20143
120818, 20143
122067, 20143
130977, 20143
134377, 20143
137253, 20143
139156, 20143
141489, 20143
155348, 20143
155518, 20143
177452, 20143
188849, 20143
210125, 20143
218907, 20143
220223, 20143
246654, 20143
288226, 20143
17583, 20008
20649, 20008
26348, 20008
85078, 20008
183833, 20008
13183, 19978
194408, 19969
219194, 19844
16262, 19820
16277, 19820
18518, 19820
23081, 19820
32908, 19820
94594, 19820
36975, 19803
63689, 19803
94764, 19803
84984, 19763
216280, 19763
20407, 19502
26797, 19502
30068, 19502
39076, 19502
41897, 19502
66040, 19502
69232, 19502
88168, 19502
118832, 19502
124273, 19502
165916, 19502
166749, 19502
167574, 19502
168526, 19502
185085, 19502
193531, 19502
219427, 19502
245710, 19502
82021, 19460
148661, 19460
178127, 19460
209824, 19460
230299, 19460
251819, 19460
276413, 19460
292003, 19460
97015, 19325
118868, 19325
135683, 19325
137985, 19325
173483, 19325
214221, 19325
261064, 19325
262682, 19325
19130, 19316
29984, 19316
228391, 19316
13217, 19301
49407, 19301
81525, 19301
196423, 19301
112165, 18908
13500, 18859
31533, 18859
43863, 18859
44752, 18859
46871, 18859
55466, 18859
61682, 18859
64521, 18859
76056, 18859
95110, 18859
124595, 18859
128059, 18859
130428, 18859
166977, 18859
172687, 18859
176629, 18859
184225, 18859
184570, 18859
220801, 18859
255717, 18859
258274, 18859
282310, 18859
125644, 18796
12730, 18712
59461, 18712
184609, 18712
89931, 18558
281974, 18558
15458, 18499
23627, 18499
82760, 18499
244620, 18475
204263, 18358
231435, 18358
42690, 18248
56204, 18248
18458, 18091
21674, 17986
4576, 17767
20123, 17767
283165, 17767
41551, 17731
107467, 17731
128380, 17731
200585, 17731
215185, 17731
70120, 17538
56886, 17446
5271, 17108
151492, 17108
156987, 17108
180305, 17108
211859, 17108
255082, 17108
63387, 16883
559, 16838
52339, 16704
118723, 16704
129439, 16704
266699, 16704
268299, 16704
127475, 16694
294, 16514
4018, 16431
5040, 16431
19950, 16431
20156, 16431
278868, 16431
54233, 16414
63337, 16253
125060, 16247
261739, 16247
31909, 16245
149387, 16245
158150, 16081
288378, 16063
141797, 15897
56267, 15766
91370, 15640
39492, 15597
45058, 15597
46316, 15597
73975, 15597
101390, 15597
107749, 15597
166277, 15597
289826, 15597
136577, 15541
20275, 15374
167895, 15318
122816, 15307
106512, 15260
138510, 15260
144221, 15260
146208, 15260
174831, 15260
197801, 15260
209797, 15260
216424, 15260
251, 14575
280554, 14049
133302, 13727
166051, 13127
10175, 11886
163771, 11794
83769, 11715
50250, 11126
273901, 10532
990, 9618
148742, 9241
25566, 9230
94385, 9230
20348, 8906
67804, 8906
109542, 8906
178144, 8906
256706, 7674
187207, 7338
210762, 7338
261568, 7338
283439, 7338
294381, 7338
46391, 7078
228874, 7078
255632, 7078
89525, 7059
107018, 7059
227170, 7059
255591, 7059
256881, 7059
267704, 7050
109722, 7042
288928, 7042
183507, 6943
196828, 6943
203459, 6943
204207, 6943
207823, 6943
219024, 6943
219615, 6943
227754, 6943
244623, 6943
247411, 6943
248959, 6943
250642, 6943
251161, 6943
253639, 6943
253778, 6943
261161, 6943
263129, 6943
263357, 6943
270088, 6943
280004, 6943
281694, 6943
285448, 6943
291845, 6943
291921, 6943
292607, 6943
293613, 6943
151537, 6855
211599, 6855
107685, 6773
129141, 6773
167436, 6773
184146, 6773
185893, 6773
188337, 6773
192906, 6773
209080, 6773
213181, 6773
225411, 6773
225937, 6773
230343, 6773
231663, 6773
245550, 6773
247578, 6773
247871, 6773
247996, 6773
249858, 6773
254582, 6773
260497, 6773
260756, 6773
263160, 6773
263330, 6773
264412, 6773
273484, 6773
280506, 6773
287125, 6773
293313, 6773
105573, 6707
226581, 6707
134913, 6658
182804, 6658
193568, 6658
196931, 6658
258583, 6658
268821, 6658
277194, 6658
283817, 6658
290550, 6658
172364, 6650
1657, 6569
93435, 6487
246015, 6487
199427, 6424
134323, 6421
145775, 6421
160173, 6421
160322, 6421
183639, 6421
192331, 6421
193277, 6421
193300, 6421
224405, 6421
226167, 6421
226274, 6421
227843, 6421
229458, 6421
232223, 6421
248179, 6421
256651, 6421
269181, 6421
274489, 6421
281078, 6421
288993, 6421
205996, 6393
200024, 6330
196492, 6329
259842, 6329
261973, 6329
264592, 6329
286589, 6329
108915, 6322
267857, 6322
262261, 6246
182895, 6182
210198, 6182
233051, 6182
123192, 6146
125526, 6146
131465, 6146
157612, 6146
163358, 6146
177203, 6146
181245, 6146
184586, 6146
197989, 6146
208794, 6146
220954, 6146
234887, 6146
238290, 6146
251103, 6146
261036, 6146
279628, 6146
278169, 6081
227891, 6007
71180, 5955
182300, 5955
189813, 5955
190262, 5955
260522, 5955
253128, 5946
264397, 5946
46141, 5927
219344, 5927
96413, 5923
111512, 5923
136996, 5923
141179, 5923
141858, 5923
149054, 5923
160191, 5923
161589, 5923
168601, 5923
169551, 5923
183692, 5923
189007, 5923
197154, 5923
203771, 5923
211985, 5923
218234, 5923
226342, 5923
234315, 5923
240036, 5923
242171, 5923
248745, 5923
251031, 5923
251529, 5923
252255, 5923
256430, 5923
265216, 5923
270244, 5923
285074, 5923
288248, 5923
131428, 5918
138270, 5918
160533, 5918
161644, 5918
204354, 5918
212961, 5918
215128, 5918
223081, 5918
233250, 5918
258481, 5918
259527, 5918
267364, 5918
269482, 5918
273986, 5918
285226, 5918
295462, 5918
179151, 5871
80448, 5801
185324, 5801
201035, 5801
29867, 5728
215383, 5728
217751, 5728
26919, 5726
130113, 5718
154230, 5709
174636, 5709
238313, 5709
119124, 5697
219777, 5593
247240, 5593
284578, 5593
166509, 5589
208097, 5589
237752, 5589
236173, 5534
189634, 5497
110786, 5425
162642, 5341
193508, 5341
6692, 5275
147519, 5270
156532, 5270
174851, 5270
177064, 5270
195372, 5270
204185, 5270
216819, 5270
221658, 5270
234325, 5270
254128, 5270
265977, 5270
274620, 5270
278373, 5270
241133, 5266
85815, 5264
92298, 5264
102525, 5264
145763, 5264
106540, 5216
118787, 5216
222296, 5216
238346, 5216
250777, 5216
258662, 5216
274922, 5216
68347, 5210
179970, 5210
106240, 5176
279038, 5144
284498, 5144
307, 5129
23213, 5129
41900, 5129
47497, 5129
52070, 5129
94860, 5129
146123, 5129
219846, 5129
121147, 5115
243628, 5072
262065, 5072
100988, 5071
120431, 5071
201791, 5071
175318, 5059
59111, 5048
254816, 5048
178620, 5030
229303, 5025
231309, 5025
264677, 5025
126000, 5020
140080, 5020
146791, 5020
153710, 5020
154496, 5020
163548, 5020
169530, 5020
185981, 5020
202796, 5020
253872, 5020
263123, 5020
82547, 4993
89451, 4993
168091, 4993
173366, 4993
209783, 4991
223411, 4991
81666, 4989
260541, 4989
284724, 4989
191889, 4988
203104, 4988
237598, 4988
267676, 4988
279754, 4988
292261, 4988
31228, 4987
203191, 4987
38, 4972
6177, 4972
108036, 4972
113827, 4972
208025, 4972
10854, 4962
66880, 4962
202224, 4962
42025, 4958
239201, 4954
239546, 4954
10722, 4950
265697, 4943
195840, 4918
266085, 4918
219700, 4912
235142, 4910
3751, 4891
12912, 4891
12969, 4891
14810, 4891
32904, 4891
62857, 4891
82025, 4891
117995, 4891
129574, 4891
134112, 4891
189968, 4891
192623, 4891
201841, 4891
202264, 4891
216703, 4891
257971, 4891
258370, 4891
290168, 4855
17340, 4852
78684, 4852
87303, 4852
273124, 4852
94719, 4832
140011, 4832
143339, 4832
271871, 4832
286305, 4832
191275, 4821
57619, 4819
153042, 4819
183682, 4819
292101, 4819
136894, 4809
222486, 4809
177122, 4798
165102, 4776
148364, 4766
34927, 4733
88185, 4733
105237, 4733
206506, 4727
57361, 4708
76279, 4708
76495, 4708
91303, 4708
101355, 4708
109910, 4708
120470, 4708
126092, 4708
187142, 4708
191755, 4708
241194, 4708
246440, 4708
258335, 4708
170033, 4695
272007, 4695
144775, 4694
254147, 4682
270007, 4682
132474, 4677
241854, 4677
150598, 4676
254587, 4673
76818, 4663
171614, 4658
267683, 4658
91673, 4636
235028, 4604
285285, 4604
145981, 4603
166124, 4603
247648, 4603
41556, 4582
74189, 4582
111246, 4582
120130, 4582
150002, 4582
174383, 4582
186317, 4582
145774, 4578
17945, 4575
113182, 4575
165754, 4575
178005, 4575
208340, 4575
250165, 4575
98425, 4558
138524, 4558
142281, 4557
218054, 4536
250956, 4536
260494, 4536
281562, 4536
151141, 4533
256358, 4533
81849, 4483
175184, 4452
255674, 4449
282593, 4445
122161, 4436
151612, 4436
105176, 4433
141092, 4433
249638, 4431
70309, 4430
213168, 4430
224176, 4430
203540, 4424
251314, 4424
253801, 4424
12333, 4409
145534, 4409
168644, 4405
223050, 4405
172791, 4394
221360, 4394
247383, 4394
128876, 4390
132525, 4390
144311, 4390
146584, 4390
151561, 4390
158659, 4390
249359, 4390
270387, 4390
272958, 4390
286690, 4390
293693, 4390
99782, 4387
109634, 4387
171085, 4387
186010, 4387
197465, 4387
212369, 4387
220220, 4387
135908, 4382
199303, 4382
62580, 4378
97236, 4378
101246, 4378
104226, 4378
125250, 4378
145871, 4378
160460, 4378
165548, 4378
172675, 4378
194651, 4378
198883, 4378
211487, 4378
215827, 4378
225147, 4378
236336, 4378
237709, 4378
239669, 4378
240120, 4378
244384, 4378
254082, 4378
263283, 4378
269539, 4378
295242, 4378
179678, 4326
80404, 4316
40477, 4310
179588, 4310
188448, 4310
190916, 4292
213730, 4292
109980, 4282
153719, 4282
225295, 4282
154515, 4279
250965, 4279
272901, 4279
31992, 4252
69921, 4252
104835, 4252
105731, 4252
124219, 4252
124836, 4252
129807, 4252
132939, 4252
196735, 4252
205904, 4252
206876, 4252
219783, 4252
226191, 4252
231465, 4252
236620, 4252
244356, 4252
268774, 4252
272334, 4252
226156, 4246
90602, 4232
200168, 4232
766, 4230
1562, 4230
3487, 4230
3685, 4230
5236, 4230
7062, 4230
12301, 4230
17284, 4230
19755, 4230
26351, 4230
38418, 4230
40284, 4230
56340, 4230
68970, 4230
84384, 4230
86366, 4230
135894, 4230
146330, 4230
224343, 4230
237641, 4230
275669, 4230
268183, 4218
81343, 4214
1899, 4209
85875, 4209
122141, 4209
158298, 4209
172084, 4209
203378, 4209
220489, 4209
229472, 4209
229758, 4209
231573, 4209
252592, 4209
290349, 4209
229, 4198
32958, 4189
254696, 4184
31166, 4175
48965, 4175
56262, 4175
120261, 4175
124279, 4175
161756, 4175
2550, 4160
2945, 4160
7118, 4160
30186, 4160
56315, 4160
80326, 4151
85591, 4120
171073, 4120
174252, 4120
261726, 4120
78240, 4119
112131, 4116
64016, 4115
158782, 4107
23053, 4104
38529, 4104
39681, 4104
41514, 4104
58319, 4104
64151, 4104
78635, 4104
82509, 4104
83081, 4104
88104, 4104
90061, 4104
92155, 4104
103126, 4104
106802, 4104
110016, 4104
132522, 4104
134145, 4104
136866, 4104
141925, 4104
153449, 4104
153796, 4104
170827, 4104
200447, 4104
216662, 4104
216744, 4104
233858, 4104
256981, 4104
258951, 4104
268884, 4104
273211, 4104
286066, 4104
118346, 4086
201424, 4085
257487, 4085
4565, 4078
133512, 4078
255866, 4068
236906, 4067
32242, 4045
251912, 4040
73036, 4030
258371, 4030
210018, 4001
249802, 4001
288924, 3992
28107, 3978
107345, 3971
170873, 3964
186848, 3964
162528, 3962
38349, 3937
62817, 3937
214038, 3937
274674, 3932
173790, 3925
78805, 3914
120770, 3914
209642, 3914
218762, 3914
69795, 3913
105443, 3913
173380, 3913
175099, 3913
176144, 3913
199328, 3913
248180, 3905
48404, 3903
184622, 3903
35441, 3897
225329, 3897
1972, 3884
19840, 3884
121279, 3884
167188, 3884
187132, 3884
239416, 3884
39958, 3879
42657, 3879
56503, 3879
80217, 3879
82395, 3879
86068, 3879
121664, 3879
29995, 3873
123848, 3873
138498, 3857
173381, 3857
43134, 3856
44508, 3856
114483, 3856
144122, 3856
148846, 3856
168057, 3856
168652, 3856
191139, 3856
216380, 3856
249917, 3856
253367, 3856
287727, 3856
63600, 3835
95944, 3835
102935, 3835
121439, 3835
159428, 3835
202694, 3835
216306, 3835
113935, 3831
34420, 3825
104152, 3825
115286, 3825
159185, 3825
195063, 3825
219710, 3825
289506, 3825
75378, 3808
170257, 3798
267616, 3798
12088, 3796
213831, 3796
216115, 3796
235409, 3796
263912, 3796
78820, 3777
113129, 3777
134410, 3777
146977, 3752
205889, 3752
264027, 3752
278668, 3752
283965, 3752
108476, 3746
37560, 3731
95458, 3731
124136, 3731
4717, 3726
156712, 3720
238916, 3720
77941, 3712
246556, 3706
264721, 3706
170751, 3703
252669, 3703
253918, 3703
198546, 3681
19295, 3676
51789, 3671
138542, 3664
166209, 3664
176086, 3664
186207, 3664
240539, 3664
280675, 3664
53264, 3653
64828, 3653
100273, 3653
127417, 3653
293368, 3640
39218, 3628
56901, 3628
97049, 3628
106642, 3628
111054, 3628
154483, 3628
237212, 3628
280448, 3628
295377, 3628
28471, 3621
240256, 3618
215066, 3571
271903, 3564
95210, 3553
106658, 3553
130657, 3553
136675, 3553
146054, 3553
158365, 3553
161651, 3553
188953, 3553
204448, 3553
223229, 3553
262537, 3553
275745, 3553
11771, 3550
63107, 3545
65587, 3545
178533, 3545
203592, 3545
210305, 3545
70639, 3543
75586, 3540
92700, 3540
112651, 3540
116896, 3540
249439, 3540
280578, 3540
230024, 3532
253147, 3532
146599, 3520
215566, 3520
27245, 3518
228557, 3518
251750, 3518
278176, 3518
282028, 3518
52, 3517
48157, 3516
55050, 3516
199337, 3516
177338, 3511
181428, 3511
228748, 3501
111239, 3492
111705, 3492
113507, 3492
146237, 3492
192621, 3492
226679, 3492
274650, 3492
295142, 3492
136359, 3491
234033, 3489
111435, 3485
179517, 3485
45008, 3484
99038, 3484
114621, 3472
183765, 3472
25846, 3468
249734, 3468
270167, 3468
276872, 3468
104646, 3466
61741, 3455
165423, 3455
212426, 3455
240672, 3455
116899, 3454
209233, 3454
230140, 3454
287669, 3454
80096, 3448
89194, 3448
166361, 3448
182843, 3448
217478, 3448
234375, 3448
38983, 3442
68142, 3436
141459, 3435
287040, 3435
283829, 3413
287635, 3411
216234, 3407
133157, 3406
134354, 3406
270825, 3406
123554, 3403
220799, 3400
32446, 3397
290742, 3394
46785, 3393
65344, 3393
120650, 3393
196684, 3393
31765, 3392
207502, 3389
226270, 3389
227316, 3389
128221, 3386
208189, 3386
9135, 3374
115998, 3367
186680, 3367
243496, 3367
46003, 3365
144568, 3365
170725, 3365
136132, 3354
292404, 3354
168236, 3349
90991, 3345
92143, 3345
146847, 3345
164510, 3345
286648, 3345
147248, 3339
216575, 3329
43541, 3323
88267, 3323
113329, 3323
198539, 3315
22060, 3312
40346, 3312
49221, 3312
50708, 3312
82690, 3312
91412, 3312
112511, 3312
114524, 3312
116091, 3312
135653, 3312
146030, 3312
162356, 3312
180606, 3312
210192, 3312
211482, 3312
274368, 3312
279126, 3312
150304, 3302
216021, 3302
240033, 3302
254669, 3302
85402, 3291
127375, 3291
143286, 3291
207261, 3291
212014, 3291
252470, 3291
290972, 3291
237896, 3288
242990, 3288
287141, 3288
147883, 3287
135443, 3283
140505, 3283
192219, 3283
216573, 3283
240838, 3283
262114, 3283
273387, 3283
139088, 3282
192842, 3279
95436, 3277
245159, 3277
42981, 3270
61469, 3270
156503, 3270
182607, 3270
206863, 3270
225160, 3270
289450, 3270
250559, 3269
290034, 3269
170322, 3260
180544, 3260
255615, 3260
82521, 3256
256789, 3256
82776, 3251
267136, 3251
287031, 3251
22010, 3249
64030, 3247
93380, 3247
135149, 3247
150708, 3247
233563, 3247
285934, 3247
208272, 3232
213319, 3232
235822, 3232
143344, 3225
290225, 3215
24943, 3213
185820, 3213
189488, 3213
191702, 3213
277761, 3213
258222, 3211
87221, 3208
239743, 3208
193077, 3202
218272, 3194
197134, 3183
163461, 3173
250279, 3173
263785, 3168
14982, 3166
113751, 3166
138909, 3164
141166, 3164
165281, 3164
225652, 3164
53288, 3163
140015, 3163
161497, 3163
175072, 3163
182134, 3163
230996, 3163
243547, 3163
244611, 3163
80468, 3157
120617, 3157
121165, 3157
153704, 3157
165879, 3157
203172, 3157
229255, 3157
51525, 3152
72908, 3152
22657, 3151
41844, 3151
76871, 3151
98013, 3151
113712, 3151
120071, 3151
156463, 3151
171202, 3151
209385, 3151
286228, 3151
103095, 3149
153199, 3149
273118, 3149
176516, 3144
214229, 3144
213703, 3138
221852, 3138
95272, 3137
115950, 3130
166489, 3130
195421, 3125
48730, 3121
221750, 3121
18035, 3110
32156, 3110
164474, 3104
151517, 3103
267138, 3099
47927, 3095
133410, 3095
198104, 3091
152024, 3085
130132, 3079
131522, 3079
100996, 3071
141845, 3071
151658, 3070
279809, 3070
197160, 3069
86991, 3061
120973, 3057
275188, 3057
42227, 3049
43110, 3049
43767, 3049
61075, 3049
100710, 3049
190093, 3049
212229, 3049
244421, 3049
248048, 3049
256275, 3049
261484, 3049
132407, 3043
154932, 3043
263366, 3043
228751, 3040
25664, 3029
290744, 3029
224741, 3027
54134, 3023
109336, 3021
229919, 3021
178164, 3020
232791, 3017
269160, 3017
86584, 3010
133018, 3010
48767, 2996
28415, 2990
37713, 2990
92870, 2990
133264, 2990
135770, 2990
180729, 2990
232785, 2990
256854, 2990
285295, 2990
2075, 2986
124256, 2986
214299, 2986
157458, 2984
84482, 2978
108278, 2978
289281, 2954
49504, 2943
74910, 2943
79755, 2943
92911, 2943
127245, 2943
127760, 2943
130287, 2943
168507, 2943
170969, 2943
177170, 2943
186624, 2943
221003, 2943
270295, 2943
272569, 2943
288571, 2943
294356, 2943
136752, 2931
259073, 2928
232253, 2910
114448, 2902
165504, 2902
7190, 2894
72542, 2889
125505, 2889
128282, 2889
190269, 2889
195539, 2889
226471, 2889
287438, 2889
95027, 2888
58704, 2884
217053, 2884
105076, 2883
128825, 2883
139521, 2883
187558, 2883
128536, 2872
39302, 2871
204471, 2871
239338, 2871
291110, 2871
245506, 2868
225587, 2865
101502, 2859
111527, 2859
32496, 2854
40054, 2854
48594, 2854
276715, 2854
163538, 2852
50186, 2847
70894, 2847
203514, 2844
85092, 2842
162561, 2842
249392, 2842
167075, 2837
254916, 2837
281466, 2837
140318, 2833
174048, 2833
269066, 2833
95707, 2831
128924, 2831
196681, 2830
53503, 2821
138214, 2815
142255, 2809
283267, 2809
122777, 2808
195545, 2808
217559, 2808
175273, 2806
99374, 2801
183950, 2801
120338, 2792
174153, 2792
208383, 2792
290104, 2792
9558, 2787
82340, 2782
89003, 2782
153986, 2782
265393, 2782
156908, 2774
189972, 2774
283226, 2774
39023, 2772
178795, 2772
65582, 2771
80440, 2771
19409, 2769
36850, 2769
45334, 2769
112771, 2769
117330, 2769
152084, 2769
191609, 2769
198917, 2769
198957, 2769
34386, 2760
103582, 2760
230933, 2760
94348, 2759
164484, 2759
210830, 2759
213667, 2759
52599, 2757
210654, 2757
232036, 2757
265597, 2757
283827, 2757
169014, 2748
283415, 2748
35133, 2743
63604, 2739
126607, 2739
133077, 2739
172053, 2739
166991, 2735
51193, 2733
197810, 2733
224878, 2733
258051, 2733
237428, 2728
290432, 2728
217250, 2725
933, 2719
53481, 2717
65957, 2717
182585, 2717
204218, 2717
228227, 2717
234871, 2717
287175, 2717
77208, 2715
256560, 2715
272657, 2715
41114, 2714
12066, 2710
87021, 2704
104705, 2704
133584, 2698
46072, 2693
114950, 2693
199987, 2693
221310, 2685
221429, 2685
289429, 2685
292267, 2685
133357, 2680
55318, 2677
96718, 2677
140593, 2677
201152, 2677
191958, 2674
180639, 2673
229455, 2673
237731, 2665
217530, 2664
32505, 2656
37305, 2656
38367, 2656
63269, 2656
84329, 2656
104165, 2656
123905, 2656
192292, 2656
167078, 2652
91551, 2642
130665, 2642
148401, 2642
261378, 2642
105430, 2641
175047, 2641
15185, 2634
63522, 2634
72265, 2634
78492, 2634
236566, 2634
236386, 2633
80011, 2631
201087, 2631
216418, 2631
228059, 2631
286872, 2631
296118, 2631
272237, 2624
58274, 2623
96505, 2623
103969, 2623
139327, 2623
165645, 2623
181076, 2623
249756, 2623
274403, 2623
123389, 2622
260332, 2622
290223, 2622
23985, 2616
285706, 2609
132979, 2601
188963, 2601
100961, 2600
181659, 2600
229666, 2600
273368, 2600
110009, 2598
151903, 2598
164244, 2598
255118, 2598
294787, 2598
30089, 2594
270887, 2594
167229, 2592
190767, 2592
12249, 2590
132545, 2583
119757, 2581
168850, 2579
187443, 2573
280098, 2571
139042, 2567
176253, 2564
145014, 2563
61829, 2560
234826, 2560
247187, 2560
176588, 2559
23021, 2557
62931, 2555
211845, 2555
98658, 2547
143933, 2543
247660, 2543
187280, 2541
93310, 2538
193127, 2538
96849, 2537
82451, 2529
177793, 2526
224320, 2526
165926, 2524
174342, 2522
19462, 2519
77214, 2519
263284, 2519
99896, 2514
55306, 2513
67128, 2513
167156, 2513
179981, 2513
189299, 2513
221817, 2513
107515, 2483
134283, 2483
147722, 2483
181247, 2483
183237, 2483
211062, 2483
258889, 2483
267163, 2483
273041, 2483
42818, 2472
152175, 2468
98122, 2463
154283, 2460
231181, 2458
122482, 2455
27558, 2451
97925, 2447
148097, 2447
204954, 2436
214645, 2436
219782, 2436
229306, 2436
266955, 2436
289541, 2436
38511, 2435
74261, 2435
73748, 2434
78234, 2434
119741, 2434
145887, 2434
215809, 2434
229013, 2434
241628, 2434
256574, 2434
262174, 2434
272551, 2434
281124, 2434
272914, 2430
256452, 2429
221610, 2427
290591, 2427
68751, 2420
293865, 2420
51709, 2402
81320, 2402
90894, 2400
105743, 2399
109095, 2399
252104, 2399
290769, 2399
200693, 2392
81539, 2391
212136, 2389
285566, 2389
131814, 2387
238574, 2387
290590, 2387
154411, 2379
47341, 2377
112217, 2377
129643, 2375
136614, 2375
181705, 2375
247767, 2369
202369, 2367
209846, 2367
110165, 2364
255374, 2364
274537, 2363
35050, 2357
93996, 2357
160334, 2356
6572, 2354
40775, 2352
93763, 2352
78626, 2341
259166, 2341
99216, 2338
283718, 2337
41591, 2335
43809, 2335
71065, 2335
140963, 2335
242719, 2335
18826, 2330
246769, 2329
285608, 2328
110624, 2324
170884, 2324
70179, 2323
164207, 2323
206995, 2323
230729, 2323
240469, 2323
77784, 2322
91912, 2322
189105, 2322
208588, 2322
217838, 2322
39732, 2321
282925, 2321
194247, 2313
94747, 2311
120053, 2311
240853, 2311
286629, 2309
90043, 2308
106425, 2308
114032, 2308
125136, 2308
170798, 2308
187513, 2308
235939, 2308
174686, 2299
110828, 2290
184378, 2290
214626, 2290
170546, 2287
177856, 2287
187412, 2287
197547, 2287
212521, 2287
236188, 2287
252645, 2287
266576, 2287
289431, 2287
12831, 2283
214980, 2282
41491, 2271
170541, 2265
239732, 2264
248042, 2264
28985, 2260
134775, 2260
152816, 2260
211795, 2260
70726, 2259
12373, 2255
25555, 2255
30310, 2255
164819, 2255
198157, 2255
259300, 2255
284294, 2255
116421, 2254
65066, 2246
69914, 2241
286353, 2241
154913, 2236
149082, 2233
17221, 2230
125718, 2230
142455, 2230
258817, 2230
243434, 2228
275364, 2228
235099, 2223
68583, 2221
73116, 2221
180460, 2221
213357, 2221
266462, 2221
271396, 2221
48300, 2213
88257, 2213
106222, 2213
116295, 2213
129496, 2213
146149, 2213
179257, 2213
236226, 2213
277132, 2213
21022, 2208
38417, 2208
45557, 2208
48072, 2208
60550, 2208
69187, 2208
92308, 2208
94264, 2208
97102, 2208
143957, 2208
149590, 2208
155361, 2208
160344, 2208
168723, 2208
169154, 2208
184263, 2208
192055, 2208
192822, 2208
237614, 2208
246046, 2208
253492, 2208
255109, 2208
265062, 2208
146834, 2203
161022, 2203
171757, 2203
244042, 2202
33874, 2201
131510, 2194
15246, 2193
24853, 2193
128448, 2193
235262, 2191
293786, 2188
99859, 2187
141256, 2185
281627, 2185
62641, 2184
135534, 2184
247066, 2184
252161, 2184
105424, 2181
118792, 2181
168459, 2181
84927, 2179
1354, 2173
202794, 2173
136645, 2170
178519, 2165
182491, 2157
268194, 2157
289806, 2157
185139, 2154
250328, 2154
288139, 2154
14226, 2151
20749, 2151
31388, 2151
71092, 2151
80414, 2151
84934, 2151
109578, 2151
138159, 2151
140778, 2151
141840, 2151
186351, 2151
191163, 2151
196493, 2151
226008, 2151
229552, 2151
230347, 2151
242579, 2151
247812, 2151
248545, 2151
249544, 2151
250950, 2151
253777, 2151
253923, 2151
254621, 2151
263099, 2151
263723, 2151
273269, 2151
279613, 2151
290488, 2145
143561, 2142
262786, 2142
252330, 2127
216706, 2125
145494, 2123
139119, 2120
148141, 2120
186261, 2120
250662, 2120
93937, 2118
114949, 2118
163049, 2118
52159, 2116
291382, 2115
101030, 2113
157949, 2113
274070, 2113
295016, 2113
232792, 2112
13880, 2104
172672, 2104
227450, 2104
60532, 2101
260771, 2101
15377, 2100
38314, 2100
233720, 2099
186819, 2098
50486, 2097
279829, 2097
43959, 2096
44224, 2096
59365, 2096
77085, 2096
80220, 2096
102972, 2096
105515, 2096
178159, 2096
243408, 2096
281006, 2096
294880, 2096
229091, 2083
270854, 2083
282821, 2083
242713, 2082
44506, 2066
63797, 2066
110521, 2066
178482, 2066
180963, 2066
261651, 2066
287876, 2066
172376, 2065
8929, 2060
100562, 2060
249795, 2060
27313, 2057
132122, 2054
145711, 2054
175175, 2054
138750, 2053
45064, 2052
53167, 2052
59695, 2052
121525, 2052
129219, 2052
43082, 2051
8348, 2050
12501, 2050
17299, 2050
24164, 2050
40678, 2050
42291, 2050
47451, 2050
53372, 2050
54584, 2050
65187, 2050
69799, 2050
69912, 2050
70831, 2050
71186, 2050
82779, 2050
88203, 2050
88486, 2050
89932, 2050
93044, 2050
96224, 2050
101170, 2050
105217, 2050
105325, 2050
112944, 2050
113016, 2050
114307, 2050
118231, 2050
119207, 2050
119868, 2050
119894, 2050
122676, 2050
124004, 2050
125183, 2050
126266, 2050
130677, 2050
130710, 2050
131364, 2050
132875, 2050
133511, 2050
135328, 2050
141300, 2050
146623, 2050
147181, 2050
147531, 2050
148591, 2050
148722, 2050
148751, 2050
149621, 2050
150558, 2050
151982, 2050
152200, 2050
153301, 2050
155774, 2050
156255, 2050
159309, 2050
160339, 2050
164225, 2050
168322, 2050
169791, 2050
169906, 2050
172831, 2050
173874, 2050
173877, 2050
178443, 2050
188147, 2050
194777, 2050
195583, 2050
200864, 2050
206300, 2050
206833, 2050
212429, 2050
222715, 2050
223133, 2050
224210, 2050
226811, 2050
229140, 2050
229948, 2050
230586, 2050
230724, 2050
231994, 2050
233047, 2050
236905, 2050
237577, 2050
237593, 2050
245081, 2050
252051, 2050
253437, 2050
257930, 2050
258070, 2050
259794, 2050
283233, 2050
284097, 2050
284185, 2050
288156, 2050
288789, 2050
291214, 2050
292087, 2050
94121, 2045
195190, 2045
10509, 2042
16803, 2042
56604, 2042
104261, 2042
141467, 2042
295701, 2042
86019, 2038
39414, 2037
140081, 2037
106402, 2036
206843, 2036
142922, 2034
122604, 2033
208051, 2033
247832, 2030
135644, 2025
14744, 2023
41771, 2023
69291, 2023
76716, 2023
78700, 2023
89721, 2023
96584, 2023
98870, 2023
101239, 2023
105973, 2023
121831, 2023
123388, 2023
128511, 2023
130202, 2023
133294, 2023
144507, 2023
150308, 2023
151627, 2023
158569, 2023
159905, 2023
162449, 2023
164870, 2023
196180, 2023
199148, 2023
210346, 2023
214527, 2023
217128, 2023
225192, 2023
233354, 2023
237686, 2023
238583, 2023
239352, 2023
239582, 2023
240638, 2023
245088, 2023
246936, 2023
253530, 2023
274406, 2023
274605, 2023
277533, 2023
288980, 2023
289133, 2023
291904, 2023
294629, 2023
296271, 2023
234192, 2022
249956, 2022
257470, 2020
26183, 2015
53155, 2015
78052, 2015
97973, 2015
102495, 2015
104507, 2015
111974, 2015
112341, 2015
112642, 2015
115740, 2015
118409, 2015
124011, 2015
126626, 2015
134216, 2015
152801, 2015
168141, 2015
170643, 2015
172154, 2015
176723, 2015
181725, 2015
183146, 2015
183574, 2015
186369, 2015
190327, 2015
199705, 2015
200598, 2015
203517, 2015
206532, 2015
209013, 2015
209261, 2015
214990, 2015
220425, 2015
234709, 2015
237073, 2015
246276, 2015
246749, 2015
248404, 2015
274566, 2015
274728, 2015
277783, 2015
277899, 2015
282103, 2015
282884, 2015
284033, 2015
293571, 2015
27181, 2014
80516, 2014
85258, 2014
89063, 2014
145824, 2014
84510, 2012
107064, 2012
164416, 2012
168393, 2012
172919, 2012
186113, 2012
188156, 2012
200363, 2012
213629, 2012
272913, 2012
274281, 2012
287775, 2012
196327, 2002
726, 2000
67597, 1995
94238, 1995
153912, 1995
121711, 1987
90561, 1985
188561, 1985
226590, 1985
234563, 1983
98125, 1981
254772, 1976
49759, 1973
265984, 1973
268749, 1972
55422, 1966
61296, 1966
67545, 1966
83642, 1966
89643, 1966
91968, 1966
104217, 1966
110382, 1966
120779, 1966
123784, 1966
131112, 1966
136353, 1966
155228, 1966
156133, 1966
175187, 1966
187298, 1966
187502, 1966
189087, 1966
192177, 1966
194385, 1966
196438, 1966
201582, 1966
210289, 1966
211000, 1966
211117, 1966
219921, 1966
225835, 1966
226144, 1966
228870, 1966
231721, 1966
236956, 1966
240361, 1966
243449, 1966
248437, 1966
256432, 1966
259549, 1966
265387, 1966
267931, 1966
274761, 1966
277547, 1966
49653, 1965
189790, 1965
84993, 1962
164417, 1962
123825, 1961
210458, 1961
293762, 1961
170267, 1960
185822, 1960
64769, 1958
225496, 1956
120558, 1955
259471, 1955
20062, 1954
128450, 1954
185327, 1954
190337, 1954
242867, 1954
91215, 1951
237787, 1948
245753, 1948
222124, 1945
1703, 1943
136798, 1943
130914, 1942
150686, 1942
226976, 1942
119031, 1941
271545, 1941
289658, 1940
5761, 1938
6091, 1938
6171, 1938
21327, 1938
30719, 1938
33793, 1938
49852, 1938
60615, 1938
61428, 1938
68134, 1938
91352, 1938
93560, 1938
96418, 1938
103388, 1938
147302, 1938
160919, 1938
164290, 1938
174144, 1938
177456, 1938
178304, 1938
188083, 1938
225058, 1938
259591, 1938
262569, 1938
282895, 1938
292707, 1938
292851, 1938
131164, 1937
159937, 1937
179593, 1937
213643, 1937
83509, 1927
95696, 1927
104617, 1927
121792, 1927
131439, 1927
142725, 1927
159340, 1927
164321, 1927
191669, 1927
192677, 1927
192956, 1927
193933, 1927
208596, 1927
212597, 1927
213479, 1927
217772, 1927
227169, 1927
227405, 1927
234171, 1927
239998, 1927
240685, 1927
245720, 1927
249319, 1927
252918, 1927
259463, 1927
261786, 1927
263311, 1927
286666, 1927
289307, 1927
50635, 1925
52897, 1925
82035, 1925
95490, 1925
105784, 1925
159419, 1925
237137, 1925
240189, 1925
252627, 1925
253364, 1925
262226, 1925
12248, 1921
23904, 1921
35134, 1921
148361, 1921
151973, 1921
166372, 1921
192977, 1921
200824, 1921
136271, 1919
139892, 1919
151719, 1919
215387, 1919
231951, 1919
63658, 1917
83166, 1917
178231, 1917
188353, 1917
216670, 1917
220259, 1917
229169, 1914
127043, 1913
39532, 1909
45838, 1909
48109, 1909
89655, 1909
91736, 1909
92637, 1909
105178, 1909
106189, 1909
119923, 1909
121089, 1909
122058, 1909
122908, 1909
123292, 1909
123454, 1909
124786, 1909
127063, 1909
127823, 1909
132655, 1909
138964, 1909
140580, 1909
141604, 1909
152761, 1909
154888, 1909
162126, 1909
176873, 1909
177675, 1909
181794, 1909
193626, 1909
194888, 1909
195561, 1909
195570, 1909
196176, 1909
196439, 1909
200629, 1909
209438, 1909
218082, 1909
220866, 1909
225372, 1909
231030, 1909
240946, 1909
247952, 1909
256031, 1909
259271, 1909
262492, 1909
263508, 1909
267039, 1909
270140, 1909
272182, 1909
278446, 1909
279131, 1909
279918, 1909
288773, 1909
291369, 1909
153006, 1906
166961, 1905
186189, 1904
51302, 1902
190332, 1902
208820, 1900
3297, 1899
32730, 1899
65407, 1899
93927, 1899
106953, 1899
56085, 1897
46296, 1892
40006, 1885
79378, 1885
84449, 1885
85694, 1885
99892, 1885
100484, 1885
102026, 1885
125517, 1885
198610, 1885
210454, 1885
211919, 1885
225253, 1885
244330, 1885
273478, 1885
180479, 1883
84188, 1882
242307, 1881
169965, 1879
25915, 1875
122590, 1875
207954, 1875
220979, 1875
75995, 1874
111783, 1874
94296, 1873
288713, 1873
192700, 1870
156285, 1869
290923, 1864
291276, 1864
38531, 1863
133754, 1863
28081, 1859
56870, 1859
155073, 1859
235390, 1859
254934, 1859
259202, 1859
65913, 1857
132269, 1855
291521, 1855
24537, 1853
186834, 1853
286081, 1852
4477, 1851
30591, 1851
11938, 1842
23577, 1842
138331, 1841
117386, 1839
119275, 1839
81142, 1837
117884, 1837
144870, 1837
168979, 1837
193588, 1837
215747, 1837
216259, 1837
226353, 1837
234769, 1837
284335, 1837
290313, 1837
290339, 1837
1758, 1833
38881, 1831
8044, 1828
178116, 1826
295548, 1824
236155, 1822
92473, 1821
18750, 1819
82475, 1816
86599, 1816
108668, 1816
106942, 1815
213593, 1815
286962, 1813
6280, 1807
6214, 1806
34134, 1806
91084, 1806
54905, 1804
112878, 1804
219525, 1804
261575, 1803
137571, 1802
44291, 1801
47460, 1801
242266, 1798
245453, 1798
115840, 1795
149155, 1794
197206, 1794
207809, 1794
217676, 1794
180372, 1791
200701, 1791
213572, 1787
21457, 1786
22828, 1786
44677, 1786
58322, 1786
67905, 1786
245615, 1786
104848, 1785
123644, 1785
164017, 1785
120553, 1783
40077, 1782
204101, 1782
123247, 1781
232896, 1780
254043, 1780
9720, 1777
14428, 1777
34393, 1777
60487, 1777
99530, 1777
25591, 1775
27004, 1775
45652, 1775
57497, 1775
61465, 1775
62062, 1775
146540, 1775
156883, 1775
180590, 1775
266248, 1775
280016, 1775
56830, 1774
195353, 1772
88733, 1770
77840, 1769
169382, 1769
229079, 1769
266023, 1769
147476, 1768
249033, 1768
291993, 1768
23575, 1767
27217, 1767
42286, 1767
48474, 1767
64034, 1767
74117, 1767
106379, 1767
109681, 1767
141328, 1767
145984, 1767
216507, 1767
232685, 1767
264040, 1767
282732, 1767
290672, 1767
294333, 1767
143236, 1766
20702, 1765
22253, 1765
23169, 1765
24057, 1765
31770, 1765
57418, 1765
107287, 1765
135707, 1765
159985, 1765
176575, 1765
193239, 1765
291888, 1765
43201, 1763
48768, 1763
95092, 1763
165685, 1762
226366, 1762
26404, 1758
66380, 1755
244443, 1755
105214, 1752
63837, 1751
221517, 1751
105600, 1750
223177, 1750
27871, 1748
77817, 1747
197312, 1747
211807, 1747
5446, 1745
17269, 1745
33649, 1745
40381, 1745
61050, 1745
61714, 1745
68693, 1745
77896, 1745
99210, 1745
112708, 1745
159621, 1745
176421, 1745
192612, 1745
209193, 1745
184769, 1743
102895, 1742
142004, 1742
217985, 1740
22388, 1738
148624, 1738
237872, 1738
277467, 1738
47877, 1735
86380, 1735
90264, 1735
143557, 1735
212198, 1735
271279, 1735
211776, 1734
229916, 1734
14469, 1733
94908, 1733
24714, 1732
32059, 1732
61161, 1732
62903, 1732
63593, 1732
78376, 1732
88852, 1732
152714, 1732
154840, 1732
160690, 1732
178992, 1732
180697, 1732
182434, 1732
183629, 1732
198327, 1732
199094, 1732
202136, 1732
226207, 1732
230344, 1732
251304, 1732
252882, 1732
276570, 1732
68772, 1723
7218, 1722
63777, 1722
70638, 1722
135111, 1722
75834, 1721
167899, 1721
42062, 1715
92641, 1715
108630, 1715
151417, 1715
210117, 1714
31099, 1711
48371, 1711
196425, 1711
233080, 1711
291580, 1711
207316, 1708
248412, 1708
131757, 1707
201535, 1703
114015, 1701
134000, 1699
58947, 1696
273983, 1696
35700, 1695
6433, 1693
25577, 1693
28129, 1693
45912, 1693
86484, 1693
200664, 1693
189151, 1692
87555, 1690
264189, 1688
152120, 1685
75109, 1684
198018, 1684
4610, 1681
50006, 1681
113269, 1681
245507, 1681
53166, 1680
169127, 1680
20752, 1677
35396, 1677
90421, 1677
99928, 1677
107652, 1677
130792, 1677
178811, 1677
230211, 1677
233115, 1677
11618, 1674
113004, 1674
164067, 1673
205121, 1672
229641, 1672
123855, 1671
271404, 1671
288583, 1671
36364, 1670
54334, 1670
59016, 1670
65356, 1670
65816, 1670
67590, 1670
70592, 1670
71673, 1670
83806, 1670
102565, 1670
111248, 1670
112429, 1670
114143, 1670
121250, 1670
136186, 1670
153722, 1670
154426, 1670
160095, 1670
178281, 1670
188376, 1670
191926, 1670
196779, 1670
209395, 1670
227495, 1670
229471, 1670
229965, 1670
231511, 1670
240081, 1670
245282, 1670
246284, 1670
246796, 1670
247768, 1670
262871, 1670
280366, 1670
283334, 1670
62266, 1667
147195, 1667
3678, 1666
36629, 1666
62407, 1666
77211, 1666
83935, 1666
104893, 1666
112970, 1666
122578, 1666
201027, 1666
216237, 1666
282472, 1666
124942, 1665
28188, 1663
192406, 1663
14125, 1662
34984, 1662
35668, 1662
55108, 1662
90323, 1662
129922, 1662
143477, 1662
160244, 1662
197613, 1662
220398, 1660
295272, 1659
125748, 1658
62915, 1657
222616, 1657
3514, 1653
70158, 1653
99258, 1653
103252, 1653
221892, 1653
174652, 1650
175005, 1650
184801, 1650
249160, 1650
163013, 1648
220231, 1646
292980, 1646
241648, 1645
140437, 1644
53313, 1643
191488, 1643
219051, 1642
6762, 1641
27685, 1641
138960, 1641
171824, 1641
253867, 1641
122292, 1634
128604, 1634
245128, 1634
35773, 1633
128538, 1633
161475, 1633
134799, 1632
140079, 1632
259748, 1631
124474, 1630
162793, 1630
163671, 1630
238988, 1630
241430, 1628
39056, 1627
58579, 1627
68938, 1627
229525, 1627
276429, 1627
277917, 1627
162811, 1626
180011, 1626
186155, 1626
249913, 1626
25561, 1622
37049, 1622
294941, 1621
183663, 1620
64350, 1619
226883, 1619
269415, 1619
82752, 1617
121227, 1617
220527, 1617
242677, 1617
68335, 1616
245189, 1612
287784, 1612
215299, 1611
236703, 1610
99923, 1606
36525, 1605
285053, 1604
37819, 1603
85161, 1603
185201, 1602
187829, 1602
209349, 1602
245402, 1602
254872, 1602
266472, 1602
288, 1599
256696, 1599
212885, 1597
281045, 1597
19352, 1594
295424, 1594
278847, 1593
84559, 1590
190409, 1589
25062, 1587
62521, 1587
244465, 1587
14737, 1584
51043, 1584
183820, 1584
189374, 1584
225339, 1584
52778, 1581
54509, 1581
141208, 1581
145858, 1581
215721, 1581
21178, 1580
103229, 1579
114202, 1579
131211, 1579
177893, 1579
190150, 1579
37825, 1576
52526, 1576
94863, 1576
275673, 1576
147496, 1574
74925, 1573
78449, 1573
295257, 1573
210412, 1569
218171, 1569
64147, 1566
101072, 1566
142055, 1566
254283, 1566
78356, 1565
112968, 1565
116903, 1565
156292, 1565
201537, 1565
214744, 1565
218422, 1565
229040, 1565
244032, 1565
259582, 1565
208134, 1564
34050, 1563
213422, 1562
9777, 1561
123157, 1561
126270, 1561
190806, 1561
213333, 1561
245911, 1561
296415, 1561
161014, 1559
61928, 1558
134668, 1558
109742, 1557
280131, 1557
164781, 1556
278742, 1556
93356, 1555
114579, 1555
224251, 1555
236080, 1555
63480, 1554
149111, 1554
182870, 1554
216696, 1554
37684, 1552
62493, 1552
282919, 1552
24784, 1549
10951, 1548
39124, 1547
107143, 1547
281154, 1544
260583, 1543
108717, 1539
264822, 1539
272814, 1539
84486, 1535
97944, 1533
237814, 1533
239712, 1530
24923, 1529
40258, 1529
40459, 1529
66147, 1529
142523, 1529
144715, 1529
296275, 1529
95859, 1526
182168, 1526
216858, 1525
281445, 1524
171877, 1522
206441, 1522
236415, 1522
237518, 1522
244118, 1522
257012, 1522
253895, 1521
153286, 1520
138670, 1518
159877, 1518
58249, 1514
74236, 1514
81300, 1514
200291, 1514
276223, 1514
46574, 1513
91466, 1513
95507, 1513
118437, 1513
192026, 1513
207401, 1513
272232, 1513
290783, 1513
33729, 1510
50344, 1510
60080, 1510
64121, 1510
70875, 1510
70978, 1510
145266, 1510
13655, 1508
137391, 1508
191381, 1508
224629, 1508
240146, 1505
7498, 1504
220288, 1503
27858, 1502
30546, 1502
35536, 1502
36645, 1502
36954, 1502
40253, 1502
52124, 1502
61346, 1502
73658, 1502
231638, 1502
276117, 1500
158857, 1498
123352, 1496
266503, 1496
123595, 1493
274081, 1490
133318, 1489
153531, 1489
245127, 1489
249338, 1489
266762, 1489
252934, 1488
253985, 1488
267457, 1487
284430, 1485
2032, 1483
8531, 1483
9707, 1483
44777, 1483
150659, 1483
259450, 1482
12640, 1480
22069, 1480
46938, 1480
92373, 1480
267122, 1480
106445, 1479
199618, 1479
236862, 1479
271397, 1479
92207, 1476
120560, 1475
271398, 1475
84760, 1473
128069, 1473
156182, 1473
282586, 1473
165722, 1472
294446, 1470
254729, 1469
34543, 1468
240666, 1468
68826, 1467
138712, 1467
85975, 1466
207950, 1466
288446, 1466
24788, 1465
130811, 1465
179797, 1464
296249, 1464
294677, 1463
40788, 1462
136449, 1462
174648, 1461
201375, 1461
241573, 1461
8547, 1459
232638, 1459
243223, 1457
133952, 1456
137504, 1456
146974, 1456
195158, 1456
209863, 1456
228813, 1456
254186, 1456
280685, 1456
73384, 1454
82294, 1454
19008, 1453
222181, 1453
230910, 1452
283352, 1452
30042, 1451
50372, 1451
87231, 1451
114550, 1451
137633, 1451
148358, 1451
183601, 1451
198338, 1451
200505, 1451
237588, 1451
256597, 1451
25502, 1450
36288, 1450
166217, 1450
182556, 1450
193270, 1450
54906, 1449
174038, 1449
12970, 1447
114634, 1447
161524, 1447
276158, 1447
145460, 1446
145813, 1443
58881, 1442
74285, 1442
76571, 1442
77877, 1442
80791, 1442
82369, 1442
83475, 1442
83883, 1442
84808, 1442
89603, 1442
92285, 1442
94355, 1442
96948, 1442
97238, 1442
98428, 1442
250863, 1442
89259, 1440
90206, 1440
99253, 1440
111349, 1440
135907, 1440
171562, 1440
172295, 1440
189728, 1440
242174, 1440
58912, 1439
74883, 1439
93447, 1439
101038, 1439
113872, 1439
129392, 1439
149065, 1439
157399, 1439
169464, 1439
178585, 1439
182103, 1439
186434, 1439
198125, 1439
219900, 1439
230118, 1439
252157, 1439
256184, 1439
262562, 1439
280479, 1439
55712, 1438
154140, 1438
197612, 1438
240289, 1438
257201, 1438
275168, 1438
131268, 1436
139406, 1436
195576, 1436
212209, 1436
224399, 1434
15223, 1432
47843, 1432
117469, 1432
104215, 1430
169664, 1430
112515, 1428
117768, 1427
282407, 1426
111751, 1425
190553, 1425
1608, 1423
3657, 1423
64024, 1423
213374, 1423
247178, 1423
270018, 1423
175630, 1421
220637, 1421
254303, 1421
71259, 1420
74348, 1420
110737, 1420
124917, 1420
204616, 1420
37822, 1419
205467, 1417
255736, 1416
74628, 1414
78237, 1414
82419, 1414
89551, 1414
145972, 1414
64374, 1413
38441, 1412
85075, 1412
86679, 1412
269619, 1412
88585, 1411
106634, 1411
175732, 1411
44032, 1410
89412, 1410
111943, 1410
126274, 1410
148886, 1410
152288, 1410
211699, 1410
251389, 1410
274831, 1410
294297, 1410
116560, 1408
120864, 1408
135003, 1408
237562, 1408
275752, 1408
110076, 1407
122344, 1407
148446, 1407
187673, 1407
256300, 1407
261319, 1407
262589, 1407
58272, 1404
94192, 1404
289322, 1404
207543, 1403
259134, 1403
17448, 1402
78129, 1402
282187, 1402
183109, 1401
208906, 1401
221266, 1401
221927, 1401
162398, 1400
64938, 1399
51454, 1398
135741, 1398
143907, 1398
144795, 1398
151518, 1398
35503, 1397
38773, 1397
119398, 1397
137771, 1397
152491, 1397
246146, 1397
269145, 1397
292923, 1397
137372, 1396
187287, 1396
260245, 1396
277626, 1396
290441, 1396
24761, 1395
75051, 1394
92854, 1394
39936, 1393
143071, 1393
127540, 1391
79112, 1390
98458, 1390
136658, 1390
145878, 1390
178951, 1390
76177, 1389
62277, 1388
175770, 1388
230137, 1388
242890, 1388
263919, 1388
96349, 1385
176895, 1384
235445, 1383
192446, 1382
58773, 1381
61964, 1381
70733, 1381
129573, 1381
138295, 1381
207497, 1381
290306, 1381
137337, 1380
295831, 1380
61301, 1379
63027, 1379
114433, 1379
221940, 1379
288386, 1379
289024, 1379
82312, 1378
82895, 1378
139700, 1378
194750, 1378
196328, 1378
206221, 1378
221526, 1378
290430, 1378
287286, 1376
186173, 1375
35088, 1374
61938, 1374
154659, 1374
225142, 1374
254697, 1374
26793, 1372
110188, 1372
110858, 1372
202319, 1372
286615, 1372
72351, 1371
85099, 1371
103981, 1371
127457, 1371
143005, 1371
196611, 1371
217707, 1371
6135, 1369
198862, 1369
67375, 1367
79920, 1367
125730, 1367
175938, 1367
185498, 1367
229863, 1367
73113, 1365
88263, 1365
111548, 1365
276592, 1364
42154, 1363
87328, 1361
96344, 1361
105196, 1361
113399, 1361
124107, 1361
127693, 1361
129640, 1361
136502, 1361
172731, 1361
215408, 1361
252595, 1361
262991, 1361
130080, 1360
154117, 1360
164938, 1360
244998, 1360
262063, 1360
263599, 1360
1391, 1358
97370, 1356
118220, 1356
120706, 1356
126368, 1356
143164, 1356
185936, 1356
198219, 1356
225068, 1356
249642, 1356
252096, 1356
260094, 1356
263678, 1356
739, 1355
39605, 1355
63251, 1355
115031, 1355
139423, 1355
150606, 1355
192283, 1355
206659, 1355
211528, 1355
219877, 1355
60729, 1354
121898, 1354
242540, 1354
15468, 1353
293991, 1353
180824, 1350
69627, 1349
98092, 1349
105398, 1349
105961, 1349
212138, 1349
241682, 1349
58931, 1346
74448, 1346
193115, 1346
243019, 1346
292476, 1346
59394, 1344
78202, 1344
207912, 1344
226924, 1344
230536, 1344
112689, 1342
245302, 1342
17774, 1341
83153, 1341
123452, 1341
138637, 1341
156783, 1341
246425, 1341
258099, 1341
10822, 1340
24002, 1338
278459, 1338
120390, 1337
237951, 1337
239273, 1337
263047, 1337
290038, 1337
61914, 1336
111617, 1335
162536, 1335
78651, 1333
145640, 1333
159866, 1333
3622, 1330
27519, 1330
98251, 1330
119995, 1330
237038, 1330
293949, 1330
170251, 1329
222354, 1329
127977, 1328
141719, 1325
166160, 1325
225302, 1325
227028, 1325
828, 1323
207080, 1323
251745, 1323
267596, 1323
75202, 1321
94901, 1321
122361, 1321
124489, 1321
135469, 1321
152510, 1321
183055, 1321
213546, 1321
216935, 1321
252771, 1321
275054, 1321
176334, 1320
202893, 1320
224402, 1320
96772, 1319
143685, 1319
179097, 1319
190105, 1319
252932, 1319
255333, 1319
272550, 1319
7996, 1317
14630, 1316
44259, 1316
74371, 1316
116748, 1316
126098, 1316
139431, 1316
191925, 1316
240429, 1316
223005, 1312
224882, 1312
228586, 1312
261974, 1312
273998, 1312
242353, 1309
114123, 1308
156362, 1308
166202, 1308
176539, 1308
247456, 1308
27063, 1307
104816, 1307
48173, 1306
100584, 1306
98288, 1305
91053, 1304
116366, 1304
228823, 1304
51395, 1303
63254, 1303
208620, 1303
261893, 1303
127516, 1302
135883, 1299
147497, 1299
205903, 1299
261587, 1299
152346, 1298
257796, 1298
184714, 1296
134611, 1295
191403, 1295
226398, 1295
283851, 1295
26726, 1294
95502, 1294
142445, 1294
159765, 1294
191993, 1294
232528, 1294
275625, 1294
176323, 1293
185710, 1293
198924, 1293
207183, 1293
211090, 1293
104891, 1292
139831, 1292
81828, 1290
103771, 1290
88488, 1288
224109, 1286
250391, 1286
261759, 1286
267470, 1286
120245, 1285
110414, 1284
190298, 1284
202493, 1284
222172, 1284
237270, 1284
263672, 1284
284103, 1284
64356, 1283
155450, 1283
44315, 1282
208587, 1281
132535, 1280
159833, 1280
198058, 1280
208863, 1280
222664, 1280
260422, 1280
275841, 1280
54922, 1279
122895, 1279
186363, 1279
248104, 1279
3962, 1278
75928, 1278
135445, 1278
142659, 1278
199361, 1278
19072, 1277
50700, 1277
101173, 1277
150875, 1277
211436, 1277
213909, 1277
284566, 1277
285628, 1277
43300, 1276
153455, 1276
205910, 1276
141770, 1275
183167, 1275
197330, 1275
203335, 1275
225928, 1275
251675, 1275
103985, 1274
234991, 1274
78767, 1272
197858, 1272
44047, 1271
187262, 1271
190745, 1271
90722, 1270
268964, 1270
70864, 1267
171317, 1267
172879, 1267
261776, 1267
25761, 1266
82290, 1264
158862, 1264
148339, 1263
64977, 1261
153974, 1261
155055, 1261
265533, 1261
282367, 1261
138983, 1260
165041, 1260
254517, 1260
67513, 1259
126087, 1259
157279, 1259
80772, 1258
278874, 1258
293584, 1258
94011, 1257
126326, 1257
178861, 1257
10197, 1256
24974, 1255
91802, 1255
199268, 1255
58268, 1253
260012, 1253
67101, 1252
183792, 1252
200932, 1252
276627, 1252
41364, 1251
152406, 1251
231197, 1251
293860, 1251
246336, 1250
291522, 1250
28103, 1249
216085, 1249
272847, 1249
292944, 1249
72331, 1248
262635, 1247
131948, 1246
269156, 1246
55092, 1245
153870, 1245
1874, 1244
73285, 1244
128557, 1244
176414, 1244
250401, 1244
21000, 1243
57737, 1243
180546, 1242
196413, 1242
215793, 1242
262858, 1242
281065, 1242
60449, 1241
66404, 1241
71747, 1241
85455, 1241
121922, 1241
122245, 1241
127197, 1241
130764, 1241
132316, 1241
147685, 1241
163116, 1241
174085, 1241
175401, 1241
181080, 1241
190002, 1241
200498, 1241
200911, 1241
201017, 1241
207858, 1241
235046, 1241
238542, 1241
243533, 1241
246206, 1241
250065, 1241
273944, 1241
56635, 1240
76901, 1240
97449, 1240
132343, 1240
136948, 1240
193196, 1240
208156, 1240
213015, 1240
217091, 1240
220439, 1240
14376, 1239
245429, 1239
260483, 1239
75063, 1238
136712, 1238
264799, 1238
272110, 1238
57545, 1237
59589, 1237
79650, 1237
80604, 1237
88883, 1237
228079, 1237
236066, 1237
258564, 1237
93146, 1236
119454, 1236
168665, 1236
142032, 1235
197692, 1235
153800, 1234
270057, 1233
275945, 1233
254041, 1232
80190, 1231
134581, 1231
170361, 1231
186836, 1231
205658, 1231
238696, 1231
274298, 1231
290423, 1231
26229, 1230
35539, 1230
76218, 1230
28207, 1229
248331, 1229
7567, 1228
47841, 1228
10420, 1227
155791, 1227
176357, 1227
225531, 1227
238532, 1226
179684, 1225
214556, 1225
113, 1224
5474, 1224
5556, 1224
5806, 1224
68960, 1223
36035, 1222
94434, 1222
166396, 1222
185458, 1222
249700, 1222
83197, 1221
121316, 1220
134302, 1220
211126, 1220
65963, 1216
94557, 1216
111279, 1216
111483, 1216
141026, 1216
143029, 1216
153854, 1216
182512, 1216
206103, 1216
285454, 1216
288488, 1216
292820, 1215
31273, 1214
75687, 1214
122704, 1214
183826, 1214
185474, 1214
202157, 1214
251017, 1214
257789, 1214
258177, 1214
265067, 1214
269888, 1214
274401, 1214
282767, 1214
295984, 1214
99089, 1212
124707, 1212
133304, 1212
194487, 1212
225443, 1212
233997, 1212
245489, 1212
261151, 1212
122860, 1210
130605, 1210
202109, 1210
280528, 1210
35733, 1209
97966, 1209
157564, 1209
238136, 1209
281126, 1209
54991, 1207
56601, 1207
219533, 1207
265271, 1207
265891, 1207
267883, 1207
276681, 1207
15820, 1206
60375, 1206
106225, 1206
168048, 1206
106287, 1205
107696, 1205
132674, 1205
200876, 1205
27787, 1204
74544, 1204
81977, 1204
216510, 1204
46313, 1203
153908, 1203
176257, 1203
195644, 1203
215113, 1203
240689, 1203
252899, 1203
270119, 1203
274666, 1203
58830, 1200
26573, 1199
98242, 1199
102954, 1199
201544, 1199
216788, 1199
62108, 1198
7076, 1197
65844, 1197
74331, 1197
78594, 1197
101997, 1197
188872, 1197
241632, 1197
246886, 1197
261017, 1197
272625, 1197
172351, 1196
43585, 1195
84765, 1193
147340, 1193
153818, 1193
230441, 1193
92019, 1192
121000, 1192
201868, 1192
217314, 1192
221705, 1192
268390, 1192
291173, 1192
79613, 1191
102461, 1191
132864, 1191
134727, 1191
155133, 1191
175294, 1191
176320, 1191
184635, 1191
188234, 1191
218120, 1191
256013, 1191
260508, 1191
282939, 1191
17483, 1190
272329, 1190
260412, 1189
263037, 1189
86750, 1188
81022, 1187
202959, 1187
212779, 1187
221858, 1187
245435, 1187
246190, 1187
276224, 1187
39399, 1186
200479, 1186
59923, 1184
82656, 1183
8388, 1182
78593, 1182
156413, 1182
168451, 1182
175908, 1182
211239, 1182
242470, 1182
256738, 1182
266854, 1182
74979, 1181
103956, 1181
155767, 1181
189226, 1181
9098, 1180
7674, 1179
14851, 1179
218566, 1179
257831, 1179
27822, 1177
71150, 1177
94948, 1177
162795, 1177
190377, 1177
220613, 1177
227826, 1177
240710, 1177
257331, 1177
266267, 1177
266602, 1177
281599, 1177
289825, 1177
63234, 1176
91121, 1176
136274, 1176
12694, 1174
64829, 1174
66869, 1174
93314, 1174
95463, 1174
104572, 1174
120942, 1174
177623, 1174
182836, 1174
198438, 1174
210058, 1174
240141, 1174
36007, 1173
86509, 1173
104935, 1173
179380, 1173
198895, 1173
220131, 1173
234135, 1173
239079, 1173
267095, 1173
4670, 1172
17538, 1172
47820, 1172
222618, 1172
169760, 1171
226576, 1171
104403, 1170
267346, 1169
5705, 1168
9442, 1168
19546, 1168
21043, 1168
26679, 1168
28379, 1168
28436, 1168
29008, 1168
74878, 1168
123607, 1168
149096, 1168
219320, 1168
221008, 1168
229374, 1168
233960, 1168
245857, 1168
246397, 1168
260595, 1168
263551, 1168
269467, 1168
40298, 1167
86892, 1167
92924, 1167
101256, 1167
126077, 1167
149547, 1167
253551, 1167
77837, 1166
94375, 1166
109733, 1166
247549, 1166
15866, 1164
97961, 1164
168042, 1164
33215, 1163
67211, 1163
93440, 1163
94899, 1163
129996, 1163
181665, 1163
251308, 1163
244969, 1162
88951, 1161
103347, 1161
170549, 1161
219182, 1161
96962, 1160
195707, 1160
46413, 1159
57867, 1159
61597, 1159
70993, 1159
75166, 1159
95319, 1159
138062, 1159
188018, 1159
188991, 1159
258321, 1159
15046, 1158
80263, 1158
137406, 1158
173703, 1158
253102, 1158
80161, 1157
93555, 1157
133293, 1157
226508, 1157
247425, 1157
292806, 1157
85252, 1156
105525, 1156
240188, 1156
264817, 1156
4641, 1155
53215, 1155
67800, 1155
85425, 1155
106793, 1155
121685, 1155
183592, 1155
188149, 1155
205526, 1155
251227, 1155
22933, 1154
25715, 1154
161117, 1154
169458, 1154
248798, 1154
115804, 1152
217050, 1151
2838, 1149
101717, 1149
112080, 1149
114084, 1149
142037, 1149
146909, 1149
164751, 1149
193854, 1149
197287, 1149
216116, 1149
218987, 1149
220227, 1149
239426, 1149
240446, 1149
265104, 1149
276281, 1149
4912, 1148
100821, 1148
155516, 1148
247663, 1148
70076, 1146
153112, 1146
154719, 1146
168730, 1146
184732, 1146
187819, 1146
217912, 1146
259369, 1146
271900, 1146
276947, 1146
124236, 1145
203047, 1145
21973, 1144
25138, 1144
36194, 1144
224338, 1144
188742, 1143
292118, 1140
119859, 1139
3250, 1138
37591, 1138
43578, 1138
52487, 1138
65368, 1138
103282, 1138
118984, 1138
129806, 1137
151436, 1137
254532, 1137
280294, 1137
287424, 1137
117128, 1136
1003, 1135
25121, 1135
81870, 1135
93383, 1135
162263, 1135
296247, 1135
50451, 1134
141116, 1134
152058, 1134
8774, 1133
47311, 1133
121328, 1133
128299, 1133
218889, 1133
257639, 1133
205880, 1132
175233, 1131
11199, 1130
46990, 1130
213000, 1130
241319, 1130
200197, 1129
133975, 1128
13659, 1127
125491, 1127
149268, 1127
202376, 1127
229821, 1127
272417, 1127
294101, 1127
272461, 1126
3437, 1125
58132, 1125
115978, 1125
209924, 1125
272066, 1125
220239, 1124
115175, 1123
205319, 1123
227876, 1123
84235, 1122
105593, 1122
202964, 1122
205101, 1122
216239, 1122
248168, 1122
9802, 1120
65938, 1120
72449, 1120
167888, 1120
279639, 1120
3007, 1119
80798, 1119
167296, 1119
13400, 1117
19079, 1117
93743, 1117
115989, 1117
153598, 1117
278134, 1117
209674, 1116
239382, 1116
251307, 1116
265853, 1116
50047, 1115
126228, 1115
153485, 1115
231914, 1115
142285, 1114
174341, 1114
217551, 1114
124904, 1113
161783, 1113
25557, 1112
43338, 1112
59453, 1112
167279, 1112
169899, 1112
213279, 1112
233612, 1112
5136, 1111
48258, 1111
75703, 1111
166350, 1111
1099, 1110
1201, 1110
25744, 1110
201613, 1110
209376, 1110
57072, 1109
179476, 1109
278360, 1109
13678, 1108
28969, 1108
40791, 1108
95958, 1108
30586, 1107
82041, 1107
104241, 1107
113503, 1107
134692, 1107
168981, 1107
187901, 1107
126096, 1106
193509, 1106
206617, 1106
18143, 1105
20805, 1105
23955, 1105
39908, 1104
47565, 1104
53555, 1104
67126, 1104
69969, 1104
86147, 1104
87496, 1104
108109, 1104
121909, 1104
123131, 1104
151179, 1104
151235, 1104
154877, 1104
155047, 1104
158813, 1104
163610, 1104
165130, 1104
168862, 1104
169143, 1104
170201, 1104
184447, 1104
189164, 1104
190726, 1104
203100, 1104
218923, 1104
230153, 1104
231260, 1104
240059, 1104
251130, 1104
259617, 1104
261181, 1104
272587, 1104
281444, 1104
62728, 1101
184175, 1101
235194, 1101
112554, 1100
170145, 1100
230142, 1100
12110, 1099
25635, 1099
135022, 1099
249649, 1099
295423, 1099
78135, 1098
57852, 1097
76930, 1097
110472, 1097
164320, 1097
167683, 1097
174609, 1097
181848, 1097
263269, 1097
136616, 1096
152405, 1095
50630, 1094
108448, 1094
113781, 1094
186473, 1094
188203, 1094
238915, 1094
296476, 1094
14512, 1093
116170, 1093
225794, 1093
6055, 1092
39347, 1092
276973, 1091
17507, 1090
31371, 1090
40282, 1090
85809, 1090
225605, 1090
257246, 1090
59624, 1089
247755, 1089
51944, 1088
139968, 1088
216792, 1088
221435, 1088
246706, 1088
250474, 1088
84086, 1087
161362, 1087
180422, 1087
187260, 1087
189601, 1087
214791, 1087
236227, 1087
254879, 1087
263048, 1087
281457, 1087
58772, 1086
68281, 1086
70576, 1086
206180, 1086
215973, 1086
230261, 1086
268203, 1086
288597, 1086
226688, 1085
61195, 1084
62330, 1084
110882, 1084
119773, 1084
128181, 1084
130067, 1084
137557, 1084
138113, 1084
138735, 1084
161033, 1084
169277, 1084
176619, 1084
176732, 1084
201541, 1084
215892, 1084
217111, 1084
219075, 1084
255599, 1084
282402, 1084
17856, 1083
20925, 1083
21823, 1083
25111, 1083
50496, 1083
51629, 1083
80877, 1083
81319, 1083
93786, 1083
93813, 1083
97332, 1083
102053, 1083
109772, 1083
119709, 1083
153289, 1083
162841, 1083
163166, 1083
199967, 1083
202652, 1083
221233, 1083
243649, 1083
246070, 1083
259589, 1083
265479, 1083
276379, 1083
294976, 1083
118286, 1082
139255, 1080
204689, 1080
13509, 1079
59766, 1079
68833, 1079
88434, 1079
147543, 1079
195914, 1079
243409, 1079
76502, 1078
131903, 1078
160054, 1078
165069, 1078
211655, 1078
243406, 1078
274459, 1078
69396, 1077
89765, 1077
133002, 1077
174935, 1077
176197, 1077
179041, 1077
189408, 1077
246523, 1077
249231, 1077
254886, 1077
256976, 1077
9747, 1076
10030, 1076
12137, 1076
19676, 1076
22289, 1076
36584, 1076
71559, 1076
72278, 1076
98644, 1076
109726, 1076
113466, 1076
123881, 1076
132983, 1076
151279, 1076
156583, 1076
161026, 1076
169263, 1076
177114, 1076
228035, 1076
240678, 1076
252357, 1076
258749, 1076
268431, 1076
279160, 1076
22700, 1075
32928, 1075
43529, 1075
118937, 1075
277861, 1075
290983, 1075
134643, 1074
150320, 1074
180452, 1074
193762, 1074
248420, 1074
89461, 1073
102127, 1073
126600, 1073
177244, 1073
183074, 1073
244910, 1073
15573, 1072
37540, 1072
40878, 1072
105960, 1072
286807, 1072
140888, 1071
144097, 1071
152778, 1071
165719, 1071
169475, 1071
180830, 1071
234150, 1071
267449, 1071
21689, 1070
53030, 1069
66011, 1069
94759, 1069
103278, 1069
103784, 1069
110729, 1069
137445, 1069
148202, 1069
158280, 1069
200053, 1069
200973, 1069
229483, 1069
235092, 1069
281679, 1069
280832, 1068
46597, 1067
54639, 1067
88028, 1067
119996, 1067
154323, 1067
171194, 1067
179123, 1067
232786, 1067
67605, 1066
17574, 1065
105114, 1065
136875, 1065
3873, 1063
36179, 1063
29184, 1062
90971, 1062
115762, 1062
150722, 1062
175471, 1062
191567, 1062
195654, 1062
220012, 1062
247115, 1062
260721, 1062
270286, 1062
20960, 1061
148155, 1061
150049, 1061
238728, 1061
215229, 1060
19543, 1059
43758, 1059
58453, 1059
76008, 1059
139034, 1059
167170, 1059
173335, 1059
213070, 1059
277916, 1059
100681, 1058
200526, 1058
231701, 1058
234363, 1058
255354, 1058
267345, 1058
105801, 1057
185031, 1057
296627, 1057
114469, 1056
253762, 1056
16378, 1055
23886, 1055
55571, 1055
144516, 1055
205692, 1055
51160, 1054
192131, 1054
266709, 1054
285516, 1054
289831, 1054
294539, 1054
868, 1053
185752, 1053
209548, 1053
276192, 1053
119177, 1052
127473, 1052
143333, 1052
156326, 1052
159446, 1052
176125, 1052
183548, 1052
199495, 1052
232388, 1052
245108, 1052
280413, 1052
286543, 1052
3170, 1050
9357, 1050
46624, 1050
21062, 1049
116109, 1049
228115, 1049
253040, 1049
262902, 1049
264628, 1049
292323, 1049
119056, 1048
237789, 1048
90953, 1047
93152, 1047
132856, 1047
143050, 1047
154528, 1047
161490, 1047
193326, 1047
200863, 1047
230394, 1047
246422, 1047
165940, 1046
206435, 1046
237539, 1046
115229, 1045
144353, 1045
257310, 1045
6101, 1044
98845, 1044
263537, 1044
280226, 1044
188521, 1043
263379, 1043
28896, 1041
187820, 1041
84769, 1040
124066, 1040
126480, 1040
148125, 1039
7163, 1037
205896, 1037
220710, 1037
229392, 1037
137429, 1036
264800, 1036
294138, 1036
59538, 1035
122847, 1035
207914, 1035
27736, 1034
110195, 1034
144734, 1034
154243, 1034
207503, 1034
2327, 1032
190194, 1032
229313, 1032
255693, 1031
126995, 1030
9104, 1029
16647, 1029
42040, 1029
82418, 1029
233214, 1029
13144, 1028
36184, 1028
90801, 1028
104724, 1028
176656, 1028
50137, 1026
10895, 1025
16016, 1025
128532, 1025
138996, 1025
173777, 1025
176777, 1025
206534, 1025
226728, 1025
278841, 1025
25787, 1024
154904, 1024
18937, 1023
95320, 1022
191750, 1022
52842, 1021
116025, 1021
174893, 1021
179545, 1021
235408, 1021
183718, 1020
272233, 1020
102476, 1019
282063, 1019
282173, 1019
50480, 1018
195280, 1018
209979, 1018
221240, 1018
249301, 1018
216746, 1017
32005, 1016
132630, 1015
188413, 1015
198742, 1015
277957, 1015
15826, 1014
23492, 1014
31696, 1014
131418, 1014
70843, 1010
104117, 1010
267173, 1010
147370, 1009
245357, 1009
3468, 1008
7387, 1008
7878, 1008
14013, 1008
58592, 1008
74140, 1008
79414, 1008
84205, 1008
125642, 1008
138771, 1008
175991, 1008
179998, 1008
208646, 1008
281364, 1008
84456, 1007
157910, 1007
234585, 1007
254471, 1007
255622, 1007
272545, 1007
114759, 1006
131627, 1006
165205, 1006
41869, 1005
60344, 1005
63708, 1005
66274, 1005
78281, 1005
108093, 1005
110353, 1005
147653, 1005
160633, 1005
171731, 1005
212930, 1005
214020, 1005
220119, 1005
246538, 1005
286280, 1005
105994, 1004
185015, 1004
64309, 1003
65761, 1003
135812, 1002
267542, 1002
21418, 1001
50938, 1001
71948, 1001
86196, 1001
114806, 1001
158030, 1001
182004, 1001
204180, 1001
215376, 1001
217429, 1001
246916, 1001
284001, 1001
5662, 1000
11280, 1000
25044, 1000
166001, 1000
