6840, 134878
4513, 133845
215930, 132849
3927, 131361
4026, 131361
4409, 131361
6169, 131361
8045, 129151
8836, 124381
12092, 124381
43368, 124381
46458, 124381
49234, 124381
86815, 124381
88509, 124381
91276, 124381
92270, 124381
98132, 124381
116595, 124381
119081, 124381
121299, 124381
127761, 124381
128831, 124381
139341, 124381
160303, 124381
166742, 124381
194432, 124381
198022, 124381
208907, 124381
237190, 124381
2773, 122713
138921, 122713
173094, 122713
196648, 122713
278577, 122713
8012, 119474
12746, 119474
12809, 119474
13021, 119474
13168, 119474
18630, 119474
47693, 119474
60436, 119474
102509, 119474
123559, 119474
127130, 119474
152546, 119474
155209, 119474
160658, 119474
163303, 119474
166335, 119474
187601, 119474
194962, 119474
196055, 119474
203949, 119474
212298, 119474
250590, 119474
253375, 119474
5804, 118081
12318, 118081
16129, 118081
57015, 118081
75076, 118081
81358, 118081
84408, 118081
91232, 118081
111763, 118081
112949, 118081
117274, 118081
163720, 118081
184185, 118081
236169, 118081
58243, 117558
112079, 117558
141143, 117558
199404, 117558
271756, 117558
86451, 117039
12067, 115350
23319, 115350
23897, 115350
28831, 115350
63836, 115350
66535, 115350
85523, 115350
98473, 115350
109122, 115350
146325, 115350
148818, 115350
167781, 115350
134906, 112320
155621, 112320
260815, 112320
39778, 109108
50087, 109108
52106, 109108
55739, 109108
62538, 109108
66401, 109108
75998, 109108
85615, 109108
92698, 109108
95064, 109108
132161, 109108
138149, 109108
256425, 109108
123463, 98008
154358, 98008
203890, 98008
7698, 96518
148819, 93457
27432, 92876
27975, 92876
31035, 92876
38268, 92876
40790, 92876
43579, 92876
44938, 92876
47676, 92876
49542, 92876
54984, 92876
59261, 92876
62272, 92876
63948, 92876
68593, 92876
108718, 92876
4305, 92634
6431, 92634
10646, 92634
37097, 92634
46847, 92634
47458, 92634
54057, 92634
55425, 92634
58163, 92634
65472, 92634
99508, 92634
110863, 92634
112802, 92634
71568, 89937
6083, 89447
47323, 89121
49108, 89088
130430, 89088
15188, 89084
20124, 89084
22778, 88879
23215, 88879
23413, 88879
28068, 88879
30764, 88879
31629, 88879
35491, 88879
37308, 88879
39879, 88879
41085, 88879
44064, 88879
47454, 88879
51397, 88879
56939, 88879
59583, 88879
181798, 88879
70191, 88863
124996, 88863
247681, 88863
5298, 88177
6226, 88177
21806, 88177
33657, 88177
42444, 88177
48590, 88177
66736, 88177
69300, 88177
71383, 88177
73431, 88177
78125, 88177
82417, 88177
99464, 88177
122496, 88177
24852, 87156
32382, 87156
81813, 87156
151326, 87156
179959, 87156
187813, 87156
196677, 87156
204884, 87156
207998, 87156
208011, 87156
219929, 87156
223388, 87156
229014, 87156
235679, 87156
240091, 87156
248924, 87156
251779, 87156
260568, 87156
292037, 87156
296057, 87156
262845, 85220
6189, 85128
7638, 85128
10013, 85128
15354, 85128
16804, 85128
22515, 85128
23697, 85128
24526, 85128
26196, 85128
37729, 85128
37944, 85128
41860, 85128
47265, 85128
48228, 85128
49601, 85128
50562, 85128
52025, 85128
52592, 85128
54003, 85128
54229, 85128
60445, 85128
62871, 85128
64055, 85128
64681, 85128
70201, 85128
70328, 85128
79651, 85128
84053, 85128
92280, 85128
95524, 85128
99941, 85128
103220, 85128
104399, 85128
107978, 85128
109071, 85128
110022, 85128
110954, 85128
114404, 85128
114536, 85128
116587, 85128
117636, 85128
119700, 85128
119811, 85128
121204, 85128
121530, 85128
124234, 85128
124963, 85128
126896, 85128
129040, 85128
129251, 85128
129560, 85128
135019, 85128
138429, 85128
138577, 85128
142354, 85128
144263, 85128
144534, 85128
147839, 85128
148462, 85128
152756, 85128
153284, 85128
154367, 85128
155329, 85128
159307, 85128
160566, 85128
160874, 85128
163986, 85128
165147, 85128
166058, 85128
166321, 85128
169947, 85128
177607, 85128
184952, 85128
184969, 85128
189705, 85128
194615, 85128
196160, 85128
200022, 85128
202892, 85128
208143, 85128
208654, 85128
208959, 85128
211415, 85128
212416, 85128
212995, 85128
213377, 85128
214404, 85128
216539, 85128
218293, 85128
225388, 85128
228223, 85128
236378, 85128
236398, 85128
237000, 85128
238350, 85128
240362, 85128
240918, 85128
243336, 85128
243767, 85128
243820, 85128
245603, 85128
248213, 85128
248894, 85128
255463, 85128
255593, 85128
256954, 85128
261696, 85128
263266, 85128
264026, 85128
266246, 85128
267497, 85128
268124, 85128
269617, 85128
270151, 85128
272045, 85128
272187, 85128
273892, 85128
274461, 85128
280022, 85128
281539, 85128
286895, 85128
287446, 85128
287798, 85128
287940, 85128
287964, 85128
289604, 85128
290789, 85128
13094, 84984
46740, 84776
48697, 84776
68295, 84776
78200, 84776
92518, 84776
92793, 84776
93907, 84776
95112, 84776
113598, 84776
113887, 84776
158261, 84776
62461, 84513
97897, 84513
15852, 83807
33636, 83807
43339, 83807
76077, 83807
22372, 83366
31148, 83366
63974, 83366
188141, 83366
197180, 83366
221998, 83366
231342, 83366
246924, 83366
4587, 83343
11218, 83343
13172, 83343
17251, 83343
25671, 83343
47517, 83343
49856, 83343
53558, 83343
55117, 83343
72056, 83343
74875, 83343
79602, 83343
86969, 83343
87269, 83343
89117, 83343
90742, 83343
92844, 83343
95040, 83343
95231, 83343
96475, 83343
99769, 83343
105842, 83343
106501, 83343
112534, 83343
115924, 83343
122411, 83343
123275, 83343
124551, 83343
126898, 83343
127136, 83343
127771, 83343
129166, 83343
129331, 83343
140052, 83343
140551, 83343
144005, 83343
144239, 83343
154905, 83343
158822, 83343
159365, 83343
167731, 83343
168512, 83343
170740, 83343
173761, 83343
177651, 83343
180992, 83343
183648, 83343
185805, 83343
188019, 83343
188311, 83343
188391, 83343
190957, 83343
193741, 83343
194044, 83343
195288, 83343
198514, 83343
204659, 83343
205371, 83343
207800, 83343
209708, 83343
212840, 83343
213020, 83343
218275, 83343
221018, 83343
232020, 83343
238848, 83343
250901, 83343
261334, 83343
262691, 83343
264088, 83343
268978, 83343
269007, 83343
271926, 83343
277896, 83343
294086, 83343
8264, 83159
20829, 83159
30203, 83159
51361, 83159
54844, 83159
55033, 83159
63233, 83159
70773, 83159
72296, 83159
74861, 83159
85463, 83159
92130, 83159
112138, 83159
126005, 83159
134477, 83159
136796, 83159
138213, 83159
151330, 83159
155191, 83159
180274, 83159
211954, 83159
213913, 83159
221021, 83159
236529, 83159
3402, 83045
6218, 83045
9046, 83045
16802, 83045
23043, 83045
33232, 83045
36818, 83045
41652, 83045
47915, 83045
51549, 83045
66478, 83045
66634, 83045
69801, 83045
78648, 83045
83798, 83045
90833, 83045
98692, 83045
102094, 83045
105309, 83045
113453, 83045
118348, 83045
118533, 83045
119075, 83045
127903, 83045
127960, 83045
128615, 83045
149885, 83045
150110, 83045
152477, 83045
177182, 83045
185471, 83045
196653, 83045
200062, 83045
202972, 83045
212565, 83045
212627, 83045
239245, 83045
252603, 83045
254786, 83045
259311, 83045
267421, 83045
269136, 83045
269144, 83045
269392, 83045
272850, 83045
274778, 83045
280573, 83045
66696, 82835
17637, 82578
21559, 82578
22723, 82578
24283, 82578
27067, 82578
69708, 82578
204167, 82578
222194, 82578
230022, 82578
262615, 82578
9843, 82142
12469, 82142
115817, 82142
123913, 82142
136515, 82142
144992, 82142
153738, 82142
178199, 82142
212197, 82142
238091, 82142
272753, 82142
276055, 82142
2655, 81936
10786, 81613
178558, 81055
184202, 81055
74656, 80859
269998, 80859
81481, 80391
193104, 80346
200162, 80346
222326, 80346
223791, 80346
245258, 80346
277142, 80346
285144, 80346
2893, 78720
127158, 78720
204968, 78720
37640, 78543
82136, 78543
170237, 78543
173843, 78543
257759, 78543
273854, 78543
288981, 78543
293041, 78543
261313, 77936
8133, 77517
252973, 77340
107545, 76515
171595, 76210
232823, 76210
211186, 75992
212, 75108
15204, 75108
119527, 75108
243751, 75108
8095, 74589
14185, 74589
18996, 74589
43045, 74589
43807, 74589
44997, 74589
48154, 74589
54282, 74589
66097, 74589
69739, 74589
78258, 74589
88294, 74589
93018, 74589
103935, 74589
106840, 74589
112522, 74589
115046, 74589
117464, 74589
119976, 74589
137441, 74589
150829, 74589
182155, 74589
193473, 74589
200393, 74589
221139, 74589
226647, 74589
249099, 74589
259951, 74589
123057, 74560
24473, 73937
198762, 72115
267246, 72009
170483, 71892
113605, 71625
151439, 71625
182528, 71625
31400, 71461
104372, 71461
197422, 71461
278931, 71461
273150, 71168
72163, 70177
2081, 69273
137315, 68961
152999, 68961
185964, 68961
211143, 68961
231327, 68961
284616, 68961
245989, 68604
90519, 67869
8765, 66720
18671, 66720
164851, 66720
165291, 66720
127650, 65077
4738, 64878
99106, 64770
89221, 64384
276679, 62952
252569, 62887
235844, 62495
34580, 62455
83278, 62455
105397, 62455
43474, 62289
95876, 62289
2500, 62066
269582, 61591
280505, 61591
197117, 60858
221585, 60522
200179, 60032
24434, 59505
28627, 59505
39990, 59505
64457, 59505
64962, 59505
65082, 59505
86199, 59505
104958, 59505
294812, 57345
84562, 55748
216397, 54585
261340, 54585
283797, 54585
227566, 53646
114657, 53449
196799, 53449
217270, 53449
292191, 53449
16944, 53257
147133, 53106
197131, 52373
237227, 52373
240175, 52373
251911, 52092
272723, 51364
295772, 50679
230812, 50657
245677, 50657
256144, 50657
261717, 50657
277059, 50657
285, 49248
659, 49248
714, 49248
991, 49248
2269, 49248
2594, 49248
10192, 49248
52454, 49248
52554, 49248
52679, 49248
54331, 49248
61708, 49248
65648, 49248
73602, 49248
78081, 49248
79592, 49248
88131, 49248
90141, 49248
90664, 49248
94685, 49248
99742, 49248
99895, 49248
99909, 49248
100222, 49248
100871, 49248
106467, 49248
107250, 49248
112498, 49248
115137, 49248
116090, 49248
116549, 49248
124757, 49248
129820, 49248
130139, 49248
135158, 49248
137743, 49248
138639, 49248
139058, 49248
142056, 49248
142387, 49248
143756, 49248
145495, 49248
147768, 49248
150385, 49248
151726, 49248
158737, 49248
160660, 49248
161309, 49248
161452, 49248
161474, 49248
163475, 49248
165165, 49248
169029, 49248
170248, 49248
171418, 49248
172977, 49248
173656, 49248
174981, 49248
178197, 49248
179236, 49248
185695, 49248
186937, 49248
189483, 49248
189775, 49248
190135, 49248
190159, 49248
193245, 49248
194871, 49248
194906, 49248
196220, 49248
198858, 49248
199922, 49248
200783, 49248
202589, 49248
205484, 49248
205810, 49248
206307, 49248
208109, 49248
208967, 49248
210688, 49248
211507, 49248
212473, 49248
212878, 49248
213756, 49248
215307, 49248
217417, 49248
217501, 49248
220598, 49248
220806, 49248
221906, 49248
222029, 49248
222939, 49248
223374, 49248
224479, 49248
225383, 49248
226880, 49248
229252, 49248
229467, 49248
234319, 49248
236719, 49248
237154, 49248
237557, 49248
237637, 49248
238721, 49248
238920, 49248
239441, 49248
244265, 49248
244445, 49248
247897, 49248
251714, 49248
256317, 49248
258921, 49248
262434, 49248
265440, 49248
273728, 49248
273734, 49248
279182, 49248
279819, 49248
280318, 49248
283228, 49248
286516, 49248
291220, 49248
292242, 49248
296366, 49248
83279, 49222
198107, 49111
216279, 49111
82820, 49087
134715, 49087
159593, 49087
162674, 49087
203707, 49087
221645, 49087
230947, 49087
265566, 49087
282290, 49087
289737, 49087
206910, 48932
214629, 48932
218952, 48932
255258, 48932
269660, 48932
134860, 48714
12544, 48560
102890, 48451
135097, 47674
144049, 47674
164234, 47674
197572, 47674
206368, 47674
208375, 47674
220060, 47674
230117, 47674
233157, 47674
96716, 47650
105224, 47650
116887, 47650
122958, 47650
125300, 47650
125744, 47650
126365, 47650
126888, 47650
127271, 47650
128155, 47650
130100, 47650
130292, 47650
130645, 47650
133459, 47650
133627, 47650
133810, 47650
134737, 47650
135313, 47650
135729, 47650
136254, 47650
136367, 47650
138271, 47650
139089, 47650
139112, 47650
140570, 47650
141358, 47650
141837, 47650
142731, 47650
143417, 47650
144369, 47650
145502, 47650
145634, 47650
145937, 47650
146328, 47650
146846, 47650
147429, 47650
147898, 47650
148210, 47650
148847, 47650
149635, 47650
149711, 47650
150033, 47650
150224, 47650
150452, 47650
151277, 47650
152407, 47650
152554, 47650
154040, 47650
154199, 47650
154894, 47650
155695, 47650
157222, 47650
158099, 47650
159490, 47650
159493, 47650
159668, 47650
159874, 47650
160353, 47650
160693, 47650
160939, 47650
163018, 47650
163335, 47650
164789, 47650
165383, 47650
165449, 47650
166642, 47650
168065, 47650
168765, 47650
169973, 47650
170243, 47650
170875, 47650
172667, 47650
173379, 47650
174057, 47650
174300, 47650
174979, 47650
176171, 47650
177290, 47650
177319, 47650
178106, 47650
179332, 47650
179416, 47650
180685, 47650
183225, 47650
183304, 47650
184089, 47650
185946, 47650
186573, 47650
187422, 47650
187614, 47650
188056, 47650
189424, 47650
191078, 47650
191230, 47650
192161, 47650
192275, 47650
192514, 47650
193558, 47650
193782, 47650
193842, 47650
193917, 47650
195643, 47650
202755, 47650
204123, 47650
206147, 47650
209301, 47650
211504, 47650
211597, 47650
211920, 47650
214377, 47650
216542, 47650
216776, 47650
217868, 47650
218135, 47650
219148, 47650
221349, 47650
221482, 47650
222648, 47650
233796, 47650
234313, 47650
236670, 47650
237149, 47650
238030, 47650
238879, 47650
239862, 47650
240742, 47650
242111, 47650
242578, 47650
243266, 47650
243818, 47650
244261, 47650
246421, 47650
247759, 47650
247886, 47650
248433, 47650
249415, 47650
249577, 47650
252303, 47650
252797, 47650
253194, 47650
253458, 47650
254118, 47650
256022, 47650
256169, 47650
258585, 47650
259316, 47650
260056, 47650
267717, 47650
268678, 47650
269845, 47650
272262, 47650
276611, 47650
277524, 47650
279013, 47650
279583, 47650
279859, 47650
281020, 47650
284683, 47650
284954, 47650
286791, 47650
292978, 47650
130552, 47618
136313, 47618
139618, 47618
142793, 47618
146711, 47618
147057, 47618
150643, 47618
166531, 47618
169644, 47618
177149, 47618
186522, 47618
210538, 47618
215294, 47618
226115, 47618
226460, 47618
228340, 47618
236212, 47618
245300, 47618
253314, 47618
255641, 47618
261237, 47618
263135, 47618
290299, 47618
295636, 47618
146694, 47615
169699, 47615
182638, 47615
194308, 47615
202283, 47615
202625, 47615
219014, 47615
223527, 47615
230083, 47615
238497, 47615
254824, 47615
261558, 47615
264583, 47615
279325, 47615
194310, 47516
283655, 47516
197030, 47501
79894, 47295
97140, 47295
103017, 47295
106026, 47295
109792, 47295
115672, 47295
119086, 47295
124629, 47295
127237, 47295
130387, 47295
132340, 47295
135269, 47295
136163, 47295
136907, 47295
140504, 47295
140937, 47295
142384, 47295
145980, 47295
146076, 47295
146713, 47295
146998, 47295
150409, 47295
150785, 47295
150898, 47295
151408, 47295
152384, 47295
156575, 47295
156678, 47295
157062, 47295
158349, 47295
160977, 47295
162065, 47295
165471, 47295
166905, 47295
168261, 47295
169003, 47295
173829, 47295
175386, 47295
177309, 47295
179405, 47295
179671, 47295
180149, 47295
181135, 47295
182008, 47295
183212, 47295
183988, 47295
186016, 47295
186345, 47295
186587, 47295
187138, 47295
188261, 47295
188485, 47295
188850, 47295
188926, 47295
189623, 47295
190872, 47295
191147, 47295
191306, 47295
191635, 47295
192412, 47295
194838, 47295
194974, 47295
195294, 47295
195423, 47295
195856, 47295
197430, 47295
198129, 47295
198578, 47295
198585, 47295
198645, 47295
199386, 47295
199600, 47295
202730, 47295
203045, 47295
203610, 47295
205215, 47295
206634, 47295
206773, 47295
206798, 47295
207086, 47295
207194, 47295
207737, 47295
208948, 47295
209158, 47295
209184, 47295
209866, 47295
210290, 47295
213716, 47295
213911, 47295
214751, 47295
215497, 47295
216040, 47295
217419, 47295
218173, 47295
219641, 47295
220155, 47295
221609, 47295
223512, 47295
223624, 47295
224848, 47295
226755, 47295
227712, 47295
227762, 47295
227795, 47295
229311, 47295
230348, 47295
230470, 47295
231837, 47295
232366, 47295
238536, 47295
238717, 47295
239065, 47295
240097, 47295
240206, 47295
240814, 47295
241980, 47295
242291, 47295
242342, 47295
243162, 47295
243168, 47295
243170, 47295
243262, 47295
246087, 47295
246189, 47295
247690, 47295
248872, 47295
250139, 47295
253121, 47295
255016, 47295
255478, 47295
256016, 47295
256167, 47295
256583, 47295
256818, 47295
257724, 47295
257733, 47295
258130, 47295
258691, 47295
259040, 47295
259061, 47295
260368, 47295
260633, 47295
260708, 47295
261393, 47295
261473, 47295
261496, 47295
262879, 47295
263236, 47295
263238, 47295
264692, 47295
264714, 47295
265481, 47295
266635, 47295
267983, 47295
269614, 47295
270366, 47295
270615, 47295
271498, 47295
272121, 47295
272271, 47295
272456, 47295
273844, 47295
274211, 47295
274376, 47295
275470, 47295
277203, 47295
277303, 47295
278490, 47295
278689, 47295
278833, 47295
279122, 47295
282168, 47295
282890, 47295
283370, 47295
283691, 47295
284449, 47295
285191, 47295
285500, 47295
285886, 47295
286083, 47295
287759, 47295
288374, 47295
288704, 47295
288917, 47295
289801, 47295
289949, 47295
290179, 47295
290607, 47295
290717, 47295
292106, 47295
293371, 47295
293513, 47295
294120, 47295
294901, 47295
296587, 47295
2713, 47276
111889, 47276
114423, 47276
114434, 47276
118071, 47276
118315, 47276
118877, 47276
118949, 47276
120679, 47276
121102, 47276
122447, 47276
125021, 47276
128303, 47276
129861, 47276
130698, 47276
131461, 47276
131497, 47276
133203, 47276
133447, 47276
134998, 47276
135155, 47276
135777, 47276
136241, 47276
136720, 47276
137624, 47276
137805, 47276
138153, 47276
140134, 47276
140214, 47276
141159, 47276
141753, 47276
141817, 47276
141960, 47276
142084, 47276
143080, 47276
143107, 47276
143678, 47276
143876, 47276
144210, 47276
144618, 47276
145686, 47276
145734, 47276
145973, 47276
146670, 47276
147678, 47276
147879, 47276
147987, 47276
148007, 47276
148012, 47276
148627, 47276
149603, 47276
149946, 47276
150081, 47276
150183, 47276
150266, 47276
150608, 47276
150717, 47276
151949, 47276
151966, 47276
152975, 47276
153227, 47276
153593, 47276
153611, 47276
153638, 47276
153929, 47276
154053, 47276
154308, 47276
154755, 47276
154810, 47276
154844, 47276
155246, 47276
155665, 47276
155827, 47276
156677, 47276
156703, 47276
156861, 47276
157249, 47276
157451, 47276
157553, 47276
157591, 47276
157694, 47276
157866, 47276
158414, 47276
159075, 47276
160492, 47276
160742, 47276
161139, 47276
162166, 47276
162360, 47276
162591, 47276
162631, 47276
163330, 47276
163591, 47276
164659, 47276
164837, 47276
165520, 47276
165902, 47276
165965, 47276
166182, 47276
166722, 47276
167120, 47276
167599, 47276
167958, 47276
168096, 47276
168348, 47276
169976, 47276
170009, 47276
170011, 47276
170193, 47276
170235, 47276
171266, 47276
172057, 47276
172305, 47276
172500, 47276
173260, 47276
173572, 47276
173621, 47276
173774, 47276
174121, 47276
174186, 47276
175014, 47276
175430, 47276
175896, 47276
176782, 47276
177155, 47276
177257, 47276
178330, 47276
178659, 47276
179057, 47276
179143, 47276
179227, 47276
179305, 47276
180083, 47276
180219, 47276
180449, 47276
180589, 47276
181159, 47276
181272, 47276
181867, 47276
183489, 47276
183607, 47276
183637, 47276
183696, 47276
184967, 47276
185552, 47276
185917, 47276
186162, 47276
186571, 47276
186628, 47276
187353, 47276
187655, 47276
188463, 47276
188574, 47276
188686, 47276
189464, 47276
189872, 47276
190473, 47276
190479, 47276
191522, 47276
191625, 47276
192051, 47276
192286, 47276
192484, 47276
192519, 47276
192718, 47276
192809, 47276
193089, 47276
193649, 47276
193913, 47276
194297, 47276
194417, 47276
194627, 47276
194774, 47276
194817, 47276
194904, 47276
196026, 47276
196258, 47276
196294, 47276
197342, 47276
199072, 47276
199364, 47276
199607, 47276
200488, 47276
200995, 47276
201239, 47276
201880, 47276
203266, 47276
204251, 47276
204597, 47276
205499, 47276
205842, 47276
205909, 47276
206981, 47276
207444, 47276
207561, 47276
207838, 47276
207984, 47276
208058, 47276
208336, 47276
208607, 47276
208692, 47276
210292, 47276
210393, 47276
210817, 47276
210939, 47276
210944, 47276
211497, 47276
211661, 47276
211883, 47276
212334, 47276
212494, 47276
212560, 47276
212599, 47276
212603, 47276
212713, 47276
213814, 47276
213899, 47276
213925, 47276
214057, 47276
214680, 47276
214759, 47276
215675, 47276
215914, 47276
216593, 47276
216774, 47276
217345, 47276
217976, 47276
218270, 47276
218323, 47276
218820, 47276
219558, 47276
219561, 47276
220159, 47276
220347, 47276
220382, 47276
222070, 47276
222404, 47276
222509, 47276
222602, 47276
222662, 47276
222901, 47276
223217, 47276
223249, 47276
223954, 47276
224270, 47276
224359, 47276
224820, 47276
225080, 47276
225230, 47276
225377, 47276
225431, 47276
225675, 47276
225972, 47276
226057, 47276
226149, 47276
226287, 47276
226422, 47276
226438, 47276
226682, 47276
226784, 47276
226859, 47276
227575, 47276
227917, 47276
228786, 47276
229344, 47276
229836, 47276
229976, 47276
230020, 47276
230159, 47276
230285, 47276
230596, 47276
230804, 47276
231076, 47276
231088, 47276
231119, 47276
231158, 47276
231416, 47276
231460, 47276
231482, 47276
231708, 47276
232100, 47276
232175, 47276
232516, 47276
232774, 47276
233323, 47276
233456, 47276
233651, 47276
233887, 47276
234152, 47276
234156, 47276
234714, 47276
235170, 47276
237424, 47276
238123, 47276
238323, 47276
239118, 47276
239119, 47276
239490, 47276
240416, 47276
240439, 47276
240505, 47276
240580, 47276
240652, 47276
240761, 47276
241076, 47276
241899, 47276
242244, 47276
242383, 47276
242468, 47276
242717, 47276
243072, 47276
243205, 47276
243219, 47276
243583, 47276
243930, 47276
244608, 47276
244650, 47276
244957, 47276
245929, 47276
246969, 47276
246996, 47276
247076, 47276
247215, 47276
247334, 47276
247346, 47276
248056, 47276
248691, 47276
248740, 47276
249371, 47276
249669, 47276
249931, 47276
250003, 47276
250197, 47276
250861, 47276
251044, 47276
251442, 47276
251620, 47276
251640, 47276
251894, 47276
251995, 47276
252466, 47276
253542, 47276
254050, 47276
254168, 47276
254325, 47276
254462, 47276
254573, 47276
254643, 47276
254821, 47276
255253, 47276
255605, 47276
256032, 47276
256052, 47276
256092, 47276
256687, 47276
256766, 47276
256807, 47276
256858, 47276
256915, 47276
257042, 47276
257103, 47276
257252, 47276
257266, 47276
257448, 47276
258058, 47276
258210, 47276
258431, 47276
258690, 47276
259379, 47276
260401, 47276
260780, 47276
260792, 47276
261649, 47276
261909, 47276
261931, 47276
261933, 47276
261946, 47276
262011, 47276
263842, 47276
264177, 47276
265161, 47276
265478, 47276
265627, 47276
265724, 47276
266519, 47276
266775, 47276
266876, 47276
267134, 47276
267510, 47276
267743, 47276
267780, 47276
268056, 47276
269014, 47276
269030, 47276
269102, 47276
269743, 47276
269807, 47276
270733, 47276
270839, 47276
271075, 47276
271191, 47276
271239, 47276
271687, 47276
271882, 47276
272157, 47276
273151, 47276
273193, 47276
273322, 47276
273755, 47276
274249, 47276
274277, 47276
275011, 47276
275436, 47276
275923, 47276
276390, 47276
276637, 47276
276792, 47276
276910, 47276
277069, 47276
277539, 47276
277987, 47276
278493, 47276
278553, 47276
278608, 47276
278615, 47276
279289, 47276
280077, 47276
281022, 47276
281031, 47276
281477, 47276
281968, 47276
282022, 47276
282522, 47276
282675, 47276
283240, 47276
283432, 47276
283672, 47276
284018, 47276
284024, 47276
284046, 47276
284197, 47276
284488, 47276
284930, 47276
285035, 47276
285212, 47276
285504, 47276
285513, 47276
285679, 47276
286220, 47276
286814, 47276
286974, 47276
287352, 47276
287450, 47276
287835, 47276
288222, 47276
288457, 47276
289288, 47276
289405, 47276
289487, 47276
290116, 47276
290198, 47276
291384, 47276
291401, 47276
291796, 47276
291890, 47276
291983, 47276
291996, 47276
292205, 47276
293162, 47276
293559, 47276
293626, 47276
293684, 47276
293831, 47276
293874, 47276
293880, 47276
294098, 47276
294541, 47276
294946, 47276
295295, 47276
295367, 47276
295806, 47276
55396, 47208
71655, 47208
214748, 47208
233722, 47208
249308, 47208
263799, 47208
278884, 47208
250245, 47147
144139, 47012
151769, 47012
172914, 47012
181207, 47012
200990, 47012
211548, 47012
252635, 47012
153899, 46961
160313, 46961
177311, 46961
200947, 46961
221401, 46961
250265, 46961
278596, 46961
280050, 46961
288324, 46961
292922, 46961
254216, 46904
91648, 46901
101219, 46901
108939, 46901
110511, 46901
110530, 46901
114228, 46901
114294, 46901
116600, 46901
120113, 46901
135364, 46901
138318, 46901
139005, 46901
139532, 46901
147171, 46901
148952, 46901
149267, 46901
149931, 46901
150368, 46901
150740, 46901
152845, 46901
157505, 46901
159721, 46901
160816, 46901
161930, 46901
166786, 46901
166993, 46901
168416, 46901
169483, 46901
170686, 46901
177461, 46901
178649, 46901
180703, 46901
183033, 46901
184152, 46901
185795, 46901
189181, 46901
198341, 46901
200359, 46901
202686, 46901
202852, 46901
203089, 46901
208805, 46901
220684, 46901
222021, 46901
224728, 46901
227245, 46901
227492, 46901
229124, 46901
234329, 46901
237985, 46901
242525, 46901
243898, 46901
244454, 46901
250357, 46901
250612, 46901
252875, 46901
253912, 46901
254302, 46901
254941, 46901
257704, 46901
259637, 46901
262035, 46901
262365, 46901
264103, 46901
265829, 46901
266370, 46901
267710, 46901
278336, 46901
279897, 46901
280863, 46901
281312, 46901
282021, 46901
284176, 46901
288035, 46901
290793, 46901
291072, 46901
294421, 46901
295524, 46901
94687, 46893
112016, 46893
112037, 46893
113154, 46893
114449, 46893
115531, 46893
120517, 46893
124130, 46893
135270, 46893
136638, 46893
141126, 46893
144940, 46893
147825, 46893
160506, 46893
163445, 46893
164727, 46893
165569, 46893
169485, 46893
169690, 46893
181140, 46893
182851, 46893
186047, 46893
187955, 46893
198185, 46893
198918, 46893
199390, 46893
200028, 46893
200569, 46893
200722, 46893
201251, 46893
202010, 46893
204523, 46893
209468, 46893
214957, 46893
216856, 46893
220784, 46893
220896, 46893
222378, 46893
231198, 46893
232320, 46893
233368, 46893
233748, 46893
234331, 46893
236734, 46893
243830, 46893
244667, 46893
256337, 46893
268659, 46893
271334, 46893
272737, 46893
282542, 46893
285095, 46893
285182, 46893
290796, 46893
291515, 46893
182081, 46856
225887, 46856
272202, 46856
47907, 46809
67440, 46809
68869, 46809
70334, 46809
138618, 46809
260159, 46809
26948, 46630
28840, 46630
98591, 46630
103997, 46630
113483, 46630
161459, 46630
142301, 46614
154004, 46614
199439, 46614
14567, 46600
14755, 46600
15367, 46600
20040, 46600
30617, 46600
50862, 46600
152818, 46576
3010, 46551
14234, 46551
141953, 46415
160179, 46415
161903, 46415
163090, 46415
177144, 46415
197770, 46415
235962, 46415
253135, 46415
256456, 46415
266207, 46415
280136, 46415
3265, 46384
122922, 46384
273152, 46384
131255, 46315
156671, 46315
162179, 46315
168290, 46315
640, 46286
134208, 46259
151690, 46259
194531, 46259
122115, 46178
210733, 46178
278406, 46178
163081, 46127
144045, 46095
146673, 46095
186055, 46095
208550, 46095
215701, 46095
219312, 46095
243917, 46095
247480, 46095
255875, 46095
280176, 46095
288150, 46095
293557, 46095
247091, 46090
113482, 46007
114108, 46007
133734, 46007
141930, 46007
150063, 46007
164301, 46007
170123, 46007
188904, 46007
201907, 46007
216255, 46007
243909, 46007
244332, 46007
250699, 46007
255105, 46007
267472, 46007
269491, 46007
283698, 46007
285845, 46007
296019, 46007
95404, 46000
96495, 46000
99129, 46000
105871, 46000
118806, 46000
134870, 46000
142419, 46000
150564, 46000
152705, 46000
172311, 46000
173868, 46000
201763, 46000
206606, 46000
208741, 46000
211006, 46000
222788, 46000
228653, 46000
229636, 46000
232405, 46000
233462, 46000
248785, 46000
249539, 46000
253800, 46000
255331, 46000
259245, 46000
268007, 46000
268400, 46000
269228, 46000
275371, 46000
276996, 46000
279646, 46000
282796, 46000
283346, 46000
284563, 46000
288337, 46000
290745, 46000
126917, 45968
133092, 45968
142661, 45968
156569, 45968
160859, 45968
162508, 45968
164514, 45968
176249, 45968
178996, 45968
183417, 45968
191916, 45968
211297, 45968
229731, 45968
231613, 45968
252827, 45968
254710, 45968
258267, 45968
281275, 45968
288705, 45968
293833, 45968
179632, 45922
188623, 45922
96084, 45807
166984, 45807
174729, 45807
196044, 45807
200412, 45807
201736, 45807
231503, 45807
255816, 45807
292893, 45807
121970, 45727
148412, 45727
152204, 45727
162358, 45727
179280, 45727
235784, 45727
246226, 45727
276358, 45727
290288, 45727
294876, 45727
108082, 45687
120139, 45644
175168, 45644
223188, 45644
266392, 45644
152882, 45575
206511, 45575
208184, 45575
286881, 45575
274361, 45502
81306, 45199
136373, 45199
222272, 45199
287978, 45199
255801, 44836
177037, 44724
118547, 44711
120043, 44711
120146, 44711
136621, 44711
141663, 44711
142169, 44711
149105, 44711
153361, 44711
161972, 44711
178512, 44711
202637, 44711
202638, 44711
203751, 44711
206241, 44711
249347, 44711
273315, 44711
150633, 44704
93322, 44697
198600, 44529
205978, 44529
252295, 44529
256611, 44529
122550, 44448
132962, 44448
141213, 44448
147892, 44448
167963, 44448
195505, 44448
1400, 44344
136877, 44344
150014, 44344
238971, 44344
247278, 44344
91504, 44313
111028, 44313
252686, 44313
270361, 44313
284394, 44313
285432, 44313
228849, 44260
97678, 44248
203010, 44248
123048, 44217
210484, 44217
230191, 44177
253385, 44177
100944, 44161
121622, 44161
122953, 44161
125722, 44161
126070, 44161
128967, 44161
130661, 44161
133119, 44161
138969, 44161
216498, 44161
219151, 44161
266406, 44161
286375, 44161
87580, 44131
227784, 44131
246821, 44131
254315, 44131
219996, 44117
89706, 44002
132501, 43946
252962, 43946
223151, 43937
235683, 43937
252415, 43937
140961, 43823
149445, 43823
181012, 43823
206098, 43823
215532, 43823
244882, 43823
256259, 43823
119572, 43816
143188, 43710
172762, 43710
209483, 43710
215894, 43710
266833, 43710
184543, 43685
222590, 43685
223245, 43669
289714, 43561
53408, 43496
112437, 43496
148381, 43496
227613, 43496
124782, 43444
167355, 43444
264446, 43262
106966, 43208
114852, 43208
114876, 43208
116867, 43208
142020, 43208
143544, 43208
148332, 43208
154598, 43208
165001, 43208
168142, 43208
171761, 43208
174109, 43208
174535, 43208
174539, 43208
174558, 43208
176855, 43208
181661, 43208
182285, 43208
182388, 43208
190388, 43208
190922, 43208
193216, 43208
193948, 43208
196530, 43208
199773, 43208
200939, 43208
201191, 43208
202815, 43208
203515, 43208
210139, 43208
215757, 43208
220156, 43208
239085, 43208
242370, 43208
244651, 43208
252468, 43208
252498, 43208
255803, 43208
260117, 43208
264955, 43208
276412, 43208
277396, 43208
137457, 43191
131960, 43108
136417, 43108
159274, 43108
208681, 43108
228063, 43108
228507, 43108
242698, 43108
261777, 43108
49907, 43038
50116, 43038
240729, 43023
119789, 42933
288820, 42933
247029, 42816
249746, 42816
143126, 42791
140255, 42772
152900, 42772
201794, 42772
220736, 42772
86895, 42771
91170, 42771
65077, 42714
145411, 42714
259321, 42714
289456, 42714
206675, 42683
20827, 42620
35289, 42620
181089, 42620
278120, 42550
128392, 42527
183370, 42527
205771, 42527
211822, 42527
279428, 42527
281156, 42527
293794, 42527
185224, 42509
278498, 42509
796, 42430
214430, 42428
105601, 42373
150502, 42373
193407, 42343
65096, 42257
80819, 42257
84980, 42201
194797, 42201
257814, 42201
265761, 42192
130107, 42174
163292, 42153
99016, 42074
123867, 42074
139743, 42074
150466, 42074
200694, 42074
280856, 42052
116677, 42015
14892, 41957
101216, 41957
285505, 41905
189205, 41799
197251, 41799
93515, 41787
172865, 41758
159722, 41705
54286, 41632
126351, 41632
166456, 41360
252489, 41360
42300, 41263
50289, 41263
54800, 41263
55506, 41263
69256, 41263
100297, 41263
101099, 41263
105778, 41263
108820, 41263
116095, 41263
120350, 41263
127816, 41263
132335, 41263
132473, 41263
145184, 41263
153556, 41263
168074, 41263
171107, 41263
175120, 41263
185872, 41263
192856, 41263
200796, 41263
205410, 41263
225422, 41263
225606, 41263
227349, 41263
235861, 41263
246576, 41263
268958, 41263
282976, 41263
283051, 41263
289827, 41263
295047, 41263
62246, 40940
64263, 40940
139494, 40940
261278, 40940
64524, 40426
188186, 40354
225693, 40342
138060, 40301
54310, 40269
228058, 40097
197936, 40082
118207, 40060
135163, 40060
175637, 40060
221574, 40060
235670, 40060
288835, 40060
287751, 40042
284795, 39992
206087, 39972
89137, 39960
228105, 39960
198354, 39895
125915, 39884
150861, 39864
224190, 39864
46041, 39849
143517, 39849
207149, 39849
259155, 39849
290836, 39659
35569, 39523
38609, 39523
40218, 39523
41326, 39523
41508, 39523
41858, 39523
43018, 39523
43276, 39523
43703, 39523
45412, 39523
46724, 39523
47498, 39523
48836, 39523
50037, 39523
50378, 39523
225463, 39342
249736, 39315
1156, 39267
2056, 39232
240156, 39201
24696, 39197
40546, 39197
45840, 39197
15262, 39150
34733, 39150
36684, 39150
37401, 39150
37539, 39150
38060, 39150
39735, 39150
40071, 39150
40633, 39150
40649, 39150
40763, 39150
40880, 39150
41274, 39150
41432, 39150
41462, 39150
41716, 39150
41906, 39150
42781, 39150
43160, 39150
43772, 39150
44370, 39150
44773, 39150
45033, 39150
45865, 39150
46179, 39150
46482, 39150
46613, 39150
47013, 39150
47307, 39150
47524, 39150
47910, 39150
48153, 39150
48353, 39150
48489, 39150
48614, 39150
48996, 39150
49088, 39150
49107, 39150
49392, 39150
49394, 39150
49616, 39150
49839, 39150
49897, 39150
49947, 39150
50176, 39150
50387, 39150
50559, 39150
51087, 39150
51091, 39150
51347, 39150
52067, 39150
52995, 39150
53001, 39150
53120, 39150
53177, 39150
53868, 39150
55005, 39150
55532, 39150
55844, 39150
56008, 39150
56222, 39150
57707, 39150
58230, 39150
58289, 39150
58834, 39150
48988, 39128
246518, 39073
206357, 39020
67354, 38937
154741, 38871
47210, 38730
44171, 38651
45560, 38651
48077, 38651
48472, 38651
52122, 38651
233817, 38452
4830, 38293
3599, 38280
19077, 38228
22079, 38228
23079, 38228
24444, 38228
25057, 38228
25612, 38228
158748, 38197
14307, 38027
23109, 38027
23861, 38027
24862, 38027
25200, 38027
25760, 38027
26368, 38027
26651, 38027
26901, 38027
26913, 38027
27193, 38027
27340, 38027
28018, 38027
28909, 38027
28958, 38027
28975, 38027
29004, 38027
29007, 38027
29065, 38027
30959, 38027
31264, 38027
22636, 38014
24419, 38014
21460, 38012
22880, 38012
23775, 38012
24193, 38012
24655, 38012
24740, 38012
25480, 38012
25593, 38012
26549, 38012
26708, 38012
27120, 38012
27142, 38012
27342, 38012
28060, 38012
28349, 38012
29375, 38012
30073, 38012
31374, 38012
32511, 38012
30063, 37997
12616, 37978
16337, 37978
18973, 37978
21191, 37978
21601, 37978
21726, 37978
21758, 37978
22808, 37978
16993, 37829
19257, 37829
23721, 37829
24507, 37829
24702, 37829
25054, 37829
26403, 37829
26497, 37829
26666, 37829
27807, 37829
27913, 37829
28447, 37829
28495, 37829
28680, 37829
29714, 37829
30086, 37829
30115, 37829
30237, 37829
30582, 37829
31025, 37829
31214, 37829
31322, 37829
31836, 37829
18322, 37766
19792, 37766
20119, 37766
20717, 37766
23738, 37766
25015, 37766
25638, 37766
26877, 37766
27876, 37766
25453, 37736
27115, 37736
29896, 37736
30347, 37736
30392, 37736
30635, 37736
30898, 37736
31286, 37736
31474, 37736
32626, 37736
33341, 37736
33466, 37736
35450, 37736
7631, 37697
141651, 37577
207103, 37577
270833, 37577
3466, 37557
15318, 37463
18950, 37463
19713, 37463
24946, 37462
32183, 37462
32793, 37435
228854, 37417
222395, 37281
17145, 37019
17807, 37019
125822, 36988
144927, 36988
159418, 36988
171785, 36988
174788, 36988
207661, 36988
242974, 36988
94137, 36985
183452, 36985
230198, 36985
294310, 36985
15161, 36946
17309, 36946
18552, 36946
19247, 36946
20256, 36946
20482, 36946
20964, 36946
21104, 36946
21190, 36946
21585, 36946
21657, 36946
21782, 36946
21816, 36946
21986, 36946
22618, 36946
22807, 36946
22821, 36946
22907, 36946
22914, 36946
22982, 36946
23035, 36946
23130, 36946
23598, 36946
23852, 36946
24451, 36946
24538, 36946
24610, 36946
26190, 36946
26501, 36946
26639, 36946
32821, 36946
53475, 36946
97487, 36934
36167, 36871
37163, 36843
32718, 36813
34834, 36813
45296, 36813
52134, 36813
54150, 36813
36470, 36797
37529, 36797
38307, 36797
40553, 36797
43415, 36797
43707, 36797
45141, 36797
45459, 36797
45746, 36797
47078, 36797
47729, 36797
47888, 36797
48313, 36797
49175, 36797
49686, 36797
51081, 36797
51376, 36797
53445, 36797
58399, 36797
24073, 36749
24225, 36749
25976, 36749
27079, 36749
27092, 36749
29312, 36749
29600, 36749
29643, 36749
29743, 36749
30018, 36749
30214, 36749
30297, 36749
30466, 36749
30581, 36749
30704, 36749
31159, 36749
31191, 36749
31257, 36749
31469, 36749
31774, 36749
32022, 36749
32068, 36749
32139, 36749
32455, 36749
32493, 36749
33591, 36749
34019, 36749
34153, 36749
34171, 36749
34230, 36749
34233, 36749
34523, 36749
34540, 36749
35046, 36749
35095, 36749
35135, 36749
35285, 36749
35547, 36749
35656, 36749
36009, 36749
36091, 36749
36124, 36749
37383, 36749
37975, 36749
38043, 36749
38446, 36749
14040, 36734
15461, 36734
22806, 36663
2596, 36628
252553, 36586
42968, 36576
44184, 36576
44381, 36576
46502, 36576
49922, 36576
51281, 36576
53579, 36576
54869, 36576
55201, 36576
5909, 36450
3517, 36441
14023, 36350
14316, 36190
16194, 36190
17055, 36190
18470, 36190
18511, 36190
19867, 36190
20436, 36190
20530, 36190
20745, 36190
20860, 36190
21066, 36190
21431, 36190
22012, 36190
22098, 36190
22183, 36190
23641, 36190
23732, 36190
24008, 36190
24120, 36190
24741, 36190
24922, 36190
25243, 36190
25460, 36190
25508, 36190
25604, 36190
26468, 36190
27509, 36190
27611, 36190
27999, 36190
28193, 36190
29080, 36190
34268, 36190
6423, 36142
33144, 36140
28260, 36026
34871, 36026
31827, 36015
31907, 36015
41943, 35935
45592, 35935
45948, 35935
46895, 35935
48336, 35935
52049, 35935
34353, 35928
38101, 35928
39431, 35928
41465, 35928
41535, 35928
42443, 35928
42722, 35928
42911, 35928
43062, 35928
43658, 35928
44143, 35928
44338, 35928
44643, 35928
44822, 35928
45076, 35928
45385, 35928
45471, 35928
45543, 35928
46086, 35928
46287, 35928
47446, 35928
47819, 35928
48556, 35928
48663, 35928
48822, 35928
49245, 35928
49813, 35928
50045, 35928
50482, 35928
53585, 35928
54048, 35928
40241, 35901
14686, 35858
15145, 35858
18229, 35834
19450, 35834
257358, 35834
40414, 35826
42421, 35826
44708, 35826
45769, 35826
46416, 35826
47284, 35826
48295, 35826
48304, 35826
48753, 35826
49744, 35826
49984, 35826
50988, 35826
51264, 35826
53011, 35826
15656, 35790
16053, 35790
17170, 35790
17589, 35790
18567, 35790
18577, 35790
18583, 35790
18666, 35790
18698, 35790
18710, 35790
18786, 35790
19061, 35790
19690, 35790
19748, 35790
20014, 35790
20282, 35790
20382, 35790
20434, 35790
20662, 35790
21226, 35790
22053, 35790
46324, 35763
47413, 35763
208589, 35655
7949, 35494
9292, 35494
9982, 35494
11322, 35494
16533, 35494
16996, 35494
18287, 35494
19279, 35494
20171, 35494
20998, 35494
21086, 35494
22839, 35494
25936, 35433
26395, 35433
28050, 35433
29653, 35433
29876, 35433
30280, 35433
33160, 35433
33390, 35433
34998, 35433
15384, 35401
23179, 35348
33122, 35348
14386, 35344
28681, 35328
29954, 35149
34447, 35149
38692, 35138
28558, 35105
29150, 35105
32475, 35105
37577, 35105
8932, 35088
163997, 35043
167933, 35043
81151, 34785
130376, 34785
233522, 34785
8670, 34651
13803, 34651
13939, 34651
14230, 34651
14289, 34651
14557, 34651
14590, 34651
14667, 34651
15126, 34651
15444, 34651
15446, 34651
15580, 34651
15774, 34651
15872, 34651
15885, 34651
16066, 34651
16259, 34651
16276, 34651
16343, 34651
16589, 34651
16656, 34651
16758, 34651
17043, 34651
10643, 34624
11807, 34624
13409, 34624
11899, 34386
45265, 34376
36144, 34334
39862, 34334
43622, 34334
43891, 34334
47443, 34334
47832, 34334
47949, 34334
49484, 34334
49536, 34334
49602, 34334
49617, 34334
50401, 34334
52320, 34334
52585, 34334
52993, 34334
55764, 34334
12190, 34306
14571, 34306
15366, 34306
15804, 34306
15980, 34306
16492, 34306
16516, 34306
16553, 34306
16906, 34306
17156, 34306
17177, 34306
19217, 34306
20696, 34306
21319, 34263
22126, 34263
26452, 34263
28914, 34263
31834, 34263
32478, 34263
33971, 34263
37405, 34263
40000, 34263
40819, 34263
41695, 34263
42046, 34263
42638, 34263
42928, 34263
43449, 34263
43736, 34263
43757, 34263
44192, 34263
44690, 34263
44933, 34263
45530, 34263
45632, 34263
47419, 34263
48272, 34263
48465, 34263
49098, 34263
49177, 34263
49888, 34263
50845, 34263
50995, 34263
51851, 34263
52381, 34263
52384, 34263
52877, 34263
53241, 34263
54035, 34263
55233, 34263
55591, 34263
55675, 34263
281534, 34263
20249, 34199
11366, 34149
11403, 34149
5429, 34136
5970, 34136
6059, 34136
6246, 34136
30867, 34092
35256, 34092
13271, 34057
13985, 34057
14137, 34057
14969, 34057
15805, 34057
13770, 34024
26739, 34023
29139, 34023
29443, 34023
29555, 34023
32015, 34023
32159, 34023
33359, 34023
34217, 34023
35972, 34023
36434, 34023
36444, 34023
36554, 34023
37780, 34023
37918, 34023
38454, 34023
47295, 34023
48115, 34023
15502, 33993
16935, 33993
16948, 33993
24144, 33961
29494, 33899
31777, 33899
32196, 33899
32623, 33899
37426, 33899
39831, 33899
42089, 33899
42642, 33899
43439, 33899
44703, 33899
45418, 33899
45587, 33899
45709, 33899
46496, 33899
46788, 33899
47681, 33899
48724, 33899
49528, 33899
50561, 33899
52237, 33899
34822, 33877
41355, 33867
268279, 33842
268780, 33842
33575, 33760
37806, 33760
39185, 33760
41657, 33760
25290, 33742
25486, 33742
29359, 33742
31365, 33742
31423, 33742
32699, 33742
34468, 33742
34582, 33742
36758, 33742
36806, 33742
37897, 33742
38070, 33742
38292, 33742
38469, 33742
38544, 33742
39715, 33742
39784, 33742
39885, 33742
39939, 33742
40641, 33742
41567, 33742
41896, 33742
42417, 33742
42760, 33742
42802, 33742
43630, 33742
43763, 33742
43768, 33742
43853, 33742
44052, 33742
44123, 33742
44199, 33742
44455, 33742
44628, 33742
44893, 33742
45853, 33742
45919, 33742
46371, 33742
46399, 33742
47485, 33742
48071, 33742
48104, 33742
48750, 33742
50333, 33742
50563, 33742
50676, 33742
31825, 33737
9102, 33488
204882, 33462
33955, 33395
7988, 33378
39533, 33350
32420, 33316
36764, 33316
37645, 33316
38242, 33316
38854, 33316
39141, 33316
40166, 33316
41493, 33316
42523, 33316
43867, 33316
43898, 33316
43964, 33316
44177, 33316
46066, 33316
46363, 33316
48311, 33316
48696, 33316
49406, 33316
49987, 33316
50153, 33316
50428, 33316
50813, 33316
100378, 33311
137703, 33309
5544, 33271
213492, 33227
37232, 33177
37847, 33177
38962, 33177
39509, 33177
39981, 33177
40966, 33177
30356, 33028
42081, 33028
49767, 33028
34044, 33016
166874, 33015
33726, 33011
38080, 32985
39788, 32985
40978, 32967
30110, 32953
33494, 32953
35328, 32953
35816, 32953
36325, 32953
37457, 32953
37596, 32953
37876, 32953
43978, 32953
44920, 32953
250859, 32919
250100, 32914
30338, 32905
34129, 32905
37723, 32905
40202, 32905
32612, 32873
33343, 32873
33347, 32873
33762, 32873
34972, 32873
35092, 32873
35425, 32873
39731, 32873
40120, 32873
40455, 32873
41344, 32873
43432, 32873
33629, 32823
33639, 32823
34202, 32823
34406, 32823
35058, 32823
35278, 32823
37081, 32823
37103, 32823
37532, 32823
37681, 32823
37740, 32823
38321, 32823
38656, 32823
39450, 32823
39859, 32823
40707, 32823
40779, 32823
40833, 32823
41044, 32823
41437, 32823
41613, 32823
43092, 32823
43594, 32823
44083, 32823
44888, 32823
45942, 32823
46375, 32823
37901, 32701
41631, 32701
36359, 32507
39959, 32500
26762, 32452
39635, 32447
41033, 32447
10762, 32372
13141, 32372
14191, 32372
14459, 32372
14621, 32372
15040, 32372
222266, 32323
2170, 32175
1518, 32052
34281, 32029
40187, 32029
41017, 32029
41428, 32029
42311, 32029
5183, 31912
46299, 31846
20487, 31821
8273, 31658
8931, 31658
9377, 31658
11782, 31658
18357, 31528
21068, 31528
16789, 31527
22471, 30288
217377, 30232
145681, 29636
11269, 29391
11579, 29391
11746, 29391
11897, 29391
12042, 29391
12427, 29391
12569, 29391
12785, 29391
12829, 29391
12946, 29391
12975, 29391
13057, 29391
13278, 29391
13419, 29391
13558, 29391
13743, 29391
14018, 29391
14020, 29391
14282, 29391
14421, 29391
15662, 29391
282800, 29043
19374, 28532
21130, 28532
22262, 28532
10782, 28207
10978, 28207
11332, 28207
11675, 28207
12130, 28207
13011, 28207
7919, 28202
8091, 28202
8584, 28202
8751, 28202
8843, 28202
9750, 28202
9950, 28202
10074, 28202
10090, 28202
10257, 28202
10261, 28202
10342, 28202
10633, 28202
10704, 28202
10727, 28202
13489, 28202
114832, 26643
162163, 26643
168312, 26643
194476, 26643
202687, 26643
221176, 26643
240978, 26643
271964, 26643
5917, 26633
7004, 26633
7908, 26633
8182, 26633
8296, 26633
9354, 26633
10043, 26633
10383, 26594
196618, 26457
266931, 26183
10829, 24831
27966, 24818
30289, 24818
91467, 22796
249162, 21988
24657, 20523
26353, 20523
27197, 20523
27609, 20523
32161, 20523
196483, 20276
250350, 20276
142560, 19852
200319, 19852
126900, 18030
20243, 16205
25988, 16205
27901, 16205
28169, 16205
28338, 16205
28428, 16205
169569, 16129
97032, 15142
210952, 14083
10660, 11525
681, 11442
1294, 11442
9854, 11227
824, 11220
1793, 11220
1820, 11220
2426, 11220
343, 11135
985, 11100
1376, 11100
1717, 11100
1827, 11100
2050, 11100
2442, 11100
2451, 11100
2630, 11100
2874, 11100
2910, 11100
3097, 11100
3107, 11100
3171, 11100
3288, 11100
3295, 11100
3439, 11100
3508, 11100
3540, 11100
3565, 11100
3738, 11100
3749, 11100
3783, 11100
3872, 11100
3935, 11100
3959, 11100
4059, 11100
4158, 11100
4233, 11100
4260, 11100
4317, 11100
4345, 11100
4353, 11100
4436, 11100
4522, 11100
4556, 11100
4557, 11100
4562, 11100
4611, 11100
4614, 11100
4636, 11100
4639, 11100
4654, 11100
4706, 11100
4736, 11100
4771, 11100
4865, 11100
4914, 11100
4922, 11100
4932, 11100
4980, 11100
5042, 11100
5089, 11100
5114, 11100
5132, 11100
5135, 11100
5212, 11100
5240, 11100
19709, 10991
16184, 10987
23000, 10987
23058, 10987
23854, 10987
24380, 10987
2718, 10918
2840, 10918
4411, 10918
1690, 10714
1779, 10576
294214, 7795
3790, 7378
26752, 6427
229373, 5511
108634, 4712
35240, 3970
31402, 3941
27957, 3261
29547, 3261
30718, 3261
13378, 3110
17977, 2795
101587, 2272
118237, 2272
131148, 2272
137398, 2272
142952, 2272
145586, 2272
148582, 2272
176428, 2272
177031, 2272
190335, 2272
205306, 2272
126129, 2258
203681, 2258
209144, 2258
7312, 2247
8326, 2207
21323, 2207
24992, 2207
25278, 2207
38634, 2207
38851, 2207
110281, 2207
11998, 2195
22795, 2195
99309, 2195
211900, 2195
153957, 2189
154934, 2189
158603, 2189
158900, 2189
176224, 2189
179014, 2189
185215, 2189
188696, 2189
193229, 2189
194820, 2189
197367, 2189
220419, 2189
231155, 2189
243711, 2189
248983, 2189
249379, 2189
255262, 2189
255497, 2189
260085, 2189
260391, 2189
267129, 2189
271213, 2189
271377, 2189
271661, 2189
273654, 2189
274657, 2189
280141, 2189
280703, 2189
286437, 2189
292410, 2189
292752, 2189
295824, 2189
20631, 2180
24443, 2180
25302, 2180
26278, 2180
30257, 2180
34142, 2180
36987, 2180
37838, 2180
44322, 2180
52829, 2180
56074, 2180
59706, 2180
60876, 2180
71605, 2180
78919, 2180
94278, 2180
99124, 2180
108458, 2180
119015, 2180
126621, 2180
127898, 2180
137346, 2180
138843, 2180
156913, 2180
169681, 2180
185707, 2180
202787, 2180
203044, 2180
221637, 2180
224789, 2180
232487, 2180
237983, 2180
246137, 2180
148026, 2172
260883, 2172
262243, 2172
274611, 2172
288400, 2172
289934, 2172
290633, 2172
83147, 2171
28477, 2164
53873, 2164
54192, 2164
64128, 2164
73797, 2164
79607, 2164
69841, 2153
73296, 2153
74799, 2153
82745, 2153
97479, 2153
116202, 2153
147348, 2153
159564, 2153
163336, 2153
163340, 2153
172003, 2153
185559, 2153
261412, 2153
105437, 2149
121251, 2149
140654, 2149
176675, 2149
179447, 2149
180601, 2149
183589, 2149
184314, 2149
200388, 2149
204506, 2149
204603, 2149
205356, 2149
214097, 2149
225246, 2149
229903, 2149
230235, 2149
234111, 2149
238403, 2149
244596, 2149
259928, 2149
260677, 2149
264405, 2149
276249, 2149
285394, 2149
149411, 2141
170782, 2141
193464, 2141
209039, 2141
218831, 2141
220641, 2141
226002, 2141
235430, 2141
239737, 2141
242282, 2141
253507, 2141
259186, 2141
263954, 2141
274780, 2141
275385, 2141
103223, 2127
125950, 2127
172249, 2127
177713, 2127
189366, 2127
192364, 2127
193261, 2127
196968, 2127
207358, 2127
208072, 2127
208795, 2127
215010, 2127
216081, 2127
217534, 2127
227852, 2127
229713, 2127
231269, 2127
231332, 2127
237618, 2127
238299, 2127
238877, 2127
238973, 2127
250096, 2127
251188, 2127
253018, 2127
253267, 2127
254119, 2127
256581, 2127
261713, 2127
262414, 2127
263582, 2127
263967, 2127
264666, 2127
264926, 2127
266627, 2127
266798, 2127
267502, 2127
268217, 2127
270720, 2127
276605, 2127
279189, 2127
279353, 2127
280726, 2127
284217, 2127
287712, 2127
292363, 2127
184372, 2119
202833, 2119
212271, 2119
219688, 2119
227448, 2119
250372, 2119
275278, 2119
282211, 2119
285692, 2119
287552, 2119
81864, 2115
90556, 2115
118158, 2113
124485, 2113
158695, 2113
90693, 2106
117588, 2106
124778, 2106
256108, 2106
239624, 2096
127531, 2091
158066, 2084
134629, 2075
180520, 2075
290213, 2068
13227, 2062
31530, 2062
46915, 2062
51889, 2062
56470, 2062
86853, 2062
101949, 2062
110261, 2062
200130, 2062
197272, 2045
10848, 2027
14267, 2027
20650, 2027
23247, 2027
40638, 2027
44695, 2027
46006, 2027
59386, 2027
61791, 2027
66417, 2027
70916, 2027
73465, 2027
76528, 2027
80944, 2027
83074, 2027
85654, 2027
86553, 2027
87962, 2027
93244, 2027
95990, 2027
96502, 2027
97713, 2027
107016, 2027
114754, 2027
120204, 2027
132088, 2027
135673, 2027
139599, 2027
151393, 2027
160665, 2027
160691, 2027
160759, 2027
165474, 2027
174289, 2027
208801, 2027
211686, 2027
211793, 2027
227010, 2027
243949, 2027
277399, 2027
18533, 1986
18758, 1986
87684, 1986
128171, 1986
130649, 1986
141730, 1986
142052, 1986
147108, 1986
72277, 1975
75465, 1975
105740, 1975
109042, 1975
122614, 1975
139573, 1975
177613, 1975
205471, 1975
275601, 1975
64935, 1963
6075, 1947
24278, 1947
147521, 1920
163690, 1898
246494, 1860
146857, 1856
232519, 1856
6887, 1746
222909, 1689
289723, 1689
92088, 1671
2882, 1663
5186, 1650
51198, 1408
45938, 1375
46902, 1375
47828, 1375
54554, 1375
55402, 1375
179967, 1358
39317, 1353
40831, 1353
44215, 1353
47067, 1353
49295, 1353
49950, 1353
53534, 1353
54071, 1353
54095, 1353
54563, 1353
55438, 1353
60907, 1353
40551, 1334
44884, 1334
51951, 1334
39793, 1325
41955, 1325
42422, 1325
42998, 1325
45256, 1325
32479, 1323
39298, 1323
49908, 1323
52692, 1323
55289, 1323
55753, 1323
56561, 1323
58886, 1323
63449, 1323
67544, 1323
71461, 1323
30934, 1312
34211, 1312
43822, 1312
34077, 1287
36634, 1287
37667, 1287
39877, 1287
42948, 1287
43673, 1287
43806, 1287
44309, 1287
46280, 1287
48706, 1287
49076, 1287
50166, 1287
51172, 1287
51342, 1287
52571, 1287
54422, 1287
55623, 1287
60867, 1287
42237, 1280
38228, 1279
38818, 1279
41960, 1279
43254, 1279
43872, 1279
44293, 1279
45072, 1279
45251, 1279
46054, 1279
47306, 1279
47462, 1279
47866, 1279
47914, 1279
48120, 1279
48580, 1279
49707, 1279
50591, 1279
50976, 1279
51414, 1279
51941, 1279
52376, 1279
52913, 1279
53252, 1279
54588, 1279
54599, 1279
56746, 1279
56888, 1279
58343, 1279
58409, 1279
60339, 1279
60824, 1279
62646, 1279
62727, 1279
63372, 1279
64985, 1279
66111, 1279
48035, 1261
52212, 1261
57567, 1261
59795, 1261
61943, 1261
46207, 1252
57368, 1252
59745, 1252
60534, 1252
70928, 1252
47179, 1249
73281, 1249
36791, 1247
39657, 1247
39913, 1247
41201, 1247
44018, 1247
46001, 1247
46078, 1247
46850, 1247
61187, 1232
43488, 1222
46423, 1222
49084, 1222
51499, 1222
54343, 1222
54568, 1222
56738, 1222
57385, 1222
58489, 1222
58826, 1222
59926, 1222
60370, 1222
63525, 1222
64267, 1222
64657, 1222
64861, 1222
64892, 1222
65174, 1222
65577, 1222
66864, 1222
71088, 1222
71686, 1222
81290, 1222
39985, 1219
47367, 1219
47425, 1219
47547, 1219
47798, 1219
55264, 1219
45489, 1218
48135, 1218
48560, 1218
50489, 1218
51176, 1218
51219, 1218
51486, 1218
51842, 1218
52104, 1218
55546, 1218
56087, 1218
56236, 1218
57202, 1218
57217, 1218
59618, 1218
60026, 1218
60680, 1218
61122, 1218
62139, 1218
62193, 1218
62300, 1218
62338, 1218
62507, 1218
63133, 1218
63504, 1218
63985, 1218
65339, 1218
66267, 1218
66378, 1218
66487, 1218
67040, 1218
67948, 1218
68913, 1218
68952, 1218
69278, 1218
69839, 1218
70045, 1218
70349, 1218
72838, 1218
72977, 1218
73322, 1218
73829, 1218
74252, 1218
74834, 1218
75370, 1218
82240, 1218
23691, 1214
51923, 1214
62644, 1214
28619, 1205
39824, 1205
40266, 1205
41474, 1205
43036, 1205
43986, 1181
39250, 1148
32752, 1146
34359, 1146
34550, 1146
38882, 1146
39165, 1146
40321, 1146
40510, 1146
41039, 1146
41089, 1146
41448, 1146
41819, 1146
41973, 1146
41979, 1146
42865, 1146
43032, 1146
43686, 1146
44088, 1146
44813, 1146
45036, 1146
45202, 1146
45298, 1146
45303, 1146
46148, 1146
47659, 1146
47938, 1146
48097, 1146
48407, 1146
35474, 1065
39325, 1065
40078, 1065
40549, 1065
41151, 1065
41376, 1065
41962, 1065
42013, 1065
42321, 1065
45113, 1065
46632, 1065
48282, 1065
49703, 1065
