506, 118280
1200, 117362
258997, 117362
260833, 117362
261540, 117362
262392, 117362
264069, 117362
265186, 117362
271752, 117362
273524, 117362
284917, 117362
285907, 117362
290474, 117362
293100, 117362
294634, 117362
295351, 117362
295420, 117362
295532, 117362
197827, 116964
273768, 114438
285600, 114438
145047, 109178
153091, 109178
249147, 109178
253327, 109178
255517, 109178
280843, 108869
265981, 50293
178961, 49088
296357, 49088
57565, 48351
89936, 48351
95974, 48351
127258, 48351
127491, 48351
155364, 48351
170526, 48351
170887, 48351
189803, 48351
197772, 48351
201974, 48351
226304, 48351
226773, 48351
269918, 48351
274333, 48351
281357, 48351
290934, 48351
111539, 45097
166337, 25946
42087, 25523
55973, 25523
65740, 25523
71803, 25523
109039, 25523
109940, 25523
123027, 25523
126449, 25523
133087, 25523
134460, 25523
138957, 25523
143658, 25523
161227, 25523
165264, 25523
174690, 25523
181042, 25523
194450, 25523
210354, 25523
212008, 25523
218359, 25523
235911, 25523
252231, 25523
263111, 25523
273726, 25523
278376, 25523
288682, 25523
87007, 25512
178816, 25512
241479, 25512
40033, 25124
56070, 25124
57480, 25124
61991, 25124
68794, 25124
75147, 25124
78603, 25124
89641, 25124
94389, 25124
97647, 25124
98601, 25124
100932, 25124
109930, 25124
115927, 25124
116087, 25124
124813, 25124
140826, 25124
141062, 25124
142153, 25124
143463, 25124
145020, 25124
145724, 25124
146018, 25124
150148, 25124
150494, 25124
151476, 25124
155776, 25124
157338, 25124
157653, 25124
170548, 25124
177696, 25124
182555, 25124
189134, 25124
192554, 25124
192663, 25124
195796, 25124
210609, 25124
213352, 25124
213605, 25124
221253, 25124
222678, 25124
224926, 25124
225555, 25124
226164, 25124
226915, 25124
232064, 25124
236748, 25124
237208, 25124
239034, 25124
242715, 25124
242733, 25124
245726, 25124
254236, 25124
254500, 25124
255246, 25124
255843, 25124
261815, 25124
262006, 25124
262458, 25124
262648, 25124
264515, 25124
268458, 25124
270702, 25124
271134, 25124
275705, 25124
278150, 25124
283735, 25124
289641, 25124
181303, 25014
199176, 25014
244426, 25014
264576, 25014
272129, 25014
51062, 24736
17334, 24550
31487, 24550
111371, 24550
111533, 24550
135889, 24550
191194, 24550
202193, 24550
247258, 24550
250771, 24550
255823, 24550
269574, 24550
289659, 24550
42333, 24538
52046, 24538
61960, 24538
97708, 24538
154227, 24538
164612, 24538
227339, 24538
283407, 24396
209081, 24208
282504, 23904
62063, 23502
70517, 23502
84906, 23502
109165, 23502
115103, 23502
132087, 23502
160215, 23502
167501, 23502
179913, 23502
226006, 23502
229493, 23502
233207, 23502
248341, 23502
249748, 23502
41723, 23138
52596, 22378
8170, 22305
17804, 22305
21846, 22305
44666, 22305
80838, 22305
164082, 22305
165705, 22305
5382, 22300
224222, 21508
67500, 21099
135033, 21099
199324, 20766
98481, 20499
193618, 20499
47250, 19923
216282, 19923
201886, 18291
230632, 16212
86069, 13941
200668, 13941
201509, 13941
176387, 13812
24136, 12983
54175, 12983
64932, 12983
127215, 12983
152219, 12983
166745, 12983
168020, 12983
172711, 12983
182473, 12983
212821, 12983
213478, 12983
222355, 12983
223165, 12983
238858, 12983
246627, 12983
257862, 12983
261300, 12983
215982, 12726
75198, 11879
96192, 11879
110213, 11879
130296, 11879
155992, 11879
182212, 11879
190405, 11879
227778, 11879
115428, 11813
284143, 11813
26578, 11617
27089, 11617
39025, 11617
40897, 11617
74629, 11617
86289, 11617
119664, 11617
163103, 11617
239032, 11617
295685, 11617
64076, 11445
92214, 11445
119130, 11445
121843, 11445
126419, 11445
135836, 11445
138599, 11445
140486, 11445
141659, 11445
182477, 11445
199783, 11445
207928, 11445
193489, 11315
231476, 11315
247508, 11315
258381, 11315
270037, 11315
296317, 11315
112786, 10795
274914, 10705
179002, 10069
157177, 10064
279947, 10064
127550, 9711
294751, 9584
290005, 9543
239001, 9528
143803, 9468
172360, 9468
233064, 9358
194103, 9286
122988, 9148
10709, 8854
50143, 8687
195825, 8687
263458, 8687
145292, 8631
289978, 8086
168722, 7441
260770, 7441
81764, 7248
108053, 7233
287908, 6799
109952, 6796
243700, 6796
286357, 6678
87292, 6638
113803, 6586
202170, 6568
247922, 6519
294220, 6519
262593, 6429
187550, 6374
208728, 6358
155482, 6354
243744, 6339
164742, 6285
46819, 6250
68270, 6250
74772, 6250
96009, 6250
102942, 6250
111416, 6250
168766, 6250
183662, 6250
184475, 6241
64039, 6234
90093, 6234
130324, 6234
38536, 6191
62059, 6191
78542, 6191
208711, 6191
264785, 6140
239547, 6135
64306, 6068
91398, 6068
115854, 6068
156545, 6068
186883, 6068
202597, 6068
230680, 6067
139458, 6066
95765, 6056
149638, 6056
200155, 6056
158790, 6035
57917, 6026
61662, 6026
160380, 6026
216595, 6026
97812, 6018
119660, 6018
171338, 6018
285100, 6018
118718, 6009
130229, 6009
147758, 6009
163682, 6009
188871, 6009
189651, 6009
237959, 6009
113746, 6005
195751, 6005
158589, 5987
51216, 5944
63975, 5944
95931, 5944
193775, 5941
260024, 5902
242541, 5900
121069, 5893
136190, 5893
248705, 5818
171463, 5810
185980, 5810
52952, 5771
108133, 5771
121649, 5771
168458, 5771
271446, 5771
121369, 5691
130612, 5690
239639, 5690
68897, 5574
202745, 5557
197382, 5414
242888, 5414
79796, 5354
187660, 5354
190338, 5354
218914, 5354
219207, 5175
233756, 5175
283201, 5175
212111, 5170
245173, 5170
227315, 5165
171565, 5158
179276, 5017
247160, 4894
173983, 4765
236812, 4661
289582, 4661
157345, 4611
237305, 4560
277224, 4493
274853, 4459
200395, 4407
233389, 4407
123733, 4305
234186, 4305
171825, 4291
184544, 4266
244065, 4266
144879, 4209
181433, 4209
186816, 4209
196962, 4209
197781, 4209
237443, 4209
36678, 4096
37911, 4096
62010, 4096
75800, 4096
118982, 4096
143781, 4096
288034, 4096
18268, 4070
42904, 4070
56596, 4070
62184, 4070
69176, 4070
115047, 4070
230860, 4070
259984, 4070
275233, 4070
45311, 4045
56473, 4045
80167, 4045
172396, 4045
234616, 4045
74452, 4001
154799, 4001
177932, 4001
274435, 4001
54794, 3993
131749, 3991
159451, 3915
161012, 3915
283237, 3915
144843, 3861
100809, 3853
86447, 3832
138390, 3832
57568, 3811
19957, 3798
29667, 3798
32665, 3798
41122, 3798
52176, 3798
55746, 3798
56075, 3798
64085, 3798
65442, 3798
67217, 3798
72723, 3798
80341, 3798
84693, 3798
86023, 3798
93126, 3798
99308, 3798
111769, 3798
113284, 3798
113659, 3798
122257, 3798
140927, 3798
171117, 3798
227559, 3798
232169, 3798
237654, 3798
255279, 3798
265593, 3798
269625, 3798
292850, 3798
193205, 3781
142404, 3777
158625, 3777
285376, 3777
165745, 3763
192052, 3751
157973, 3750
232179, 3750
67745, 3736
106732, 3736
185852, 3736
256147, 3736
261183, 3736
206784, 3727
216122, 3727
207288, 3725
235237, 3725
165454, 3724
32327, 3722
242219, 3722
268984, 3722
109606, 3719
132605, 3715
191824, 3715
249205, 3715
66503, 3712
132211, 3712
288014, 3712
167556, 3707
122862, 3705
164809, 3705
234207, 3705
266395, 3705
269606, 3705
272524, 3705
280957, 3705
295075, 3705
45455, 3703
83843, 3703
89300, 3703
157614, 3703
191767, 3703
263468, 3703
282987, 3703
256785, 3693
27752, 3691
288153, 3683
113061, 3670
254799, 3670
270371, 3670
76252, 3644
225947, 3629
253349, 3629
115961, 3625
69563, 3615
75360, 3615
110733, 3615
155985, 3615
157899, 3615
171384, 3614
173598, 3614
198069, 3614
290082, 3614
292168, 3614
294112, 3614
285185, 3610
84778, 3593
108603, 3593
196602, 3593
213360, 3593
287924, 3593
237692, 3590
252845, 3590
54252, 3578
78451, 3578
141755, 3578
232522, 3578
269857, 3578
290247, 3578
202285, 3570
283005, 3570
108998, 3505
67549, 3502
155295, 3502
228775, 3502
233360, 3502
273919, 3502
291485, 3502
17570, 3501
204480, 3500
270915, 3487
251364, 3470
48821, 3457
57303, 3457
256551, 3448
289967, 3448
84627, 3443
286927, 3435
42012, 3429
67142, 3429
82127, 3429
270087, 3429
255451, 3422
288362, 3405
191868, 3390
96001, 3353
183566, 3353
233774, 3347
58543, 3320
67756, 3320
127700, 3320
135748, 3320
148039, 3320
183746, 3320
189859, 3320
233474, 3320
252847, 3320
291525, 3320
175211, 3278
176352, 3277
221181, 3276
252979, 3253
276331, 3253
145857, 3251
157312, 3247
71364, 3241
122647, 3241
136962, 3241
149323, 3241
200094, 3241
211758, 3241
223483, 3241
249303, 3241
225010, 3235
296170, 3235
252770, 3201
109830, 3188
120395, 3188
231403, 3188
127447, 3185
71834, 3169
85956, 3169
137549, 3118
151685, 3118
180721, 3118
205217, 3118
244501, 3103
246938, 3103
190009, 3098
195452, 3098
181394, 3097
193321, 3074
260282, 3074
262284, 3012
30489, 3010
209981, 3010
260268, 3010
171609, 3003
266554, 2896
205569, 2892
256202, 2892
293428, 2892
244131, 2885
48086, 2878
165105, 2878
60507, 2874
138154, 2873
129549, 2858
190197, 2858
114172, 2846
247537, 2839
286771, 2839
78711, 2830
239886, 2830
232030, 2770
214529, 2759
55748, 2746
193781, 2746
288559, 2707
69933, 2705
219228, 2699
183280, 2688
87634, 2687
244727, 2673
129220, 2653
154304, 2644
178398, 2644
195967, 2639
200239, 2639
243986, 2639
269238, 2627
265515, 2622
222020, 2610
199617, 2608
77942, 2604
189222, 2604
75508, 2579
141832, 2579
243847, 2579
172193, 2549
193250, 2549
210977, 2549
249548, 2549
211387, 2508
143906, 2503
208807, 2503
217629, 2503
295621, 2501
159700, 2471
106056, 2430
86649, 2421
171832, 2412
204504, 2412
43741, 2402
163581, 2386
65803, 2382
95230, 2382
123890, 2382
140749, 2382
189079, 2382
248874, 2382
272932, 2382
127767, 2378
70139, 2364
86243, 2364
112101, 2364
115920, 2364
212130, 2364
266055, 2364
108690, 2337
123008, 2331
127968, 2331
151800, 2331
245594, 2331
245895, 2331
251578, 2331
262755, 2331
62017, 2320
32745, 2293
42373, 2293
42898, 2293
63553, 2293
65787, 2293
81036, 2293
97422, 2293
105923, 2293
160096, 2293
203967, 2293
250496, 2293
251348, 2293
291317, 2293
284972, 2287
287966, 2282
146701, 2271
249526, 2271
282356, 2271
75826, 2269
80132, 2262
291295, 2262
30887, 2247
39539, 2247
45466, 2247
65627, 2243
105754, 2243
197850, 2234
156420, 2230
92852, 2228
137498, 2228
77712, 2213
266470, 2208
27735, 2206
134559, 2205
206465, 2205
133175, 2204
14278, 2199
49584, 2199
116006, 2199
225112, 2199
21775, 2196
63417, 2196
173124, 2196
291999, 2196
57256, 2195
89155, 2195
225550, 2195
65549, 2190
76639, 2190
115653, 2190
251914, 2190
80507, 2188
77781, 2179
103886, 2179
138839, 2179
149692, 2179
150974, 2179
152354, 2179
155883, 2179
157417, 2179
158037, 2179
164296, 2179
185511, 2179
201885, 2179
220396, 2179
220550, 2179
280862, 2179
151450, 2177
190923, 2172
282383, 2172
57633, 2166
86789, 2161
255831, 2161
265102, 2161
188811, 2154
77421, 2152
234394, 2152
78874, 2151
104009, 2151
108132, 2151
140615, 2151
149117, 2151
154194, 2151
216769, 2151
230217, 2151
253291, 2151
253482, 2151
281013, 2151
281935, 2151
292366, 2151
146773, 2142
134247, 2136
212954, 2128
181125, 2121
244215, 2121
16969, 2113
41718, 2113
176974, 2113
63566, 2109
99545, 2109
211331, 2108
4817, 2105
35484, 2105
92579, 2105
131201, 2105
193299, 2105
195295, 2105
205186, 2105
284651, 2104
90445, 2103
92674, 2103
98927, 2103
103778, 2103
110714, 2103
181414, 2103
187605, 2103
192813, 2103
193256, 2103
216460, 2103
217104, 2103
217847, 2103
253353, 2103
255824, 2103
86115, 2101
1323, 2099
8042, 2096
102608, 2096
208, 2094
19225, 2094
34916, 2094
60244, 2094
236330, 2093
13672, 2083
82251, 2083
193420, 2083
222123, 2080
285096, 2080
288916, 2080
15050, 2079
177458, 2079
14276, 2076
239788, 2076
227274, 2072
133894, 2069
6929, 2064
259568, 2064
247794, 2063
3705, 2062
37416, 2062
109824, 2062
204181, 2062
185153, 2060
17932, 2056
77405, 2056
51338, 2053
87311, 2048
116182, 2048
104639, 2047
57661, 2037
197962, 2037
218438, 2037
236360, 2037
231102, 2035
235543, 2035
30024, 2033
3946, 2032
180705, 2032
279584, 2031
78665, 2029
26216, 2018
279559, 2018
28934, 2011
266, 2008
101201, 1999
225006, 1990
19817, 1982
35367, 1982
103747, 1982
117887, 1982
120430, 1982
174173, 1982
174495, 1982
196200, 1982
204329, 1982
226916, 1982
242827, 1982
280774, 1982
282239, 1982
56357, 1977
130253, 1973
238817, 1973
244968, 1973
118695, 1967
164784, 1967
280219, 1966
32049, 1963
146569, 1963
23189, 1960
53710, 1960
84139, 1960
114438, 1960
279976, 1959
214599, 1956
293458, 1955
85913, 1951
222626, 1951
91364, 1949
20374, 1948
1150, 1946
1370, 1946
218982, 1946
231173, 1946
239619, 1946
269317, 1946
281778, 1946
281825, 1946
92257, 1944
101227, 1944
295746, 1941
134774, 1940
188313, 1935
81623, 1933
287793, 1933
291763, 1933
227552, 1932
95460, 1930
220081, 1929
286315, 1929
9343, 1928
17252, 1928
30137, 1928
70986, 1926
31799, 1917
41403, 1915
79055, 1915
255920, 1906
295258, 1906
59216, 1904
76211, 1904
121514, 1904
126736, 1904
225962, 1904
282405, 1904
11847, 1900
268377, 1900
270739, 1899
24785, 1894
54649, 1894
23123, 1893
35488, 1893
41146, 1893
112132, 1893
152036, 1891
75584, 1890
289474, 1889
172842, 1880
46176, 1879
141670, 1879
76704, 1871
110351, 1869
88175, 1868
190643, 1868
277377, 1865
9165, 1861
250241, 1859
286703, 1857
6716, 1849
8754, 1849
119202, 1848
142929, 1848
211371, 1848
283881, 1848
151462, 1845
24206, 1841
75975, 1837
104704, 1837
115685, 1837
117437, 1837
132476, 1837
140341, 1837
144390, 1837
159551, 1837
169493, 1837
175917, 1837
201177, 1837
216621, 1837
8862, 1836
26903, 1836
48894, 1836
62780, 1836
70412, 1836
134937, 1836
161673, 1836
179623, 1836
271992, 1836
189810, 1834
196191, 1833
78634, 1831
153067, 1831
168568, 1831
192605, 1831
243548, 1831
266362, 1829
192529, 1826
243727, 1826
11184, 1825
13320, 1825
79010, 1825
119938, 1825
172074, 1825
175683, 1825
182827, 1825
201860, 1825
235877, 1825
274750, 1825
286549, 1825
122649, 1821
158755, 1821
244010, 1821
245119, 1821
252158, 1821
163263, 1820
10968, 1817
66936, 1817
135817, 1817
184208, 1817
69156, 1816
282089, 1807
4953, 1805
83731, 1805
89691, 1804
101357, 1804
281407, 1804
279114, 1803
173535, 1800
2063, 1799
128451, 1799
168721, 1799
147986, 1798
197275, 1798
280592, 1796
143161, 1792
269419, 1792
151218, 1789
136536, 1780
260911, 1780
71139, 1771
16676, 1768
61674, 1767
232798, 1765
27415, 1762
76609, 1758
98404, 1758
125652, 1758
145247, 1757
172576, 1757
220534, 1756
4458, 1753
20737, 1753
21276, 1753
30970, 1753
32470, 1753
38612, 1753
48312, 1753
50960, 1753
52983, 1753
58223, 1753
68296, 1753
68691, 1753
74759, 1753
77114, 1753
83050, 1753
84697, 1753
99676, 1753
123849, 1753
127294, 1753
138245, 1753
146354, 1753
177926, 1753
150985, 1750
9587, 1747
52502, 1747
54669, 1747
56704, 1747
87622, 1747
265817, 1744
284719, 1739
285604, 1739
7629, 1735
14161, 1735
15028, 1735
194521, 1733
17487, 1732
46952, 1732
27910, 1727
30688, 1727
156179, 1727
145374, 1724
174801, 1724
231717, 1723
924, 1722
1732, 1722
16458, 1722
192572, 1722
99177, 1718
129880, 1718
229750, 1718
175926, 1717
260637, 1717
207705, 1715
19554, 1707
259439, 1707
287787, 1705
64568, 1703
143930, 1702
181412, 1694
12861, 1692
61480, 1690
154943, 1688
11190, 1686
32002, 1686
96219, 1686
97260, 1686
107355, 1686
121254, 1686
293825, 1686
21957, 1678
137028, 1675
189781, 1675
218818, 1675
3828, 1664
88411, 1664
233491, 1664
176633, 1663
36993, 1662
37372, 1662
196608, 1662
99522, 1650
129898, 1650
205375, 1650
241347, 1650
483, 1649
192063, 1649
268234, 1649
211773, 1648
1708, 1645
2997, 1645
76283, 1645
136234, 1645
210067, 1645
44118, 1641
169882, 1641
212630, 1641
274586, 1641
1260, 1640
173386, 1635
97864, 1623
135637, 1623
152322, 1623
153339, 1623
259313, 1623
205755, 1621
278801, 1621
255583, 1612
262974, 1606
12510, 1602
146256, 1599
200935, 1596
8650, 1595
2429, 1594
135873, 1587
47048, 1580
137913, 1580
72024, 1572
111492, 1571
87652, 1570
16446, 1569
94045, 1569
121640, 1569
178564, 1569
244990, 1569
87638, 1568
158564, 1568
268085, 1568
271883, 1568
75042, 1567
172688, 1567
191887, 1561
184537, 1557
193655, 1557
215253, 1557
240878, 1557
262930, 1557
274681, 1557
278020, 1557
284424, 1557
284454, 1557
286438, 1557
293476, 1557
12036, 1550
168680, 1550
266310, 1550
24699, 1544
76321, 1541
227015, 1541
43146, 1536
51865, 1536
79956, 1536
91100, 1536
120210, 1536
280871, 1534
293023, 1534
233602, 1527
261516, 1527
63528, 1526
80452, 1526
97867, 1526
99040, 1526
116685, 1526
123242, 1526
133907, 1526
139072, 1526
140467, 1526
153872, 1526
166963, 1526
168805, 1526
221426, 1526
224044, 1526
226296, 1526
238550, 1526
248758, 1526
277764, 1526
23647, 1523
32224, 1520
5228, 1519
186999, 1510
12891, 1505
14084, 1502
65867, 1502
114396, 1502
232059, 1502
212449, 1501
219423, 1500
2440, 1498
30992, 1498
38756, 1498
46497, 1498
48215, 1498
54459, 1498
57096, 1498
91740, 1498
93903, 1498
97497, 1498
119884, 1498
125625, 1498
164110, 1498
174842, 1498
180675, 1498
212658, 1498
220832, 1498
223038, 1498
253735, 1498
122797, 1497
146507, 1497
187681, 1497
231051, 1497
77637, 1495
150052, 1494
293441, 1494
3512, 1492
19339, 1492
23516, 1492
81028, 1492
95496, 1492
116508, 1492
203808, 1491
23436, 1490
280473, 1490
285932, 1490
80124, 1487
110593, 1487
134343, 1487
176581, 1487
179136, 1487
215878, 1487
222215, 1487
224698, 1487
228797, 1487
233030, 1487
245648, 1487
246830, 1487
294007, 1487
80630, 1482
94985, 1482
14006, 1481
44116, 1481
54746, 1481
57372, 1481
82689, 1481
134118, 1481
184731, 1481
139735, 1480
24928, 1478
198665, 1478
36803, 1477
245102, 1476
4413, 1471
62693, 1470
89065, 1468
143748, 1464
196048, 1461
2675, 1460
113778, 1460
48339, 1452
75432, 1450
206231, 1446
236455, 1446
34663, 1444
269391, 1444
110347, 1440
176022, 1440
189304, 1440
195927, 1440
206605, 1440
242964, 1440
272164, 1440
288569, 1440
288898, 1440
56373, 1439
75766, 1432
77552, 1432
99412, 1432
57103, 1431
130861, 1431
159850, 1431
183720, 1431
207489, 1431
229900, 1431
237612, 1431
261219, 1431
262992, 1431
265613, 1431
271440, 1431
273249, 1431
283416, 1431
285373, 1431
285770, 1431
290494, 1431
291830, 1431
70143, 1429
231058, 1429
168936, 1426
80548, 1424
69336, 1422
89164, 1422
223856, 1422
227056, 1422
259501, 1422
286749, 1422
76468, 1421
98300, 1421
153374, 1421
262101, 1421
279585, 1421
109156, 1420
64141, 1419
72434, 1419
82611, 1419
101361, 1419
124095, 1419
159052, 1419
163913, 1419
173378, 1419
183999, 1419
184744, 1419
187855, 1419
204625, 1419
208005, 1419
211921, 1419
213124, 1419
223230, 1419
247331, 1419
256361, 1419
278319, 1419
287381, 1419
290689, 1419
46812, 1418
66859, 1418
130673, 1418
170945, 1418
149759, 1417
157889, 1417
209732, 1417
210443, 1417
236573, 1417
256414, 1417
258580, 1417
132219, 1416
224576, 1415
280584, 1413
196046, 1411
232472, 1411
257248, 1411
27421, 1409
91819, 1409
37709, 1407
167189, 1407
29321, 1406
37870, 1406
62605, 1406
65561, 1406
65875, 1406
100063, 1406
102574, 1406
103930, 1406
116645, 1406
137134, 1406
146242, 1406
151488, 1406
155686, 1406
162967, 1406
163162, 1406
167005, 1406
184404, 1406
186604, 1406
189269, 1406
195467, 1406
199126, 1406
205257, 1406
205929, 1406
208617, 1406
216916, 1406
238214, 1406
242518, 1406
251216, 1406
260153, 1406
261454, 1406
263132, 1406
266952, 1406
268706, 1406
271834, 1406
281594, 1406
289781, 1406
295266, 1406
165120, 1398
166968, 1398
129556, 1397
199519, 1397
268812, 1397
86896, 1396
26217, 1395
29037, 1395
32162, 1395
48016, 1395
166540, 1395
37555, 1394
289003, 1394
2509, 1390
7066, 1390
10812, 1390
13307, 1390
19133, 1390
35453, 1390
54833, 1390
60509, 1390
64971, 1390
85847, 1390
93156, 1390
98577, 1390
99433, 1390
105722, 1390
108297, 1390
110110, 1390
111637, 1390
121171, 1390
121373, 1390
136357, 1390
136888, 1390
141387, 1390
148777, 1390
149506, 1390
163145, 1390
173907, 1390
176706, 1390
213432, 1390
222990, 1390
223556, 1390
234776, 1390
250544, 1390
256951, 1390
266606, 1390
267943, 1390
270921, 1390
277689, 1390
279120, 1390
283915, 1390
289626, 1390
295277, 1390
113242, 1387
143206, 1385
7350, 1384
28624, 1384
40591, 1384
48959, 1384
54628, 1384
54744, 1384
58556, 1384
64074, 1384
87707, 1384
103901, 1384
108735, 1384
109343, 1384
112482, 1384
113213, 1384
126835, 1384
128048, 1384
141148, 1384
161823, 1384
162468, 1384
173471, 1384
195266, 1384
223589, 1384
230752, 1384
244689, 1384
252649, 1384
271745, 1384
280577, 1384
290466, 1384
290918, 1384
294666, 1384
58167, 1381
91763, 1381
99247, 1381
284513, 1381
82160, 1380
166559, 1380
174244, 1380
185772, 1380
212431, 1380
223270, 1380
254883, 1380
13697, 1379
63608, 1379
170476, 1379
64189, 1377
72635, 1377
85153, 1377
126355, 1377
140632, 1377
152927, 1377
180838, 1377
273263, 1377
290287, 1377
10686, 1376
11501, 1376
16547, 1376
20665, 1376
28953, 1376
36271, 1376
39243, 1376
54524, 1376
59363, 1376
75636, 1376
81166, 1376
82423, 1376
88241, 1376
91683, 1376
93656, 1376
100711, 1376
139685, 1376
146459, 1376
179028, 1376
192095, 1376
196846, 1376
197637, 1376
209474, 1376
258229, 1376
260165, 1376
266357, 1376
269282, 1376
280614, 1376
281278, 1376
290516, 1376
163609, 1375
14620, 1374
21200, 1374
26910, 1374
82071, 1374
89591, 1374
130489, 1374
131247, 1374
156836, 1374
168231, 1374
178376, 1374
189277, 1374
220651, 1374
244438, 1374
274624, 1374
294827, 1371
178577, 1370
147116, 1369
192696, 1369
247190, 1369
127851, 1368
223876, 1367
15038, 1365
226984, 1365
143155, 1363
181518, 1363
205592, 1363
206029, 1363
207962, 1363
215250, 1363
253741, 1363
259669, 1363
266416, 1363
281856, 1363
282840, 1363
283490, 1363
34935, 1362
37213, 1362
39440, 1362
48839, 1362
71466, 1362
72847, 1362
92076, 1362
127346, 1362
135618, 1362
144400, 1362
148024, 1362
154305, 1362
156349, 1362
160148, 1362
166031, 1362
176265, 1362
215079, 1362
234733, 1362
239537, 1362
287710, 1362
128793, 1361
291995, 1359
170628, 1358
109691, 1356
246820, 1356
55656, 1355
158871, 1355
177797, 1355
179490, 1355
180867, 1355
249976, 1355
272291, 1355
38542, 1354
100453, 1354
112496, 1354
222695, 1354
295629, 1354
207581, 1352
83576, 1351
86040, 1350
13008, 1349
122053, 1349
233591, 1348
253577, 1347
294603, 1347
25315, 1346
123605, 1346
183283, 1346
253898, 1346
269124, 1346
293704, 1346
11302, 1345
25816, 1345
47837, 1345
50795, 1345
109386, 1345
265934, 1345
225639, 1343
188285, 1342
158847, 1341
34152, 1339
175060, 1339
94720, 1337
122346, 1336
171229, 1336
27138, 1334
9515, 1332
283198, 1331
235809, 1330
153565, 1327
153527, 1326
166626, 1326
158480, 1325
230183, 1323
224004, 1318
1591, 1317
176508, 1315
213454, 1314
84633, 1313
168894, 1313
173880, 1313
245452, 1312
134830, 1311
108895, 1309
274131, 1308
7914, 1307
163831, 1306
7130, 1305
87960, 1304
247821, 1301
32433, 1296
212766, 1296
226215, 1296
227814, 1296
239670, 1296
242035, 1296
242104, 1296
242185, 1296
255215, 1296
256997, 1296
261069, 1296
264001, 1296
271915, 1296
276383, 1296
278302, 1296
281120, 1296
283434, 1296
283676, 1296
286343, 1296
287330, 1296
287510, 1296
287718, 1296
288051, 1296
290747, 1296
291903, 1296
292659, 1296
293111, 1296
294533, 1296
24586, 1295
65952, 1295
114165, 1295
229701, 1295
243958, 1295
30250, 1293
37994, 1293
44148, 1290
36834, 1287
67043, 1287
143163, 1287
224960, 1287
103453, 1286
3772, 1283
296420, 1282
23481, 1281
95405, 1281
111993, 1281
257968, 1279
111336, 1278
227642, 1278
12204, 1276
64885, 1276
208542, 1276
84126, 1275
268690, 1275
67003, 1274
276874, 1269
116852, 1268
144617, 1267
61133, 1266
116299, 1266
119053, 1266
172197, 1266
189548, 1266
198516, 1266
274889, 1266
38645, 1260
57751, 1260
89761, 1260
94094, 1260
94442, 1260
100365, 1260
112005, 1260
115105, 1260
140408, 1260
155904, 1260
178575, 1260
204595, 1260
278229, 1260
56574, 1258
213810, 1258
236149, 1258
60629, 1257
21962, 1256
49564, 1256
107212, 1256
144758, 1256
175599, 1256
213447, 1256
241761, 1256
245497, 1256
262222, 1256
270406, 1256
169795, 1253
178941, 1253
183467, 1253
267177, 1253
9746, 1251
74975, 1251
87158, 1251
98532, 1251
122254, 1251
186810, 1251
199655, 1251
218174, 1251
37559, 1245
126296, 1245
211098, 1245
236290, 1245
238282, 1245
262839, 1245
272096, 1245
275357, 1245
95148, 1244
217055, 1244
7491, 1243
13017, 1243
17545, 1243
97917, 1243
125057, 1243
156943, 1243
177007, 1243
185233, 1243
261499, 1243
99945, 1240
122218, 1240
237452, 1240
31135, 1233
61271, 1233
209856, 1233
112917, 1232
286982, 1230
6277, 1228
76448, 1227
285822, 1226
29093, 1223
187488, 1223
274452, 1220
51360, 1219
101716, 1218
96989, 1214
268777, 1214
75271, 1211
20372, 1209
77429, 1209
115681, 1206
11553, 1205
135086, 1205
226416, 1204
232383, 1204
34197, 1201
237824, 1201
258628, 1201
228085, 1198
54835, 1194
87689, 1194
98439, 1194
111981, 1194
113845, 1194
118439, 1194
121275, 1194
122133, 1194
139154, 1194
163589, 1194
171133, 1194
176367, 1194
181688, 1194
182328, 1194
184168, 1194
191626, 1194
195225, 1194
201417, 1194
203099, 1194
207592, 1194
217984, 1194
219019, 1194
225911, 1194
238049, 1194
240392, 1194
242259, 1194
261823, 1194
265367, 1194
292377, 1194
60441, 1191
185960, 1188
231397, 1188
280847, 1188
282915, 1188
199640, 1186
240627, 1186
284047, 1186
21948, 1185
38694, 1183
54355, 1183
56765, 1183
70566, 1183
72545, 1183
76664, 1183
95233, 1183
98838, 1183
100126, 1183
101537, 1183
108439, 1183
114682, 1183
123547, 1183
139093, 1183
161212, 1183
161743, 1183
167235, 1183
167843, 1183
168709, 1183
172778, 1183
178690, 1183
178804, 1183
188890, 1183
200531, 1183
202706, 1183
204485, 1183
209694, 1183
219362, 1183
222179, 1183
225850, 1183
246657, 1183
251511, 1183
263792, 1183
276624, 1183
277551, 1183
285343, 1183
286725, 1183
101734, 1181
155942, 1181
216027, 1181
64855, 1179
148132, 1179
11993, 1178
90021, 1177
106938, 1177
236754, 1174
243843, 1174
271192, 1173
290041, 1173
182232, 1172
203391, 1170
226577, 1168
148507, 1166
289849, 1166
37871, 1163
183265, 1163
279533, 1163
102914, 1161
109326, 1161
119138, 1161
124101, 1161
135666, 1161
146750, 1161
149187, 1161
154526, 1161
159672, 1161
160987, 1161
170844, 1161
181438, 1161
200901, 1161
203796, 1161
208016, 1161
217145, 1161
226363, 1161
230908, 1161
240697, 1161
244120, 1161
250329, 1161
267949, 1161
272450, 1161
283385, 1161
168864, 1158
224601, 1158
262128, 1158
273926, 1155
271846, 1153
136425, 1147
204066, 1146
67199, 1145
81241, 1145
86315, 1145
103756, 1145
234715, 1145
257317, 1145
265889, 1145
81344, 1144
133824, 1143
290188, 1143
159350, 1142
248208, 1142
198183, 1136
241446, 1136
207033, 1134
251310, 1134
56461, 1133
105612, 1133
291936, 1133
81072, 1132
17934, 1130
44492, 1130
62195, 1130
80110, 1130
140839, 1130
156707, 1130
172285, 1130
223611, 1130
228485, 1130
234736, 1130
252900, 1130
281135, 1130
294866, 1130
130728, 1125
254516, 1125
293449, 1121
70166, 1120
119289, 1120
147960, 1120
156838, 1120
172112, 1120
293305, 1120
89844, 1119
54696, 1118
69223, 1118
83672, 1118
120735, 1118
122901, 1118
176961, 1118
219732, 1118
224460, 1118
246368, 1118
254352, 1118
68764, 1115
286665, 1115
105058, 1114
292676, 1114
69711, 1112
160967, 1111
207606, 1111
210618, 1111
71415, 1108
98682, 1108
195031, 1108
197488, 1108
205786, 1108
262852, 1108
62504, 1107
64396, 1107
96763, 1107
151267, 1107
151578, 1107
158539, 1107
235651, 1107
243450, 1107
243807, 1107
246063, 1107
248961, 1107
255586, 1107
268819, 1107
273316, 1107
282120, 1107
287435, 1107
290468, 1107
292295, 1107
191333, 1106
98607, 1103
117886, 1103
136430, 1103
151688, 1103
153551, 1103
292005, 1103
244191, 1102
33998, 1100
221196, 1100
64138, 1099
78528, 1099
136618, 1098
34389, 1097
44948, 1097
87458, 1097
182813, 1097
286074, 1097
141481, 1094
286940, 1094
3721, 1093
48708, 1093
61585, 1093
68652, 1093
131868, 1093
135395, 1093
138579, 1093
142376, 1093
143911, 1093
159944, 1093
162549, 1093
168455, 1093
180637, 1093
188121, 1093
190622, 1093
192534, 1093
209299, 1093
212095, 1093
217871, 1093
250574, 1093
263362, 1093
275492, 1093
296550, 1093
65925, 1092
143979, 1092
212471, 1092
3031, 1090
182476, 1090
102009, 1089
16088, 1088
267929, 1088
288676, 1085
15745, 1084
233876, 1083
281740, 1083
130010, 1082
416, 1080
194071, 1080
200896, 1080
215772, 1080
252652, 1080
273808, 1079
264533, 1077
17059, 1076
81854, 1076
100723, 1076
164032, 1076
94778, 1075
62079, 1074
83670, 1074
118397, 1074
126633, 1074
134312, 1074
139318, 1074
147997, 1074
154289, 1074
156348, 1074
209373, 1074
214941, 1074
201020, 1072
102336, 1071
136056, 1071
103670, 1070
112240, 1070
147802, 1070
268457, 1069
20985, 1068
39503, 1068
40248, 1068
56443, 1068
62074, 1068
65637, 1068
66953, 1068
75934, 1068
91157, 1068
93268, 1068
98469, 1068
101368, 1068
102446, 1068
103224, 1068
106213, 1068
106653, 1068
110408, 1068
113996, 1068
123404, 1068
126466, 1068
133740, 1068
139508, 1068
142440, 1068
145826, 1068
149333, 1068
152881, 1068
165868, 1068
166503, 1068
170510, 1068
171624, 1068
177708, 1068
179300, 1068
181146, 1068
184647, 1068
189871, 1068
190729, 1068
206102, 1068
211596, 1068
213786, 1068
221767, 1068
224072, 1068
239202, 1068
240573, 1068
243883, 1068
267303, 1068
278859, 1068
280950, 1068
282113, 1068
36535, 1067
60332, 1067
71745, 1067
78263, 1067
107511, 1067
108850, 1067
190759, 1067
194381, 1067
194746, 1067
205712, 1067
208091, 1067
210150, 1067
225933, 1067
256843, 1067
260011, 1067
267324, 1067
273250, 1067
273866, 1067
284287, 1067
294061, 1067
47111, 1066
70455, 1066
90468, 1066
95578, 1066
124919, 1066
149719, 1066
194854, 1066
238904, 1066
190408, 1065
75177, 1064
82898, 1064
126790, 1063
140229, 1063
96358, 1062
171346, 1062
101733, 1061
1977, 1058
18825, 1058
80652, 1058
239491, 1058
68523, 1057
87547, 1057
91839, 1057
97584, 1057
163390, 1057
189977, 1057
200169, 1057
204047, 1057
205993, 1057
230070, 1057
230424, 1057
238621, 1057
239367, 1057
256824, 1057
267294, 1057
290284, 1057
10634, 1056
81991, 1056
147473, 1056
252057, 1056
146726, 1054
188263, 1054
209350, 1054
104868, 1053
126670, 1052
150973, 1052
21619, 1051
90109, 1051
114102, 1051
236133, 1051
9508, 1050
197518, 1049
252069, 1047
131264, 1046
54636, 1044
58241, 1044
63029, 1044
111641, 1044
138915, 1044
169994, 1044
179091, 1044
196080, 1044
216875, 1044
218801, 1044
229317, 1044
254556, 1044
46516, 1042
46975, 1042
98433, 1042
110573, 1042
144355, 1042
233399, 1041
1845, 1040
140413, 1040
168320, 1040
176652, 1040
220103, 1040
296127, 1040
80891, 1036
196955, 1036
49082, 1034
143649, 1034
139070, 1031
162295, 1031
249047, 1031
255295, 1031
283909, 1031
68907, 1030
122601, 1030
125202, 1030
153167, 1030
170519, 1030
170638, 1030
175949, 1030
187415, 1030
205184, 1030
223993, 1030
227580, 1030
230887, 1030
250655, 1030
263787, 1030
266914, 1030
279103, 1030
290183, 1030
292067, 1030
251019, 1025
130365, 1023
160612, 1023
185982, 1023
56588, 1022
140656, 1022
246978, 1022
274189, 1022
195816, 1019
14510, 1017
116727, 1015
53719, 1013
188145, 1013
207562, 1013
256724, 1013
58920, 1012
130152, 1012
249625, 1012
241295, 1011
15280, 1010
162061, 1010
260597, 1010
283770, 1010
276471, 1008
33177, 1007
101437, 1007
127643, 1007
156739, 1007
183906, 1007
196657, 1007
209010, 1007
212188, 1007
215482, 1007
215492, 1007
235249, 1007
242673, 1007
245401, 1007
259544, 1007
271790, 1007
272679, 1007
280356, 1007
79962, 1006
148174, 1006
44619, 1005
58833, 1005
111058, 1005
263327, 1005
106687, 1004
119618, 1004
254649, 1004
260344, 1004
266454, 1004
277009, 1004
281733, 1004
291069, 1004
280424, 1003
210186, 1002
