40437, 126130
56643, 126130
57978, 126130
78871, 126130
74457, 123050
76537, 123050
81563, 123050
95725, 123050
96656, 123050
97375, 123050
102670, 123050
103514, 123050
11325, 122511
51039, 120106
58596, 120106
59578, 120106
64703, 120106
68346, 120106
69652, 120106
70399, 120106
71836, 120106
72059, 120106
75427, 120106
75996, 120106
76185, 120106
76501, 120106
77109, 120106
82064, 120106
82813, 120106
92826, 120106
114724, 120106
12098, 113399
12489, 113399
15451, 113399
15876, 113399
18886, 113399
19382, 113399
19907, 113399
21738, 113399
23297, 113399
24461, 113399
26016, 113399
28236, 113399
28279, 113399
29027, 113399
29414, 113399
29625, 113399
30146, 113399
30792, 113399
33579, 113399
34825, 113399
35872, 113399
38164, 113399
38821, 113399
39682, 113399
42252, 113399
44321, 113399
44805, 113399
45175, 113399
45217, 113399
48618, 113399
54503, 113399
56084, 113399
59374, 113399
62068, 113399
62158, 113399
74429, 113399
7926, 108420
9513, 108420
10403, 108420
12848, 108420
14733, 108420
18374, 108420
23629, 108420
30781, 108420
38117, 108420
67965, 108420
160182, 108420
195866, 108420
295066, 108420
2065, 97626
2214, 97626
3216, 97626
3231, 97626
3916, 97626
4145, 97626
4693, 97626
4732, 97626
5752, 97626
6652, 97626
57722, 97626
61730, 97626
107144, 97626
194472, 97626
213990, 97626
249378, 97626
255595, 97626
265928, 97626
3652, 82596
3955, 82596
163238, 82596
3112, 64772
70294, 64102
130608, 64102
279863, 64102
242295, 60504
144030, 59477
162106, 59152
872, 58675
1885, 58675
2709, 58675
11070, 58675
136573, 58675
214366, 58675
231554, 58675
267664, 58675
277685, 58675
98903, 56555
49461, 56207
28378, 53114
37766, 52986
49019, 52986
116, 52830
1, 51774
5, 51774
65, 51774
18, 51672
164, 51672
532, 51475
536, 51475
246, 50885
462, 50582
9257, 50582
265717, 50265
63461, 50241
73910, 50241
83016, 50241
87515, 50241
89157, 50241
89581, 50241
97323, 50241
110504, 50241
128284, 50241
132491, 50241
143425, 50241
181476, 50241
40687, 49038
47153, 49038
51571, 49004
56230, 49004
68482, 49004
32008, 48423
32853, 48423
39588, 48423
43713, 48423
158770, 48423
282185, 48423
30679, 48169
86900, 47971
89039, 47971
117240, 47971
117485, 47971
118498, 47971
119209, 47971
127441, 47971
129065, 47971
132702, 47971
135610, 47971
136672, 47971
137291, 47971
161092, 47971
163209, 47971
165123, 47971
166110, 47971
166981, 47971
167047, 47971
168296, 47971
173633, 47971
173806, 47971
175073, 47971
179796, 47971
182753, 47971
189926, 47971
191969, 47971
192661, 47971
192806, 47971
193469, 47971
193874, 47971
197440, 47971
206832, 47971
217897, 47971
222024, 47971
225772, 47971
245147, 47971
245570, 47971
42325, 47938
86594, 47938
239276, 47938
45676, 47922
58392, 47922
58843, 47922
59038, 47922
69586, 47922
97055, 47922
28805, 47488
278093, 47488
19733, 47349
79239, 47349
213364, 47349
24510, 47187
248526, 47187
214178, 47092
240569, 46644
18228, 46100
283322, 45994
26654, 45268
61411, 45063
66494, 45063
16483, 45010
23265, 44916
23722, 44916
238456, 44861
48819, 44848
32539, 44412
32647, 44412
35584, 44412
37297, 44412
37988, 44412
59723, 44412
63643, 44412
287812, 44412
25767, 44309
37899, 44309
47655, 44309
51607, 44266
148774, 43551
53620, 43141
31144, 43110
45436, 42851
137841, 42851
158464, 42851
208476, 42851
21303, 42680
19478, 42501
198689, 42499
87799, 42273
29131, 41837
69016, 41837
85841, 41837
17135, 41806
277617, 39279
20166, 38606
32116, 37815
37912, 37815
65207, 37815
66135, 37815
77377, 37815
80822, 37815
87080, 37815
132845, 36131
283922, 35943
839, 35131
5456, 34142
33685, 33911
4180, 33743
74184, 32244
125923, 31000
118144, 29090
137099, 28819
10439, 27819
738, 27329
157082, 26753
77962, 25136
7963, 23759
19060, 19796
98044, 19496
5285, 15817
219762, 15690
229510, 14246
249994, 14222
9238, 13379
116285, 11949
27830, 11795
1183, 10201
16441, 9875
1913, 9323
26596, 9269
7724, 9123
204372, 9082
420, 8648
140858, 8297
87224, 7631
216076, 7557
104070, 7397
131106, 7397
26189, 7362
22240, 7340
80409, 7326
216351, 7326
236295, 7321
282733, 7290
261675, 7286
72272, 7285
165320, 7285
247423, 7285
291267, 7285
136462, 7250
148319, 7242
170448, 7242
273067, 7242
74333, 7143
261773, 7143
238097, 7112
255922, 7112
217051, 7091
89640, 7070
106466, 7034
138120, 7011
129372, 6975
111524, 6962
168454, 6957
25201, 6901
161468, 6901
284773, 6901
284332, 6862
126740, 6839
286922, 6839
23857, 6826
18215, 6804
92272, 6804
171382, 6804
72815, 6778
45726, 6767
100413, 6767
77767, 6734
117674, 6734
164681, 6734
189676, 6734
27927, 6726
231915, 6715
26261, 6698
50365, 6641
65314, 6641
194131, 6641
25125, 6635
28897, 6635
131991, 6635
270985, 6635
280888, 6635
98848, 6612
127270, 6604
166116, 6604
171711, 6604
74079, 6539
160839, 6539
96064, 6520
104051, 6520
64504, 6512
64886, 6508
219292, 6508
229558, 6508
148614, 6479
175787, 6479
235927, 6476
27746, 6473
6081, 6450
14948, 6450
213127, 6443
34251, 6433
179396, 6433
21949, 6428
54239, 6428
62164, 6428
280321, 6418
23797, 6399
75244, 6398
162432, 6398
99636, 6393
155800, 6385
72039, 6382
165336, 6382
87682, 6258
20219, 6254
23578, 6254
47414, 6254
80719, 6254
4040, 6220
189786, 6204
54120, 6196
57028, 6196
94495, 6196
85739, 6172
63512, 6155
120091, 6137
17101, 6130
58106, 6130
113728, 6130
265068, 6107
47624, 6099
114176, 6099
265819, 6099
27161, 6097
287856, 6097
35928, 6096
77206, 6093
168664, 6093
208261, 6081
134942, 6077
260031, 6077
266449, 6077
33338, 6053
246910, 6053
157259, 6052
13205, 6029
136488, 6016
76759, 6011
31088, 6008
41390, 6008
45416, 6008
50429, 5996
62228, 5996
62830, 5996
87741, 5996
226629, 5996
267381, 5996
230134, 5991
15673, 5990
74596, 5975
182301, 5975
68074, 5970
106686, 5970
65283, 5969
21545, 5966
65872, 5965
10263, 5947
247876, 5947
132484, 5923
211909, 5923
7617, 5893
51569, 5893
67886, 5893
221276, 5893
75436, 5886
81454, 5886
13711, 5880
296571, 5865
108171, 5861
88279, 5859
75589, 5858
140325, 5858
15321, 5807
253487, 5807
276156, 5807
35684, 5805
30435, 5796
223066, 5796
250022, 5796
87940, 5792
124725, 5774
39183, 5765
54419, 5765
31486, 5755
150249, 5755
33116, 5749
108326, 5749
140268, 5746
46333, 5741
64744, 5735
84783, 5735
55873, 5726
227328, 5725
200502, 5696
253698, 5696
118536, 5685
121370, 5685
185116, 5685
47823, 5675
35946, 5668
47604, 5668
283381, 5668
97162, 5659
187456, 5659
212868, 5659
278652, 5659
148641, 5654
17553, 5634
112830, 5628
258093, 5628
27048, 5626
37177, 5626
42729, 5626
87165, 5626
130901, 5626
189530, 5626
244840, 5626
23519, 5605
5780, 5598
71976, 5598
295050, 5598
40431, 5597
110505, 5597
288660, 5597
100049, 5559
205790, 5558
226005, 5558
196415, 5538
66093, 5535
200789, 5521
41036, 5520
105292, 5516
40684, 5510
248227, 5510
108981, 5508
172871, 5508
278674, 5508
281030, 5499
15513, 5494
54025, 5449
70573, 5400
74915, 5396
200519, 5396
23170, 5385
75319, 5383
239972, 5370
44444, 5367
58966, 5357
94372, 5357
122497, 5355
10645, 5339
93369, 5339
17332, 5320
179667, 5312
51747, 5295
102583, 5293
145271, 5276
225748, 5276
105926, 5262
131435, 5262
74683, 5255
175229, 5255
279366, 5255
9185, 5251
106739, 5251
167681, 5251
19927, 5247
74908, 5228
98837, 5228
180843, 5228
184250, 5228
292382, 5228
6877, 5224
192160, 5224
219335, 5219
292612, 5217
227583, 5209
11688, 5207
67822, 5207
80286, 5207
126443, 5207
151322, 5207
154923, 5207
199713, 5207
204168, 5207
42839, 5206
43015, 5206
40721, 5199
33707, 5195
163937, 5195
47080, 5193
98882, 5193
277823, 5180
42907, 5177
86301, 5156
182358, 5156
34506, 5152
245953, 5148
56107, 5146
74679, 5146
13671, 5134
81826, 5132
37339, 5114
255631, 5114
168373, 5113
61802, 5108
222989, 5086
138945, 5075
159572, 5075
77043, 5067
4417, 5063
161187, 5063
96409, 5052
109076, 5052
181371, 5052
85388, 5034
16420, 5027
150814, 5004
165555, 5004
103286, 5000
131174, 4994
165673, 4994
101761, 4991
144656, 4991
98306, 4986
49072, 4984
96415, 4984
42096, 4975
58457, 4975
210386, 4975
124940, 4966
180482, 4966
21399, 4964
51769, 4964
105098, 4957
110995, 4957
119970, 4957
130259, 4957
130273, 4957
134376, 4957
135959, 4957
140157, 4957
140371, 4957
140621, 4957
140850, 4957
141500, 4957
143177, 4957
147361, 4957
147387, 4957
152698, 4957
158225, 4957
173318, 4957
182385, 4957
183981, 4957
184697, 4957
188197, 4957
188580, 4957
189438, 4957
197217, 4957
204441, 4957
208440, 4957
211705, 4957
216962, 4957
224578, 4957
236839, 4957
237403, 4957
244206, 4957
247557, 4957
253381, 4957
262718, 4957
263417, 4957
271283, 4957
271562, 4957
276422, 4957
282158, 4957
102106, 4949
127308, 4949
137688, 4949
141478, 4949
255546, 4949
128274, 4932
172665, 4932
78110, 4925
28311, 4916
11434, 4912
217453, 4907
78647, 4905
120887, 4901
62326, 4888
45893, 4881
100640, 4881
150736, 4881
13238, 4876
90682, 4876
163304, 4876
128626, 4870
133071, 4860
31593, 4855
56378, 4849
210770, 4849
218622, 4849
20504, 4846
23096, 4846
129908, 4846
227129, 4846
168448, 4844
44437, 4837
178936, 4837
272437, 4837
65031, 4826
4958, 4821
159489, 4821
104198, 4818
213759, 4806
32527, 4802
49620, 4796
77218, 4796
67340, 4787
156498, 4787
82316, 4786
75410, 4773
109961, 4773
146702, 4773
154786, 4773
204610, 4772
169842, 4769
32448, 4766
103472, 4766
208138, 4766
123590, 4759
189970, 4757
294092, 4756
136201, 4755
28931, 4753
133266, 4753
190657, 4753
252727, 4753
242951, 4752
39096, 4749
164752, 4749
78145, 4746
151766, 4739
200902, 4739
281692, 4739
98691, 4737
10886, 4723
256699, 4723
63502, 4722
98392, 4722
159430, 4722
96523, 4716
252181, 4702
56469, 4697
22686, 4677
112110, 4676
117683, 4668
161142, 4665
267395, 4665
98590, 4662
100331, 4662
195580, 4661
16666, 4653
38724, 4653
67880, 4653
36261, 4649
35054, 4646
54657, 4646
62932, 4646
86496, 4646
106713, 4646
184661, 4646
212856, 4646
223195, 4646
8364, 4644
146068, 4644
93290, 4636
44015, 4631
101262, 4631
109913, 4631
110096, 4631
114250, 4631
124857, 4631
127179, 4631
130169, 4631
138776, 4631
142278, 4631
153623, 4631
159934, 4631
164732, 4631
170005, 4631
170226, 4631
180872, 4631
189566, 4631
191815, 4631
199138, 4631
211922, 4631
217194, 4631
219550, 4631
220379, 4631
220707, 4631
220893, 4631
223885, 4631
227372, 4631
238886, 4631
247141, 4631
259100, 4631
263260, 4631
265025, 4631
279931, 4631
290510, 4631
31556, 4627
59298, 4627
176032, 4612
30723, 4605
99449, 4605
279612, 4605
74579, 4600
122291, 4599
138257, 4599
143085, 4599
168599, 4599
169337, 4599
240782, 4599
247627, 4599
260015, 4599
95298, 4595
249594, 4589
16987, 4588
36810, 4588
293026, 4588
280148, 4585
8386, 4583
212985, 4578
12156, 4577
245303, 4577
212610, 4576
217184, 4575
111295, 4573
63859, 4564
6363, 4563
177583, 4563
11358, 4561
65292, 4561
170338, 4556
49035, 4553
67803, 4553
109581, 4550
237904, 4548
282051, 4547
238900, 4542
91214, 4534
159838, 4534
44383, 4528
20236, 4525
126595, 4523
44024, 4521
291405, 4520
48763, 4516
102015, 4516
109630, 4516
165057, 4510
282520, 4510
675, 4506
17232, 4506
85376, 4504
224822, 4504
230312, 4504
145902, 4502
47062, 4501
80069, 4501
106424, 4501
202826, 4501
245086, 4501
69692, 4496
243854, 4496
112624, 4489
19896, 4485
266964, 4485
2240, 4484
255765, 4475
283784, 4475
294534, 4475
9353, 4474
132124, 4471
160574, 4471
179565, 4466
49712, 4461
62173, 4461
242497, 4457
254512, 4457
17943, 4455
61870, 4449
164479, 4448
234457, 4446
196196, 4438
200026, 4433
1978, 4432
18172, 4428
84131, 4428
38381, 4422
62396, 4422
98244, 4422
158714, 4422
10021, 4413
139889, 4408
51152, 4406
90341, 4406
242813, 4406
288600, 4406
3824, 4403
79350, 4403
7332, 4400
21494, 4400
73265, 4400
139542, 4400
229476, 4400
55640, 4398
65658, 4398
84515, 4398
146198, 4398
195726, 4395
69111, 4392
71752, 4392
261131, 4392
32927, 4391
80511, 4391
151795, 4388
236312, 4386
279959, 4386
36771, 4385
41692, 4385
44791, 4385
49626, 4385
51244, 4385
52759, 4385
64433, 4385
74453, 4385
74762, 4385
75481, 4385
89411, 4385
90343, 4385
104370, 4385
108177, 4385
114208, 4385
119499, 4385
124287, 4385
14869, 4376
89388, 4373
99659, 4373
102305, 4373
103312, 4373
107604, 4373
119045, 4373
33873, 4370
269573, 4370
13160, 4368
106032, 4368
174127, 4368
40193, 4366
57342, 4366
25275, 4364
132729, 4364
136540, 4364
276323, 4364
169649, 4358
212808, 4357
158110, 4356
102334, 4351
150644, 4351
155499, 4351
289539, 4351
185001, 4339
270159, 4339
49244, 4337
54541, 4337
88194, 4337
136257, 4337
62322, 4334
81861, 4334
278576, 4327
185272, 4319
65478, 4316
124672, 4311
214931, 4311
69562, 4306
114598, 4306
28894, 4305
268334, 4305
205244, 4302
78692, 4293
81899, 4292
140355, 4292
174724, 4292
289799, 4292
290016, 4292
55736, 4288
66483, 4288
180074, 4284
187480, 4284
165321, 4282
262764, 4282
104304, 4278
80147, 4275
154306, 4275
295410, 4275
97430, 4273
16800, 4267
117357, 4267
148417, 4267
100869, 4264
105930, 4264
211624, 4264
292863, 4261
34351, 4258
99264, 4258
118464, 4258
189138, 4258
41126, 4255
130577, 4253
185364, 4248
122509, 4247
37018, 4245
62177, 4245
59045, 4240
54892, 4239
141676, 4237
166815, 4235
100606, 4230
22002, 4225
79369, 4221
172168, 4221
258862, 4221
107691, 4218
76282, 4215
89513, 4215
118690, 4215
147339, 4215
227578, 4215
262890, 4215
202866, 4214
31672, 4210
205659, 4209
22594, 4208
84142, 4208
251859, 4208
13305, 4207
31661, 4203
170932, 4203
175089, 4201
23018, 4196
24760, 4196
58284, 4196
99148, 4196
156078, 4196
227978, 4196
251372, 4196
87273, 4194
190748, 4193
104862, 4192
70303, 4189
20688, 4179
60471, 4177
253646, 4177
1289, 4176
69838, 4173
252124, 4172
27508, 4171
212938, 4171
225500, 4170
15222, 4167
265046, 4167
112018, 4162
287682, 4161
103561, 4152
116996, 4152
8793, 4151
42332, 4151
62672, 4151
26441, 4149
126502, 4149
248410, 4149
248841, 4147
20519, 4146
55109, 4146
106193, 4146
186595, 4146
91651, 4141
244753, 4141
16528, 4136
128237, 4134
68352, 4133
125145, 4133
73362, 4128
43599, 4124
59052, 4124
101706, 4124
198221, 4124
225538, 4124
283870, 4124
17239, 4122
146910, 4109
254391, 4109
84643, 4105
865, 4102
11887, 4098
107229, 4098
53308, 4095
213102, 4095
30767, 4088
11834, 4087
165759, 4085
176814, 4085
241127, 4085
60750, 4082
5284, 4076
218555, 4076
91175, 4073
98763, 4073
195229, 4073
262841, 4071
10280, 4065
196120, 4065
93190, 4062
262347, 4062
9916, 4060
73927, 4060
107656, 4060
165544, 4060
153384, 4058
178392, 4054
186846, 4051
34037, 4047
80457, 4031
116479, 4031
31785, 4030
234144, 4026
22064, 4025
152236, 4025
3168, 4024
55424, 4024
13284, 4019
134882, 4019
141364, 4019
251871, 4019
86873, 4017
107845, 4010
55401, 4009
79170, 4008
95730, 4004
18434, 4003
65855, 3999
67630, 3999
75213, 3999
275620, 3999
91083, 3998
140783, 3997
47039, 3996
136216, 3995
143527, 3991
136445, 3986
83134, 3985
228939, 3981
284621, 3981
152108, 3980
56862, 3962
74312, 3962
102244, 3962
136316, 3962
123841, 3961
96648, 3957
129693, 3951
33313, 3950
154847, 3950
54978, 3947
52080, 3946
159264, 3946
260371, 3944
71712, 3941
193369, 3940
19329, 3937
129053, 3931
130356, 3929
25013, 3926
110242, 3924
185336, 3924
26307, 3921
79099, 3921
289044, 3921
22760, 3919
36659, 3919
132084, 3919
275474, 3919
128296, 3918
148480, 3918
181402, 3918
291802, 3917
11890, 3915
92917, 3913
273829, 3913
43102, 3908
163618, 3901
24731, 3897
52937, 3897
93394, 3897
154994, 3897
172799, 3897
226710, 3897
185689, 3895
196513, 3895
132180, 3894
35397, 3893
55784, 3891
210316, 3891
115556, 3886
215330, 3886
293251, 3886
50749, 3885
173886, 3885
33532, 3882
57790, 3882
136900, 3882
78288, 3880
82328, 3880
16896, 3873
31572, 3873
117061, 3872
247049, 3872
8374, 3870
55176, 3869
112057, 3869
6803, 3868
128513, 3867
73639, 3862
73831, 3862
75889, 3850
107027, 3850
150620, 3850
66178, 3848
90152, 3848
225990, 3847
10290, 3846
84274, 3846
51279, 3841
242648, 3841
293599, 3838
39174, 3837
43044, 3837
215204, 3837
19031, 3835
39758, 3835
97682, 3835
112640, 3826
231333, 3826
42806, 3822
43327, 3821
119671, 3821
234119, 3821
4088, 3814
67593, 3807
80885, 3807
51888, 3806
84257, 3806
234707, 3806
95185, 3802
26589, 3800
102339, 3800
145843, 3800
233870, 3800
92834, 3799
29656, 3791
281896, 3791
7375, 3790
10441, 3790
28537, 3790
31263, 3790
74480, 3790
80878, 3790
36893, 3789
44288, 3789
209755, 3789
57641, 3787
97288, 3785
105562, 3783
225905, 3783
66428, 3782
259250, 3781
121144, 3778
58175, 3774
246305, 3774
282048, 3774
125958, 3771
291780, 3771
8453, 3769
101422, 3769
282233, 3769
26618, 3768
53478, 3768
76804, 3768
247634, 3768
286058, 3768
209693, 3766
34877, 3764
40421, 3761
53515, 3761
61739, 3761
176857, 3761
141504, 3759
34223, 3757
121011, 3757
22261, 3753
157919, 3751
18253, 3750
164904, 3750
218107, 3747
28635, 3746
64319, 3746
200541, 3743
222654, 3743
3590, 3741
75192, 3740
37322, 3739
176447, 3732
16070, 3728
96196, 3728
162547, 3728
170654, 3728
13081, 3727
96870, 3725
20095, 3723
41629, 3723
76178, 3723
99630, 3723
68683, 3719
92726, 3719
135662, 3715
254434, 3715
23730, 3713
24327, 3713
35464, 3713
67537, 3713
112180, 3713
207385, 3713
271862, 3713
36081, 3712
81020, 3712
105825, 3703
163300, 3703
13139, 3702
102296, 3702
88, 3699
7284, 3699
104813, 3698
162512, 3698
117429, 3693
69489, 3690
34117, 3684
62490, 3681
34983, 3676
49894, 3676
93744, 3676
71152, 3673
197617, 3673
11412, 3661
238618, 3658
33503, 3657
139185, 3657
197329, 3657
16135, 3655
16155, 3655
193994, 3655
287860, 3655
121477, 3652
17760, 3648
86197, 3648
98679, 3648
119903, 3646
56603, 3644
15526, 3642
50841, 3642
56518, 3642
264613, 3642
170168, 3638
18326, 3635
21193, 3635
63043, 3635
180248, 3635
255808, 3635
295811, 3635
35826, 3628
247108, 3625
20552, 3624
38403, 3622
49464, 3622
110938, 3622
226852, 3622
62143, 3617
226098, 3616
291012, 3616
45088, 3612
201481, 3612
210161, 3612
284169, 3612
69706, 3609
36342, 3606
53527, 3606
73207, 3606
11723, 3605
151093, 3605
108042, 3603
58102, 3602
57033, 3600
78218, 3600
123828, 3598
104921, 3594
224528, 3594
29888, 3590
92583, 3589
54128, 3588
174858, 3587
52442, 3586
51936, 3582
238740, 3582
257052, 3580
128684, 3578
160169, 3574
293927, 3574
41881, 3573
253189, 3573
15994, 3572
180487, 3571
74016, 3569
35533, 3559
110983, 3559
111832, 3559
115305, 3559
184868, 3559
270178, 3559
278161, 3559
122232, 3558
45209, 3549
70519, 3547
14926, 3546
71532, 3536
18622, 3531
22011, 3531
54317, 3531
109725, 3531
10874, 3528
8896, 3527
17782, 3527
20578, 3523
39655, 3520
20288, 3515
56203, 3515
70297, 3515
152269, 3515
166390, 3515
39786, 3512
92350, 3512
145377, 3511
62374, 3507
286223, 3507
35665, 3505
105934, 3505
161326, 3503
247071, 3503
66974, 3499
202922, 3494
99421, 3493
209803, 3493
118993, 3491
68762, 3488
95710, 3488
139714, 3485
206043, 3485
135177, 3480
70950, 3478
229173, 3478
284557, 3478
50638, 3472
18626, 3470
38506, 3470
21711, 3468
132942, 3468
154819, 3467
234780, 3467
246646, 3467
69549, 3464
12417, 3463
37195, 3463
55540, 3463
154261, 3463
52328, 3462
54775, 3462
62898, 3462
213471, 3462
34023, 3461
4801, 3460
155126, 3460
33924, 3457
284843, 3457
188304, 3456
194042, 3456
20117, 3449
62652, 3449
76674, 3449
82286, 3449
1248, 3447
187241, 3445
2321, 3443
59747, 3443
154505, 3440
9898, 3439
25890, 3437
60728, 3437
126909, 3436
383, 3435
5869, 3435
33775, 3435
104073, 3435
25259, 3434
186463, 3434
327, 3432
10668, 3432
24780, 3432
34276, 3432
106902, 3432
179358, 3432
52263, 3430
64287, 3429
29848, 3426
20010, 3423
25594, 3423
110751, 3423
102770, 3419
147485, 3419
204685, 3419
252977, 3417
105287, 3415
126424, 3415
251827, 3415
14159, 3407
48477, 3407
78003, 3407
168610, 3407
16573, 3405
156546, 3405
286300, 3399
54961, 3398
99019, 3398
266375, 3398
296566, 3397
56541, 3394
174955, 3394
234635, 3394
276240, 3394
146778, 3392
69895, 3391
46563, 3390
69382, 3388
187403, 3388
78527, 3387
2212, 3384
162515, 3383
166782, 3383
177342, 3383
81842, 3380
258200, 3380
18440, 3378
275414, 3377
77850, 3376
107183, 3374
134383, 3374
132573, 3373
9698, 3372
18640, 3372
44176, 3372
65808, 3372
74349, 3372
38985, 3371
43970, 3369
189237, 3369
46397, 3368
111581, 3367
216525, 3367
220618, 3367
185287, 3366
4190, 3365
31442, 3365
161714, 3365
55780, 3364
16932, 3363
264911, 3362
90069, 3361
145569, 3361
78809, 3358
128594, 3358
7144, 3356
200534, 3356
197174, 3353
65034, 3352
238419, 3352
57663, 3349
188174, 3349
37182, 3344
276723, 3341
1725, 3340
41350, 3340
52199, 3338
147876, 3335
132819, 3329
123998, 3328
111253, 3326
146944, 3326
276780, 3325
7441, 3324
48523, 3321
72262, 3321
8631, 3320
17395, 3320
25368, 3320
28702, 3320
105659, 3316
208931, 3316
287816, 3316
68552, 3307
244429, 3307
32622, 3304
30409, 3300
67781, 3300
69201, 3300
74846, 3299
40135, 3298
247276, 3298
236790, 3296
284837, 3296
127663, 3294
249151, 3294
246020, 3293
56919, 3289
223715, 3289
38173, 3283
120078, 3283
16025, 3280
20049, 3280
97964, 3279
152311, 3278
26230, 3277
158342, 3277
220541, 3277
81273, 3275
248731, 3273
50597, 3272
19022, 3269
30003, 3269
175035, 3269
183436, 3269
190178, 3269
92606, 3268
180751, 3268
208322, 3268
225771, 3268
113771, 3264
18843, 3263
34327, 3263
35950, 3263
43583, 3263
57735, 3263
75778, 3263
106985, 3263
142756, 3263
182139, 3263
88480, 3262
34451, 3261
36286, 3261
80444, 3261
60959, 3258
87153, 3254
100141, 3254
123786, 3254
87440, 3252
119187, 3252
148800, 3250
11383, 3249
89709, 3249
164796, 3249
264684, 3249
204813, 3248
99172, 3247
115634, 3247
157683, 3247
290496, 3247
2248, 3246
68136, 3245
69756, 3245
175826, 3245
183470, 3245
84104, 3243
211707, 3243
102468, 3241
180552, 3240
280209, 3239
296230, 3239
119267, 3238
18887, 3235
200030, 3233
281541, 3233
46255, 3232
285860, 3232
32460, 3229
60652, 3229
186400, 3229
77020, 3228
219226, 3228
220876, 3228
33564, 3223
38501, 3223
45339, 3223
55830, 3223
77496, 3223
88396, 3223
149868, 3223
185351, 3223
187261, 3223
188706, 3223
32492, 3220
38786, 3220
294095, 3220
81942, 3216
239625, 3216
142305, 3215
244560, 3215
69158, 3214
95591, 3212
7418, 3211
49172, 3211
135320, 3211
24949, 3210
51276, 3210
55650, 3210
70794, 3210
129441, 3210
47834, 3209
109658, 3209
162871, 3209
115339, 3208
84650, 3207
13268, 3205
23973, 3205
26597, 3205
85626, 3205
63686, 3203
21746, 3202
22542, 3202
38728, 3202
69048, 3200
199789, 3200
262621, 3200
292425, 3200
23662, 3198
89546, 3198
108937, 3197
175113, 3197
193747, 3197
17380, 3196
226430, 3196
289124, 3196
31569, 3193
141223, 3192
175409, 3192
83315, 3191
152522, 3191
52414, 3187
24274, 3186
127018, 3186
222346, 3186
29026, 3183
59828, 3183
284787, 3183
41789, 3182
54795, 3182
68866, 3182
71138, 3182
269798, 3181
9948, 3178
63404, 3178
6936, 3176
83583, 3176
146951, 3169
222778, 3169
19078, 3168
28041, 3168
60035, 3168
47351, 3167
142738, 3167
192933, 3167
39945, 3162
100217, 3161
132514, 3161
71702, 3159
89618, 3159
101115, 3159
155572, 3157
67000, 3156
41650, 3152
48645, 3152
101096, 3152
172538, 3152
131798, 3150
25174, 3149
166526, 3149
29557, 3147
79413, 3147
139882, 3147
176939, 3147
183759, 3147
160001, 3146
21648, 3145
34144, 3145
5946, 3144
193564, 3140
213282, 3139
21035, 3128
48795, 3128
164903, 3128
21813, 3124
57720, 3124
187832, 3123
53996, 3122
144623, 3121
29416, 3117
194770, 3117
85373, 3115
276844, 3115
48052, 3112
3053, 3111
94926, 3111
124241, 3111
159276, 3111
203600, 3111
234053, 3109
111019, 3108
234264, 3106
29790, 3099
39745, 3099
100814, 3099
73974, 3098
139329, 3098
245457, 3098
107848, 3096
172046, 3096
286270, 3096
11612, 3094
140366, 3094
252743, 3093
280574, 3092
36011, 3091
36265, 3091
3079, 3088
54562, 3081
179646, 3081
201358, 3073
72985, 3070
4031, 3069
35297, 3069
63293, 3069
51435, 3068
119594, 3068
176486, 3068
93093, 3067
108546, 3063
256485, 3063
112478, 3062
118148, 3062
48823, 3061
158929, 3061
275015, 3061
238648, 3060
10909, 3057
287741, 3056
8104, 3051
48808, 3051
74129, 3051
49109, 3047
112858, 3043
53952, 3041
64193, 3040
83941, 3040
288761, 3040
71142, 3039
147846, 3039
90551, 3038
43795, 3037
143795, 3037
26875, 3036
17718, 3034
127024, 3034
65897, 3031
130298, 3031
4427, 3030
69303, 3030
108490, 3030
62181, 3026
82234, 3026
95188, 3026
122622, 3026
115988, 3025
203962, 3025
18489, 3024
127485, 3024
129127, 3024
131924, 3024
110162, 3023
173832, 3022
31022, 3019
61395, 3019
222630, 3017
61003, 3014
36646, 3013
51483, 3013
110553, 3013
222083, 3013
292786, 3013
29522, 3012
94319, 3012
96000, 3012
121070, 3010
290856, 3010
35504, 3008
104389, 3008
46829, 3007
58325, 3007
172822, 3007
232312, 3007
259874, 3007
268327, 3007
171004, 3005
270158, 3005
67013, 3003
29392, 3002
199609, 3002
83338, 3000
207897, 3000
248228, 3000
10146, 2999
217149, 2999
90668, 2997
13084, 2996
181486, 2995
246444, 2994
41435, 2992
82230, 2992
184376, 2992
62920, 2988
295631, 2988
23356, 2987
70822, 2987
105315, 2987
198601, 2987
270787, 2986
52215, 2984
80335, 2984
103808, 2984
27261, 2983
45536, 2980
291045, 2979
16040, 2976
159251, 2975
195875, 2975
259299, 2975
96062, 2974
229679, 2974
28484, 2973
42009, 2973
103633, 2971
281282, 2970
247716, 2969
4524, 2967
66792, 2967
86847, 2967
247784, 2967
268559, 2966
289808, 2966
46147, 2965
179932, 2965
276403, 2965
118319, 2964
163380, 2964
268627, 2964
126716, 2963
167850, 2963
182230, 2963
223316, 2963
243552, 2963
15087, 2962
21750, 2962
114844, 2962
143037, 2962
185691, 2962
256243, 2962
259291, 2962
133565, 2961
33698, 2960
53670, 2960
161928, 2960
276522, 2960
59164, 2959
61691, 2959
72041, 2959
266226, 2957
113361, 2956
171176, 2956
41071, 2954
93772, 2954
24749, 2952
126068, 2952
193695, 2952
19983, 2951
28250, 2951
103934, 2951
8530, 2949
113410, 2949
131323, 2949
74680, 2947
7983, 2946
174846, 2946
46186, 2945
13355, 2944
201816, 2937
30562, 2936
131986, 2936
293414, 2935
14007, 2932
30837, 2932
61570, 2932
159226, 2932
10837, 2931
21302, 2931
42766, 2931
18857, 2929
23125, 2929
100849, 2929
17862, 2928
295976, 2928
48252, 2927
24312, 2925
35823, 2925
133242, 2925
199596, 2925
49158, 2924
100061, 2924
263073, 2923
220619, 2922
177883, 2920
217883, 2920
184503, 2917
25741, 2915
32794, 2915
41250, 2910
221565, 2910
22018, 2909
21007, 2906
54990, 2903
139106, 2903
57240, 2899
7991, 2894
44657, 2892
45595, 2892
61002, 2892
205248, 2890
57338, 2889
107389, 2889
134565, 2889
10693, 2888
11537, 2888
30404, 2888
86498, 2888
43683, 2887
53634, 2887
81765, 2883
174200, 2883
199981, 2883
202377, 2883
262658, 2883
11689, 2881
198840, 2877
150444, 2876
41220, 2875
53645, 2875
120985, 2875
143441, 2874
252437, 2874
260111, 2870
122329, 2868
50014, 2867
132433, 2867
117501, 2866
34952, 2862
181510, 2862
3853, 2860
51983, 2860
222528, 2859
98570, 2858
232628, 2858
293566, 2857
220063, 2856
77060, 2855
134128, 2855
173995, 2855
49314, 2854
39358, 2852
150290, 2852
30212, 2842
50194, 2842
124689, 2842
174028, 2842
210119, 2841
72332, 2840
1325, 2839
90872, 2838
244978, 2838
110646, 2836
13912, 2834
32308, 2830
37534, 2830
41787, 2830
44544, 2830
61334, 2830
129218, 2830
180608, 2830
86836, 2829
138898, 2829
278614, 2828
223059, 2827
36532, 2825
106986, 2825
134608, 2822
43953, 2821
63711, 2821
16499, 2820
18605, 2820
55308, 2820
77332, 2820
84631, 2820
105324, 2820
157332, 2820
168707, 2820
203008, 2820
292519, 2820
294472, 2820
65988, 2818
92294, 2814
205437, 2813
11425, 2812
34967, 2812
177861, 2812
28310, 2808
31677, 2808
91894, 2808
156185, 2808
216885, 2808
230712, 2808
244703, 2808
51598, 2807
54179, 2807
55987, 2807
65586, 2807
98902, 2807
152017, 2807
232955, 2806
8150, 2803
21632, 2803
24478, 2803
140556, 2803
221671, 2803
103557, 2802
262544, 2801
55588, 2800
157003, 2800
261337, 2800
119176, 2796
202175, 2796
50587, 2794
287011, 2793
65732, 2791
209221, 2789
54122, 2783
9081, 2782
53597, 2782
67784, 2782
208244, 2782
276997, 2782
293518, 2781
58529, 2776
5952, 2770
98800, 2770
104000, 2770
292793, 2770
161750, 2769
194878, 2769
38941, 2768
64748, 2768
116473, 2768
4883, 2765
107275, 2760
165972, 2760
174024, 2760
197497, 2760
188855, 2755
188899, 2755
72915, 2754
156524, 2754
21256, 2753
93135, 2753
124993, 2753
40911, 2752
251306, 2752
249906, 2750
93988, 2749
242621, 2748
27806, 2747
108872, 2747
37907, 2744
60772, 2741
9953, 2739
31292, 2739
153967, 2739
150813, 2737
275133, 2737
56637, 2736
17369, 2735
154995, 2735
212042, 2734
219596, 2734
262276, 2733
59115, 2732
258727, 2732
27507, 2731
34201, 2731
271328, 2731
35206, 2730
19229, 2729
56097, 2729
163102, 2729
37113, 2728
133948, 2728
142053, 2728
279439, 2728
285916, 2728
13377, 2725
101308, 2725
106212, 2724
12824, 2720
33382, 2720
142019, 2720
2206, 2718
38138, 2718
171933, 2718
248382, 2718
37665, 2716
68139, 2713
218409, 2713
11831, 2712
40702, 2712
70270, 2712
71058, 2712
123857, 2712
195773, 2712
15655, 2709
157655, 2708
100039, 2707
144946, 2707
2495, 2704
9580, 2704
36714, 2702
126021, 2702
292891, 2702
19195, 2698
242110, 2698
8886, 2697
28028, 2697
40937, 2697
103787, 2697
119503, 2696
193377, 2696
45925, 2693
186325, 2693
220649, 2693
26179, 2689
188532, 2689
22112, 2685
241462, 2683
23308, 2682
110597, 2681
42715, 2680
47506, 2680
61680, 2680
79421, 2680
252359, 2680
260705, 2680
8059, 2679
49516, 2679
106174, 2679
176812, 2679
20673, 2671
57777, 2671
28022, 2670
100441, 2670
152232, 2670
152960, 2670
156711, 2670
186820, 2670
285466, 2670
10754, 2669
238155, 2669
294546, 2669
157161, 2667
29038, 2665
32423, 2664
68303, 2664
208750, 2664
193268, 2663
86761, 2662
214385, 2662
28767, 2660
73925, 2659
193815, 2659
13039, 2658
190520, 2658
235814, 2658
110239, 2657
31002, 2656
110134, 2656
263286, 2656
87375, 2655
196734, 2655
19877, 2653
236739, 2651
39349, 2650
283157, 2650
34647, 2649
194222, 2649
146720, 2648
64065, 2647
231021, 2647
179263, 2644
156500, 2643
209137, 2643
130479, 2642
19446, 2639
42641, 2639
29885, 2638
227781, 2637
12507, 2633
120121, 2632
283800, 2632
163323, 2629
28514, 2628
209770, 2626
240056, 2626
76541, 2619
92843, 2619
113336, 2619
119734, 2619
6511, 2618
196312, 2617
283905, 2617
106113, 2615
225382, 2615
61152, 2611
50407, 2609
155720, 2609
72863, 2607
26991, 2606
41742, 2606
124841, 2606
236570, 2606
90159, 2605
140094, 2605
97787, 2604
237187, 2604
111277, 2598
145521, 2598
214146, 2598
226269, 2596
241710, 2596
49904, 2592
68212, 2592
246085, 2592
251725, 2592
57746, 2590
75716, 2581
250831, 2581
269531, 2581
55217, 2576
72033, 2576
87721, 2576
121472, 2576
123563, 2576
4101, 2574
5699, 2574
190238, 2574
20604, 2572
141460, 2572
153961, 2571
281074, 2569
6722, 2568
61989, 2567
63276, 2566
776, 2565
2924, 2565
11794, 2565
18206, 2565
192153, 2565
207018, 2565
222606, 2565
223162, 2565
227640, 2565
243080, 2565
262423, 2565
285445, 2565
16174, 2560
45994, 2560
134988, 2560
180144, 2560
286178, 2560
39995, 2557
63050, 2557
4802, 2556
16402, 2556
99994, 2556
218339, 2556
54326, 2555
70888, 2555
12231, 2553
142963, 2553
183649, 2551
223138, 2551
1508, 2549
84923, 2549
291083, 2549
24418, 2548
122872, 2548
182272, 2548
68623, 2547
25123, 2545
151473, 2543
275042, 2543
240498, 2542
30725, 2541
210086, 2538
287736, 2538
290931, 2538
282530, 2535
294447, 2535
49374, 2534
62900, 2533
106229, 2533
29785, 2531
50341, 2531
89744, 2531
4502, 2529
68362, 2529
153297, 2529
184560, 2527
93507, 2526
134663, 2526
147197, 2526
255547, 2524
135437, 2523
160746, 2523
267155, 2523
282658, 2523
75660, 2522
106275, 2522
6440, 2521
274625, 2521
8518, 2519
239714, 2519
47377, 2517
288224, 2517
22046, 2516
170736, 2516
81738, 2514
134784, 2514
75412, 2513
98901, 2512
36583, 2511
102662, 2511
5180, 2510
44270, 2510
220734, 2510
34882, 2508
91127, 2508
96990, 2508
187522, 2508
222425, 2506
9352, 2505
39896, 2505
58378, 2505
20525, 2504
21862, 2504
22932, 2504
78522, 2503
130873, 2503
22824, 2501
5450, 2499
7728, 2499
9181, 2499
61243, 2498
21078, 2494
24648, 2494
64108, 2494
64632, 2494
213597, 2494
215732, 2494
76762, 2493
82622, 2493
46365, 2492
92412, 2492
11017, 2491
148036, 2491
24803, 2490
148528, 2490
211350, 2490
31327, 2489
48175, 2489
129390, 2489
206365, 2488
17800, 2486
163223, 2481
25027, 2480
9113, 2479
28137, 2479
252463, 2479
72419, 2478
130845, 2478
70359, 2477
24245, 2475
67796, 2475
121426, 2475
75287, 2474
26392, 2471
44573, 2470
48396, 2470
64780, 2470
143539, 2470
204118, 2470
39684, 2469
51626, 2467
190457, 2467
4137, 2463
5683, 2463
7702, 2463
36240, 2463
41562, 2461
67072, 2461
149024, 2461
217018, 2461
12807, 2459
39738, 2459
157895, 2459
3050, 2457
40865, 2457
41327, 2457
183430, 2456
22042, 2453
93243, 2453
26222, 2452
49149, 2452
43547, 2451
16522, 2450
78441, 2450
82632, 2450
136843, 2450
5931, 2448
57367, 2447
150247, 2447
16101, 2446
19091, 2446
97952, 2446
11619, 2445
40040, 2445
83958, 2445
4737, 2444
71360, 2444
74830, 2444
96133, 2444
145157, 2442
253838, 2442
23731, 2438
31614, 2438
168127, 2437
262301, 2437
63942, 2436
113491, 2431
193389, 2429
59743, 2426
8279, 2422
17044, 2419
226273, 2419
87903, 2417
235426, 2416
30565, 2413
11679, 2412
34842, 2412
84868, 2412
228907, 2412
276835, 2412
67720, 2410
35552, 2408
96376, 2408
142655, 2407
220109, 2407
83918, 2406
14244, 2404
46187, 2404
108242, 2404
68745, 2403
77759, 2400
96256, 2399
8939, 2398
11357, 2398
22957, 2398
26356, 2398
142958, 2398
12628, 2397
192669, 2397
16698, 2393
22301, 2393
41693, 2392
262572, 2392
32688, 2391
71694, 2390
84844, 2390
17597, 2387
33881, 2387
39988, 2387
8718, 2385
9283, 2385
12823, 2385
13850, 2385
19118, 2385
86731, 2385
295590, 2385
137204, 2384
32663, 2383
43387, 2383
122167, 2383
24156, 2381
24271, 2381
202305, 2381
78785, 2380
141660, 2380
184669, 2380
199142, 2380
250256, 2380
26072, 2378
82441, 2378
172231, 2378
238927, 2375
34309, 2374
56926, 2374
82277, 2374
99428, 2374
138799, 2374
252910, 2374
74219, 2373
125706, 2373
19850, 2370
214022, 2370
56358, 2369
79656, 2369
240609, 2369
19473, 2367
55439, 2364
170639, 2364
70574, 2363
57742, 2361
151770, 2361
15847, 2360
38059, 2360
107056, 2360
47737, 2359
104021, 2357
32894, 2354
235888, 2348
76156, 2347
24216, 2346
36102, 2344
116652, 2344
255711, 2344
104785, 2342
7796, 2341
184122, 2341
223046, 2341
29893, 2338
23267, 2336
152425, 2336
157966, 2335
290794, 2335
31736, 2334
37666, 2333
64268, 2333
200547, 2330
208304, 2330
241344, 2330
134770, 2328
7924, 2325
248810, 2325
24783, 2324
190233, 2323
5332, 2322
20757, 2322
39063, 2322
55529, 2322
59382, 2322
7625, 2320
14683, 2320
248763, 2319
87330, 2318
133552, 2318
8415, 2317
15686, 2317
49747, 2317
65864, 2317
127307, 2314
63614, 2312
24728, 2309
38029, 2309
148694, 2309
262560, 2309
20283, 2308
27084, 2308
178885, 2308
35599, 2306
98420, 2305
173121, 2305
14141, 2304
17617, 2304
271988, 2303
296559, 2302
39142, 2301
74038, 2300
51533, 2297
100005, 2297
264015, 2297
251850, 2295
102539, 2291
6979, 2290
13046, 2290
100955, 2290
23579, 2289
27718, 2289
28490, 2289
276278, 2289
20334, 2288
195670, 2287
145135, 2286
166349, 2286
180110, 2286
136166, 2285
7283, 2284
43761, 2284
58616, 2284
126537, 2284
222945, 2282
30951, 2281
48196, 2281
268593, 2281
39748, 2280
47667, 2280
195703, 2280
150827, 2278
137910, 2277
163051, 2277
52158, 2276
60313, 2275
161185, 2275
65901, 2273
114290, 2273
118933, 2273
172461, 2273
11167, 2271
222076, 2271
106677, 2270
59222, 2268
87661, 2267
205915, 2266
239580, 2266
4834, 2264
39269, 2264
118529, 2258
32510, 2257
42831, 2257
10129, 2256
19152, 2256
31150, 2256
66997, 2256
25191, 2254
29336, 2254
31307, 2254
39510, 2254
154536, 2254
27591, 2253
131952, 2253
23805, 2252
22242, 2250
48962, 2250
53042, 2250
60038, 2250
76576, 2250
114966, 2250
208584, 2250
26498, 2249
31857, 2249
64643, 2249
45409, 2248
150470, 2247
263220, 2247
136187, 2243
22038, 2242
16466, 2241
46143, 2241
86083, 2240
251936, 2240
1555, 2239
25673, 2239
25882, 2239
38420, 2239
89948, 2239
180440, 2239
196903, 2239
216205, 2239
218138, 2239
234362, 2239
237947, 2239
241244, 2239
266188, 2239
282032, 2239
288696, 2239
8066, 2238
10979, 2235
31064, 2235
80514, 2235
85936, 2235
100017, 2235
130893, 2235
153327, 2235
259387, 2235
4823, 2234
13412, 2234
49215, 2234
11418, 2233
270422, 2232
13114, 2231
74892, 2229
109701, 2229
262287, 2229
89293, 2228
115143, 2228
226127, 2228
9094, 2227
30831, 2227
237138, 2227
63407, 2225
80569, 2225
18923, 2224
68775, 2221
76087, 2221
134066, 2221
256791, 2221
30928, 2220
121408, 2219
191023, 2219
12729, 2218
37274, 2218
66295, 2218
111173, 2218
21965, 2216
18290, 2215
66590, 2215
25513, 2214
28326, 2214
30224, 2214
68534, 2214
168697, 2214
180571, 2214
209912, 2212
289391, 2209
2119, 2207
56062, 2207
202470, 2207
1339, 2203
49942, 2203
33469, 2201
50901, 2201
6145, 2200
18273, 2200
213063, 2198
81354, 2197
13052, 2195
36513, 2195
191397, 2193
125427, 2192
118165, 2191
253243, 2191
53363, 2190
123880, 2190
7399, 2188
57600, 2188
22326, 2187
78690, 2187
167607, 2187
228680, 2187
61694, 2186
84753, 2186
199065, 2186
211767, 2186
264541, 2186
286530, 2186
38294, 2184
18417, 2183
37443, 2183
19096, 2181
48969, 2181
66985, 2181
198555, 2181
100887, 2179
29189, 2178
185481, 2176
6406, 2175
49885, 2175
76833, 2175
83341, 2175
88955, 2175
93728, 2175
175371, 2175
184241, 2175
201631, 2175
213550, 2175
274690, 2175
51080, 2173
144779, 2173
20301, 2170
37937, 2168
25492, 2167
243206, 2167
79659, 2164
25613, 2162
109047, 2162
12816, 2161
13312, 2161
64791, 2161
29484, 2158
32395, 2158
68946, 2158
77349, 2158
146629, 2158
216315, 2154
59000, 2153
97700, 2153
255233, 2153
19425, 2152
88366, 2150
99632, 2149
95060, 2148
271977, 2148
290303, 2148
103369, 2147
10071, 2145
53764, 2145
151669, 2141
209129, 2141
32112, 2140
83306, 2138
128551, 2138
176396, 2138
2450, 2137
11968, 2137
18213, 2136
35892, 2136
156444, 2136
7095, 2135
73679, 2135
84154, 2135
183206, 2130
93035, 2128
238401, 2128
239298, 2128
263760, 2128
771, 2127
97063, 2127
72201, 2126
250818, 2124
30987, 2119
112697, 2119
171311, 2119
5895, 2118
137583, 2118
174688, 2118
276893, 2118
141174, 2117
154791, 2117
67127, 2116
124493, 2116
163773, 2114
23813, 2112
26260, 2112
104851, 2112
55069, 2109
89817, 2109
55411, 2108
90114, 2108
132804, 2107
7676, 2106
21609, 2106
63160, 2106
22928, 2105
147, 2103
19866, 2103
36755, 2103
68633, 2103
235794, 2103
277144, 2103
185726, 2101
189684, 2100
55829, 2099
123342, 2098
139756, 2098
88847, 2096
147910, 2096
220739, 2096
37801, 2094
1786, 2092
4526, 2092
27896, 2092
31936, 2091
28483, 2090
35788, 2090
107004, 2090
119185, 2090
192840, 2090
24297, 2089
127769, 2089
137454, 2089
215261, 2089
15750, 2088
24130, 2088
25187, 2088
66486, 2088
129473, 2088
16436, 2087
17304, 2086
274021, 2086
83809, 2084
104307, 2084
226535, 2083
53990, 2080
2769, 2078
113622, 2078
213356, 2078
18151, 2076
72471, 2076
12681, 2075
276438, 2075
283538, 2075
43705, 2074
46206, 2074
116951, 2074
141948, 2074
51112, 2073
100388, 2073
129171, 2073
217964, 2073
1682, 2072
12430, 2072
25609, 2071
25818, 2071
137410, 2071
108923, 2067
26146, 2066
32920, 2066
63694, 2066
8663, 2064
10051, 2064
40015, 2064
169992, 2064
211258, 2063
254442, 2063
260545, 2063
632, 2060
3920, 2060
71244, 2060
57060, 2059
2379, 2058
257496, 2057
91181, 2056
110129, 2056
120661, 2056
147425, 2056
50832, 2054
183433, 2053
11647, 2052
25384, 2052
39688, 2051
106070, 2051
182962, 2051
179234, 2050
27246, 2047
69849, 2047
41889, 2046
75810, 2046
11015, 2045
34457, 2045
34686, 2045
186414, 2045
231180, 2045
254833, 2044
45634, 2043
95963, 2043
240423, 2043
8061, 2042
31913, 2042
74487, 2042
14826, 2040
26815, 2040
51404, 2040
10559, 2039
52676, 2039
70739, 2039
234820, 2037
257513, 2037
97004, 2035
133643, 2035
174020, 2034
83942, 2033
157298, 2033
14017, 2032
57106, 2032
112589, 2032
161127, 2032
52535, 2031
62413, 2031
166922, 2031
22582, 2028
118086, 2028
136913, 2028
177396, 2028
2750, 2027
127337, 2027
258991, 2027
267671, 2027
277470, 2027
203627, 2026
33408, 2025
38706, 2025
46665, 2025
1194, 2024
11384, 2024
64877, 2024
182948, 2024
2347, 2023
24861, 2023
43908, 2023
59114, 2022
96360, 2022
906, 2021
13224, 2021
31063, 2021
55963, 2020
4782, 2019
117503, 2019
24858, 2016
96172, 2016
231061, 2015
296405, 2013
86081, 2011
201590, 2011
20675, 2010
42994, 2010
159087, 2010
235434, 2010
34881, 2009
65929, 2009
241235, 2009
719, 2003
11166, 2003
262223, 2003
279025, 2003
29996, 2001
57710, 2001
105951, 2001
251854, 2001
100945, 2000
136569, 1999
31308, 1998
7278, 1997
70159, 1997
76574, 1997
89105, 1997
1971, 1996
61951, 1996
231502, 1996
154211, 1994
22434, 1993
47694, 1993
55113, 1993
83009, 1992
47118, 1991
21760, 1989
28309, 1989
57074, 1989
144088, 1989
172826, 1989
18456, 1988
66047, 1986
155711, 1986
4974, 1985
29515, 1985
35664, 1984
36504, 1984
74964, 1984
185947, 1984
12126, 1981
267264, 1981
15427, 1979
33376, 1979
9603, 1978
46085, 1978
568, 1976
19090, 1976
19224, 1975
104927, 1973
100201, 1972
17233, 1971
51257, 1970
14708, 1969
14804, 1969
131777, 1969
156091, 1969
4602, 1968
11248, 1968
25065, 1968
14735, 1966
78462, 1966
2271, 1965
13557, 1965
29682, 1965
57685, 1965
93501, 1965
131890, 1965
252679, 1965
7939, 1964
37628, 1964
53867, 1964
90996, 1964
85468, 1963
14864, 1961
23291, 1961
48955, 1961
143262, 1958
164683, 1958
193475, 1957
8692, 1956
9820, 1955
19400, 1955
56491, 1955
29947, 1953
111758, 1953
13203, 1948
15263, 1947
35785, 1947
54466, 1947
101944, 1947
155061, 1946
2443, 1944
10077, 1944
10561, 1944
15442, 1944
59211, 1942
4657, 1941
15618, 1941
204252, 1941
40800, 1940
85344, 1940
41694, 1939
46065, 1939
48125, 1939
76832, 1939
84706, 1939
119481, 1939
255925, 1938
2814, 1937
15408, 1937
10430, 1936
13809, 1936
101268, 1936
108591, 1936
132028, 1936
88497, 1935
233385, 1933
191807, 1932
249490, 1932
288197, 1932
4915, 1929
83207, 1929
2033, 1928
26406, 1928
52891, 1928
18519, 1927
22556, 1927
23754, 1927
29710, 1927
229024, 1927
238045, 1927
150933, 1926
124980, 1924
31847, 1923
58945, 1923
83099, 1923
114965, 1923
280143, 1923
152736, 1921
198430, 1921
27625, 1920
48164, 1919
1697, 1918
44020, 1918
14341, 1917
43734, 1917
180934, 1917
197998, 1917
11866, 1916
14516, 1916
35323, 1916
8304, 1915
150350, 1915
213461, 1915
135193, 1913
240089, 1913
115755, 1912
28211, 1910
17053, 1906
3383, 1905
52260, 1905
150015, 1905
37459, 1903
9528, 1901
258241, 1901
28034, 1900
168919, 1900
296306, 1900
22296, 1899
2522, 1898
31086, 1898
52154, 1898
6693, 1896
216, 1893
2802, 1893
162366, 1893
83629, 1892
10255, 1891
216106, 1891
139457, 1890
10063, 1889
52058, 1889
58748, 1889
6119, 1888
8343, 1886
14898, 1884
82643, 1884
8367, 1883
4462, 1882
81493, 1882
3614, 1881
267678, 1881
9865, 1880
32009, 1880
28851, 1879
47097, 1879
70312, 1879
18296, 1878
21884, 1878
47200, 1878
36699, 1877
26322, 1876
16566, 1875
28171, 1875
17969, 1873
42820, 1873
180236, 1873
32849, 1872
47801, 1872
90665, 1872
123070, 1872
12874, 1870
56755, 1870
42354, 1869
156737, 1869
176674, 1869
226039, 1869
242577, 1869
173037, 1868
13550, 1867
268844, 1867
7906, 1866
63666, 1866
75477, 1866
15970, 1865
29173, 1865
36157, 1865
60519, 1865
99798, 1865
33412, 1864
56244, 1864
217898, 1864
14422, 1863
66868, 1863
148080, 1862
258192, 1862
29815, 1861
88813, 1861
174684, 1861
1547, 1860
62679, 1860
5035, 1859
255475, 1858
20934, 1857
113128, 1856
230205, 1855
77464, 1853
19987, 1851
58729, 1851
62787, 1850
198785, 1850
23452, 1849
284819, 1849
290066, 1849
256403, 1848
102810, 1847
125928, 1847
168259, 1845
3740, 1844
194760, 1844
277382, 1844
295900, 1844
4267, 1843
9149, 1843
16717, 1842
161997, 1842
4420, 1840
26709, 1840
36681, 1840
46527, 1840
279461, 1840
1538, 1839
50919, 1839
82039, 1839
185836, 1838
11862, 1837
80595, 1837
123864, 1836
291658, 1833
4231, 1832
6356, 1832
6379, 1832
39032, 1832
60595, 1832
164505, 1832
217980, 1832
256837, 1831
14011, 1830
143388, 1830
19549, 1829
49074, 1829
6906, 1828
29171, 1828
117724, 1828
159421, 1828
162869, 1828
207525, 1828
270056, 1828
279599, 1828
13573, 1826
33826, 1826
36127, 1826
52294, 1826
201287, 1826
103591, 1824
46823, 1823
64783, 1823
86604, 1823
46237, 1820
200287, 1820
11699, 1819
94728, 1819
26663, 1818
46310, 1818
60526, 1818
126160, 1815
100006, 1813
75866, 1811
77805, 1811
96299, 1811
119082, 1811
185395, 1811
210405, 1811
228346, 1810
23310, 1809
164933, 1809
35812, 1808
91882, 1808
206319, 1808
26981, 1807
34593, 1807
67075, 1807
84930, 1807
87037, 1807
115441, 1807
117928, 1807
126392, 1807
132499, 1807
154554, 1807
164028, 1807
167577, 1807
174834, 1807
180041, 1807
181792, 1807
184772, 1807
186050, 1807
189537, 1807
193242, 1807
196197, 1807
196927, 1807
211303, 1807
218396, 1807
238572, 1807
239209, 1807
247512, 1807
253823, 1807
259091, 1807
272714, 1807
273410, 1807
284998, 1807
285170, 1807
288277, 1807
63890, 1806
83818, 1806
3030, 1804
35090, 1804
40165, 1804
158391, 1804
31756, 1802
54968, 1802
102263, 1802
200196, 1802
8486, 1801
152279, 1801
3384, 1800
53022, 1800
71125, 1800
75330, 1800
161843, 1800
41222, 1799
53548, 1799
1589, 1798
24996, 1798
232240, 1797
156743, 1795
101307, 1794
115282, 1794
137295, 1794
205525, 1794
10681, 1792
223759, 1792
261691, 1791
2797, 1789
22400, 1789
63710, 1789
115688, 1789
55905, 1788
285642, 1787
15266, 1786
22605, 1786
205189, 1786
6614, 1785
10602, 1785
14784, 1785
31348, 1785
37266, 1785
241379, 1785
608, 1784
128084, 1784
216401, 1783
30038, 1782
57396, 1782
277667, 1782
283108, 1782
151, 1781
8583, 1781
12320, 1781
21369, 1781
220445, 1781
282386, 1781
156224, 1780
189571, 1780
29068, 1776
290124, 1775
7097, 1774
12967, 1774
30880, 1774
46525, 1774
88406, 1774
20365, 1773
23400, 1773
115393, 1773
238807, 1773
30449, 1771
94100, 1771
13317, 1770
12391, 1767
45322, 1767
182666, 1767
9065, 1765
21262, 1765
37913, 1765
190586, 1765
18908, 1764
14153, 1763
32931, 1762
51843, 1762
197630, 1762
194243, 1760
292517, 1760
8341, 1759
74385, 1758
260853, 1758
13756, 1757
144538, 1756
12684, 1755
14577, 1755
27856, 1755
66814, 1755
114044, 1755
114261, 1755
203622, 1754
182016, 1753
40940, 1752
2653, 1750
17848, 1750
108362, 1750
208093, 1750
214050, 1750
388, 1749
95039, 1749
11105, 1746
143782, 1746
68364, 1745
208870, 1743
83805, 1742
10401, 1738
130278, 1738
230492, 1738
25963, 1736
96969, 1736
100128, 1736
189163, 1736
222661, 1736
226800, 1736
277807, 1736
29254, 1735
51566, 1735
291732, 1735
24432, 1734
69029, 1734
81291, 1734
33569, 1733
45387, 1733
168926, 1733
290511, 1733
53686, 1731
89679, 1731
170183, 1730
61606, 1729
73948, 1728
761, 1727
1951, 1727
10355, 1727
16511, 1727
34827, 1727
44318, 1727
49892, 1727
129617, 1727
284171, 1727
207702, 1726
125817, 1725
84054, 1724
70434, 1722
15559, 1721
245831, 1721
167405, 1718
220557, 1718
8868, 1716
9448, 1716
81441, 1716
15570, 1715
64054, 1715
9894, 1713
114214, 1712
62950, 1711
31459, 1710
85370, 1710
131396, 1709
9695, 1708
283714, 1708
97209, 1707
145983, 1707
153446, 1707
16311, 1706
11955, 1705
30225, 1705
41420, 1705
42451, 1705
43370, 1705
248623, 1704
51310, 1703
69093, 1703
32577, 1701
214693, 1701
159059, 1698
116439, 1697
262465, 1697
11646, 1696
164254, 1696
85201, 1694
141617, 1694
143591, 1694
144536, 1694
153541, 1694
154546, 1694
183757, 1694
188062, 1694
195568, 1694
201133, 1694
207545, 1694
259028, 1694
264095, 1694
280512, 1694
282984, 1694
287181, 1694
292777, 1694
7183, 1693
53375, 1693
137182, 1691
152014, 1691
169579, 1691
210204, 1691
236156, 1691
272892, 1691
291877, 1691
48101, 1690
65715, 1690
15579, 1688
32342, 1688
13754, 1687
15962, 1687
22915, 1687
27802, 1687
49828, 1687
93715, 1687
29460, 1686
58866, 1686
3363, 1685
20344, 1685
70055, 1685
88042, 1685
100252, 1685
205733, 1685
2068, 1683
11475, 1683
12396, 1683
12927, 1683
49050, 1683
194738, 1683
39584, 1682
33683, 1681
193188, 1679
160158, 1678
39840, 1677
106749, 1677
163142, 1674
1320, 1673
36216, 1673
100898, 1673
140507, 1673
230992, 1673
36741, 1672
769, 1670
40047, 1670
121811, 1670
205361, 1670
273253, 1670
2213, 1669
187361, 1669
270750, 1669
125, 1668
61855, 1668
62209, 1668
154610, 1668
24533, 1667
110055, 1667
280076, 1667
21321, 1666
29757, 1666
26915, 1665
67845, 1665
253616, 1665
69141, 1663
147142, 1663
17604, 1662
17274, 1661
113132, 1660
129846, 1660
32422, 1659
61548, 1659
61810, 1659
74675, 1659
84365, 1659
108501, 1659
123824, 1659
150289, 1659
213981, 1659
276914, 1659
79144, 1658
137089, 1657
47756, 1656
256421, 1655
1928, 1654
25371, 1654
30013, 1654
272004, 1654
28366, 1653
8207, 1652
26551, 1652
33610, 1652
8686, 1651
15480, 1651
74158, 1651
247744, 1651
5850, 1650
5997, 1650
184979, 1649
244350, 1649
11299, 1646
17071, 1646
79702, 1646
151745, 1646
158199, 1646
160937, 1646
40257, 1644
78607, 1644
28666, 1642
31733, 1642
65191, 1642
270821, 1642
16719, 1640
40035, 1640
58852, 1640
67700, 1640
95046, 1640
102891, 1640
140356, 1640
6541, 1638
251375, 1638
6888, 1637
62263, 1637
142536, 1637
221375, 1637
244367, 1637
45068, 1636
47816, 1636
50295, 1636
54298, 1636
58416, 1636
71404, 1636
74690, 1636
75348, 1636
84877, 1636
90995, 1636
101995, 1636
118682, 1636
128145, 1636
133840, 1636
136906, 1636
139976, 1636
141345, 1636
146315, 1636
151539, 1636
151587, 1636
157236, 1636
163061, 1636
168718, 1636
183955, 1636
184065, 1636
209608, 1636
230366, 1636
280490, 1636
283848, 1636
294887, 1636
13026, 1635
132030, 1635
165184, 1635
167119, 1633
16038, 1631
156029, 1630
3204, 1629
8930, 1629
10145, 1629
27037, 1629
288763, 1629
127796, 1628
202844, 1628
37338, 1627
48717, 1627
109028, 1627
214905, 1626
26006, 1625
27743, 1625
34318, 1625
61464, 1625
115522, 1625
195415, 1625
5694, 1624
9233, 1624
11907, 1624
68726, 1624
94422, 1624
138278, 1622
165203, 1621
154, 1620
177297, 1620
30812, 1619
131907, 1619
88006, 1616
191348, 1616
228419, 1616
266206, 1616
12057, 1615
134983, 1613
199665, 1613
25828, 1612
36871, 1612
51253, 1612
103400, 1611
122628, 1611
161289, 1611
226666, 1611
267850, 1611
288419, 1611
70968, 1610
9700, 1609
12302, 1609
25409, 1609
35778, 1609
69518, 1609
169647, 1609
63741, 1607
119515, 1607
187902, 1607
216702, 1607
2825, 1606
3316, 1606
24885, 1606
26941, 1606
27668, 1606
78757, 1606
2216, 1605
14685, 1603
94038, 1603
196895, 1603
50336, 1600
104258, 1600
107189, 1600
234900, 1600
281794, 1600
34597, 1598
56105, 1598
5514, 1596
54558, 1596
55558, 1596
139790, 1596
230397, 1596
62814, 1595
151838, 1595
157490, 1595
184023, 1595
239655, 1595
10429, 1594
5613, 1592
46688, 1592
64705, 1592
193339, 1592
200163, 1592
243532, 1592
247570, 1592
275780, 1592
286422, 1592
13524, 1591
18334, 1591
30584, 1591
55099, 1591
116846, 1591
138808, 1591
60028, 1588
127564, 1588
130016, 1588
267020, 1588
103562, 1585
5808, 1584
256409, 1583
262270, 1583
284295, 1581
160411, 1580
25603, 1579
63295, 1578
80637, 1578
128314, 1578
191662, 1578
55504, 1576
112880, 1575
124652, 1575
264608, 1575
31024, 1574
124357, 1574
73227, 1573
77648, 1572
43454, 1571
59608, 1571
175213, 1571
210199, 1571
37792, 1569
72358, 1569
226023, 1569
230400, 1569
241105, 1569
250324, 1569
30540, 1568
74502, 1568
233275, 1568
39666, 1567
231961, 1567
188736, 1566
294323, 1566
67750, 1565
112726, 1565
28445, 1564
92786, 1564
251532, 1564
284539, 1564
63141, 1562
281573, 1562
5843, 1560
60950, 1558
150371, 1558
78661, 1557
140201, 1557
74067, 1555
30240, 1554
98138, 1554
234002, 1554
280207, 1554
6626, 1553
13840, 1553
19954, 1553
23217, 1553
36683, 1553
41236, 1553
48332, 1553
194299, 1553
126097, 1552
435, 1551
14049, 1551
2031, 1550
2551, 1550
9786, 1550
149359, 1549
19016, 1548
78031, 1548
20585, 1547
62199, 1547
85659, 1547
126532, 1547
173985, 1547
277124, 1547
281655, 1547
79368, 1546
14353, 1545
49218, 1545
22558, 1544
49693, 1544
81007, 1544
219781, 1544
34995, 1542
56017, 1541
78300, 1541
139370, 1541
178532, 1541
15351, 1540
24718, 1540
234896, 1540
14661, 1539
39622, 1539
44861, 1539
51683, 1539
76469, 1539
81735, 1539
101647, 1539
111711, 1539
116198, 1539
271503, 1539
29087, 1538
35011, 1538
12101, 1535
116276, 1535
196766, 1535
17895, 1534
47721, 1534
121110, 1533
228836, 1533
261867, 1533
29592, 1532
35574, 1532
147971, 1532
35245, 1531
102879, 1531
114689, 1530
11821, 1529
67613, 1529
133093, 1529
3289, 1528
60371, 1528
165662, 1528
182803, 1528
117408, 1527
277367, 1527
201389, 1526
17266, 1524
99645, 1524
9326, 1522
14575, 1522
31873, 1522
32934, 1522
44030, 1522
138162, 1522
112575, 1521
161595, 1521
139780, 1520
109950, 1519
157147, 1519
6968, 1518
27196, 1518
90228, 1518
232724, 1518
250639, 1518
275016, 1518
41393, 1517
35546, 1516
62344, 1516
29514, 1515
176545, 1514
266494, 1514
13972, 1513
14537, 1512
11828, 1511
282934, 1510
49498, 1508
7220, 1507
28667, 1507
123432, 1506
188343, 1506
81378, 1504
23174, 1503
64670, 1502
5582, 1500
19014, 1500
25043, 1499
194794, 1499
44493, 1498
50196, 1498
2597, 1495
3770, 1495
3822, 1495
34105, 1493
84050, 1493
98472, 1493
201579, 1493
15184, 1492
19449, 1492
61478, 1492
204775, 1492
1861, 1491
29732, 1491
66763, 1491
220380, 1491
1537, 1490
13428, 1490
26272, 1490
42628, 1490
74548, 1490
15234, 1489
10266, 1488
18203, 1488
39191, 1487
41633, 1487
83363, 1487
138654, 1487
279682, 1487
35980, 1486
131664, 1486
179631, 1486
8024, 1485
29142, 1485
74713, 1485
111399, 1485
135526, 1485
143492, 1485
184668, 1485
31546, 1484
55589, 1484
37749, 1483
5243, 1482
188864, 1482
47630, 1481
245950, 1480
15079, 1479
15252, 1479
34656, 1479
38032, 1479
57211, 1479
67695, 1479
103105, 1479
104940, 1479
187637, 1479
205222, 1479
234191, 1479
249752, 1479
31663, 1478
81377, 1478
42344, 1477
53815, 1477
65531, 1477
75857, 1477
97334, 1477
118255, 1477
119651, 1477
140846, 1477
167691, 1477
3499, 1476
60058, 1476
110024, 1476
100878, 1473
107911, 1473
20265, 1471
164237, 1470
257149, 1470
6875, 1468
17817, 1467
36378, 1467
13000, 1466
1110, 1464
15460, 1464
40378, 1464
156972, 1464
106156, 1463
177855, 1463
288976, 1463
36718, 1461
68316, 1461
68910, 1461
100442, 1461
135123, 1461
162553, 1461
107107, 1460
68557, 1458
259563, 1458
220261, 1457
1171, 1456
83867, 1456
676, 1455
6206, 1455
36530, 1455
20179, 1453
55470, 1452
77563, 1452
101760, 1452
143055, 1452
35501, 1448
243728, 1448
138990, 1447
5678, 1446
161233, 1446
136212, 1445
7034, 1444
19803, 1442
48690, 1442
49168, 1442
55169, 1441
208070, 1441
10345, 1440
41421, 1440
45383, 1440
24603, 1439
1781, 1437
154695, 1437
293530, 1437
157571, 1436
276267, 1436
9447, 1434
88220, 1434
95317, 1434
102887, 1434
138966, 1434
177189, 1434
106810, 1433
167136, 1433
12254, 1432
74085, 1432
178726, 1432
194786, 1432
3470, 1431
43567, 1431
60656, 1431
44486, 1430
37654, 1429
46089, 1429
60287, 1429
72714, 1429
75510, 1429
64414, 1428
95235, 1428
117640, 1428
199681, 1428
206360, 1428
240380, 1428
21010, 1427
26665, 1427
63209, 1427
188158, 1427
520, 1426
91367, 1426
109324, 1426
42735, 1425
79412, 1425
125798, 1425
16600, 1424
37691, 1424
72484, 1424
221490, 1424
2294, 1421
135379, 1421
99609, 1420
46933, 1419
115567, 1419
232262, 1419
30838, 1418
79711, 1418
41128, 1417
59012, 1417
117942, 1417
3963, 1416
22468, 1416
40552, 1416
140009, 1414
2184, 1413
51971, 1413
114841, 1413
203998, 1413
207643, 1413
215042, 1413
226461, 1413
260301, 1413
291413, 1413
1864, 1412
119845, 1412
4202, 1411
7753, 1411
14602, 1411
31722, 1411
67502, 1411
105259, 1411
105815, 1411
118883, 1411
294126, 1411
60583, 1407
63714, 1407
348, 1406
2356, 1406
29073, 1406
41666, 1406
86316, 1405
214717, 1405
259473, 1405
259966, 1405
272624, 1405
27663, 1404
108666, 1404
32084, 1403
113372, 1403
133681, 1403
224477, 1403
169357, 1401
84995, 1399
95795, 1397
51596, 1396
200454, 1396
11260, 1395
59343, 1395
65516, 1395
80140, 1395
18372, 1394
87174, 1394
162046, 1393
177463, 1393
2299, 1392
16112, 1391
131604, 1391
21168, 1390
63231, 1390
65117, 1390
131175, 1390
216762, 1390
221981, 1390
295995, 1390
20169, 1389
110756, 1389
3308, 1387
21280, 1387
123806, 1387
199345, 1386
605, 1385
2531, 1385
39706, 1385
120813, 1385
193663, 1385
48344, 1384
180786, 1384
57057, 1383
13824, 1382
14425, 1382
14440, 1382
15088, 1382
15193, 1382
15534, 1382
15860, 1382
15870, 1382
15888, 1382
15947, 1382
16200, 1382
16202, 1382
16229, 1382
16275, 1382
16303, 1382
16403, 1382
16564, 1382
16606, 1382
16679, 1382
16790, 1382
17062, 1382
17073, 1382
17096, 1382
17223, 1382
17224, 1382
17227, 1382
17333, 1382
17489, 1382
17673, 1382
17761, 1382
17796, 1382
17852, 1382
17860, 1382
18217, 1382
18306, 1382
18319, 1382
18702, 1382
18723, 1382
152568, 1382
159473, 1382
28646, 1381
62073, 1381
38920, 1379
247582, 1379
41069, 1378
60851, 1378
128398, 1378
213246, 1378
8883, 1377
12026, 1377
25942, 1377
40757, 1377
163735, 1377
168289, 1377
79928, 1376
472, 1374
5270, 1374
156646, 1374
221570, 1374
13266, 1373
19365, 1373
31314, 1373
118872, 1373
127152, 1373
155278, 1373
211552, 1373
240239, 1373
285082, 1373
90312, 1371
4410, 1370
112047, 1370
238851, 1370
122100, 1369
26687, 1368
20220, 1367
36312, 1367
39369, 1367
55524, 1367
78232, 1367
124397, 1367
201654, 1367
110763, 1366
179165, 1366
11231, 1365
42700, 1365
49078, 1365
23844, 1364
132693, 1364
144069, 1364
176296, 1364
269799, 1364
259216, 1363
271316, 1363
281346, 1363
47575, 1362
36773, 1361
109385, 1361
151475, 1361
292245, 1361
42212, 1360
128188, 1360
128894, 1360
7971, 1358
64712, 1358
191364, 1358
18853, 1357
29105, 1357
83850, 1357
156436, 1355
202342, 1355
9689, 1354
55458, 1354
194984, 1354
36822, 1351
120684, 1350
142676, 1350
266088, 1349
275, 1348
35619, 1348
285648, 1348
27769, 1347
92981, 1347
187940, 1347
6054, 1346
19666, 1346
69386, 1346
154434, 1346
159837, 1346
180030, 1346
16463, 1345
95184, 1345
30104, 1344
82604, 1344
119455, 1344
168669, 1344
879, 1343
2976, 1343
3095, 1343
3932, 1343
71027, 1343
100326, 1343
175723, 1343
17948, 1342
26964, 1342
264132, 1342
83963, 1341
224743, 1341
10630, 1340
77598, 1340
120954, 1340
13311, 1339
15023, 1339
37255, 1339
70415, 1339
135896, 1339
282355, 1337
32043, 1336
54456, 1336
65747, 1336
127054, 1336
111258, 1335
16888, 1333
67732, 1333
78332, 1333
148648, 1333
258328, 1333
157869, 1331
6948, 1330
7085, 1330
33768, 1330
92413, 1330
92536, 1330
48411, 1329
117642, 1329
203212, 1328
33037, 1327
72950, 1327
120564, 1327
128223, 1327
217303, 1327
101657, 1326
209459, 1326
256632, 1326
3004, 1325
38069, 1325
255679, 1325
5872, 1324
7294, 1324
19109, 1324
120573, 1324
40380, 1323
162894, 1323
182854, 1323
239062, 1323
241511, 1323
118, 1322
1626, 1322
3357, 1322
9627, 1322
12482, 1322
38304, 1322
22368, 1321
63148, 1321
64008, 1321
7750, 1320
67204, 1320
12458, 1319
47941, 1319
50099, 1319
65467, 1319
1329, 1318
8261, 1318
9505, 1318
25579, 1318
83564, 1318
86310, 1317
229375, 1317
261901, 1317
365, 1316
12922, 1314
18859, 1314
47231, 1314
159335, 1314
4468, 1313
15757, 1313
26998, 1313
79545, 1313
152582, 1313
256444, 1313
108134, 1312
193396, 1312
32, 1311
20903, 1311
23919, 1311
27588, 1311
74446, 1311
251608, 1311
66126, 1310
250791, 1310
0, 1309
2860, 1309
119530, 1309
271604, 1309
250748, 1308
3419, 1307
8666, 1307
28991, 1307
54412, 1307
98371, 1307
21483, 1306
229103, 1306
39615, 1305
209521, 1305
161711, 1304
80603, 1303
9072, 1302
110667, 1302
141428, 1302
45691, 1300
51969, 1299
194115, 1298
61392, 1297
66298, 1297
86133, 1297
7174, 1292
21997, 1292
23244, 1292
1561, 1291
7967, 1289
4, 1288
150912, 1288
37758, 1287
51578, 1287
88698, 1287
53016, 1285
7915, 1284
74421, 1284
14498, 1283
23010, 1283
49629, 1283
57004, 1283
69281, 1283
85656, 1283
87454, 1283
87946, 1283
98345, 1283
110654, 1283
140088, 1283
141705, 1283
145019, 1283
148922, 1283
174150, 1283
184056, 1283
192904, 1283
195855, 1283
202333, 1283
210526, 1283
221316, 1283
233744, 1283
245487, 1283
252404, 1283
291024, 1283
86686, 1282
144750, 1282
174072, 1282
225, 1281
37894, 1280
39976, 1279
89559, 1279
208118, 1279
2103, 1278
123570, 1278
251712, 1278
256795, 1278
4046, 1276
10694, 1276
17087, 1276
57553, 1276
107291, 1276
7467, 1275
32019, 1275
154185, 1275
51, 1274
1380, 1274
40272, 1274
43716, 1274
48425, 1274
50831, 1274
50844, 1274
105700, 1274
150663, 1274
19830, 1273
22391, 1273
40465, 1272
18438, 1271
1870, 1270
108784, 1270
113065, 1270
198146, 1270
243318, 1270
20773, 1269
59793, 1269
85889, 1269
35076, 1268
222803, 1268
295312, 1268
1236, 1267
10335, 1267
57434, 1267
8586, 1266
22640, 1266
34680, 1266
119344, 1266
199524, 1266
113633, 1265
160176, 1265
65863, 1264
90325, 1264
104373, 1264
186058, 1264
22904, 1263
53506, 1263
95229, 1263
152135, 1263
91760, 1261
188673, 1261
3553, 1260
47429, 1260
72217, 1260
99836, 1260
113586, 1260
185178, 1260
223923, 1260
230553, 1260
6495, 1259
41159, 1259
58288, 1259
73667, 1259
102114, 1259
194925, 1259
198507, 1259
15606, 1258
20294, 1258
152757, 1257
15551, 1256
63228, 1256
85710, 1256
176238, 1256
243148, 1256
246295, 1256
1187, 1255
4318, 1255
23443, 1255
24539, 1255
33885, 1255
56711, 1255
175009, 1255
21530, 1254
22043, 1254
83668, 1254
287047, 1254
52588, 1253
72480, 1253
110498, 1253
168140, 1253
212054, 1253
85263, 1250
1308, 1249
3395, 1249
35723, 1247
147165, 1247
1035, 1246
99988, 1246
135373, 1245
199007, 1245
5411, 1244
44041, 1244
99957, 1244
285910, 1244
15799, 1243
52726, 1243
5815, 1242
6665, 1242
6704, 1242
48065, 1242
59749, 1242
99889, 1242
113888, 1242
126734, 1242
174059, 1242
26298, 1241
51724, 1241
81743, 1241
31161, 1240
56277, 1240
141075, 1240
604, 1239
3315, 1239
9342, 1239
12679, 1239
14904, 1239
18525, 1239
25698, 1239
25954, 1239
33285, 1239
181812, 1239
10904, 1238
39734, 1238
43240, 1238
63111, 1238
143695, 1238
28978, 1237
83556, 1237
16763, 1236
33027, 1236
59303, 1236
95385, 1236
202823, 1236
209902, 1236
68457, 1235
221202, 1235
250686, 1235
159942, 1234
36579, 1233
180971, 1233
289673, 1233
16961, 1232
33578, 1232
34383, 1232
86826, 1232
30795, 1231
31160, 1231
150108, 1231
70506, 1230
72683, 1230
73305, 1230
114680, 1230
18691, 1229
27867, 1228
90272, 1228
85045, 1227
12666, 1226
98773, 1226
149533, 1226
1012, 1225
8392, 1225
30076, 1225
20952, 1224
59117, 1224
73567, 1224
153998, 1224
85131, 1223
92932, 1223
2316, 1222
5908, 1222
7632, 1222
18682, 1222
22530, 1222
120720, 1222
25252, 1221
18571, 1220
237435, 1220
248334, 1220
86885, 1219
224410, 1219
263656, 1219
6935, 1218
20145, 1218
66326, 1217
124406, 1217
77545, 1216
107168, 1216
111462, 1216
145471, 1216
157576, 1216
250358, 1216
272441, 1216
91730, 1215
142951, 1215
161706, 1215
114817, 1214
129029, 1214
18721, 1213
172660, 1213
1660, 1212
5563, 1212
199869, 1212
209604, 1212
216468, 1212
96722, 1211
97147, 1211
160067, 1211
217299, 1211
237911, 1211
58956, 1210
3285, 1208
14588, 1208
28599, 1208
38353, 1208
70779, 1208
105929, 1208
116243, 1208
118406, 1208
123916, 1208
164005, 1208
217601, 1208
2759, 1207
97020, 1207
99713, 1207
208178, 1207
20836, 1204
66139, 1204
67655, 1204
84971, 1204
189005, 1204
2634, 1203
33202, 1203
68874, 1203
3166, 1202
66372, 1202
72850, 1202
93532, 1202
14644, 1200
83344, 1200
1541, 1199
14655, 1199
18978, 1199
30512, 1199
49648, 1199
77858, 1199
123475, 1199
155488, 1199
14725, 1197
228288, 1197
11826, 1196
25179, 1196
60829, 1196
67055, 1196
196980, 1196
19027, 1195
61720, 1195
169450, 1195
178051, 1195
145884, 1194
63704, 1193
158653, 1193
2483, 1190
104292, 1190
159268, 1189
210566, 1189
4996, 1188
22575, 1188
38661, 1188
46446, 1188
123383, 1188
18769, 1187
101116, 1187
147700, 1187
50488, 1186
88230, 1186
110540, 1186
218245, 1186
136, 1185
200596, 1185
209086, 1185
268392, 1185
287671, 1185
287675, 1185
61886, 1184
232325, 1184
250173, 1184
10607, 1182
25977, 1182
37350, 1182
73525, 1182
85244, 1182
158302, 1182
252243, 1182
11142, 1181
5835, 1180
14946, 1180
41725, 1180
100975, 1180
168988, 1180
229389, 1180
1693, 1179
6029, 1179
12941, 1179
19930, 1179
537, 1178
54316, 1178
78336, 1178
180804, 1178
6853, 1177
158015, 1176
260882, 1176
14442, 1175
243984, 1175
275575, 1175
1184, 1174
22751, 1174
27775, 1174
52660, 1174
66076, 1174
232661, 1174
253831, 1174
22153, 1173
23038, 1173
28084, 1172
120306, 1172
250323, 1172
278348, 1172
42188, 1171
25507, 1169
159358, 1169
231690, 1169
284689, 1169
288669, 1169
8498, 1168
32481, 1168
115249, 1168
132016, 1168
146755, 1168
167747, 1168
268345, 1168
6333, 1167
7518, 1167
24017, 1167
28598, 1167
29446, 1167
70659, 1167
126541, 1167
259226, 1167
37955, 1165
64106, 1165
123189, 1164
32756, 1163
210555, 1163
168056, 1162
7712, 1161
29965, 1161
33818, 1161
47727, 1161
54339, 1161
56048, 1161
56246, 1161
57486, 1161
69142, 1161
41, 1160
711, 1160
892, 1160
1280, 1160
4599, 1160
48341, 1160
105991, 1160
141338, 1160
154321, 1159
56346, 1157
162391, 1157
187747, 1157
196475, 1157
240000, 1157
54816, 1156
189567, 1156
24396, 1155
292595, 1155
228, 1154
1773, 1154
3178, 1154
34862, 1154
216650, 1153
20940, 1152
29396, 1152
32261, 1152
85725, 1152
94473, 1152
2862, 1151
7508, 1151
11181, 1151
18526, 1151
21474, 1151
22257, 1151
26614, 1151
33387, 1151
42949, 1151
53697, 1151
58476, 1151
68008, 1151
73478, 1151
77141, 1151
87503, 1151
115507, 1151
120196, 1151
135138, 1151
179430, 1151
184200, 1151
228891, 1151
291004, 1151
2568, 1150
9705, 1150
34272, 1150
101006, 1150
6687, 1148
42172, 1147
1208, 1146
11486, 1146
13062, 1146
34376, 1146
131538, 1146
296050, 1146
43949, 1145
131210, 1145
45156, 1144
88225, 1144
31272, 1143
168067, 1143
67904, 1142
80224, 1142
134967, 1142
24692, 1141
58358, 1141
105004, 1141
282079, 1141
72569, 1140
73767, 1140
7848, 1139
14542, 1139
67927, 1139
1180, 1138
14957, 1138
131470, 1138
23729, 1137
32970, 1137
95642, 1137
142539, 1137
208927, 1137
286566, 1137
850, 1136
6863, 1136
19177, 1136
20614, 1136
46551, 1136
65661, 1136
157656, 1136
207521, 1136
2246, 1135
12186, 1135
25550, 1135
29527, 1135
34747, 1135
67380, 1135
107830, 1135
15153, 1134
93172, 1134
141183, 1134
10193, 1133
23608, 1133
189743, 1133
262337, 1133
23679, 1132
49980, 1132
72096, 1132
128322, 1132
131782, 1132
163742, 1132
237561, 1132
242210, 1132
2711, 1131
15519, 1131
30200, 1131
114599, 1131
176077, 1131
972, 1130
13618, 1130
206003, 1130
294908, 1130
38247, 1129
189845, 1129
68454, 1128
1760, 1127
21139, 1127
78482, 1127
238152, 1127
34330, 1126
188613, 1126
1094, 1125
42195, 1125
48302, 1125
49224, 1125
126639, 1125
225616, 1125
4961, 1124
15060, 1124
41434, 1124
57723, 1124
277073, 1124
14665, 1123
72165, 1123
107804, 1123
30735, 1122
30798, 1122
111821, 1122
14025, 1121
233819, 1121
72731, 1119
89879, 1119
98135, 1119
103781, 1119
173325, 1119
259827, 1119
29937, 1118
20736, 1117
34477, 1117
44660, 1117
45721, 1117
76766, 1117
87935, 1117
228810, 1117
240796, 1117
285201, 1117
18380, 1116
97677, 1116
110821, 1116
182809, 1116
61710, 1115
85318, 1115
118421, 1115
136453, 1115
166675, 1115
222952, 1115
63541, 1114
76018, 1114
161036, 1114
217951, 1114
14682, 1113
205739, 1113
387, 1112
557, 1112
12972, 1112
21441, 1112
71184, 1112
77975, 1112
184916, 1112
240895, 1112
276621, 1112
590, 1111
10382, 1111
11672, 1111
15413, 1111
19609, 1111
37118, 1111
63406, 1111
96161, 1111
105997, 1111
128761, 1111
60270, 1110
12799, 1109
292660, 1109
18854, 1107
42838, 1107
89919, 1107
152957, 1107
193454, 1107
13914, 1106
16829, 1106
46220, 1106
102643, 1106
498, 1105
1100, 1105
17407, 1105
96268, 1105
113974, 1105
139402, 1105
256743, 1105
276462, 1105
118902, 1104
207078, 1104
248700, 1104
265, 1103
18965, 1103
20489, 1103
57670, 1103
269974, 1103
13247, 1102
150913, 1102
5343, 1101
40352, 1101
107740, 1101
144242, 1101
5943, 1100
16212, 1100
47778, 1100
58949, 1100
59186, 1100
93048, 1100
7071, 1099
25323, 1099
27517, 1099
80144, 1099
188034, 1099
233262, 1099
278944, 1099
5936, 1098
177, 1097
762, 1097
8086, 1097
18242, 1097
22561, 1097
26457, 1097
32317, 1097
91727, 1097
135877, 1097
2677, 1096
214226, 1096
221857, 1096
54267, 1095
96500, 1095
125811, 1095
1464, 1094
5534, 1094
2591, 1093
186903, 1093
19428, 1092
89472, 1092
126538, 1092
180634, 1092
183895, 1092
238548, 1092
679, 1091
122042, 1090
142579, 1089
178306, 1089
48692, 1088
62720, 1088
82346, 1088
87842, 1088
293567, 1088
38124, 1087
56509, 1087
80992, 1087
32684, 1086
1492, 1085
8017, 1085
71164, 1085
72242, 1085
94022, 1085
136294, 1085
167608, 1085
203658, 1085
229743, 1085
250702, 1085
450, 1084
20063, 1084
34928, 1084
58520, 1084
88128, 1084
148675, 1084
1877, 1083
8610, 1083
39668, 1083
62033, 1083
66831, 1083
116931, 1083
141758, 1083
145136, 1083
288679, 1083
253254, 1082
256896, 1082
264478, 1082
1800, 1081
79032, 1081
93193, 1081
152150, 1081
11457, 1080
16709, 1080
73718, 1080
111587, 1080
284229, 1079
8092, 1078
23764, 1078
65215, 1078
79989, 1078
128617, 1078
293562, 1078
169937, 1077
6153, 1076
10315, 1076
18841, 1076
25720, 1076
26137, 1076
80813, 1076
141326, 1076
6515, 1075
53950, 1075
76915, 1075
257485, 1075
815, 1074
2414, 1074
12082, 1074
16456, 1074
26598, 1074
74592, 1074
95437, 1074
196592, 1074
203468, 1074
223740, 1074
229890, 1074
257455, 1074
291169, 1074
70887, 1073
21152, 1072
23716, 1072
31866, 1072
34378, 1072
263239, 1072
3241, 1071
12875, 1071
15563, 1071
39378, 1071
40240, 1071
127617, 1071
213379, 1071
512, 1070
7125, 1070
7909, 1070
80712, 1070
142686, 1069
8025, 1068
27214, 1068
45985, 1068
47824, 1068
64445, 1068
66136, 1068
74473, 1068
210803, 1068
5674, 1067
14922, 1067
123555, 1067
156899, 1067
260009, 1067
3151, 1066
48245, 1066
205577, 1066
61399, 1065
224590, 1065
17714, 1064
17980, 1064
18101, 1064
57477, 1064
71618, 1064
72117, 1064
104808, 1064
127697, 1064
160911, 1064
229106, 1064
248347, 1064
279622, 1064
282602, 1064
123351, 1063
183076, 1062
13316, 1061
33312, 1061
135334, 1061
154951, 1061
166323, 1061
200940, 1061
214967, 1061
269848, 1061
3637, 1060
26496, 1060
103368, 1060
2905, 1059
47167, 1059
98292, 1059
269905, 1059
1587, 1058
14614, 1058
31428, 1058
38722, 1058
110400, 1058
124862, 1058
172854, 1058
175940, 1058
195948, 1058
203550, 1058
252986, 1058
291372, 1058
95, 1057
18614, 1057
37074, 1057
58310, 1057
176429, 1057
9725, 1056
20691, 1056
78761, 1056
261538, 1056
1105, 1055
1287, 1055
2179, 1055
27779, 1055
80529, 1055
121758, 1055
212882, 1055
39789, 1054
95862, 1054
101461, 1054
15761, 1053
26414, 1053
49279, 1053
53154, 1053
55110, 1053
105043, 1053
227259, 1053
230630, 1053
248779, 1053
254007, 1053
272813, 1053
917, 1052
169783, 1052
10832, 1051
20554, 1051
24769, 1051
45501, 1051
66693, 1051
77810, 1051
3396, 1050
6742, 1050
17720, 1050
35486, 1050
49259, 1050
53711, 1050
142715, 1050
79633, 1049
15630, 1048
14437, 1047
15216, 1047
18467, 1047
57111, 1047
166896, 1047
264682, 1047
23553, 1046
86008, 1046
91361, 1046
112877, 1046
5583, 1045
37140, 1045
44576, 1045
94871, 1045
107435, 1045
155238, 1045
175591, 1045
220498, 1045
269131, 1045
272426, 1045
272612, 1045
572, 1044
6580, 1044
7784, 1044
10215, 1044
12705, 1044
65018, 1044
146864, 1044
163747, 1044
251325, 1044
64756, 1043
103495, 1043
29155, 1042
44836, 1042
71520, 1042
266938, 1042
119890, 1041
4348, 1040
12181, 1040
40175, 1040
43972, 1040
49081, 1040
108529, 1040
755, 1039
41352, 1039
43965, 1039
74253, 1039
138027, 1039
218854, 1039
1563, 1037
73617, 1037
131878, 1037
173272, 1037
254962, 1037
2918, 1036
14697, 1036
22233, 1036
84513, 1036
263159, 1036
6283, 1035
63954, 1035
65340, 1035
72736, 1035
121163, 1035
155338, 1035
179186, 1035
242663, 1035
231582, 1034
78, 1033
1296, 1033
31268, 1033
40338, 1033
58208, 1033
59818, 1033
91212, 1033
5677, 1032
14346, 1032
15702, 1032
17126, 1032
39922, 1032
49849, 1032
58804, 1032
82026, 1032
103869, 1032
127572, 1032
194069, 1032
10134, 1031
16838, 1031
46153, 1031
63538, 1031
287913, 1031
8786, 1030
10152, 1030
38301, 1030
64733, 1030
107710, 1030
283541, 1030
54566, 1029
294809, 1029
3950, 1028
16721, 1028
40413, 1028
49222, 1028
91870, 1028
98281, 1028
156961, 1028
60594, 1027
83925, 1027
89140, 1027
184453, 1027
189040, 1027
258512, 1027
10901, 1026
19737, 1026
68754, 1026
80645, 1026
204000, 1026
244360, 1026
55638, 1025
70119, 1025
224481, 1025
265299, 1025
27753, 1024
31697, 1024
65464, 1024
115602, 1024
127826, 1024
196687, 1024
10842, 1023
43656, 1023
278888, 1023
7516, 1022
68221, 1022
94213, 1022
173134, 1022
287843, 1022
58491, 1021
68843, 1021
167828, 1021
260730, 1021
267072, 1021
289022, 1021
64607, 1020
102387, 1020
136516, 1020
139517, 1020
172802, 1020
121257, 1019
7809, 1018
57897, 1018
166743, 1018
295691, 1018
23661, 1016
37606, 1016
62436, 1016
66660, 1016
102121, 1016
105253, 1016
133080, 1016
162362, 1016
178827, 1016
24726, 1015
39677, 1015
99880, 1015
115365, 1015
135028, 1015
144145, 1015
273535, 1015
24198, 1014
104272, 1014
117201, 1014
186702, 1014
1879, 1013
5363, 1013
44616, 1013
78334, 1013
89177, 1013
93065, 1013
149104, 1013
172837, 1013
197793, 1013
212094, 1013
232070, 1013
232709, 1013
261584, 1013
6230, 1012
8122, 1012
69184, 1012
10988, 1011
38581, 1011
43249, 1011
56877, 1011
60574, 1011
119404, 1011
186072, 1011
207812, 1011
17587, 1010
33590, 1010
95988, 1010
114922, 1010
152101, 1010
206282, 1010
216808, 1010
245483, 1010
251548, 1010
265368, 1010
267587, 1010
284777, 1010
41581, 1009
58087, 1009
46875, 1008
51041, 1008
91994, 1008
251241, 1008
3226, 1007
4534, 1007
6486, 1007
28997, 1007
124146, 1007
265607, 1007
18347, 1006
59082, 1006
70826, 1005
5359, 1004
12046, 1004
97350, 1004
140150, 1004
153734, 1004
191903, 1004
191932, 1004
210859, 1004
211018, 1004
221211, 1004
237833, 1004
246487, 1004
254861, 1004
284916, 1004
1413, 1003
16749, 1003
23498, 1003
29353, 1003
120656, 1003
152508, 1003
179628, 1003
207050, 1003
4734, 1001
12388, 1001
23465, 1001
59075, 1001
60894, 1001
88249, 1001
197202, 1001
34273, 1000
52900, 1000
64116, 1000
135946, 1000
220757, 1000
