46207, 128671
57368, 128671
59745, 128671
60534, 128671
70928, 128671
47179, 127736
73281, 127736
23691, 122530
51923, 122530
62644, 122530
45489, 121175
48135, 121175
48560, 121175
50489, 121175
51176, 121175
51219, 121175
51486, 121175
51842, 121175
52104, 121175
55546, 121175
56087, 121175
56236, 121175
57202, 121175
57217, 121175
59618, 121175
60026, 121175
60680, 121175
61122, 121175
62139, 121175
62193, 121175
62300, 121175
62338, 121175
62507, 121175
63133, 121175
63504, 121175
63985, 121175
65339, 121175
66267, 121175
66378, 121175
66487, 121175
67040, 121175
67948, 121175
68913, 121175
68952, 121175
69278, 121175
69839, 121175
70045, 121175
70349, 121175
72838, 121175
72977, 121175
73322, 121175
73829, 121175
74252, 121175
74834, 121175
75370, 121175
82240, 121175
61187, 112197
71088, 101980
43488, 98675
46423, 98675
49084, 98675
51499, 98675
54343, 98675
54568, 98675
56738, 98675
57385, 98675
58489, 98675
58826, 98675
59926, 98675
60370, 98675
63525, 98675
64267, 98675
64657, 98675
64861, 98675
64892, 98675
65174, 98675
65577, 98675
66864, 98675
71686, 98675
81290, 98675
39250, 97992
48035, 93356
52212, 93356
57567, 93356
59795, 93356
61943, 93356
42237, 82672
69042, 81117
75234, 81117
84263, 81117
84873, 81117
85707, 81117
115466, 81117
115898, 81117
130854, 81117
153812, 81117
136012, 79239
138765, 77623
17747, 77278
18491, 77278
19086, 77278
20416, 77278
20607, 77278
20932, 77278
21013, 77278
21835, 77278
21853, 77278
21926, 77278
22650, 77278
78222, 76347
81363, 76347
115891, 76347
158190, 74736
20777, 74593
25494, 74593
25934, 74593
26820, 74593
26905, 74593
27319, 74593
28155, 74593
28422, 74593
28762, 74593
28882, 74593
28979, 74593
32030, 74593
27338, 74510
32479, 74504
39298, 74504
49908, 74504
52692, 74504
55289, 74504
55753, 74504
56561, 74504
58886, 74504
63449, 74504
67544, 74504
71461, 74504
23321, 74226
20310, 74224
23047, 74224
23887, 73782
23958, 73782
25802, 73782
27919, 73782
29251, 73782
126084, 73741
18436, 73677
19064, 73677
19197, 73677
20634, 73677
23152, 73677
18897, 73641
16236, 73622
16727, 73622
21774, 73622
21876, 73622
16614, 73338
18701, 73338
19283, 73338
19558, 73338
20950, 73338
21091, 73338
21362, 73338
21789, 73338
22822, 73338
22883, 73338
23067, 73338
23645, 73338
24542, 73338
15477, 73095
22503, 73095
22620, 73095
24984, 73095
16982, 72980
17576, 72980
18339, 72980
18464, 72980
18704, 72980
19208, 72980
19239, 72980
19505, 72980
20658, 72980
20882, 72980
20962, 72980
19721, 72687
18459, 72661
19111, 72591
25000, 72591
25206, 72591
25352, 72591
30205, 72591
29828, 72494
31927, 72494
33559, 72494
34441, 72494
35652, 72494
36550, 72494
37472, 72494
19410, 72324
20834, 72324
20899, 72324
22174, 72324
33136, 72308
25851, 72289
35228, 72289
38075, 72289
38471, 72289
38525, 72289
39300, 72289
40918, 72289
41425, 72289
41825, 72289
28877, 72069
29322, 72069
33127, 72069
38513, 72006
39143, 72006
28799, 71714
30007, 71714
25563, 71488
33358, 71488
35116, 71488
35384, 71488
36872, 71488
36994, 71488
37319, 71352
37644, 71352
37950, 71352
39107, 71352
32551, 71225
36375, 71225
37698, 71225
38830, 71225
42620, 70883
125855, 70883
30676, 70672
33692, 70672
34774, 70672
34779, 70672
35688, 70672
35912, 70672
36763, 70672
36927, 70672
37437, 70672
37972, 70672
38193, 70672
39776, 70672
31026, 70483
38502, 70483
39182, 70483
15668, 70439
22587, 70439
26290, 70439
16975, 70302
17256, 70302
20221, 70302
20431, 70302
21394, 70302
24246, 70302
74885, 69878
126318, 68379
202671, 68379
233346, 68379
245903, 68379
55885, 68179
148470, 68179
252974, 68179
263500, 68179
266974, 68179
111430, 67930
219091, 66902
252499, 66159
38021, 65908
17779, 65893
18344, 65893
19012, 65893
19563, 65893
20143, 65893
20254, 65893
20324, 65893
20539, 65893
20791, 65893
21260, 65893
22249, 65893
22484, 65893
58202, 65696
132890, 65696
154244, 65696
166604, 65696
175182, 65696
178571, 65696
187894, 65696
191948, 65696
202811, 65696
206444, 65696
246450, 65696
249856, 65696
268333, 65696
268815, 65696
272186, 65696
277322, 65696
278701, 65696
34111, 65046
40234, 65046
40515, 65046
41792, 65046
42035, 65046
42772, 65046
124875, 64911
277400, 64468
145581, 63815
258367, 63815
264974, 63815
270283, 63815
278166, 63815
284652, 63815
288954, 63815
83003, 63813
211376, 63813
214231, 63813
218515, 63813
235121, 63813
239884, 63813
246952, 63813
248962, 63813
271046, 63813
292962, 63813
70016, 63591
266258, 63591
38228, 63177
38818, 63177
41960, 63177
43254, 63177
43872, 63177
44293, 63177
45072, 63177
45251, 63177
46054, 63177
47306, 63177
47462, 63177
47866, 63177
47914, 63177
48120, 63177
48580, 63177
49707, 63177
50591, 63177
50976, 63177
51414, 63177
51941, 63177
52376, 63177
52913, 63177
53252, 63177
54588, 63177
54599, 63177
56746, 63177
56888, 63177
58343, 63177
58409, 63177
60339, 63177
60824, 63177
62646, 63177
62727, 63177
63372, 63177
64985, 63177
66111, 63177
27645, 63060
37533, 63060
38835, 63060
39258, 63060
41138, 63060
36345, 62684
39234, 62684
40349, 62684
124033, 62271
131741, 62271
183678, 62271
234712, 61325
236686, 61325
164351, 60779
175086, 60779
177752, 60779
198649, 60779
209265, 60779
217887, 60779
250860, 60779
253524, 60779
273361, 60779
178679, 60049
230015, 60049
35024, 58961
44397, 58961
34533, 57494
35258, 57494
38143, 57494
38364, 57494
40500, 57494
41588, 57494
54735, 57353
103482, 56804
146684, 56804
160578, 56804
161830, 56804
165397, 56804
201330, 56804
245283, 56804
266145, 56804
39317, 56450
40831, 56450
44215, 56450
47067, 56450
49295, 56450
49950, 56450
53534, 56450
54071, 56450
54095, 56450
54563, 56450
55438, 56450
60907, 56450
39793, 56381
41955, 56381
42422, 56381
42998, 56381
45256, 56381
30934, 56320
34211, 56320
43822, 56320
51198, 56026
40551, 55438
44884, 55438
51951, 55438
45938, 54227
46902, 54227
47828, 54227
54554, 54227
55402, 54227
36791, 53424
39657, 53424
39913, 53424
41201, 53424
44018, 53424
46001, 53424
46078, 53424
46850, 53424
33439, 53247
36176, 53247
36209, 53247
37053, 53247
37071, 53247
37358, 53247
37796, 53247
37892, 53247
38936, 53247
38995, 53247
40173, 53247
40789, 53247
41311, 53247
41507, 53247
42298, 53247
42943, 53247
43819, 53247
34077, 53187
36634, 53187
37667, 53187
39877, 53187
42948, 53187
43673, 53187
43806, 53187
44309, 53187
46280, 53187
48706, 53187
49076, 53187
50166, 53187
51172, 53187
51342, 53187
52571, 53187
54422, 53187
55623, 53187
60867, 53187
28619, 52966
39824, 52966
40266, 52966
41474, 52966
43036, 52966
33815, 52003
36128, 52003
42869, 52003
34375, 51752
34473, 51752
39406, 51752
41050, 51752
30793, 51618
37249, 51541
37260, 51541
37387, 51541
37836, 51541
38195, 51541
38742, 51541
38805, 51541
39161, 51541
39341, 51541
39633, 51541
40722, 51541
42600, 51541
47030, 51541
32158, 50154
34053, 50154
35381, 50154
38246, 50154
38490, 50154
40042, 50154
33910, 50085
34786, 50085
35349, 50085
35875, 50085
35932, 50085
36562, 50085
36729, 50085
37642, 50085
37809, 50085
38717, 50085
38934, 50085
38984, 50085
39925, 50085
40434, 50085
40694, 50085
40732, 50085
40884, 50085
41127, 50085
41840, 50085
42292, 50085
48791, 50085
38216, 49891
39985, 49683
47367, 49683
47425, 49683
47547, 49683
47798, 49683
55264, 49683
43986, 49660
32752, 49396
34359, 49396
34550, 49396
38882, 49396
39165, 49396
40321, 49396
40510, 49396
41039, 49396
41089, 49396
41448, 49396
41819, 49396
41973, 49396
41979, 49396
42865, 49396
43032, 49396
43686, 49396
44088, 49396
44813, 49396
45036, 49396
45202, 49396
45298, 49396
45303, 49396
46148, 49396
47659, 49396
47938, 49396
48097, 49396
48407, 49396
31768, 48712
34256, 48712
38902, 48712
41224, 48712
42731, 48712
44636, 48712
45535, 48712
45991, 48712
46302, 48712
46387, 48712
46943, 48712
50394, 48712
33860, 48694
42388, 48694
32246, 47251
33176, 47251
36123, 47251
37131, 47251
39796, 47251
39858, 47251
40130, 47251
41060, 47251
41414, 47251
42910, 47251
43395, 47251
44439, 47251
45013, 47251
45906, 47251
46718, 47251
35065, 46850
35201, 46850
34631, 46631
35660, 46631
37171, 46631
41133, 46631
42445, 46631
35474, 46574
39325, 46574
40078, 46574
40549, 46574
41151, 46574
41376, 46574
41962, 46574
42013, 46574
42321, 46574
45113, 46574
46632, 46574
48282, 46574
49703, 46574
31691, 46495
32642, 46495
36205, 46495
40845, 46495
40938, 46495
42529, 46495
42961, 46495
44203, 46495
45574, 46495
46074, 46495
46750, 46495
47149, 46495
32964, 46082
33209, 46082
37860, 46082
38354, 46082
39797, 46082
31582, 45966
37578, 45950
40765, 45950
42473, 45950
32398, 44584
38131, 44584
39845, 44584
42194, 44584
42271, 44584
44022, 44584
46913, 44584
23827, 44537
33141, 34399
45005, 34399
28733, 33198
31794, 33198
43220, 32062
44424, 32062
23789, 30634
27407, 30634
28723, 30634
29874, 30634
37679, 30634
25430, 30177
35210, 30164
28864, 29316
32281, 29316
36553, 29316
28959, 28969
28966, 28969
29873, 28713
28660, 28428
26031, 27977
26080, 27977
28843, 27977
20500, 27950
25710, 27884
18905, 27880
27510, 27864
29859, 27793
25428, 27653
26033, 27653
31007, 27600
25149, 27572
27308, 27572
26158, 26269
18167, 26229
11444, 25806
25812, 25784
27874, 25784
11035, 25168
23931, 24222
24186, 24222
26160, 23818
12175, 23389
25213, 21427
7937, 13409
42968, 10771
44184, 10771
44381, 10771
46502, 10771
49922, 10771
51281, 10771
53579, 10771
54869, 10771
55201, 10771
37163, 10760
32718, 10756
34834, 10756
45296, 10756
52134, 10756
54150, 10756
35569, 10744
38609, 10744
40218, 10744
41326, 10744
41508, 10744
41858, 10744
43018, 10744
43276, 10744
43703, 10744
45412, 10744
46724, 10744
47498, 10744
48836, 10744
50037, 10744
50378, 10744
36470, 10684
37529, 10684
38307, 10684
40553, 10684
43415, 10684
43707, 10684
45141, 10684
45459, 10684
45746, 10684
47078, 10684
47729, 10684
47888, 10684
48313, 10684
49175, 10684
49686, 10684
51081, 10684
51376, 10684
53445, 10684
58399, 10684
34353, 10613
39431, 10613
41465, 10613
41535, 10613
42443, 10613
42722, 10613
42911, 10613
43062, 10613
43658, 10613
44143, 10613
44338, 10613
44643, 10613
45076, 10613
45385, 10613
45471, 10613
45543, 10613
46086, 10613
46287, 10613
47446, 10613
48556, 10613
48663, 10613
48822, 10613
49245, 10613
49813, 10613
50045, 10613
50482, 10613
53585, 10613
54048, 10613
38101, 10609
44822, 10609
47819, 10609
28260, 10607
34871, 10607
41943, 10606
45592, 10606
45948, 10606
46895, 10606
48336, 10606
52049, 10606
40414, 10586
42421, 10586
44708, 10586
45769, 10586
46416, 10586
47284, 10586
48295, 10586
48304, 10586
48753, 10586
49744, 10586
49984, 10586
50988, 10586
51264, 10586
53011, 10586
21319, 10550
22126, 10550
26452, 10550
28914, 10550
31834, 10550
32478, 10550
33971, 10550
37405, 10550
40000, 10550
40819, 10550
41695, 10550
42046, 10550
42638, 10550
42928, 10550
43449, 10550
43736, 10550
43757, 10550
44192, 10550
44690, 10550
44933, 10550
45530, 10550
45632, 10550
47419, 10550
48272, 10550
48465, 10550
49098, 10550
49177, 10550
49888, 10550
50845, 10550
50995, 10550
51851, 10550
52381, 10550
52384, 10550
52877, 10550
53241, 10550
54035, 10550
55233, 10550
55591, 10550
55675, 10550
281534, 10550
36144, 10529
39862, 10529
43622, 10529
43891, 10529
47443, 10529
47832, 10529
47949, 10529
49484, 10529
49536, 10529
49602, 10529
49617, 10529
50401, 10529
52320, 10529
52585, 10529
52993, 10529
55764, 10529
45265, 10508
44171, 10480
45560, 10480
48077, 10480
48472, 10480
52122, 10480
40241, 10470
46324, 10371
47413, 10371
48988, 10317
24696, 10300
40546, 10300
45840, 10300
15262, 10263
34733, 10263
36684, 10263
37401, 10263
37539, 10263
38060, 10263
39735, 10263
40071, 10263
40633, 10263
40649, 10263
40763, 10263
40880, 10263
41274, 10263
41432, 10263
41462, 10263
41716, 10263
41906, 10263
42781, 10263
43160, 10263
43772, 10263
44370, 10263
44773, 10263
45033, 10263
45865, 10263
46179, 10263
46482, 10263
46613, 10263
47013, 10263
47307, 10263
47524, 10263
47910, 10263
48153, 10263
48353, 10263
48489, 10263
48614, 10263
48996, 10263
49088, 10263
49107, 10263
49392, 10263
49394, 10263
49616, 10263
49839, 10263
49897, 10263
49947, 10263
50176, 10263
50387, 10263
50559, 10263
51087, 10263
51091, 10263
51347, 10263
52067, 10263
52995, 10263
53001, 10263
53120, 10263
53177, 10263
53868, 10263
55005, 10263
55532, 10263
55844, 10263
56008, 10263
56222, 10263
57707, 10263
58230, 10263
58289, 10263
58834, 10263
40978, 10248
30338, 10191
34129, 10191
37723, 10191
40202, 10191
32612, 10164
33343, 10164
33347, 10164
33762, 10164
34972, 10164
35092, 10164
35425, 10164
39731, 10164
40120, 10164
40455, 10164
41344, 10164
43432, 10164
32793, 10162
24946, 10148
32183, 10148
25453, 10115
27115, 10115
29896, 10115
30347, 10115
30392, 10115
30635, 10115
30898, 10115
31286, 10115
31474, 10115
32626, 10115
33341, 10115
33466, 10115
35450, 10115
24073, 10112
24225, 10112
25976, 10112
27079, 10112
27092, 10112
29312, 10112
29600, 10112
29643, 10112
29743, 10112
30018, 10112
30214, 10112
30297, 10112
30466, 10112
30581, 10112
30704, 10112
31159, 10112
31191, 10112
31257, 10112
31469, 10112
31774, 10112
32022, 10112
32068, 10112
32139, 10112
32455, 10112
32493, 10112
33591, 10112
34019, 10112
34153, 10112
34171, 10112
34230, 10112
34233, 10112
34523, 10112
34540, 10112
35046, 10112
35095, 10112
35135, 10112
35285, 10112
35547, 10112
35656, 10112
36009, 10112
36091, 10112
36124, 10112
37383, 10112
37975, 10112
38043, 10112
38446, 10112
33726, 10101
34044, 10086
14023, 10079
36167, 10073
22806, 10065
30356, 10065
42081, 10065
49767, 10065
38080, 10053
39788, 10053
16993, 10030
19257, 10030
23721, 10030
24507, 10030
24702, 10030
25054, 10030
26403, 10030
26497, 10030
26666, 10030
27807, 10030
27913, 10030
28447, 10030
28495, 10030
28680, 10030
29714, 10030
30086, 10030
30115, 10030
30237, 10030
30582, 10030
31025, 10030
31214, 10030
31322, 10030
31836, 10030
30063, 10002
25936, 9997
26395, 9997
28050, 9997
29653, 9997
29876, 9997
30280, 9997
33160, 9997
33390, 9997
34998, 9997
23179, 9990
33122, 9990
32420, 9971
36764, 9971
37645, 9971
38242, 9971
38854, 9971
39141, 9971
40166, 9971
41493, 9971
42523, 9971
43867, 9971
43898, 9971
43964, 9971
44177, 9971
46066, 9971
46363, 9971
48311, 9971
48696, 9971
49406, 9971
49987, 9971
50153, 9971
50428, 9971
50813, 9971
26762, 9963
33144, 9957
28681, 9945
37901, 9929
41631, 9929
39533, 9910
31827, 9894
37232, 9894
37847, 9894
38962, 9894
39509, 9894
39981, 9894
40966, 9894
39959, 9886
29494, 9850
31777, 9850
32196, 9850
32623, 9850
37426, 9850
39831, 9850
42089, 9850
42642, 9850
43439, 9850
44703, 9850
45418, 9850
45587, 9850
45709, 9850
46496, 9850
46788, 9850
47681, 9850
48724, 9850
49528, 9850
50561, 9850
52237, 9850
36359, 9824
34822, 9817
33575, 9769
37806, 9769
39185, 9769
41657, 9769
25290, 9756
25486, 9756
29359, 9756
31365, 9756
31423, 9756
32699, 9756
34468, 9756
34582, 9756
36758, 9756
36806, 9756
37897, 9756
38070, 9756
38292, 9756
38469, 9756
38544, 9756
39715, 9756
39784, 9756
39885, 9756
39939, 9756
40641, 9756
41567, 9756
41896, 9756
42417, 9756
42760, 9756
42802, 9756
43630, 9756
43763, 9756
43768, 9756
43853, 9756
44052, 9756
44123, 9756
44199, 9756
44455, 9756
44628, 9756
44893, 9756
45853, 9756
45919, 9756
46371, 9756
46399, 9756
47485, 9756
48071, 9756
48104, 9756
48750, 9756
50333, 9756
50563, 9756
50676, 9756
134860, 9696
39635, 9683
41033, 9683
20487, 9643
33955, 9612
34281, 9511
40187, 9511
41017, 9511
41428, 9511
42311, 9511
28558, 9485
29150, 9485
32475, 9485
37577, 9485
29954, 9483
34447, 9483
30867, 9482
35256, 9482
26739, 9474
29139, 9474
29443, 9474
29555, 9474
32015, 9474
32159, 9474
33359, 9474
34217, 9474
35972, 9474
36434, 9474
36444, 9474
36554, 9474
37780, 9474
37918, 9474
38454, 9474
47295, 9474
48115, 9474
38692, 9471
46299, 9422
31825, 9412
265761, 9272
24144, 9217
99016, 9214
123867, 9214
139743, 9214
150466, 9214
200694, 9214
114657, 9200
196799, 9200
217270, 9200
292191, 9200
120139, 9189
175168, 9189
223188, 9189
266392, 9189
147133, 9139
41355, 9085
22471, 9029
18322, 8876
19792, 8876
20119, 8876
20717, 8876
23738, 8876
25015, 8876
25638, 8876
26877, 8876
27876, 8876
21460, 8866
22880, 8866
23775, 8866
24193, 8866
24655, 8866
24740, 8866
25480, 8866
25593, 8866
26549, 8866
26708, 8866
27120, 8866
27142, 8866
27342, 8866
28060, 8866
28349, 8866
29375, 8866
30073, 8866
31374, 8866
32511, 8866
14307, 8839
23109, 8839
23861, 8839
24862, 8839
25200, 8839
25760, 8839
26368, 8839
26651, 8839
26901, 8839
26913, 8839
27193, 8839
27340, 8839
28018, 8839
28909, 8839
28958, 8839
28975, 8839
29004, 8839
29007, 8839
29065, 8839
30959, 8839
31264, 8839
17145, 8824
17807, 8824
30110, 8793
33494, 8793
35328, 8793
35816, 8793
36325, 8793
37457, 8793
37596, 8793
37876, 8793
43978, 8793
44920, 8793
18229, 8749
19450, 8749
257358, 8749
33629, 8736
33639, 8736
34202, 8736
34406, 8736
35058, 8736
35278, 8736
37081, 8736
37103, 8736
37532, 8736
37681, 8736
37740, 8736
38321, 8736
38656, 8736
39450, 8736
39859, 8736
40707, 8736
40779, 8736
40833, 8736
41044, 8736
41437, 8736
41613, 8736
43092, 8736
43594, 8736
44083, 8736
44888, 8736
45942, 8736
46375, 8736
14316, 8735
16194, 8735
17055, 8735
18470, 8735
18511, 8735
19867, 8735
20436, 8735
20530, 8735
20745, 8735
20860, 8735
21066, 8735
21431, 8735
22012, 8735
22098, 8735
22183, 8735
23641, 8735
23732, 8735
24008, 8735
24120, 8735
24741, 8735
24922, 8735
25243, 8735
25460, 8735
25508, 8735
25604, 8735
26468, 8735
27509, 8735
27611, 8735
27999, 8735
28193, 8735
29080, 8735
34268, 8735
14686, 8723
15145, 8723
18357, 8661
21068, 8661
31907, 8621
7949, 8574
9292, 8574
9982, 8574
11322, 8574
8670, 8548
13803, 8548
13939, 8548
14230, 8548
14289, 8548
14557, 8548
14590, 8548
14667, 8548
15126, 8548
15444, 8548
15446, 8548
15580, 8548
15774, 8548
15872, 8548
15885, 8548
16066, 8548
16259, 8548
16276, 8548
16343, 8548
16589, 8548
16656, 8548
16758, 8548
17043, 8548
10762, 8533
13141, 8533
14191, 8533
14459, 8533
14621, 8533
15040, 8533
2596, 8520
9102, 8467
5544, 8456
8273, 8456
8931, 8456
9377, 8456
11782, 8456
7988, 8436
11269, 8395
11579, 8395
11746, 8395
11897, 8395
12042, 8395
12427, 8395
12569, 8395
12785, 8395
12829, 8395
12946, 8395
12975, 8395
13057, 8395
13278, 8395
13419, 8395
13558, 8395
13743, 8395
14018, 8395
14020, 8395
14282, 8395
14421, 8395
15662, 8395
5183, 8391
5429, 8370
5970, 8370
6059, 8370
6246, 8370
47907, 8357
67440, 8357
68869, 8357
70334, 8357
138618, 8357
260159, 8357
10782, 8282
10978, 8282
11332, 8282
11675, 8282
12130, 8282
13011, 8282
7919, 8259
8091, 8259
8584, 8259
8751, 8259
8843, 8259
9750, 8259
9950, 8259
10074, 8259
10090, 8259
10257, 8259
10261, 8259
10342, 8259
10633, 8259
10704, 8259
10727, 8259
13489, 8259
3517, 8242
12616, 8146
16337, 8146
18973, 8146
21191, 8146
21601, 8146
21726, 8146
21758, 8146
22808, 8146
15318, 8127
18950, 8127
19713, 8127
2056, 8121
5917, 8101
7004, 8101
7908, 8101
8182, 8101
8296, 8101
9354, 8101
10043, 8101
19077, 8101
22079, 8101
23079, 8101
24444, 8101
25057, 8101
25612, 8101
22636, 8096
24419, 8096
10383, 8095
15161, 8042
17309, 8042
18552, 8042
19247, 8042
20256, 8042
20482, 8042
20964, 8042
21104, 8042
21190, 8042
21585, 8042
21657, 8042
21782, 8042
21816, 8042
21986, 8042
22618, 8042
22807, 8042
22821, 8042
22907, 8042
22914, 8042
22982, 8042
23035, 8042
23130, 8042
23598, 8042
23852, 8042
24451, 8042
24538, 8042
24610, 8042
26190, 8042
26501, 8042
26639, 8042
32821, 8042
53475, 8042
14040, 8038
15461, 8038
12190, 8017
14571, 8017
15366, 8017
15804, 8017
15980, 8017
16492, 8017
16516, 8017
16553, 8017
16906, 8017
17156, 8017
17177, 8017
19217, 8017
20696, 8017
1156, 8015
10643, 7991
11807, 7991
13409, 7991
13271, 7988
13985, 7988
14137, 7988
14969, 7988
15805, 7988
15656, 7983
16053, 7983
17170, 7983
17589, 7983
18567, 7983
18577, 7983
18583, 7983
18666, 7983
18698, 7983
18710, 7983
18786, 7983
19061, 7983
19690, 7983
19748, 7983
20014, 7983
20282, 7983
20382, 7983
20434, 7983
20662, 7983
21226, 7983
22053, 7983
11366, 7978
11403, 7978
3599, 7977
20249, 7974
290836, 7968
16533, 7956
16996, 7956
18287, 7956
19279, 7956
20171, 7956
20998, 7956
21086, 7956
22839, 7956
15502, 7955
16935, 7955
16948, 7955
14386, 7952
4830, 7948
197936, 7942
15384, 7938
208589, 7859
7631, 7851
11899, 7824
16789, 7744
13770, 7596
3466, 7463
19374, 7428
21130, 7428
22262, 7428
42300, 7375
50289, 7375
54800, 7375
55506, 7375
69256, 7375
100297, 7375
101099, 7375
105778, 7375
108820, 7375
116095, 7375
120350, 7375
127816, 7375
132335, 7375
132473, 7375
145184, 7375
153556, 7375
168074, 7375
171107, 7375
175120, 7375
185872, 7375
192856, 7375
200796, 7375
205410, 7375
225422, 7375
225606, 7375
227349, 7375
235861, 7375
246576, 7375
268958, 7375
282976, 7375
283051, 7375
289827, 7375
295047, 7375
27966, 7245
30289, 7245
5909, 7184
6423, 7019
46041, 6978
143517, 6978
207149, 6978
259155, 6978
1518, 6860
2170, 6846
24657, 6043
26353, 6043
27197, 6043
27609, 6043
32161, 6043
8932, 5963
249162, 5379
8272, 5225
20243, 4851
25988, 4851
27901, 4851
28169, 4851
28338, 4851
28428, 4851
9854, 4773
985, 4061
1376, 4061
1717, 4061
1827, 4061
2050, 4061
2442, 4061
2451, 4061
2630, 4061
2874, 4061
2910, 4061
3097, 4061
3107, 4061
3171, 4061
3288, 4061
3295, 4061
3439, 4061
3508, 4061
3540, 4061
3565, 4061
3738, 4061
3749, 4061
3783, 4061
3872, 4061
3935, 4061
3959, 4061
4059, 4061
4158, 4061
4233, 4061
4260, 4061
4317, 4061
4345, 4061
4353, 4061
4436, 4061
4522, 4061
4556, 4061
4557, 4061
4562, 4061
4611, 4061
4614, 4061
4636, 4061
4639, 4061
4654, 4061
4706, 4061
4736, 4061
4771, 4061
4865, 4061
4914, 4061
4922, 4061
4932, 4061
4980, 4061
5042, 4061
5089, 4061
5114, 4061
5132, 4061
5135, 4061
5212, 4061
5240, 4061
12544, 3972
2718, 3883
2840, 3883
4411, 3883
1779, 3801
251911, 3732
97032, 3724
227566, 3675
19709, 3670
262845, 3628
16184, 3603
23000, 3603
23058, 3603
23854, 3603
24380, 3603
24852, 3492
32382, 3492
81813, 3492
151326, 3492
179959, 3492
187813, 3492
196677, 3492
204884, 3492
207998, 3492
208011, 3492
219929, 3492
223388, 3492
229014, 3492
235679, 3492
240091, 3492
248924, 3492
251779, 3492
260568, 3492
292037, 3492
296057, 3492
9843, 3489
12469, 3489
115817, 3489
123913, 3489
136515, 3489
144992, 3489
153738, 3489
178199, 3489
212197, 3489
238091, 3489
272753, 3489
276055, 3489
178558, 3483
184202, 3483
216397, 3482
261340, 3482
283797, 3482
13094, 3481
824, 3456
1793, 3456
1820, 3456
2426, 3456
74656, 3435
269998, 3435
6189, 3416
7638, 3416
10013, 3416
15354, 3416
16804, 3416
22515, 3416
23697, 3416
24526, 3416
26196, 3416
37729, 3416
37944, 3416
41860, 3416
47265, 3416
48228, 3416
49601, 3416
50562, 3416
52025, 3416
52592, 3416
54003, 3416
54229, 3416
60445, 3416
62871, 3416
64055, 3416
64681, 3416
70201, 3416
70328, 3416
79651, 3416
84053, 3416
92280, 3416
95524, 3416
99941, 3416
103220, 3416
104399, 3416
107978, 3416
109071, 3416
110022, 3416
110954, 3416
114404, 3416
114536, 3416
116587, 3416
117636, 3416
119700, 3416
119811, 3416
121204, 3416
121530, 3416
124234, 3416
124963, 3416
126896, 3416
129040, 3416
129251, 3416
129560, 3416
135019, 3416
138429, 3416
138577, 3416
142354, 3416
144263, 3416
144534, 3416
147839, 3416
148462, 3416
152756, 3416
153284, 3416
154367, 3416
155329, 3416
159307, 3416
160566, 3416
160874, 3416
163986, 3416
165147, 3416
166058, 3416
166321, 3416
169947, 3416
177607, 3416
184952, 3416
184969, 3416
189705, 3416
194615, 3416
196160, 3416
200022, 3416
202892, 3416
208143, 3416
208654, 3416
208959, 3416
211415, 3416
212416, 3416
212995, 3416
213377, 3416
214404, 3416
216539, 3416
218293, 3416
225388, 3416
228223, 3416
236378, 3416
236398, 3416
237000, 3416
238350, 3416
240362, 3416
240918, 3416
243336, 3416
243767, 3416
243820, 3416
245603, 3416
248213, 3416
248894, 3416
255463, 3416
255593, 3416
256954, 3416
261696, 3416
263266, 3416
264026, 3416
266246, 3416
267497, 3416
268124, 3416
269617, 3416
270151, 3416
272045, 3416
272187, 3416
273892, 3416
274461, 3416
280022, 3416
281539, 3416
286895, 3416
287446, 3416
287798, 3416
287940, 3416
287964, 3416
289604, 3416
290789, 3416
3402, 3413
6218, 3413
9046, 3413
16802, 3413
23043, 3413
33232, 3413
36818, 3413
41652, 3413
47915, 3413
51549, 3413
66478, 3413
66634, 3413
69801, 3413
78648, 3413
83798, 3413
90833, 3413
98692, 3413
102094, 3413
105309, 3413
113453, 3413
118348, 3413
118533, 3413
119075, 3413
127903, 3413
127960, 3413
128615, 3413
149885, 3413
150110, 3413
152477, 3413
177182, 3413
185471, 3413
196653, 3413
200062, 3413
202972, 3413
212565, 3413
212627, 3413
239245, 3413
252603, 3413
254786, 3413
259311, 3413
267421, 3413
269136, 3413
269144, 3413
269392, 3413
272850, 3413
274778, 3413
280573, 3413
84562, 3400
4305, 3368
6431, 3368
10646, 3368
37097, 3368
46847, 3368
47458, 3368
54057, 3368
55425, 3368
58163, 3368
65472, 3368
99508, 3368
110863, 3368
112802, 3368
46740, 3324
48697, 3324
68295, 3324
78200, 3324
92518, 3324
92793, 3324
93907, 3324
95112, 3324
113598, 3324
113887, 3324
158261, 3324
62461, 3317
97897, 3317
10829, 3289
4587, 3262
11218, 3262
13172, 3262
17251, 3262
25671, 3262
47517, 3262
49856, 3262
53558, 3262
55117, 3262
72056, 3262
74875, 3262
79602, 3262
86969, 3262
87269, 3262
89117, 3262
90742, 3262
92844, 3262
95040, 3262
95231, 3262
96475, 3262
99769, 3262
105842, 3262
106501, 3262
112534, 3262
115924, 3262
122411, 3262
123275, 3262
124551, 3262
126898, 3262
127136, 3262
127771, 3262
129166, 3262
129331, 3262
140052, 3262
140551, 3262
144005, 3262
144239, 3262
154905, 3262
158822, 3262
159365, 3262
167731, 3262
168512, 3262
170740, 3262
173761, 3262
177651, 3262
180992, 3262
183648, 3262
185805, 3262
188019, 3262
188311, 3262
188391, 3262
190957, 3262
193741, 3262
194044, 3262
195288, 3262
198514, 3262
204659, 3262
205371, 3262
207800, 3262
209708, 3262
212840, 3262
213020, 3262
218275, 3262
221018, 3262
232020, 3262
238848, 3262
250901, 3262
261334, 3262
262691, 3262
264088, 3262
268978, 3262
269007, 3262
271926, 3262
277896, 3262
294086, 3262
8264, 3226
20829, 3226
30203, 3226
51361, 3226
54844, 3226
55033, 3226
63233, 3226
70773, 3226
72296, 3226
74861, 3226
85463, 3226
92130, 3226
112138, 3226
126005, 3226
134477, 3226
136796, 3226
138213, 3226
151330, 3226
155191, 3226
180274, 3226
211954, 3226
213913, 3226
221021, 3226
236529, 3226
170483, 3220
272723, 3203
197131, 3191
237227, 3191
240175, 3191
1690, 3164
137315, 3117
152999, 3117
185964, 3117
211143, 3117
231327, 3117
284616, 3117
6083, 3110
681, 3109
1294, 3109
261313, 3074
123057, 3064
5298, 3059
6226, 3059
21806, 3059
33657, 3059
42444, 3059
48590, 3059
66736, 3059
69300, 3059
71383, 3059
73431, 3059
78125, 3059
82417, 3059
99464, 3059
122496, 3059
49108, 3056
130430, 3056
252973, 3055
71568, 3038
10786, 3024
31400, 3019
104372, 3019
197422, 3019
278931, 3019
198762, 3016
8133, 2986
171595, 2974
232823, 2974
8095, 2964
14185, 2964
18996, 2964
43045, 2964
43807, 2964
44997, 2964
48154, 2964
54282, 2964
66097, 2964
69739, 2964
78258, 2964
88294, 2964
93018, 2964
103935, 2964
106840, 2964
112522, 2964
115046, 2964
117464, 2964
119976, 2964
137441, 2964
150829, 2964
182155, 2964
193473, 2964
200393, 2964
221139, 2964
226647, 2964
249099, 2964
259951, 2964
2893, 2959
127158, 2959
204968, 2959
15188, 2955
20124, 2955
2655, 2911
66696, 2896
22778, 2870
23215, 2870
23413, 2870
28068, 2870
30764, 2870
31629, 2870
35491, 2870
37308, 2870
39879, 2870
41085, 2870
44064, 2870
47454, 2870
51397, 2870
56939, 2870
59583, 2870
181798, 2870
90519, 2864
212, 2853
15204, 2853
119527, 2853
243751, 2853
113605, 2851
151439, 2851
182528, 2851
7698, 2834
17637, 2800
21559, 2800
22723, 2800
24283, 2800
27067, 2800
69708, 2800
204167, 2800
222194, 2800
230022, 2800
262615, 2800
2081, 2790
81481, 2776
24473, 2769
70191, 2757
124996, 2757
247681, 2757
72163, 2751
252569, 2731
15852, 2713
33636, 2713
43339, 2713
76077, 2713
22372, 2705
31148, 2705
63974, 2705
188141, 2705
197180, 2705
221998, 2705
231342, 2705
246924, 2705
123463, 2682
154358, 2682
203890, 2682
2773, 2653
138921, 2653
173094, 2653
196648, 2653
278577, 2653
221585, 2650
134906, 2643
155621, 2643
260815, 2643
2500, 2628
37640, 2626
82136, 2626
170237, 2626
173843, 2626
257759, 2626
273854, 2626
288981, 2626
293041, 2626
158748, 2620
127650, 2608
235844, 2590
193104, 2576
200162, 2576
222326, 2576
223791, 2576
245258, 2576
277142, 2576
285144, 2576
3927, 2571
4026, 2571
4409, 2571
6169, 2571
8012, 2564
12746, 2564
12809, 2564
13021, 2564
13168, 2564
18630, 2564
47693, 2564
60436, 2564
102509, 2564
123559, 2564
127130, 2564
152546, 2564
155209, 2564
160658, 2564
163303, 2564
166335, 2564
187601, 2564
194962, 2564
196055, 2564
203949, 2564
212298, 2564
250590, 2564
253375, 2564
215930, 2560
343, 2549
4738, 2509
8836, 2482
12092, 2482
43368, 2482
46458, 2482
49234, 2482
86815, 2482
88509, 2482
91276, 2482
92270, 2482
98132, 2482
116595, 2482
119081, 2482
121299, 2482
127761, 2482
128831, 2482
139341, 2482
160303, 2482
166742, 2482
194432, 2482
198022, 2482
208907, 2482
237190, 2482
211186, 2433
6840, 2429
197117, 2403
5804, 2389
12318, 2389
16129, 2389
57015, 2389
58243, 2389
75076, 2389
81358, 2389
84408, 2389
91232, 2389
111763, 2389
112079, 2389
112949, 2389
117274, 2389
141143, 2389
163720, 2389
184185, 2389
199404, 2389
236169, 2389
271756, 2389
269582, 2370
280505, 2370
8045, 2347
4513, 2336
245989, 2324
267246, 2302
12067, 2284
23319, 2284
23897, 2284
28831, 2284
63836, 2284
66535, 2284
85523, 2284
98473, 2284
109122, 2284
146325, 2284
148818, 2284
167781, 2284
107545, 2283
276679, 2247
39778, 2229
50087, 2229
52106, 2229
55739, 2229
62538, 2229
66401, 2229
75998, 2229
85615, 2229
92698, 2229
95064, 2229
132161, 2229
138149, 2229
256425, 2229
86451, 2206
27432, 2195
27975, 2195
31035, 2195
38268, 2195
40790, 2195
43579, 2195
44938, 2195
47323, 2195
47676, 2195
49542, 2195
54984, 2195
59261, 2195
62272, 2195
63948, 2195
68593, 2195
108718, 2195
24434, 2179
28627, 2179
34580, 2179
39990, 2179
64457, 2179
64962, 2179
65082, 2179
83278, 2179
86199, 2179
104958, 2179
105397, 2179
148819, 2174
8765, 2166
18671, 2166
164851, 2166
165291, 2166
273150, 2157
26948, 2144
28840, 2144
98591, 2144
103997, 2144
113483, 2144
161459, 2144
14567, 2141
14755, 2141
15367, 2141
20040, 2141
30617, 2141
50862, 2141
295772, 2141
3010, 2130
14234, 2130
294812, 2122
20827, 2110
35289, 2110
172865, 2110
181089, 2110
14892, 2107
101216, 2107
54286, 2094
65096, 2094
80819, 2094
126351, 2094
49907, 2077
50116, 2077
16944, 2061
138060, 2046
99106, 2013
26752, 2000
150861, 1993
224190, 1993
200179, 1960
250245, 1960
67354, 1918
206357, 1918
54310, 1889
64524, 1889
796, 1856
89221, 1854
223245, 1847
188186, 1840
193407, 1776
43474, 1680
95876, 1680
285505, 1625
246518, 1500
31402, 1499
3790, 1493
35240, 1464
93515, 1394
280856, 1249
27957, 1217
29547, 1217
30718, 1217
17977, 1131
