796, 124274
193407, 119226
188186, 115555
54310, 90250
24852, 85016
32382, 85016
81813, 85016
151326, 85016
179959, 85016
187813, 85016
196677, 85016
204884, 85016
207998, 85016
208011, 85016
219929, 85016
223388, 85016
229014, 85016
235679, 85016
240091, 85016
248924, 85016
251779, 85016
260568, 85016
292037, 85016
296057, 85016
46740, 84972
48697, 84972
68295, 84972
78200, 84972
92518, 84972
92793, 84972
93907, 84972
95112, 84972
113598, 84972
113887, 84972
158261, 84972
13094, 84610
262845, 84430
62461, 84382
97897, 84382
4305, 84366
6431, 84366
10646, 84366
37097, 84366
46847, 84366
47458, 84366
54057, 84366
55425, 84366
58163, 84366
65472, 84366
99508, 84366
110863, 84366
112802, 84366
5298, 83498
6226, 83498
21806, 83498
33657, 83498
42444, 83498
48590, 83498
66736, 83498
69300, 83498
71383, 83498
73431, 83498
78125, 83498
82417, 83498
99464, 83498
122496, 83498
64524, 83496
7698, 83327
123463, 82779
154358, 82779
203890, 82779
4587, 82430
11218, 82430
13172, 82430
17251, 82430
25671, 82430
47517, 82430
49856, 82430
53558, 82430
55117, 82430
72056, 82430
74875, 82430
79602, 82430
86969, 82430
87269, 82430
89117, 82430
90742, 82430
92844, 82430
95040, 82430
95231, 82430
96475, 82430
99769, 82430
105842, 82430
106501, 82430
112534, 82430
115924, 82430
122411, 82430
123275, 82430
124551, 82430
126898, 82430
127136, 82430
127771, 82430
129166, 82430
129331, 82430
140052, 82430
140551, 82430
144005, 82430
144239, 82430
154905, 82430
158822, 82430
159365, 82430
167731, 82430
168512, 82430
170740, 82430
173761, 82430
177651, 82430
180992, 82430
183648, 82430
185805, 82430
188019, 82430
188311, 82430
188391, 82430
190957, 82430
193741, 82430
194044, 82430
195288, 82430
198514, 82430
204659, 82430
205371, 82430
207800, 82430
209708, 82430
212840, 82430
213020, 82430
218275, 82430
221018, 82430
232020, 82430
238848, 82430
250901, 82430
261334, 82430
262691, 82430
264088, 82430
268978, 82430
269007, 82430
271926, 82430
277896, 82430
294086, 82430
8264, 82315
20829, 82315
30203, 82315
51361, 82315
54844, 82315
55033, 82315
63233, 82315
70773, 82315
72296, 82315
74861, 82315
85463, 82315
92130, 82315
112138, 82315
126005, 82315
134477, 82315
136796, 82315
138213, 82315
151330, 82315
155191, 82315
180274, 82315
211954, 82315
213913, 82315
221021, 82315
236529, 82315
6083, 81912
49108, 81771
130430, 81771
9843, 81752
12469, 81752
115817, 81752
123913, 81752
136515, 81752
144992, 81752
153738, 81752
178199, 81752
212197, 81752
238091, 81752
272753, 81752
276055, 81752
22372, 81483
31148, 81483
63974, 81483
188141, 81483
197180, 81483
221998, 81483
231342, 81483
246924, 81483
10786, 80780
15188, 80710
20124, 80710
6189, 80699
7638, 80699
10013, 80699
15354, 80699
16804, 80699
22515, 80699
23697, 80699
24526, 80699
26196, 80699
37729, 80699
37944, 80699
41860, 80699
47265, 80699
48228, 80699
49601, 80699
50562, 80699
52025, 80699
52592, 80699
54003, 80699
54229, 80699
60445, 80699
62871, 80699
64055, 80699
64681, 80699
70201, 80699
70328, 80699
79651, 80699
84053, 80699
92280, 80699
95524, 80699
99941, 80699
103220, 80699
104399, 80699
107978, 80699
109071, 80699
110022, 80699
110954, 80699
114404, 80699
114536, 80699
116587, 80699
117636, 80699
119700, 80699
119811, 80699
121204, 80699
121530, 80699
124234, 80699
124963, 80699
126896, 80699
129040, 80699
129251, 80699
129560, 80699
135019, 80699
138429, 80699
138577, 80699
142354, 80699
144263, 80699
144534, 80699
147839, 80699
148462, 80699
152756, 80699
153284, 80699
154367, 80699
155329, 80699
159307, 80699
160566, 80699
160874, 80699
163986, 80699
165147, 80699
166058, 80699
166321, 80699
169947, 80699
177607, 80699
184952, 80699
184969, 80699
189705, 80699
194615, 80699
196160, 80699
200022, 80699
202892, 80699
208143, 80699
208654, 80699
208959, 80699
211415, 80699
212416, 80699
212995, 80699
213377, 80699
214404, 80699
216539, 80699
218293, 80699
225388, 80699
228223, 80699
236378, 80699
236398, 80699
237000, 80699
238350, 80699
240362, 80699
240918, 80699
243336, 80699
243767, 80699
243820, 80699
245603, 80699
248213, 80699
248894, 80699
255463, 80699
255593, 80699
256954, 80699
261696, 80699
263266, 80699
264026, 80699
266246, 80699
267497, 80699
268124, 80699
269617, 80699
270151, 80699
272045, 80699
272187, 80699
273892, 80699
274461, 80699
280022, 80699
281539, 80699
286895, 80699
287446, 80699
287798, 80699
287940, 80699
287964, 80699
289604, 80699
290789, 80699
17637, 80641
21559, 80641
22723, 80641
24283, 80641
27067, 80641
69708, 80641
204167, 80641
222194, 80641
230022, 80641
262615, 80641
74656, 80440
269998, 80440
3402, 80426
6218, 80426
9046, 80426
16802, 80426
23043, 80426
33232, 80426
36818, 80426
41652, 80426
47915, 80426
51549, 80426
66478, 80426
66634, 80426
69801, 80426
78648, 80426
83798, 80426
90833, 80426
98692, 80426
102094, 80426
105309, 80426
113453, 80426
118348, 80426
118533, 80426
119075, 80426
127903, 80426
127960, 80426
128615, 80426
149885, 80426
150110, 80426
152477, 80426
177182, 80426
185471, 80426
196653, 80426
200062, 80426
202972, 80426
212565, 80426
212627, 80426
239245, 80426
252603, 80426
254786, 80426
259311, 80426
267421, 80426
269136, 80426
269144, 80426
269392, 80426
272850, 80426
274778, 80426
280573, 80426
178558, 80415
184202, 80415
22778, 80361
23215, 80361
23413, 80361
28068, 80361
30764, 80361
31629, 80361
35491, 80361
37308, 80361
39879, 80361
41085, 80361
44064, 80361
47454, 80361
51397, 80361
56939, 80361
59583, 80361
181798, 80361
2655, 80214
70191, 79466
124996, 79466
247681, 79466
8133, 78922
71568, 78521
8836, 78348
12092, 78348
43368, 78348
46458, 78348
49234, 78348
86815, 78348
88509, 78348
91276, 78348
92270, 78348
98132, 78348
116595, 78348
119081, 78348
121299, 78348
127761, 78348
128831, 78348
139341, 78348
160303, 78348
166742, 78348
194432, 78348
198022, 78348
208907, 78348
237190, 78348
3927, 78138
4026, 78138
4409, 78138
6169, 78138
6840, 78118
5804, 77895
12318, 77895
16129, 77895
57015, 77895
75076, 77895
81358, 77895
84408, 77895
91232, 77895
111763, 77895
112949, 77895
117274, 77895
163720, 77895
184185, 77895
236169, 77895
58243, 77750
112079, 77750
141143, 77750
199404, 77750
271756, 77750
8045, 77680
261313, 77636
81481, 77267
170483, 77072
215930, 76422
123057, 76165
4513, 76160
8012, 76159
12746, 76159
12809, 76159
13021, 76159
13168, 76159
18630, 76159
47693, 76159
60436, 76159
102509, 76159
123559, 76159
127130, 76159
152546, 76159
155209, 76159
160658, 76159
163303, 76159
166335, 76159
187601, 76159
194962, 76159
196055, 76159
203949, 76159
212298, 76159
250590, 76159
253375, 76159
37640, 76050
82136, 76050
170237, 76050
173843, 76050
257759, 76050
273854, 76050
288981, 76050
293041, 76050
12067, 75780
23319, 75780
23897, 75780
28831, 75780
63836, 75780
66535, 75780
85523, 75780
98473, 75780
109122, 75780
146325, 75780
148818, 75780
167781, 75780
113605, 74975
151439, 74975
182528, 74975
15852, 74913
33636, 74913
43339, 74913
76077, 74913
193104, 74758
200162, 74758
222326, 74758
223791, 74758
245258, 74758
277142, 74758
285144, 74758
39778, 74413
50087, 74413
52106, 74413
55739, 74413
62538, 74413
66401, 74413
75998, 74413
85615, 74413
92698, 74413
95064, 74413
132161, 74413
138149, 74413
256425, 74413
267246, 74362
252973, 74209
2893, 74128
127158, 74128
204968, 74128
86451, 74057
137315, 73866
152999, 73866
185964, 73866
211143, 73866
231327, 73866
284616, 73866
2773, 73534
138921, 73534
173094, 73534
196648, 73534
278577, 73534
134906, 72957
155621, 72957
260815, 72957
66696, 72944
276679, 72859
198762, 72483
31400, 71459
104372, 71459
197422, 71459
278931, 71459
90519, 71400
211186, 71254
24434, 70896
28627, 70896
39990, 70896
64457, 70896
64962, 70896
65082, 70896
86199, 70896
104958, 70896
34580, 70844
83278, 70844
105397, 70844
8765, 70842
18671, 70842
164851, 70842
165291, 70842
8095, 70716
14185, 70716
18996, 70716
43045, 70716
43807, 70716
44997, 70716
48154, 70716
54282, 70716
66097, 70716
69739, 70716
78258, 70716
88294, 70716
93018, 70716
103935, 70716
106840, 70716
112522, 70716
115046, 70716
117464, 70716
119976, 70716
137441, 70716
150829, 70716
182155, 70716
193473, 70716
200393, 70716
221139, 70716
226647, 70716
249099, 70716
259951, 70716
171595, 70658
232823, 70658
54286, 70556
126351, 70556
212, 70495
15204, 70495
119527, 70495
243751, 70495
27432, 70213
27975, 70213
31035, 70213
38268, 70213
40790, 70213
43579, 70213
44938, 70213
47676, 70213
49542, 70213
54984, 70213
59261, 70213
62272, 70213
63948, 70213
68593, 70213
108718, 70213
47323, 70064
67354, 70015
148819, 69829
127650, 69290
24473, 69204
72163, 69006
49907, 68674
50116, 68674
2081, 68641
252569, 68638
206357, 68410
138060, 68110
172865, 67998
65096, 67861
80819, 67861
107545, 67484
150861, 67349
224190, 67349
14892, 66901
101216, 66901
20827, 66744
35289, 66744
181089, 66744
221585, 66298
4738, 66138
26948, 65890
28840, 65890
98591, 65890
103997, 65890
113483, 65890
161459, 65890
14567, 65817
14755, 65817
15367, 65817
20040, 65817
30617, 65817
50862, 65817
295772, 65654
245989, 65233
130552, 64890
136313, 64890
139618, 64890
142793, 64890
146711, 64890
147057, 64890
150643, 64890
166531, 64890
169644, 64890
177149, 64890
186522, 64890
210538, 64890
215294, 64890
226115, 64890
226460, 64890
228340, 64890
236212, 64890
245300, 64890
253314, 64890
255641, 64890
261237, 64890
263135, 64890
290299, 64890
295636, 64890
3010, 64835
14234, 64835
96716, 64680
105224, 64680
116887, 64680
122958, 64680
125300, 64680
125744, 64680
126365, 64680
126888, 64680
127271, 64680
128155, 64680
130100, 64680
130292, 64680
130645, 64680
133459, 64680
133627, 64680
133810, 64680
134737, 64680
135313, 64680
135729, 64680
136254, 64680
136367, 64680
138271, 64680
139089, 64680
139112, 64680
140570, 64680
141358, 64680
141837, 64680
142731, 64680
143417, 64680
144369, 64680
145502, 64680
145634, 64680
145937, 64680
146328, 64680
146846, 64680
147429, 64680
147898, 64680
148210, 64680
148847, 64680
149635, 64680
149711, 64680
150033, 64680
150224, 64680
150452, 64680
151277, 64680
152407, 64680
152554, 64680
154040, 64680
154199, 64680
154894, 64680
155695, 64680
157222, 64680
158099, 64680
159490, 64680
159493, 64680
159668, 64680
159874, 64680
160353, 64680
160693, 64680
160939, 64680
163018, 64680
163335, 64680
164789, 64680
165383, 64680
165449, 64680
166642, 64680
168065, 64680
168765, 64680
169973, 64680
170243, 64680
170875, 64680
172667, 64680
173379, 64680
174057, 64680
174300, 64680
174979, 64680
176171, 64680
177290, 64680
177319, 64680
178106, 64680
179332, 64680
179416, 64680
180685, 64680
183225, 64680
183304, 64680
184089, 64680
185946, 64680
186573, 64680
187422, 64680
187614, 64680
188056, 64680
189424, 64680
191078, 64680
191230, 64680
192161, 64680
192275, 64680
192514, 64680
193558, 64680
193782, 64680
193842, 64680
193917, 64680
195643, 64680
202755, 64680
204123, 64680
206147, 64680
209301, 64680
211504, 64680
211597, 64680
211920, 64680
214377, 64680
216542, 64680
216776, 64680
217868, 64680
218135, 64680
219148, 64680
221349, 64680
221482, 64680
222648, 64680
233796, 64680
234313, 64680
236670, 64680
237149, 64680
238030, 64680
238879, 64680
239862, 64680
240742, 64680
242111, 64680
242578, 64680
243266, 64680
243818, 64680
244261, 64680
246421, 64680
247759, 64680
247886, 64680
248433, 64680
249415, 64680
249577, 64680
252303, 64680
252797, 64680
253194, 64680
253458, 64680
254118, 64680
256022, 64680
256169, 64680
258585, 64680
259316, 64680
260056, 64680
267717, 64680
268678, 64680
269845, 64680
272262, 64680
276611, 64680
277524, 64680
279013, 64680
279583, 64680
279859, 64680
281020, 64680
284683, 64680
284954, 64680
286791, 64680
292978, 64680
135097, 64517
144049, 64517
164234, 64517
197572, 64517
206368, 64517
208375, 64517
220060, 64517
230117, 64517
233157, 64517
273150, 64514
146694, 64283
169699, 64283
182638, 64283
194308, 64283
202283, 64283
202625, 64283
219014, 64283
223527, 64283
230083, 64283
238497, 64283
254824, 64283
261558, 64283
264583, 64283
279325, 64283
2500, 64192
235844, 63754
254216, 63535
144139, 63471
151769, 63471
172914, 63471
181207, 63471
200990, 63471
211548, 63471
252635, 63471
269582, 63407
280505, 63407
91648, 63157
101219, 63157
108939, 63157
110511, 63157
110530, 63157
114228, 63157
114294, 63157
116600, 63157
120113, 63157
135364, 63157
138318, 63157
139005, 63157
139532, 63157
147171, 63157
148952, 63157
149267, 63157
149931, 63157
150368, 63157
150740, 63157
152845, 63157
157505, 63157
159721, 63157
160816, 63157
161930, 63157
166786, 63157
166993, 63157
168416, 63157
169483, 63157
170686, 63157
177461, 63157
178649, 63157
180703, 63157
183033, 63157
184152, 63157
185795, 63157
189181, 63157
198341, 63157
200359, 63157
202686, 63157
202852, 63157
203089, 63157
208805, 63157
220684, 63157
222021, 63157
224728, 63157
227245, 63157
227492, 63157
229124, 63157
234329, 63157
237985, 63157
242525, 63157
243898, 63157
244454, 63157
250357, 63157
250612, 63157
252875, 63157
253912, 63157
254302, 63157
254941, 63157
257704, 63157
259637, 63157
262035, 63157
262365, 63157
264103, 63157
265829, 63157
266370, 63157
267710, 63157
278336, 63157
279897, 63157
280863, 63157
281312, 63157
282021, 63157
284176, 63157
288035, 63157
290793, 63157
291072, 63157
294421, 63157
295524, 63157
94687, 62998
112016, 62998
112037, 62998
113154, 62998
114449, 62998
115531, 62998
120517, 62998
124130, 62998
135270, 62998
136638, 62998
141126, 62998
144940, 62998
147825, 62998
160506, 62998
163445, 62998
164727, 62998
165569, 62998
169485, 62998
169690, 62998
181140, 62998
182851, 62998
186047, 62998
187955, 62998
198185, 62998
198918, 62998
199390, 62998
200028, 62998
200569, 62998
200722, 62998
201251, 62998
202010, 62998
204523, 62998
209468, 62998
214957, 62998
216856, 62998
220784, 62998
220896, 62998
222378, 62998
231198, 62998
232320, 62998
233368, 62998
233748, 62998
234331, 62998
236734, 62998
243830, 62998
244667, 62998
256337, 62998
268659, 62998
271334, 62998
272737, 62998
282542, 62998
285095, 62998
285182, 62998
290796, 62998
291515, 62998
194310, 62714
283655, 62714
216397, 62653
261340, 62653
283797, 62653
197030, 62537
95404, 62509
96495, 62509
99129, 62509
105871, 62509
118806, 62509
134870, 62509
142419, 62509
150564, 62509
152705, 62509
172311, 62509
173868, 62509
201763, 62509
206606, 62509
208741, 62509
211006, 62509
222788, 62509
228653, 62509
229636, 62509
232405, 62509
233462, 62509
248785, 62509
249539, 62509
253800, 62509
255331, 62509
259245, 62509
268007, 62509
268400, 62509
269228, 62509
275371, 62509
276996, 62509
279646, 62509
282796, 62509
283346, 62509
284563, 62509
288337, 62509
290745, 62509
79894, 62427
97140, 62427
103017, 62427
106026, 62427
109792, 62427
115672, 62427
119086, 62427
124629, 62427
127237, 62427
130387, 62427
132340, 62427
135269, 62427
136163, 62427
136907, 62427
140504, 62427
140937, 62427
142384, 62427
145980, 62427
146076, 62427
146713, 62427
146998, 62427
150409, 62427
150785, 62427
150898, 62427
151408, 62427
152384, 62427
156575, 62427
156678, 62427
157062, 62427
158349, 62427
160977, 62427
162065, 62427
165471, 62427
166905, 62427
168261, 62427
169003, 62427
173829, 62427
175386, 62427
177309, 62427
179405, 62427
179671, 62427
180149, 62427
181135, 62427
182008, 62427
183212, 62427
183988, 62427
186016, 62427
186345, 62427
186587, 62427
187138, 62427
188261, 62427
188485, 62427
188850, 62427
188926, 62427
189623, 62427
190872, 62427
191147, 62427
191306, 62427
191635, 62427
192412, 62427
194838, 62427
194974, 62427
195294, 62427
195423, 62427
195856, 62427
197430, 62427
198129, 62427
198578, 62427
198585, 62427
198645, 62427
199386, 62427
199600, 62427
202730, 62427
203045, 62427
203610, 62427
205215, 62427
206634, 62427
206773, 62427
206798, 62427
207086, 62427
207194, 62427
207737, 62427
208948, 62427
209158, 62427
209184, 62427
209866, 62427
210290, 62427
213716, 62427
213911, 62427
214751, 62427
215497, 62427
216040, 62427
217419, 62427
218173, 62427
219641, 62427
220155, 62427
221609, 62427
223512, 62427
223624, 62427
224848, 62427
226755, 62427
227712, 62427
227762, 62427
227795, 62427
229311, 62427
230348, 62427
230470, 62427
231837, 62427
232366, 62427
238536, 62427
238717, 62427
239065, 62427
240097, 62427
240206, 62427
240814, 62427
241980, 62427
242291, 62427
242342, 62427
243162, 62427
243168, 62427
243170, 62427
243262, 62427
246087, 62427
246189, 62427
247690, 62427
248872, 62427
250139, 62427
253121, 62427
255016, 62427
255478, 62427
256016, 62427
256167, 62427
256583, 62427
256818, 62427
257724, 62427
257733, 62427
258130, 62427
258691, 62427
259040, 62427
259061, 62427
260368, 62427
260633, 62427
260708, 62427
261393, 62427
261473, 62427
261496, 62427
262879, 62427
263236, 62427
263238, 62427
264692, 62427
264714, 62427
265481, 62427
266635, 62427
267983, 62427
269614, 62427
270366, 62427
270615, 62427
271498, 62427
272121, 62427
272271, 62427
272456, 62427
273844, 62427
274211, 62427
274376, 62427
275470, 62427
277203, 62427
277303, 62427
278490, 62427
278689, 62427
278833, 62427
279122, 62427
282168, 62427
282890, 62427
283370, 62427
283691, 62427
284449, 62427
285191, 62427
285500, 62427
285886, 62427
286083, 62427
287759, 62427
288374, 62427
288704, 62427
288917, 62427
289801, 62427
289949, 62427
290179, 62427
290607, 62427
290717, 62427
292106, 62427
293371, 62427
293513, 62427
294120, 62427
294901, 62427
296587, 62427
134208, 62336
151690, 62336
194531, 62336
84562, 62291
126917, 62245
133092, 62245
142661, 62245
156569, 62245
160859, 62245
162508, 62245
164514, 62245
176249, 62245
178996, 62245
183417, 62245
191916, 62245
211297, 62245
229731, 62245
231613, 62245
252827, 62245
254710, 62245
258267, 62245
281275, 62245
288705, 62245
293833, 62245
2713, 62029
111889, 62029
114423, 62029
114434, 62029
118071, 62029
118315, 62029
118877, 62029
118949, 62029
120679, 62029
121102, 62029
122447, 62029
125021, 62029
128303, 62029
129861, 62029
130698, 62029
131461, 62029
131497, 62029
133203, 62029
133447, 62029
134998, 62029
135155, 62029
135777, 62029
136241, 62029
136720, 62029
137624, 62029
137805, 62029
138153, 62029
140134, 62029
140214, 62029
141159, 62029
141753, 62029
141817, 62029
141960, 62029
142084, 62029
143080, 62029
143107, 62029
143678, 62029
143876, 62029
144210, 62029
144618, 62029
145686, 62029
145734, 62029
145973, 62029
146670, 62029
147678, 62029
147879, 62029
147987, 62029
148007, 62029
148012, 62029
148627, 62029
149603, 62029
149946, 62029
150081, 62029
150183, 62029
150266, 62029
150608, 62029
150717, 62029
151949, 62029
151966, 62029
152975, 62029
153227, 62029
153593, 62029
153611, 62029
153638, 62029
153929, 62029
154053, 62029
154308, 62029
154755, 62029
154810, 62029
154844, 62029
155246, 62029
155665, 62029
155827, 62029
156677, 62029
156703, 62029
156861, 62029
157249, 62029
157451, 62029
157553, 62029
157591, 62029
157694, 62029
157866, 62029
158414, 62029
159075, 62029
160492, 62029
160742, 62029
161139, 62029
162166, 62029
162360, 62029
162591, 62029
162631, 62029
163330, 62029
163591, 62029
164659, 62029
164837, 62029
165520, 62029
165902, 62029
165965, 62029
166182, 62029
166722, 62029
167120, 62029
167599, 62029
167958, 62029
168096, 62029
168348, 62029
169976, 62029
170009, 62029
170011, 62029
170193, 62029
170235, 62029
171266, 62029
172057, 62029
172305, 62029
172500, 62029
173260, 62029
173572, 62029
173621, 62029
173774, 62029
174121, 62029
174186, 62029
175014, 62029
175430, 62029
175896, 62029
176782, 62029
177155, 62029
177257, 62029
178330, 62029
178659, 62029
179057, 62029
179143, 62029
179227, 62029
179305, 62029
180083, 62029
180219, 62029
180449, 62029
180589, 62029
181159, 62029
181272, 62029
181867, 62029
183489, 62029
183607, 62029
183637, 62029
183696, 62029
184967, 62029
185552, 62029
185917, 62029
186162, 62029
186571, 62029
186628, 62029
187353, 62029
187655, 62029
188463, 62029
188574, 62029
188686, 62029
189464, 62029
189872, 62029
190473, 62029
190479, 62029
191522, 62029
191625, 62029
192051, 62029
192286, 62029
192484, 62029
192519, 62029
192718, 62029
192809, 62029
193089, 62029
193649, 62029
193913, 62029
194297, 62029
194417, 62029
194627, 62029
194774, 62029
194817, 62029
194904, 62029
196026, 62029
196258, 62029
196294, 62029
197342, 62029
199072, 62029
199364, 62029
199607, 62029
200488, 62029
200995, 62029
201239, 62029
201880, 62029
203266, 62029
204251, 62029
204597, 62029
205499, 62029
205842, 62029
205909, 62029
206981, 62029
207444, 62029
207561, 62029
207838, 62029
207984, 62029
208058, 62029
208336, 62029
208607, 62029
208692, 62029
210292, 62029
210393, 62029
210817, 62029
210939, 62029
210944, 62029
211497, 62029
211661, 62029
211883, 62029
212334, 62029
212494, 62029
212560, 62029
212599, 62029
212603, 62029
212713, 62029
213814, 62029
213899, 62029
213925, 62029
214057, 62029
214680, 62029
214759, 62029
215675, 62029
215914, 62029
216593, 62029
216774, 62029
217345, 62029
217976, 62029
218270, 62029
218323, 62029
218820, 62029
219558, 62029
219561, 62029
220159, 62029
220347, 62029
220382, 62029
222070, 62029
222404, 62029
222509, 62029
222602, 62029
222662, 62029
222901, 62029
223217, 62029
223249, 62029
223954, 62029
224270, 62029
224359, 62029
224820, 62029
225080, 62029
225230, 62029
225377, 62029
225431, 62029
225675, 62029
225972, 62029
226057, 62029
226149, 62029
226287, 62029
226422, 62029
226438, 62029
226682, 62029
226784, 62029
226859, 62029
227575, 62029
227917, 62029
228786, 62029
229344, 62029
229836, 62029
229976, 62029
230020, 62029
230159, 62029
230285, 62029
230596, 62029
230804, 62029
231076, 62029
231088, 62029
231119, 62029
231158, 62029
231416, 62029
231460, 62029
231482, 62029
231708, 62029
232100, 62029
232175, 62029
232516, 62029
232774, 62029
233323, 62029
233456, 62029
233651, 62029
233887, 62029
234152, 62029
234156, 62029
234714, 62029
235170, 62029
237424, 62029
238123, 62029
238323, 62029
239118, 62029
239119, 62029
239490, 62029
240416, 62029
240439, 62029
240505, 62029
240580, 62029
240652, 62029
240761, 62029
241076, 62029
241899, 62029
242244, 62029
242383, 62029
242468, 62029
242717, 62029
243072, 62029
243205, 62029
243219, 62029
243583, 62029
243930, 62029
244608, 62029
244650, 62029
244957, 62029
245929, 62029
246969, 62029
246996, 62029
247076, 62029
247215, 62029
247334, 62029
247346, 62029
248056, 62029
248691, 62029
248740, 62029
249371, 62029
249669, 62029
249931, 62029
250003, 62029
250197, 62029
250861, 62029
251044, 62029
251442, 62029
251620, 62029
251640, 62029
251894, 62029
251995, 62029
252466, 62029
253542, 62029
254050, 62029
254168, 62029
254325, 62029
254462, 62029
254573, 62029
254643, 62029
254821, 62029
255253, 62029
255605, 62029
256032, 62029
256052, 62029
256092, 62029
256687, 62029
256766, 62029
256807, 62029
256858, 62029
256915, 62029
257042, 62029
257103, 62029
257252, 62029
257266, 62029
257448, 62029
258058, 62029
258210, 62029
258431, 62029
258690, 62029
259379, 62029
260401, 62029
260780, 62029
260792, 62029
261649, 62029
261909, 62029
261931, 62029
261933, 62029
261946, 62029
262011, 62029
263842, 62029
264177, 62029
265161, 62029
265478, 62029
265627, 62029
265724, 62029
266519, 62029
266775, 62029
266876, 62029
267134, 62029
267510, 62029
267743, 62029
267780, 62029
268056, 62029
269014, 62029
269030, 62029
269102, 62029
269743, 62029
269807, 62029
270733, 62029
270839, 62029
271075, 62029
271191, 62029
271239, 62029
271687, 62029
271882, 62029
272157, 62029
273151, 62029
273193, 62029
273322, 62029
273755, 62029
274249, 62029
274277, 62029
275011, 62029
275436, 62029
275923, 62029
276390, 62029
276637, 62029
276792, 62029
276910, 62029
277069, 62029
277539, 62029
277987, 62029
278493, 62029
278553, 62029
278608, 62029
278615, 62029
279289, 62029
280077, 62029
281022, 62029
281031, 62029
281477, 62029
281968, 62029
282022, 62029
282522, 62029
282675, 62029
283240, 62029
283432, 62029
283672, 62029
284018, 62029
284024, 62029
284046, 62029
284197, 62029
284488, 62029
284930, 62029
285035, 62029
285212, 62029
285504, 62029
285513, 62029
285679, 62029
286220, 62029
286814, 62029
286974, 62029
287352, 62029
287450, 62029
287835, 62029
288222, 62029
288457, 62029
289288, 62029
289405, 62029
289487, 62029
290116, 62029
290198, 62029
291384, 62029
291401, 62029
291796, 62029
291890, 62029
291983, 62029
291996, 62029
292205, 62029
293162, 62029
293559, 62029
293626, 62029
293684, 62029
293831, 62029
293874, 62029
293880, 62029
294098, 62029
294541, 62029
294946, 62029
295295, 62029
295367, 62029
295806, 62029
137457, 62014
131255, 61735
156671, 61735
162179, 61735
168290, 61735
247091, 61496
150633, 61331
113482, 61151
114108, 61151
133734, 61151
141930, 61151
150063, 61151
164301, 61151
170123, 61151
188904, 61151
201907, 61151
216255, 61151
243909, 61151
244332, 61151
250699, 61151
255105, 61151
267472, 61151
269491, 61151
283698, 61151
285845, 61151
296019, 61151
152882, 61117
206511, 61117
208184, 61117
286881, 61117
121970, 61086
148412, 61086
152204, 61086
162358, 61086
179280, 61086
235784, 61086
246226, 61086
276358, 61086
290288, 61086
294876, 61086
96084, 61059
166984, 61059
174729, 61059
196044, 61059
200412, 61059
201736, 61059
231503, 61059
255816, 61059
292893, 61059
141953, 60815
160179, 60815
161903, 60815
163090, 60815
177144, 60815
197770, 60815
235962, 60815
253135, 60815
256456, 60815
266207, 60815
280136, 60815
144045, 60716
146673, 60716
186055, 60716
208550, 60716
215701, 60716
219312, 60716
243917, 60716
247480, 60716
255875, 60716
280176, 60716
288150, 60716
293557, 60716
179632, 60642
188623, 60642
294812, 60635
152818, 60583
87580, 60458
227784, 60458
246821, 60458
254315, 60458
230191, 60405
253385, 60405
198600, 60315
205978, 60315
252295, 60315
256611, 60315
153899, 60289
160313, 60289
177311, 60289
200947, 60289
221401, 60289
250265, 60289
278596, 60289
280050, 60289
288324, 60289
292922, 60289
97678, 60202
203010, 60202
81306, 60154
136373, 60154
222272, 60154
287978, 60154
228849, 60071
142301, 60016
154004, 60016
199439, 60016
122550, 59919
132962, 59919
141213, 59919
147892, 59919
167963, 59919
195505, 59919
182081, 59897
225887, 59897
272202, 59897
219996, 59688
274361, 59424
223151, 59120
235683, 59120
252415, 59120
1400, 59102
136877, 59102
150014, 59102
238971, 59102
247278, 59102
197117, 58951
289714, 58882
132501, 58803
252962, 58803
140961, 58800
149445, 58800
181012, 58800
206098, 58800
215532, 58800
244882, 58800
256259, 58800
89706, 58720
197131, 58661
237227, 58661
240175, 58661
163081, 58526
227566, 58181
123048, 58163
210484, 58163
131960, 57959
136417, 57959
159274, 57959
208681, 57959
228063, 57959
228507, 57959
242698, 57959
261777, 57959
106966, 57951
114852, 57951
114876, 57951
116867, 57951
142020, 57951
143544, 57951
148332, 57951
154598, 57951
165001, 57951
168142, 57951
171761, 57951
174109, 57951
174535, 57951
174539, 57951
174558, 57951
176855, 57951
181661, 57951
182285, 57951
182388, 57951
190388, 57951
190922, 57951
193216, 57951
193948, 57951
196530, 57951
199773, 57951
200939, 57951
201191, 57951
202815, 57951
203515, 57951
210139, 57951
215757, 57951
220156, 57951
239085, 57951
242370, 57951
244651, 57951
252468, 57951
252498, 57951
255803, 57951
260117, 57951
264955, 57951
276412, 57951
277396, 57951
100944, 57782
121622, 57782
122953, 57782
125722, 57782
126070, 57782
128967, 57782
130661, 57782
133119, 57782
138969, 57782
216498, 57782
219151, 57782
266406, 57782
286375, 57782
177037, 57753
118547, 57664
120043, 57664
120146, 57664
136621, 57664
141663, 57664
142169, 57664
149105, 57664
153361, 57664
161972, 57664
178512, 57664
202637, 57664
202638, 57664
203751, 57664
206241, 57664
249347, 57664
273315, 57664
91504, 57555
111028, 57555
252686, 57555
270361, 57555
284394, 57555
285432, 57555
251911, 57380
12544, 56863
250245, 56845
214430, 56816
264446, 56591
128392, 56548
183370, 56548
205771, 56548
211822, 56548
279428, 56548
281156, 56548
293794, 56548
114657, 56340
196799, 56340
217270, 56340
292191, 56340
143126, 55980
143188, 55929
172762, 55929
209483, 55929
215894, 55929
266833, 55929
86895, 55777
91170, 55777
147133, 55774
247029, 55267
249746, 55267
285505, 55254
99106, 55129
125915, 54603
118207, 54595
135163, 54595
175637, 54595
221574, 54595
235670, 54595
288835, 54595
272723, 54332
89137, 54277
228105, 54277
159722, 53165
200179, 52645
284795, 52263
233817, 52208
16944, 51703
47907, 51313
67440, 51313
68869, 51313
70334, 51313
138618, 51313
260159, 51313
222395, 51188
166456, 51054
252489, 51054
134860, 50604
94137, 49324
183452, 49324
230198, 49324
294310, 49324
268279, 48975
268780, 48975
206087, 48885
120139, 48767
175168, 48767
223188, 48767
266392, 48767
198354, 48667
89221, 48665
163997, 48534
167933, 48534
81151, 48117
130376, 48117
233522, 48117
141651, 47965
207103, 47965
270833, 47965
228854, 47780
125822, 46786
144927, 46786
159418, 46786
171785, 46786
174788, 46786
207661, 46786
242974, 46786
252553, 46377
43474, 46327
95876, 46327
204882, 46278
137703, 45727
124782, 45670
167355, 45670
130107, 45211
223245, 45033
213492, 44615
246518, 44478
206675, 44331
184543, 44178
222590, 44178
42300, 44172
50289, 44172
54800, 44172
55506, 44172
69256, 44172
100297, 44172
101099, 44172
105778, 44172
108820, 44172
116095, 44172
120350, 44172
127816, 44172
132335, 44172
132473, 44172
145184, 44172
153556, 44172
168074, 44172
171107, 44172
175120, 44172
185872, 44172
192856, 44172
200796, 44172
205410, 44172
225422, 44172
225606, 44172
227349, 44172
235861, 44172
246576, 44172
268958, 44172
282976, 44172
283051, 44172
289827, 44172
295047, 44172
287751, 44063
249736, 44009
2056, 43658
265761, 43658
99016, 43648
123867, 43648
139743, 43648
150466, 43648
200694, 43648
100378, 43430
1156, 43385
166874, 43220
250859, 43065
250100, 42778
282800, 42645
280856, 42636
46041, 42566
143517, 42566
207149, 42566
259155, 42566
93515, 41973
290836, 41091
3599, 41032
4830, 40831
197936, 40770
10643, 40180
11807, 40180
13409, 40180
12190, 39730
14571, 39730
15366, 39730
15804, 39730
15980, 39730
16492, 39730
16516, 39730
16553, 39730
16906, 39730
17156, 39730
17177, 39730
19217, 39730
20696, 39730
20249, 39711
5909, 39692
11366, 39573
11403, 39573
13271, 39509
13985, 39509
14137, 39509
14969, 39509
15805, 39509
15502, 39464
16935, 39464
16948, 39464
22636, 39401
24419, 39401
15161, 39393
17309, 39393
18552, 39393
19247, 39393
20256, 39393
20482, 39393
20964, 39393
21104, 39393
21190, 39393
21585, 39393
21657, 39393
21782, 39393
21816, 39393
21986, 39393
22618, 39393
22807, 39393
22821, 39393
22907, 39393
22914, 39393
22982, 39393
23035, 39393
23130, 39393
23598, 39393
23852, 39393
24451, 39393
24538, 39393
24610, 39393
26190, 39393
26501, 39393
26639, 39393
32821, 39393
53475, 39393
16053, 39330
17170, 39330
17589, 39330
18567, 39330
18577, 39330
18583, 39330
18666, 39330
18698, 39330
18710, 39330
18786, 39330
19061, 39330
19690, 39330
19748, 39330
20014, 39330
20282, 39330
20382, 39330
20434, 39330
20662, 39330
21226, 39330
22053, 39330
19077, 39326
22079, 39326
23079, 39326
24444, 39326
25057, 39326
25612, 39326
15656, 39308
16533, 39163
16996, 39163
18287, 39163
19279, 39163
20171, 39163
20998, 39163
21086, 39163
22839, 39163
12616, 38904
16337, 38904
18973, 38904
21191, 38904
21601, 38904
21726, 38904
21758, 38904
22808, 38904
14040, 38837
15461, 38837
15384, 38804
14386, 38777
158748, 38762
196618, 38749
3466, 38539
266931, 38413
44171, 38272
45560, 38272
48077, 38272
48472, 38272
52122, 38272
35569, 37981
38609, 37981
40218, 37981
41326, 37981
41508, 37981
41858, 37981
43018, 37981
43276, 37981
43703, 37981
45412, 37981
46724, 37981
47498, 37981
48836, 37981
50037, 37981
50378, 37981
145681, 37883
7949, 37824
9292, 37824
9982, 37824
11322, 37824
15262, 37692
34733, 37692
36684, 37692
37401, 37692
37539, 37692
38060, 37692
39735, 37692
40071, 37692
40633, 37692
40649, 37692
40763, 37692
40880, 37692
41274, 37692
41432, 37692
41462, 37692
41716, 37692
41906, 37692
42781, 37692
43160, 37692
43772, 37692
44370, 37692
44773, 37692
45033, 37692
45865, 37692
46179, 37692
46482, 37692
46613, 37692
47013, 37692
47307, 37692
47524, 37692
47910, 37692
48153, 37692
48353, 37692
48489, 37692
48614, 37692
48996, 37692
49088, 37692
49107, 37692
49392, 37692
49394, 37692
49616, 37692
49839, 37692
49897, 37692
49947, 37692
50176, 37692
50387, 37692
50559, 37692
51087, 37692
51091, 37692
51347, 37692
52067, 37692
52995, 37692
53001, 37692
53120, 37692
53177, 37692
53868, 37692
55005, 37692
55532, 37692
55844, 37692
56008, 37692
56222, 37692
57707, 37692
58230, 37692
58289, 37692
58834, 37692
24696, 37690
40546, 37690
45840, 37690
31907, 37673
48988, 37660
16789, 37617
15318, 37377
18950, 37377
19713, 37377
42968, 37308
44184, 37308
44381, 37308
46502, 37308
49922, 37308
51281, 37308
53579, 37308
54869, 37308
55201, 37308
14316, 37300
16194, 37300
17055, 37300
18470, 37300
18511, 37300
19867, 37300
20436, 37300
20530, 37300
20745, 37300
20860, 37300
21066, 37300
21431, 37300
22012, 37300
22098, 37300
22183, 37300
23641, 37300
23732, 37300
24008, 37300
24120, 37300
24741, 37300
24922, 37300
25243, 37300
25460, 37300
25508, 37300
25604, 37300
26468, 37300
27509, 37300
27611, 37300
27999, 37300
28193, 37300
29080, 37300
34268, 37300
6423, 37274
36470, 37006
37529, 37006
38307, 37006
40553, 37006
43415, 37006
43707, 37006
45141, 37006
45459, 37006
45746, 37006
47078, 37006
47729, 37006
47888, 37006
48313, 37006
49175, 37006
49686, 37006
51081, 37006
51376, 37006
53445, 37006
58399, 37006
37163, 36980
32718, 36978
34834, 36978
45296, 36978
52134, 36978
54150, 36978
8670, 36841
13803, 36841
13939, 36841
14230, 36841
14289, 36841
14557, 36841
14590, 36841
14667, 36841
15126, 36841
15444, 36841
15446, 36841
15580, 36841
15774, 36841
15872, 36841
15885, 36841
16066, 36841
16259, 36841
16276, 36841
16343, 36841
16589, 36841
16656, 36841
16758, 36841
17043, 36841
38101, 36708
44822, 36708
47819, 36708
41943, 36688
45592, 36688
45948, 36688
46895, 36688
48336, 36688
52049, 36688
40414, 36683
42421, 36683
44708, 36683
45769, 36683
46416, 36683
47284, 36683
48295, 36683
48304, 36683
48753, 36683
49744, 36683
49984, 36683
50988, 36683
51264, 36683
53011, 36683
11899, 36664
7631, 36650
34353, 36067
39431, 36067
41465, 36067
41535, 36067
42443, 36067
42722, 36067
42911, 36067
43062, 36067
43658, 36067
44143, 36067
44338, 36067
44643, 36067
45076, 36067
45385, 36067
45471, 36067
45543, 36067
46086, 36067
46287, 36067
47446, 36067
48556, 36067
48663, 36067
48822, 36067
49245, 36067
49813, 36067
50045, 36067
50482, 36067
53585, 36067
54048, 36067
28260, 36051
34871, 36051
18229, 36024
19450, 36024
257358, 36024
5544, 36009
14686, 35995
15145, 35995
7988, 35973
9102, 35970
40241, 35910
2596, 35865
46324, 35812
47413, 35812
45265, 35785
21319, 35763
22126, 35763
26452, 35763
28914, 35763
31834, 35763
32478, 35763
33971, 35763
37405, 35763
40000, 35763
40819, 35763
41695, 35763
42046, 35763
42638, 35763
42928, 35763
43449, 35763
43736, 35763
43757, 35763
44192, 35763
44690, 35763
44933, 35763
45530, 35763
45632, 35763
47419, 35763
48272, 35763
48465, 35763
49098, 35763
49177, 35763
49888, 35763
50845, 35763
50995, 35763
51851, 35763
52381, 35763
52384, 35763
52877, 35763
53241, 35763
54035, 35763
55233, 35763
55591, 35763
55675, 35763
281534, 35763
36144, 35749
39862, 35749
43622, 35749
43891, 35749
47443, 35749
47832, 35749
47949, 35749
49484, 35749
49536, 35749
49602, 35749
49617, 35749
50401, 35749
52320, 35749
52585, 35749
52993, 35749
55764, 35749
5429, 35726
5970, 35726
6059, 35726
6246, 35726
21460, 34932
22880, 34932
23775, 34932
24193, 34932
24655, 34932
24740, 34932
25480, 34932
25593, 34932
26549, 34932
26708, 34932
27120, 34932
27142, 34932
27342, 34932
28060, 34932
28349, 34932
29375, 34932
30073, 34932
31374, 34932
32511, 34932
2170, 34900
14307, 34881
23109, 34881
23861, 34881
24862, 34881
25200, 34881
25760, 34881
26368, 34881
26651, 34881
26901, 34881
26913, 34881
27193, 34881
27340, 34881
28018, 34881
28909, 34881
28958, 34881
28975, 34881
29004, 34881
29007, 34881
29065, 34881
30959, 34881
31264, 34881
39533, 34685
1518, 34676
32420, 34648
36764, 34648
37645, 34648
38242, 34648
38854, 34648
39141, 34648
40166, 34648
41493, 34648
42523, 34648
43867, 34648
43898, 34648
43964, 34648
44177, 34648
46066, 34648
46363, 34648
48311, 34648
48696, 34648
49406, 34648
49987, 34648
50153, 34648
50428, 34648
50813, 34648
18322, 34641
19792, 34641
20119, 34641
20717, 34641
23738, 34641
25015, 34641
25638, 34641
26877, 34641
27876, 34641
10762, 34631
13141, 34631
14191, 34631
14459, 34631
14621, 34631
15040, 34631
37232, 34620
37847, 34620
38962, 34620
39509, 34620
39981, 34620
40966, 34620
3517, 34557
38080, 34338
39788, 34338
32612, 34298
33343, 34298
33347, 34298
33762, 34298
34972, 34298
35092, 34298
35425, 34298
39731, 34298
40120, 34298
40455, 34298
41344, 34298
43432, 34298
30356, 34287
42081, 34287
49767, 34287
30338, 34255
34129, 34255
37723, 34255
40202, 34255
33726, 34243
34044, 34207
40978, 34193
37901, 34152
41631, 34152
36359, 33907
30063, 33839
17145, 33808
17807, 33808
16993, 33718
19257, 33718
23721, 33718
24507, 33718
24702, 33718
25054, 33718
26403, 33718
26497, 33718
26666, 33718
27807, 33718
27913, 33718
28447, 33718
28495, 33718
28680, 33718
29714, 33718
30086, 33718
30115, 33718
30237, 33718
30582, 33718
31025, 33718
31214, 33718
31322, 33718
31836, 33718
25453, 33672
27115, 33672
29896, 33672
30347, 33672
30392, 33672
30635, 33672
30898, 33672
31286, 33672
31474, 33672
32626, 33672
33341, 33672
33466, 33672
35450, 33672
36167, 33511
39959, 33443
24946, 33427
32183, 33427
32793, 33413
24073, 33387
24225, 33387
25976, 33387
27079, 33387
27092, 33387
29312, 33387
29600, 33387
29643, 33387
29743, 33387
30018, 33387
30214, 33387
30297, 33387
30466, 33387
30581, 33387
30704, 33387
31159, 33387
31191, 33387
31257, 33387
31469, 33387
31774, 33387
32022, 33387
32068, 33387
32139, 33387
32455, 33387
32493, 33387
33591, 33387
34019, 33387
34153, 33387
34171, 33387
34230, 33387
34233, 33387
34523, 33387
34540, 33387
35046, 33387
35095, 33387
35135, 33387
35285, 33387
35547, 33387
35656, 33387
36009, 33387
36091, 33387
36124, 33387
37383, 33387
37975, 33387
38043, 33387
38446, 33387
39635, 33386
41033, 33386
208589, 33365
26762, 33338
22806, 33327
8273, 33190
8931, 33190
9377, 33190
11782, 33190
29494, 33152
31777, 33152
32196, 33152
32623, 33152
37426, 33152
39831, 33152
42089, 33152
42642, 33152
43439, 33152
44703, 33152
45418, 33152
45587, 33152
45709, 33152
46496, 33152
46788, 33152
47681, 33152
48724, 33152
49528, 33152
50561, 33152
52237, 33152
34281, 33120
40187, 33120
41017, 33120
41428, 33120
42311, 33120
46299, 33102
41355, 33079
8932, 32989
25290, 32917
25486, 32917
29359, 32917
31365, 32917
31423, 32917
32699, 32917
34468, 32917
34582, 32917
36758, 32917
36806, 32917
37897, 32917
38070, 32917
38292, 32917
38469, 32917
38544, 32917
39715, 32917
39784, 32917
39885, 32917
39939, 32917
40641, 32917
41567, 32917
41896, 32917
42417, 32917
42760, 32917
42802, 32917
43630, 32917
43763, 32917
43768, 32917
43853, 32917
44052, 32917
44123, 32917
44199, 32917
44455, 32917
44628, 32917
44893, 32917
45853, 32917
45919, 32917
46371, 32917
46399, 32917
47485, 32917
48071, 32917
48104, 32917
48750, 32917
50333, 32917
50563, 32917
50676, 32917
34822, 32907
33575, 32893
37806, 32893
39185, 32893
41657, 32893
14023, 32857
33955, 32680
20487, 32604
25936, 32466
26395, 32466
28050, 32466
29653, 32466
29876, 32466
30280, 32466
33160, 32466
33390, 32466
34998, 32466
5183, 32422
33629, 32374
33639, 32374
34202, 32374
34406, 32374
35058, 32374
35278, 32374
37081, 32374
37103, 32374
37532, 32374
37681, 32374
37740, 32374
38321, 32374
38656, 32374
39450, 32374
39859, 32374
40707, 32374
40779, 32374
40833, 32374
41044, 32374
41437, 32374
41613, 32374
43092, 32374
43594, 32374
44083, 32374
44888, 32374
45942, 32374
46375, 32374
30110, 32370
33494, 32370
35328, 32370
35816, 32370
36325, 32370
37457, 32370
37596, 32370
37876, 32370
43978, 32370
44920, 32370
23179, 32189
33122, 32189
28558, 32179
29150, 32179
32475, 32179
37577, 32179
28681, 32147
29954, 32019
34447, 32019
11269, 32012
11579, 32012
11746, 32012
11897, 32012
12042, 32012
12427, 32012
12569, 32012
12785, 32012
12829, 32012
12946, 32012
12975, 32012
13057, 32012
13278, 32012
13419, 32012
13558, 32012
13743, 32012
14018, 32012
14020, 32012
14282, 32012
14421, 32012
15662, 32012
38692, 31974
33144, 31914
26739, 31880
29139, 31880
29443, 31880
29555, 31880
32015, 31880
32159, 31880
33359, 31880
34217, 31880
35972, 31880
36434, 31880
36444, 31880
36554, 31880
37780, 31880
37918, 31880
38454, 31880
47295, 31880
48115, 31880
114832, 31869
162163, 31869
168312, 31869
194476, 31869
202687, 31869
221176, 31869
240978, 31869
271964, 31869
30867, 31822
35256, 31822
31827, 31819
13770, 31793
31825, 31483
22471, 31121
24144, 30839
10782, 29952
10978, 29952
11332, 29952
11675, 29952
12130, 29952
13011, 29952
7919, 29016
8091, 29016
8584, 29016
8751, 29016
8843, 29016
9750, 29016
9950, 29016
10074, 29016
10090, 29016
10257, 29016
10261, 29016
10342, 29016
10633, 29016
10704, 29016
10727, 29016
13489, 29016
18357, 28236
21068, 28236
196483, 28232
250350, 28232
5917, 28221
7004, 28221
7908, 28221
8182, 28221
8296, 28221
9354, 28221
10043, 28221
10383, 28210
19374, 27547
21130, 27547
22262, 27547
27966, 26696
30289, 26696
10829, 25255
142560, 23988
200319, 23988
126900, 23539
91467, 22606
24657, 21771
26353, 21771
27197, 21771
27609, 21771
32161, 21771
249162, 21109
210952, 18512
240729, 17995
20243, 17286
25988, 17286
27901, 17286
28169, 17286
28338, 17286
28428, 17286
119789, 16341
288820, 16341
119572, 16280
105601, 16094
150502, 16094
108082, 15800
65077, 15608
145411, 15608
259321, 15608
289456, 15608
185224, 15587
278498, 15587
140255, 15576
152900, 15576
201794, 15576
220736, 15576
83279, 15433
84980, 15402
194797, 15402
198107, 15402
216279, 15402
257814, 15402
240156, 15401
154741, 15391
285, 15372
659, 15372
714, 15372
991, 15372
2269, 15372
2594, 15372
10192, 15372
52454, 15372
52554, 15372
52679, 15372
54331, 15372
61708, 15372
65648, 15372
73602, 15372
78081, 15372
79592, 15372
88131, 15372
90141, 15372
90664, 15372
94685, 15372
99742, 15372
99895, 15372
99909, 15372
100222, 15372
100871, 15372
106467, 15372
107250, 15372
112498, 15372
115137, 15372
116090, 15372
116549, 15372
124757, 15372
129820, 15372
130139, 15372
135158, 15372
137743, 15372
138639, 15372
139058, 15372
142056, 15372
142387, 15372
143756, 15372
145495, 15372
147768, 15372
150385, 15372
151726, 15372
158737, 15372
160660, 15372
161309, 15372
161452, 15372
161474, 15372
163475, 15372
165165, 15372
169029, 15372
170248, 15372
171418, 15372
172977, 15372
173656, 15372
174981, 15372
178197, 15372
179236, 15372
185695, 15372
186937, 15372
189483, 15372
189775, 15372
190135, 15372
190159, 15372
193245, 15372
194871, 15372
194906, 15372
196220, 15372
198858, 15372
199922, 15372
200783, 15372
202589, 15372
205484, 15372
205810, 15372
206307, 15372
208109, 15372
208967, 15372
210688, 15372
211507, 15372
212473, 15372
212878, 15372
213756, 15372
215307, 15372
217417, 15372
217501, 15372
220598, 15372
220806, 15372
221906, 15372
222029, 15372
222939, 15372
223374, 15372
224479, 15372
225383, 15372
226880, 15372
229252, 15372
229467, 15372
234319, 15372
236719, 15372
237154, 15372
237557, 15372
237637, 15372
238721, 15372
238920, 15372
239441, 15372
244265, 15372
244445, 15372
247897, 15372
251714, 15372
256317, 15372
258921, 15372
262434, 15372
265440, 15372
273728, 15372
273734, 15372
279182, 15372
279819, 15372
280318, 15372
283228, 15372
286516, 15372
291220, 15372
292242, 15372
296366, 15372
206910, 15293
214629, 15293
218952, 15293
255258, 15293
269660, 15293
53408, 15265
112437, 15265
148381, 15265
227613, 15265
122115, 15253
210733, 15253
278406, 15253
102890, 15011
62246, 14978
64263, 14978
139494, 14978
261278, 14978
2718, 14851
2840, 14851
4411, 14851
225693, 14759
225463, 14491
255801, 14467
82820, 14380
134715, 14380
159593, 14380
162674, 14380
203707, 14380
221645, 14380
230947, 14380
265566, 14380
282290, 14380
289737, 14380
222266, 14377
97032, 14256
47210, 14234
230812, 14217
245677, 14217
256144, 14217
261717, 14217
277059, 14217
55396, 14198
71655, 14198
214748, 14198
233722, 14198
249308, 14198
263799, 14198
278884, 14198
985, 14053
1376, 14053
1717, 14053
1827, 14053
2050, 14053
2442, 14053
2451, 14053
2630, 14053
2874, 14053
2910, 14053
3097, 14053
3107, 14053
3171, 14053
3288, 14053
3295, 14053
3439, 14053
3508, 14053
3540, 14053
3565, 14053
3738, 14053
3749, 14053
3783, 14053
3872, 14053
3935, 14053
3959, 14053
4059, 14053
4158, 14053
4233, 14053
4260, 14053
4317, 14053
4345, 14053
4353, 14053
4436, 14053
4522, 14053
4556, 14053
4557, 14053
4562, 14053
4611, 14053
4614, 14053
4636, 14053
4639, 14053
4654, 14053
4706, 14053
4736, 14053
4771, 14053
4865, 14053
4914, 14053
4922, 14053
4932, 14053
4980, 14053
5042, 14053
5089, 14053
5114, 14053
5132, 14053
5135, 14053
5212, 14053
5240, 14053
278120, 13912
9854, 13809
97487, 13701
163292, 13656
3265, 13395
122922, 13395
273152, 13395
640, 13294
93322, 13128
824, 12929
1793, 12929
1820, 12929
2426, 12929
189205, 12754
197251, 12754
228058, 12610
16184, 12599
23000, 12599
23058, 12599
23854, 12599
24380, 12599
19709, 12583
217377, 12547
1779, 12304
681, 12070
1294, 12070
10660, 11930
1690, 11377
116677, 11103
343, 10583
294214, 10059
229373, 7846
3790, 6913
108634, 5554
169569, 4953
26752, 4888
13378, 4429
31402, 3036
35240, 2975
27957, 2233
29547, 2233
30718, 2233
17977, 1877
