269666, 124839
136564, 120574
222841, 120574
250434, 120574
6871, 120039
60601, 120039
81051, 120039
82149, 120039
99332, 120039
100424, 120039
106678, 120039
108462, 120039
110435, 120039
119242, 120039
121918, 120039
124587, 120039
125548, 120039
126038, 120039
137536, 120039
140774, 120039
146357, 120039
147118, 120039
157024, 120039
158578, 120039
160737, 120039
166126, 120039
170963, 120039
173872, 120039
179644, 120039
190160, 120039
192980, 120039
199092, 120039
201101, 120039
229460, 120039
241634, 120039
91070, 15204
91884, 15204
94949, 15204
99115, 15204
104559, 15204
110585, 15204
124953, 15204
118212, 14861
125386, 14861
125401, 14861
129358, 14861
133179, 14861
133198, 14861
136005, 14861
136601, 14861
146733, 14861
147374, 14861
147447, 14861
148677, 14861
156355, 14861
163230, 14861
168843, 14861
206121, 14861
68227, 14638
1205, 5102
4211, 5102
47591, 5102
60274, 5102
67249, 5102
78398, 5102
84898, 5102
86394, 5102
93697, 5102
98398, 5102
110975, 5102
122682, 5102
125896, 5102
129059, 5102
152276, 5102
154127, 5102
154585, 5102
156966, 5102
158196, 5102
160365, 5102
166147, 5102
167087, 5102
173193, 5102
182193, 5102
191856, 5102
199533, 5102
207236, 5102
207469, 5102
208303, 5102
214376, 5102
214765, 5102
215697, 5102
241657, 5102
245121, 5102
251148, 5102
256957, 5102
257333, 5102
263700, 5102
292706, 5102
6898, 5013
57673, 5013
62740, 5013
63426, 5013
64707, 5013
77144, 5013
77603, 5013
82597, 5013
82875, 5013
83477, 5013
84434, 5013
87800, 5013
87918, 5013
93878, 5013
98779, 5013
103021, 5013
112041, 5013
117233, 5013
120812, 5013
122906, 5013
137503, 5013
142162, 5013
144842, 5013
149684, 5013
152298, 5013
155344, 5013
161973, 5013
171446, 5013
182438, 5013
195446, 5013
206240, 5013
207093, 5013
207522, 5013
208876, 5013
211468, 5013
226203, 5013
228421, 5013
235735, 5013
237909, 5013
242201, 5013
245954, 5013
249458, 5013
251711, 5013
253391, 5013
261612, 5013
262857, 5013
266130, 5013
270801, 5013
274816, 5013
280000, 5013
282368, 5013
282465, 5013
289676, 5013
291019, 5013
291461, 5013
293465, 5013
293803, 5013
294572, 5013
35444, 5012
56345, 5012
84502, 5012
94676, 5012
100629, 5012
103671, 5012
108555, 5012
111935, 5012
113906, 5012
120292, 5012
134218, 5012
137039, 5012
138924, 5012
144980, 5012
145313, 5012
148466, 5012
149440, 5012
149691, 5012
151406, 5012
153858, 5012
156097, 5012
159042, 5012
161669, 5012
161905, 5012
165603, 5012
169377, 5012
172108, 5012
181190, 5012
182943, 5012
183923, 5012
185131, 5012
185451, 5012
186196, 5012
186544, 5012
186935, 5012
187235, 5012
193710, 5012
195422, 5012
195731, 5012
199746, 5012
199860, 5012
202655, 5012
202809, 5012
204631, 5012
205145, 5012
222489, 5012
222669, 5012
223781, 5012
223816, 5012
223842, 5012
224379, 5012
225402, 5012
226375, 5012
230767, 5012
231852, 5012
232632, 5012
241782, 5012
242230, 5012
246060, 5012
246961, 5012
247044, 5012
252066, 5012
252798, 5012
258467, 5012
261061, 5012
264720, 5012
271673, 5012
273462, 5012
273954, 5012
274957, 5012
277926, 5012
278290, 5012
279536, 5012
279790, 5012
285415, 5012
287948, 5012
291408, 5012
291947, 5012
293330, 5012
294269, 5012
295361, 5012
1780, 4993
7838, 4993
41389, 4993
52627, 4993
53926, 4993
54536, 4993
58933, 4993
59603, 4993
62346, 4993
65379, 4993
66615, 4993
78443, 4993
79906, 4993
86188, 4993
88633, 4993
90221, 4993
92317, 4993
94205, 4993
94564, 4993
95228, 4993
95234, 4993
96287, 4993
97308, 4993
98406, 4993
102773, 4993
103643, 4993
106048, 4993
107496, 4993
108498, 4993
108584, 4993
109747, 4993
109936, 4993
110798, 4993
114190, 4993
115336, 4993
115409, 4993
115666, 4993
117402, 4993
118351, 4993
120810, 4993
122945, 4993
123520, 4993
128744, 4993
129367, 4993
129712, 4993
130918, 4993
133384, 4993
134390, 4993
134613, 4993
134986, 4993
137753, 4993
139676, 4993
140100, 4993
143017, 4993
143486, 4993
145928, 4993
146430, 4993
147081, 4993
147671, 4993
147850, 4993
148138, 4993
149890, 4993
150866, 4993
151164, 4993
151909, 4993
152848, 4993
153023, 4993
155484, 4993
156732, 4993
157844, 4993
158975, 4993
159533, 4993
160123, 4993
165271, 4993
166394, 4993
166785, 4993
167069, 4993
167085, 4993
167408, 4993
169231, 4993
169961, 4993
173845, 4993
174084, 4993
174605, 4993
174767, 4993
175730, 4993
178369, 4993
178695, 4993
178924, 4993
179440, 4993
180658, 4993
180860, 4993
181528, 4993
183551, 4993
183936, 4993
184278, 4993
185356, 4993
186310, 4993
188929, 4993
190827, 4993
191667, 4993
192894, 4993
193281, 4993
193549, 4993
196270, 4993
196623, 4993
197386, 4993
198754, 4993
199991, 4993
200897, 4993
201696, 4993
203706, 4993
205265, 4993
205742, 4993
207277, 4993
207988, 4993
208831, 4993
210894, 4993
211275, 4993
212616, 4993
216210, 4993
216923, 4993
217979, 4993
219063, 4993
219067, 4993
220494, 4993
221885, 4993
222922, 4993
223379, 4993
225209, 4993
225283, 4993
225473, 4993
226042, 4993
226625, 4993
231027, 4993
231889, 4993
235180, 4993
235950, 4993
238823, 4993
239110, 4993
239221, 4993
239261, 4993
239362, 4993
240389, 4993
240749, 4993
241516, 4993
242433, 4993
242602, 4993
243311, 4993
244342, 4993
245779, 4993
245782, 4993
246503, 4993
247377, 4993
249302, 4993
250258, 4993
251047, 4993
251580, 4993
252225, 4993
253392, 4993
253558, 4993
254057, 4993
257418, 4993
258427, 4993
259849, 4993
261222, 4993
262010, 4993
263414, 4993
264546, 4993
269060, 4993
270659, 4993
271742, 4993
272480, 4993
275389, 4993
276295, 4993
280428, 4993
282181, 4993
288883, 4993
289685, 4993
292615, 4993
293636, 4993
294279, 4993
294875, 4993
295905, 4993
159989, 4954
248995, 4954
5329, 4915
9190, 4915
47964, 4915
52172, 4915
57576, 4915
81314, 4915
88503, 4915
90454, 4915
93225, 4915
110770, 4915
126922, 4915
132543, 4915
135087, 4915
140291, 4915
144463, 4915
152973, 4915
155989, 4915
170692, 4915
171765, 4915
187156, 4915
189683, 4915
200485, 4915
200604, 4915
201964, 4915
202164, 4915
210101, 4915
215478, 4915
225762, 4915
230863, 4915
234465, 4915
236511, 4915
243074, 4915
245005, 4915
252387, 4915
252656, 4915
257284, 4915
266181, 4915
270259, 4915
270330, 4915
272350, 4915
272993, 4915
274632, 4915
276238, 4915
280372, 4915
282690, 4915
282703, 4915
283932, 4915
287334, 4915
291617, 4915
293348, 4915
56187, 4903
68378, 4903
77458, 4903
78058, 4903
81874, 4903
82867, 4903
128542, 4903
179401, 4903
214253, 4903
37360, 4852
135404, 4852
137234, 4852
168397, 4852
108966, 4845
128694, 4845
136963, 4845
141681, 4845
144061, 4845
153626, 4845
158062, 4845
175517, 4845
179949, 4845
214603, 4845
215114, 4845
279442, 4845
296592, 4845
123441, 4837
164633, 4837
168573, 4837
28161, 4801
29564, 4801
32678, 4801
33731, 4801
45515, 4801
46764, 4801
46891, 4801
55045, 4801
58680, 4801
58794, 4801
59350, 4801
59914, 4801
61556, 4801
61902, 4801
63757, 4801
64184, 4801
66420, 4801
67009, 4801
70927, 4801
71728, 4801
73046, 4801
74374, 4801
74520, 4801
74831, 4801
76335, 4801
77152, 4801
77238, 4801
78425, 4801
80184, 4801
80323, 4801
80969, 4801
82331, 4801
83964, 4801
84396, 4801
85778, 4801
86342, 4801
87648, 4801
88610, 4801
90595, 4801
91871, 4801
92943, 4801
94432, 4801
95760, 4801
100496, 4801
100631, 4801
101405, 4801
103807, 4801
104331, 4801
107521, 4801
107563, 4801
108682, 4801
109709, 4801
112626, 4801
114350, 4801
115516, 4801
116415, 4801
124890, 4801
128209, 4801
135174, 4801
137003, 4801
137487, 4801
140259, 4801
152112, 4801
153975, 4801
163596, 4801
164797, 4801
167739, 4801
167857, 4801
168425, 4801
168998, 4801
170432, 4801
171411, 4801
172377, 4801
186377, 4801
191881, 4801
197872, 4801
203784, 4801
205442, 4801
208601, 4801
213575, 4801
236120, 4801
258809, 4801
286937, 4801
12168, 4784
45824, 4740
167327, 4740
290473, 4740
123606, 4728
20235, 4727
22648, 4727
38000, 4727
41648, 4727
53992, 4727
80478, 4727
82923, 4727
87554, 4727
91299, 4727
91856, 4727
92417, 4727
93114, 4727
101215, 4727
101226, 4727
101291, 4727
115329, 4727
115921, 4727
118260, 4727
123100, 4727
123894, 4727
124812, 4727
127804, 4727
129462, 4727
130663, 4727
131097, 4727
131378, 4727
140210, 4727
140667, 4727
142825, 4727
145615, 4727
149605, 4727
149612, 4727
154821, 4727
158821, 4727
159569, 4727
176463, 4727
182789, 4727
188618, 4727
193022, 4727
208510, 4727
212277, 4727
225930, 4727
230084, 4727
252862, 4727
255402, 4727
282151, 4727
285771, 4727
13796, 4709
63216, 4709
99466, 4709
104121, 4709
105570, 4709
116613, 4709
117933, 4709
118263, 4709
118355, 4709
121623, 4709
121946, 4709
129009, 4709
134866, 4709
137786, 4709
149507, 4709
154331, 4709
165299, 4709
167013, 4709
167111, 4709
173854, 4709
182023, 4709
185273, 4709
185905, 4709
186231, 4709
196064, 4709
197717, 4709
203613, 4709
206985, 4709
209252, 4709
209254, 4709
210778, 4709
212709, 4709
216358, 4709
223790, 4709
226437, 4709
228326, 4709
228516, 4709
228922, 4709
231481, 4709
234321, 4709
238785, 4709
243795, 4709
244241, 4709
247335, 4709
250741, 4709
264854, 4709
265530, 4709
266414, 4709
270034, 4709
271521, 4709
271816, 4709
277986, 4709
282517, 4709
285309, 4709
291339, 4709
291445, 4709
201070, 4696
257364, 4696
93963, 4672
133574, 4672
139158, 4672
145648, 4672
210341, 4672
216417, 4672
217256, 4672
268689, 4672
88445, 4648
90939, 4648
127575, 4648
128134, 4648
153866, 4648
172869, 4648
176630, 4648
189717, 4648
204964, 4648
211791, 4648
256186, 4648
261593, 4648
295167, 4648
9609, 4636
14989, 4636
105558, 4636
163302, 4636
173022, 4636
179526, 4636
191579, 4636
222223, 4636
262204, 4636
289369, 4636
37590, 4628
48793, 4628
111034, 4628
276101, 4628
272678, 4621
290862, 4621
79691, 4581
209817, 4578
18404, 4576
58332, 4576
63179, 4576
81988, 4576
87324, 4576
94734, 4576
95954, 4576
107664, 4576
111944, 4576
114243, 4576
115071, 4576
115320, 4576
124513, 4576
131898, 4576
140328, 4576
143801, 4576
150743, 4576
151110, 4576
151138, 4576
155988, 4576
158140, 4576
160857, 4576
161849, 4576
165894, 4576
168421, 4576
177027, 4576
178014, 4576
182774, 4576
185578, 4576
186844, 4576
188027, 4576
195051, 4576
200307, 4576
200535, 4576
200597, 4576
201933, 4576
209977, 4576
211146, 4576
212308, 4576
218262, 4576
227833, 4576
233918, 4576
234610, 4576
242297, 4576
247051, 4576
249613, 4576
260998, 4576
267697, 4576
270980, 4576
271874, 4576
277083, 4576
283099, 4576
285449, 4576
285547, 4576
285873, 4576
288144, 4576
48662, 4575
66251, 4575
82058, 4575
157285, 4575
172324, 4575
180338, 4575
213658, 4575
230844, 4575
279127, 4575
84859, 4572
89811, 4572
136021, 4572
145606, 4572
178183, 4572
187081, 4572
72022, 4562
76131, 4562
76322, 4562
99357, 4562
101907, 4562
107753, 4562
114155, 4562
116763, 4562
118988, 4562
125636, 4562
126870, 4562
127291, 4562
129892, 4562
132592, 4562
137894, 4562
141559, 4562
149530, 4562
156615, 4562
159107, 4562
167677, 4562
168986, 4562
180799, 4562
182539, 4562
183009, 4562
183313, 4562
189306, 4562
193000, 4562
205287, 4562
206074, 4562
206846, 4562
208496, 4562
209730, 4562
213373, 4562
215063, 4562
216077, 4562
220512, 4562
224303, 4562
231983, 4562
232507, 4562
245004, 4562
246164, 4562
246848, 4562
256483, 4562
260086, 4562
260918, 4562
268326, 4562
269650, 4562
278156, 4562
280978, 4562
281611, 4562
292343, 4562
294185, 4562
294247, 4562
295480, 4562
295595, 4562
296327, 4562
48811, 4555
149051, 4555
175495, 4555
187126, 4555
196585, 4555
198794, 4555
219193, 4555
241713, 4555
253579, 4555
256516, 4555
262168, 4555
272974, 4555
292837, 4555
94830, 4532
163987, 4532
169274, 4532
170532, 4532
170841, 4532
186057, 4532
202330, 4532
211282, 4532
219723, 4532
220981, 4532
244302, 4532
263424, 4532
264887, 4532
268674, 4532
288079, 4532
292899, 4532
72077, 4519
86198, 4519
166187, 4519
195636, 4519
196248, 4519
201440, 4519
216089, 4519
220998, 4519
237873, 4519
249427, 4519
264709, 4519
267598, 4519
181545, 4497
269012, 4497
69504, 4492
94085, 4492
109529, 4492
115799, 4492
120521, 4492
130039, 4492
137008, 4492
142094, 4492
174022, 4492
182779, 4492
184709, 4492
198775, 4492
211265, 4492
214269, 4492
228221, 4492
237415, 4492
243811, 4492
261457, 4492
269663, 4492
278744, 4492
281448, 4492
282122, 4492
283324, 4492
285193, 4492
287836, 4492
294431, 4492
93538, 4458
74552, 4422
113892, 4422
142463, 4422
173321, 4422
182552, 4422
187305, 4422
190286, 4422
211237, 4422
231009, 4422
242660, 4422
260740, 4422
287396, 4422
88853, 4352
73901, 4274
99635, 4274
115381, 4274
117905, 4274
142524, 4274
227999, 4274
99328, 4273
244316, 4273
185331, 4272
199810, 4272
211720, 4272
224308, 4272
224572, 4272
233665, 4272
247415, 4272
294459, 4272
295504, 4272
12198, 4265
19139, 4265
70561, 4182
157673, 4182
177382, 4182
8004, 4153
51546, 4146
154746, 4146
119902, 4126
121180, 4126
189415, 4126
192339, 4126
196771, 4126
202368, 4126
231954, 4126
247556, 4126
58046, 4106
189429, 4075
80936, 4067
81885, 4067
88855, 4067
95833, 4067
106574, 4067
110467, 4067
119906, 4067
130871, 4067
153376, 4067
181799, 4067
196614, 4067
218549, 4067
225576, 4067
235625, 4067
267287, 4067
278627, 4067
286282, 4067
286901, 4067
53135, 4064
205357, 4064
171917, 3976
226864, 3976
142068, 3967
260471, 3908
253863, 3863
253548, 3831
120159, 3797
179664, 3797
190894, 3797
238362, 3770
43786, 3722
70287, 3722
101248, 3722
113736, 3722
126767, 3722
191013, 3722
219961, 3722
224123, 3722
286487, 3662
8215, 3605
54413, 3536
199720, 3536
239039, 3536
196923, 3512
268249, 3253
120244, 3210
267726, 3142
203708, 3124
236365, 3124
250672, 3124
262898, 3124
112535, 2992
15144, 2834
111652, 1789
203464, 1588
75611, 1013
77982, 1013
85217, 1013
110745, 1013
131312, 1013
131784, 1013
135309, 1013
137631, 1013
145880, 1013
147750, 1013
148980, 1013
156983, 1013
166493, 1013
174404, 1013
174725, 1013
176920, 1013
180402, 1013
184576, 1013
189659, 1013
190030, 1013
191367, 1013
200285, 1013
207406, 1013
208211, 1013
208421, 1013
214834, 1013
217858, 1013
218687, 1013
219905, 1013
228103, 1013
228329, 1013
229424, 1013
230431, 1013
235726, 1013
239403, 1013
240486, 1013
243445, 1013
245132, 1013
245801, 1013
247028, 1013
247929, 1013
248004, 1013
248008, 1013
249778, 1013
250882, 1013
250996, 1013
251049, 1013
254213, 1013
256286, 1013
256552, 1013
259127, 1013
259829, 1013
259921, 1013
268428, 1013
270713, 1013
272999, 1013
277750, 1013
280764, 1013
284186, 1013
285294, 1013
285817, 1013
286278, 1013
98068, 1007
109364, 1007
133977, 1007
135154, 1007
135598, 1007
136541, 1007
138218, 1007
142978, 1007
148914, 1007
152198, 1007
163900, 1007
169987, 1007
176298, 1007
177081, 1007
178436, 1007
186433, 1007
186441, 1007
193632, 1007
193800, 1007
201828, 1007
202948, 1007
204240, 1007
206572, 1007
209891, 1007
211458, 1007
215911, 1007
226445, 1007
226692, 1007
229028, 1007
237621, 1007
239524, 1007
241002, 1007
241540, 1007
242690, 1007
243698, 1007
245220, 1007
245784, 1007
251558, 1007
258443, 1007
258656, 1007
259454, 1007
259994, 1007
262911, 1007
268923, 1007
270093, 1007
272177, 1007
272510, 1007
272675, 1007
277161, 1007
282156, 1007
282911, 1007
283690, 1007
286554, 1007
293902, 1007
294896, 1007
117459, 1005
123902, 1005
129661, 1005
136932, 1005
148382, 1005
151340, 1005
159277, 1005
183215, 1005
186892, 1005
191743, 1005
205302, 1005
246964, 1005
282468, 1005
31689, 1002
45453, 1002
91985, 1002
95891, 1002
123678, 1002
128884, 1002
130156, 1002
134274, 1002
142378, 1002
146837, 1002
160253, 1002
163493, 1002
165260, 1002
181538, 1002
191811, 1002
194169, 1002
198337, 1002
226248, 1002
238193, 1002
242799, 1002
254005, 1002
254034, 1002
254095, 1002
255581, 1002
257114, 1002
259887, 1002
270035, 1002
270956, 1002
288303, 1002
295005, 1002
